/*--------------------------------*- C++ -*----------------------------------*\
| =========                 |                                                 |
| \\      /  F ield         | OpenFOAM: The Open Source CFD Toolbox           |
|  \\    /   O peration     | Version:  v2012                                 |
|   \\  /    A nd           | Website:  www.openfoam.com                      |
|    \\/     M anipulation  |                                                 |
\*---------------------------------------------------------------------------*/
FoamFile
{
    version     2.0;
    format      ascii;
    class       volScalarField;
    location    "350";
    object      gammaInt_0;
}
// * * * * * * * * * * * * * * * * * * * * * * * * * * * * * * * * * * * * * //

dimensions      [0 0 0 0 0 0 0];


internalField   nonuniform List<scalar> 
13917
(
1
1
1
1
1
1
1
1
1
1
1
1
1
1
1
1
1
1
1
1
1
1
1
1
1
1
1
1
1
1
1
1
1
1
1
0.998458
1
1
1
1
1
1
1
1
1
1
1
1
1
1
1
1
1
1
1
1
0.999998
1
1
1
1
1
1
1
1
0.999998
1
1
1
1
1
1
1
1
1
1
1
1
1
1
1
1
1
1
1
1
1
0.999934
1
1
1
1
1
1
0.999847
1
1
1
0.999986
1
1
1
1
1
1
1
1
1
1
1
1
1
1
1
1
1
1
1
1
1
1
0.999999
1
1
1
1
1
1
1
1
1
1
1
1
0.996144
1
1
1
1
1
0.999951
1
1
1
1
1
1
1
1
1
1
1
1
1
1
1
1
0.997769
1
0.996479
1
1
1
1
1
1.00001
1
1
1
1
1
1
1
1
1
1
1
1
1
1
1
1
1
1
1
1
0.999987
1
1
1
0.999812
1
0.999987
1
1
1
1
1
1
0.997958
1
1
1
1
1
0.999412
1
1
1
1
1
1
1
1
1
1
1
1
1
1
1
1
1
1
1
1
0.999748
1
1
0.998719
1
1
1
1
1
1
1
1
1
1
1
1
1
1.00059
1
1
1
1
1
1
1
1
1
1
1
1
1
1
1
1
1
1
1
0.999447
1
1
1
0.99917
1
1
1
1
1
1
1
1
0.999789
1
1
1
1
1
1
1
1
1
1
0.999899
1
1
0.999284
1
1
1
0.998778
1
1
1
1
1
1
1
1
1
1
1
1
1
1
1
1
1
1
1
1
1
1
1
1
1
1.00001
1
1
1
0.997356
1
1
1
1
1
1
1
1
1
1
1
1
1
1
1
1
1
1
1
1
1
1
1
1
1.00039
1
1
1
1.00003
1
1
1
1
0.999728
1
1
1
1
1
1
1
1
1
1
1
0.999678
1
1
1
1
1
1
1
1
1
1
1
1
1
1
1
1
1
1
1
0.996076
1
1.00024
1
1
1
1
1
1
1
1
1
1
1
1
1
1
1
1
1
1
1
1
1.00056
1
1
1
1
0.999985
1
1
1
1
0.999977
1
1
1
1
1
1
1
1
1
1
1
1
0.998348
1
1
1
1
1
1
1
1
1
1
1
1
1
1
0.999029
1
1
1
1
1
1
1
1
1.00006
1
1
1
1
1
1
1
1
1
1
1
1
1
1
1
0.999695
1
1
0.999997
1
1
1
1
1
1
0.998468
1
1
1
1
1
1
1
1
1
1
1
1
1
0.999999
1
1
0.999123
1
1
1
1.00002
1
1
1
1
1
1
1
1
1
1
1
1
1.00009
1
1
1
1
1
0.998764
1
1.00004
1
1
1
1
1
1
1
1
1
1
1
1
0.999531
1
1
1
1
1
1
1
1.00002
0.999987
1
0.998701
1
1
1
1
1
1
0.998765
1
1
1.0007
1
1
1
1
1
1
1
1.00015
1
1
1
1.00004
1
1
1
1
1
1
1
1
1
1
1
1
1
1
1
1
0.999815
1
1
1
1
1
1.00006
1
1
1
1
1
1
1
1
1
0.999996
1
1
1
1
1
1
0.99996
1
1
1
1
1
1
1
1
1
1
1
1
0.999979
1
0.996778
1
0.999998
1
1
1
1
1
1
1
1
1
1
0.999851
1
1
1
1.00001
1
0.997141
1
1
1
1
1
1
1
0.996037
1
1
1
1
1
1
1
1
1
1
0.999165
0.999951
1
1
1
1
1
1
1
1
1
1
1
1
1
1
1
1
1
1
1
1
1
1
1
1
1
1
1
1
1
1
1
1
1
1
1
1
1
1
1
1.00047
1
0.997804
0.99992
1
1
1
1
1.00002
1
1
1
1
1
1
1
1
1
1
1
1
1
1
1
1
1
1
1
1
1
1
1
1
1
1
1
1
1
1
1
1
1
1
1
1
1
1
1
1
1
1
0.999896
1
1
1
1
0.999999
1
1
1
1
1
1
1
1
1
1
1
1
1
1
1
1
1
1
1
1
1
1
0.999573
1
1
1
1
1
1
1
0.999877
1
1
1
1
1
1
1
1
1
1
1
1
1
1
1
1
1
1
0.999434
1
0.9987
1
1
1
1
0.999717
1
0.999999
1
1
1
1
1
1
1
1
1
1
1
1
1
1
1
1
1
1
1
1
1
1
1
1
1
1
1
1
1
1
1
1
0.999997
1
1
1
1
1
1
1
1
1
0.999999
1
1
1
1
1
1
1
1
1
1
0.999997
1
1
1
1.0001
1
1
1
1
1
1
1
1
1
1
1
1
1
1
1
1
1
1
1
1
1
1
1
1
1
1
1
1
1
1
1
1
1
1
1
1
1.00002
1
1
1
1
1
1
1
1
1
1
1
1
1
1
1
1
1
1
1
1
1
1
1
1
1
1
1
1.00009
1.00001
1
0.998594
1
0.999994
1
1
1
1
1
1
1
1
0.999323
1
1
1
1
0.999984
1
1
1
1
1
1
1
1
1
1
1
1
1
1
1
1
1
1
1
1
0.993564
0.999908
1
1
1.00005
1
1
1
1
1
1
1
1
1
1
1
1
1
1
0.999991
1
1
1
1
1
1
1
1
1
1
1
0.996507
1
1
1
1
1
1
1
1
1
1
1
1
1
1
1
1
1
1
1
1
1
1
1
1
1
1
1
1
1
1
1
1
1
1
1
1
1.00004
1
1
1
1
1
1
1
1
0.999952
1
1
1
1
1
1.00007
1
0.997626
1
1
1
0.999997
1
1
1
1
1
1
1
1
1
1
1
1.00009
1
1
1
1
1
1
1
1
1
1
1
1
1
1.00004
1
1
1
1
0.999656
1
1
1
1
1
1
1
1
1
1
1
0.999999
1
1
1
1
1
0.997278
0.999998
1.00002
1
1
1
1
1
1
1
1
1
1
0.999994
1
1
1
1
1
1
0.999682
1
1
1
1
1
1
1
0.999999
1
1
1
1
1
1
1
1
1
1
0.998353
1
0.9999
1
1
1
0.999569
1
1
1
1
1
1
1
1
1
1
1
1
1
1
1
1
0.999654
1
1.00002
1
1
1
1
1
0.99996
1
0.999977
1
1
1
1
1
1
1
1
1
1
1
1
1
1
1
1
1
1
1
1
1.0011
1
1
1
1
1
1
1
1
1
1
0.999106
1
1
1
1
1
1
0.99995
1
1
1
1
1
1
1
1
1
1
1
1.00001
1
1
1
1
1
1
1
1
1
1
1
1
1
1
1
1
1
1
1
1
1
1
1
1
1
1
1
1
1
1
1
1
1
1
1
1
1
1
1
1
1
1
1
1
1
1
1
1
1
1
1
1
1
1
1
1
0.999918
0.998233
0.99995
1
1
1
1
1
1
1
1
1
1
1
1
1
1
1
1
1
1
1
1
1
1
1
1
1
1
1
1
1
1
1
1
1
1
1
1
1
1
1
1
1
1.00014
1
1
1
1
1
1
1
0.999998
1
1
1
1
1
1
1
1
1
1
1
0.999818
1
1
1
1
1
1
1
1
1
1
1
1
1
1
1
1
1
1
1
1
1
1
1
1
1
1
1
1
1
1
1
1
1
1
1
1
1
1
1
1
1
1
1
1
1
0.999998
1
1
0.996662
1
1
1
1
1
1
1
1
1
1
0.99959
1
1
1.00017
1
1
1
1
1
1
0.999416
1
0.999999
1
1
1
1
1
1
1
1
1
0.999816
1
1
1
1
1.00002
1
1
1
1
1
1
1
1
1
0.998908
1
1
1
1
1
1
1
1
1
0.999998
1
1
1
1
1
1
0.999736
1
1
1
1
1
1
0.999185
1
1
0.993541
0.999759
1
1
1
1
1
1
1
1
1
1
1
0.999653
0.999232
1
1
1
1
1
1
0.997136
1.00011
1
1
1
1
1
1
1
1
1
1
1
1
1
1
1
1
1
1
1
1
1
1
1
1
0.999999
1
1
1
1
1
1
1
1
1
1
1
1
1.00001
1
0.99956
1
1
1
1.00028
1
1
1
0.99977
1.00008
1
1
1
1
1
1
1
1
1
1
1
1
0.999999
1
1
1
1
1
1
1
1
1
1
1
1
1
1
1
1
1
1
1
1
1
1
0.999999
1
0.996178
1
1
1
1
1
1
1
1
1
1
1
1
1
1
1.00053
1
1
1
1
1
1
1
1
1
0.999995
1
1
1
1
1
1
1
1
1
1
1
1
1
0.997555
1
1
1
1
1
1
1
1
1
1
1
1
1
0.998336
1
1
1
1
1
1
1
1
1
1
1.00011
1
1
1
1
1
1
1.00003
1
1
1
1
1
1
1
1
1
1
1
1
1
1
0.999998
1
1
1
1
1.00005
1
1
1
1
1
1
1
1
1
1
1
1
1
1
1
1
1
1
1
1
1
1
1
1
1
1
1
1
1
1
1
1
0.999952
1
1
0.999997
1
0.999754
1
1
1
1
1
1
1
1
1
1
1
1
1
1
1
1
1
1
1
1
1
1
1
1
1
1
1
1
1.00002
1
1
1
1
1
1
1
1
1
1
1
1
0.997372
1
0.985752
1
1
1
1
1
1
1
1
1
1
1
1
1
1
1
1
1
1
1
1
1.00063
0.998192
0.999992
1
1
1.00011
1
1
1
1
1
1
1
1
1
1
1
1
1
1
1
1
1
1
1
1
1
1
1
1
1
1
1
1
1
1
1
1
1
1
1
1
1
1
1
1
1
0.995011
1.0002
1
1
1.00001
1
1
1
1
1
1
1
1
1
1
1
1
1
1
1
1
1
1
1
1
1
1
1.00016
1
1
1
0.999672
1
1
1
1
1
1
1
0.999855
0.999988
1
1.00033
1
1
1
1
1
1
1
1
1
1
1
1
1
1
1
1
1
1
1
1
1
1
1
1
1
1
0.999476
1
1
1
1
1
1
1
1
1
1
1
1
1
1
1
1
1
1
1
1
1
1
1
1
1
1
1
1
1
1
1
1.00003
1
1
1
1
1
1
1
1
1
1
1
1
1
1
1
1
1
1
1
1
1
1
1
1
1
1
1
1
1
1
1
1
1
1.00004
1
1
1
1
1
1
1
1
1
1
1
1
1
1
1
1
1
1
1
1
1
1
1
1
1
1
1
1
1
1
1
0.999991
1
1.00003
1.00009
1
1
1
0.998563
1
1
1
1
1
0.999554
1
1
1
1
1
1.00009
1
1
1
1
1
1
1
1
1
1
1
1
1
1
1
1
1
1
1
1
1.00015
1
1
0.999951
1
1
1
1
1
1
1
1
1
1
1
1
1
0.99968
1
1
1
1
1
1
1
1
0.999901
1
1
1
1
1
1
1.00065
1
1
1
1
1
1
1
1
1
1
1
1
1.00001
1
1
1
1
1
1
1.00004
1
1.00007
1.00016
1
1
1
1
1
1
1
1
1
1
1
1
1
1.00009
1
1
1
1
1
1
1
1
1
1
1
1
1.00025
1
1
1
1
1
1
1
1
1
1
1
1
0.999994
0.994592
1
1
1
0.999134
1
1
1
1
1
1
0.999789
1
1
1
1
1
1.00005
1
1
1
1
1
1.00001
1
1
1
1
1
1
1
1
1
1
1
1
1
1
1
0.999998
1
1
1
1
1
1
1
1
1.0001
1
1
1
1
1
1
1
1
1
1
1
1
1
1
1
1
1
1
1
1
1
1
1
1
1
1
1
1
1
1
1
1
1
1.00011
1
1
1
1
1
1
1
1
1
1
1
1.00001
1
1
1.00026
1
1
1
1
1
1
1
1
1
1
1
0.99637
1
1
0.998868
1
1
1
1
1
1
1
1
1
1.0001
1
1
1
1
1
1
1
1
1
1
1
1
1
1
1
1
1
1
1
1
1
0.999995
0.999975
1
1
1
0.999656
1
1
1
1
1
1
1
1
1
1
1
1
1.00002
1
1
1
1
1
1
1
1
1
1
1
1
0.999998
1
1
1.00018
1
1
1
1
1
1
1
0.996105
1
1
1
1
1
1
1
1
1
1
0.993931
1
1
1
1
1
1
1
1
1
1
1
1
1
1
1
1
1
1
1
1
1
1
1
1.00002
1
0.999918
1
1
1
1.00045
1
1.00001
0.999979
1
1
1
1
1
1
1
1.00004
1
0.999057
1
1
1
1
1
1
1
1
1
1
1
0.999414
1
1
1
1
0.993133
1
1
1.00001
1
1
1
1
1
1
1
1
1
1
1
1
1
1
1
1
1
1
1
1
1
0.999594
0.999807
1
1
1
1
1
1
1
1
1
1
1
1
1
1
1
1
1
1
1
1
1
1
1
1
1
1
1
1
1
1
1
1
1
1
1
1
1
1
1
0.999874
1
1.0004
1
1
1
0.997066
1
1
1
1
1
1.00003
1
1
1
1
1
1
1
1
1
1
1
1.00001
1
1.00002
1
1
1
1
1
1
1
0.999971
1
1
1
1
1
1
1
1
1
1
0.999393
1
1
1
1
1
1
1
1
1
1
1
1
1
1.00037
1
1
1
1
1
1
1
1
1
1
1
1
1
1
0.999973
1
1
1
1
1
1
1
1
1
1
1
1
1
1
1
1
1
1
1
0.999998
1
1
1
1
1
1
1
0.999913
1
1
0.998511
1
1
1
0.999908
1
1
1
1.00044
1
1
1
0.999933
1
1
1
1
0.999972
0.999419
1
1
1
1
1
1
1
1
1
1
1
1
1
1
1
1
0.999999
1
1
1
1
1
1
1
1
1
1
1
1
1
1
1
1
1
0.999996
1
1
1
1
1
1
1
1
1
1
1
1
1
1
1
1
1.00003
1
1
1
1
1
1
1
1
1
1
1
1
1
1
1
1
1
1
1
1
1
1
1.00027
1
1
1
0.996374
1
1
1
1
1
1
1.00045
1
1
1
1
1
1.00047
1
0.998743
0.999997
1
1
1
1
1
1.00003
1
1
1
1
1
1
1
1
1
1
1
1
1
1
1
1
1
1
1
1
1
1
1
1
1
1
1
1
1
1
1
1
1
1
1
1
1
1
1
1
1
1.0002
0.999996
1
1
1
1
1
1
1
1
1
1
1
0.999725
1
1
1
1
1
1
1
1
1
1
1
1
1
1
1.0006
1
0.999938
1
1
1
1
1
1
1
1
1
1
1
1
1
1
1
1
1.00004
1
1
1
1
1
1
1
1
1
1
1
1
0.999997
1
1
1
1
1
1
1
1
1.0007
1
1
1
1
1
1
1
1
1
1
1
1
1
1
1
1
1
1
1
1
1
1
1
1
1
1
1
0.999997
1
1
1
1
1
1
1
1
1
1
1
1.00001
1
1
0.999446
1
1
1
1
1
1
1
1
1
1
0.995258
1
1
1
1
1
1
1
1
1
1
1
1
1
1
0.999999
0.999119
1
1
1
1
1
1
1
0.998377
1
1
1.00001
1
0.995102
1
1
1.00006
1
1
1
1
1
1
1
1
1
1
1
1
0.999118
1
1
1
1
1
1
1
1
1
1
1
1
1
1
1
1
1
1
1
1
1
1
1
1
1
1
1
0.999991
1
1
1
1
1.00032
1
1
1
1
1
1
1
1
1
1
1
1
1
1
1
1
1
1
1
1
1
1
0.997279
1
1
1
1
1
1
1
1
0.999894
1
1
1
1
1
1
1
1
0.999978
1.00034
1
1
1.00012
1
1
1
1
1
1
1
1
1
1
1
1.00056
1
1
1
1
1
1.00006
1
1
1
1
1
1
1
1
1
1
1
1
0.999491
1
1
1
1
0.996618
1
1
1
1
1
1
1
1
1
1
1
1
1
1
1
1
1
1
1
1
1
1
1
1
1
1
1
1
1
1
1
1
1
1
1
1
1
1
1
1
1
1
1
1
0.9998
1
0.991922
1
1
1
1
1
1
1
1
1
1
1
1
1
1
1
1
1
1
0.999141
1
1
1
1
1
1
1
1
0.999993
1
1
1
1
1
1
1
1
1
1
1
1
1
1
1
1
1
1
1
1
1
1
1
1
1
1
1
1
1
1
1
1
1
1
1
1
1
1
1
0.999523
1
1
0.999989
1
1
1
1
1
1
1
1
1
1
1
1
1
1.00076
1
1
1
1
1
1
1
1
1
1
1
1
1
1
1
1
1
1
1
1
1
1
1
1
1
1
1
1.00001
1
1.00007
0.998406
1
1
1
1
1
0.998544
1
1
1
1
1
1
1
1
1
1
0.998586
1.00001
1
1
0.999456
1
0.99999
1
1
1
0.994758
1
1
1
1
1
0.999828
1
1
1
1.00027
1
1
1
1
1
1
1
1
1
1
1.00021
1
1
1
1
1
1
1
1
1
1
1
1.00044
0.999945
1
1
1
1
1
0.999966
1
1
1
1
1
1
1
1
1
1
1
1
1
1
1
1
1
1.00005
1
1
1
1.00004
1
1
1
1
0.995819
1
1.00005
1
1
1
1
1.00001
1
1
1
1
1
1
0.999995
1
1
1
1
1
1
1
1
1.00074
1
1
1
1
1
1
0.99372
1
1
1
1
1
1
1
1
1
1
1
1
1
1
1
1
1
1
1
1
1
1
1
0.999999
1
1
1
1
1
1
1
1
1
1
1
1
1
1
1
1
1
1
1
1
1
1
1
1
1
1
1
1
1
1
1
1.00135
1
1
1
1
1
1.00024
1
1
0.999999
1
1
1
1
1
1
1
1
1
1
1
1
1
1
1
1
1
1
1
1
1
1
1
1
1
1
1
1.00034
1
1
1
1
1
1
1
1
1
1
1
1
1
1
1
1
1
1
1
1
1
1
1
1
1
1
1
1
1
1
0.999926
1
1
0.999798
1
1
1
1
1
1
1
1
1
1
1
1
1
1
1
1
1
1
1
1
1
1
0.998141
0.999999
1
1.00014
0.99739
1
1
1
1
1
1
1
1
1
1
1
1
1
1
1
1
1
1
1
1
1
1
1
1
1
1
1
1
1
1
1
1
1
1
0.999737
1
1
1
1
1
1
1
1
1.00077
1
1
1
1
1
1
1
1
1
1
1
1
1
1
1
1
1
1
1
1
1
1
1
1
1
1
1
1
1
1
1
1
1
1
1
1
0.999986
1.00001
1
1
1
1
1
1
0.99508
0.999948
1
1
1
1
1
1
1
1
1
1
1
1
1
0.999975
1
1
1
0.999569
1
1
1
1.00152
1
1.00001
0.997652
1
1
1
1.00044
1
1
1
1
1
1
1
1
1
1
1
1
1
1
1
1
1
1
1
1
1
1
1
1
1
1
1
0.999986
1
1
1
1
1
1
1
0.999993
1
1
1.00032
1
1
1.0003
1
1
1
1
1
1
1
1
1.00001
1
1.00001
1
1
1
1
1
1
1
1.00025
1
1
1
1
0.999999
1
1
1
1
1
1
1
1
1
1
1
1
1
1
1
1
1
1
1.00089
1
1
1
1
1
1
1
1
1
1
1
1
1
1.00027
1
1
1
1
0.999584
1
1
1
0.999337
1
1
1
1
1
1
1.00012
1
1
1
1
1
1
1
1
1
1
1
1
1
1
1
1
1
1
1
1
1
1
1
0.996491
1
1
1
1
1
1
1
0.99998
1
1
1.00004
1
1
1
1
1
1
1
1
1
1
1
1
1
1
1
1
1.00008
1
1
1
1
1
1
1
1
1
1
1
1
1
1
1
1
1
1
1
1
1
1
1.00001
1
1
1
1
1
1
1
1
1
1
1.00012
1
1
1
1
1
1
1.00003
1
1
1
1
1.00002
1
1
1
1
1
1
1
1
1
1
1.00002
1
1
1
1
1
1
1
1
1
0.999982
1
1
1
1
1
1
1
1
1
1
1
1
1
1
1
1
0.999972
1
1
1
1
0.9999
1
1
1
1
1
1
1
1
1
1.00015
1
1
0.999985
1
1
1
0.999991
1
1
1
1
1
1
1
1
1
1
1
1.00003
1
1
1
1
1
1
1
1
1
1
1
1
1
1
1.00147
1
1
1
1
1
1
1
1
1
1
1
1
1
1
1
0.999995
1
1
1
1
1
1
1
1
1.00023
1
1
1
1
1
1
1
1
1
1.00075
1
1
1
1
1
1
1
1
1
1
1
1
1
1
1
1
1.00058
1
1
1
1
1
1
1
1
1
1
1
1
1
1
1
1
1
1
1
1
1
1
1
1
1
1
1
1
1
1
1
1
1
1
1
1
1
1
1
1
0.999998
1
1
1
0.999995
1
1
1
1
1
1
1
1
1.00008
1
1
1
1
1
1
1
1
1
1
1
1
1
1
1
1
1
1
1
1
1
1
1
1
1
1
1
1
1
1
1
1
1
1.00024
1
1
1
1
1
1
1
1
1
1
1
1
1
0.999989
1
1
1
1
1
1
1
1
1
1
1
1
1
1
1
1
1
1
1
1
1
1
1
1
1
1
1
1
1
1
1.00092
1
1
1
1
1
1
1
1
1
1
1
1
1
1
1
1
1
1
1
1
1
1
1
1
1
1
1
1
1
1
1
1.00001
1
1
1
1
1
1
1
1
1
1.00004
1
1
1
1
1
1.00009
1
1
1
1
1
1
1
1
1
1
1
1
1
1
1
1
1
1
0.99803
1
1
1
1
1
1
0.99963
1
1
1
1
1
1
1
1
1
1
1
1
1
1
1
0.999992
1
1
1
1
1
1
1
1
1
1
1
1
1
1
1
1
1.00001
1
1
1
1
1
1
1
1
1
1
1
1
1
1
1
1
1
1
1
1
1
1
1
1
1
1
1
1
1
1
1
1
1
1
1
1
1
1
1
1
1
1
1
1
1
1
1
1
1
1
1
1
1
1
1
1
1
1
1
1
1
1
1
1
0.995222
1
1
1
1
1
0.999987
1
0.999641
1
1
1
1
1
1
1
1
1
1
1
1
1
1
1
1
1
1
1
1
1
1
1
1
1
1
1
1
1
1
1
1
1
1
1
1
1
1
1
1
1
1.00004
1
1
1
1
1
1
1
1
1
1
1
1.00044
1
1
1
1
1
1
1
1
1
1
1
1
1
1
1
1
1
1
1
1
1
1
1
1
1
1
1
1
1
1
1
1
1
1
1
0.999951
1
1
1
1
1
1
1
1
1
1
1
1
1
0.999993
1
1
1
1
1
1
1
1
1
1
1
1
1
1
1
1
1
0.999466
1.00102
1
1
1
1
1
1
1
1
1
1
1
1
1
1
1
1
1.00004
1
1.00001
1
1
1
1
1
1
1
1
1
1
1
1
1
1.00014
1
1
0.999974
1
1
1
1
1
1
1
1
1
0.999923
1
1
1
1
1
1.00003
1
1
1
0.999984
1
1
1
1
1
1
1
1
1
1
1
1
1
0.999998
1
1
1
1
1
1
1
1
1
1
1
1.00001
1
1
1
1
1
1.00017
1
0.999276
1
1
1
1.00001
1
1
1
1
1
1
1
1
1
1
1
1
1
1
1
0.9993
1
1
1
1
1
1
0.999741
1
1
1
1
1
1.00002
1
1
1
0.999995
1
1
1
1
1
1
1
1
0.994187
0.999979
1
1
1
1
0.999965
1
1
1
1
1
1
1
1
1.00016
1
1
1
1
1
1
1
1
1
1
1
1
1
1.00024
1
1
0.999125
1
1
1
1
1
1
1
1
1
1
1
1
1
1
1
1
1
1
1
1
1
1
1
1
1.00001
1
1
1
1
1
1
1
1
1
1
1
1
1
1
1
1
1
1
1
1
1
1
1
1
0.999999
1
1
1
1
1
1
1
1
0.999645
1
1
1
1
0.999967
1
1
1
1
0.999997
1
1
1
1
1
1
1
1
1
1
1
1
1
1
1
1
1
1
1
1
0.999922
1
1
1
1
1
1
1
1
1
1
1
1
1
1
1
1
1
1.00029
1
1
1
1
1
1
1
1
1
1
1
1
1
1
1
1
1
1
1
1
1
1
1
1
1
1
1
1
1
1
1.00006
1
1
1
1
1
1
1
1
1
1
1
1
1
1
1
1
1
1
1
1
1
1
1
1
1
1
1
1
1
1
1
1
1
1
1
1
1
1
1
1
1
1
1
1
1
1
1
1
1
1
1
1
1
1
1
1
1
1
1
1
1
1
1
0.999923
1
1
1
1
1
1
1
1
1
1
1
0.99999
1
1
1
1
1
1
1
1
1
1
1
1
1
1
1
1
1
1
1
1
1
1
1
1
1
1
1
1
1
1
1
1
1
1
1
1
1
1
1.00009
1
1.00009
1
1
1
1
1
1
1
1
0.999587
1
1
1
1
1
1.00035
1
1
1
1
1
1
1
1
1
1
1
1
1.00002
1
1
1
1
1
1
1
1
1
1
1
1
1
1
1
1
1
1
1
1
1
1
1
1
1
1
1
1
1
1
1
1
1
1
1
1
1
1
1
1
1
1
1
1
1
1
1
0.998636
1
1
1
1
1
1
1
1
1
1
1
1
1
1
0.997836
1
1
1
1
1
1
1
1
1
1
1
1
1
1
1
1
1
1
1
1
1
1
1
1
1
1
0.999995
1
0.999788
1
1
1
0.999361
1
1
1
1
1
1
0.999994
1
1
1
1
1
1
1
1
1
1.00015
1
1
1
1
1
1
1
1
1
1
1
0.999995
1
1
1
1
1
1
1
1
0.999352
1
1
1
1
1
1
1.00023
1
1
1
1
1
1
1
1
1
1
1
1
1
1
1
1
1
1
1
1
1
1
1
1
1
1
1
1
1
1
1
1
1
0.999384
1
1
1
1
1
1
1
1
1
1
1
1
1
1
1
0.99959
1
1
0.999994
0.993483
1
1
1
1
1
1
1
1
1
1
1
1
1
1
1
1
1
0.99986
1
1
0.999897
1
1
1
1
1
1
1
1
1
1
0.999028
1
1
0.999976
1
1
1
1
1
1
1
1
0.999957
1
1
1
1
1
1
1
1
1
1
1
1
1
1.00003
1
1
1
1
1
1
1
1.00007
1
1
1
0.999087
1
1
1
1
1
1
1
1
1
1
1
1
1
1.00007
1
1
1
1
1
1
1
1
1
1
1
1
1
1
1
1
1
1
1
1
1
1
1
0.999999
1
1
1
1
1
1
1
1
1
1
0.993224
1
1
1
1
1
1
1
1
1
1
1
1
1
1
1
1
1
0.999999
1
1
1
1
1
1.00086
1
1
1
1
1
1
1
1
1
1
1
1
1
1
1
1
1
1
1
1
1
1
1
1
1
1
1
1
1
1
1
1
1
1
1
1
1
1
0.994542
1
1
1
1
1
1
1
1
1
1
1
1
1
1
1
1
1
1
1
1
1
1
1
0.999997
1
1
1
1
1
1
1
1
1
1
1
1
1
1
1
1
1
1
1
1
1
1
1
1
1
1
1
1
1
1
1
1
0.999997
1
1
1
1
1
1
1
1
1.00014
1
1
1
1
1
1
1
1
1
1
1
1
1
0.999999
1
1
1
1
1
1
1
1
1
1
0.999999
1
1
1
1
1
1
1
1
1
1
1
1
1
1
1
0.999995
1
1
1
1
1
1
1
1
1
1
1
1
1
1
1
1
0.999999
1
1
1
1
1
1
0.999992
1.00005
1
0.999922
1
1
1
1
1
1
1
1
1
1
1
1
1
1
1
1
1
1
1
1
1
1
1
1
1
1
1
0.999999
1
1
1
1
1
1
1
1
1
1
1
1
1
1
1
1
1
1
1
1
1
1
1
1
1
1
1
1
1
1
1
1
1
1
1
1
1
1
1
1
1
1
1
1
1
0.999989
1
1
1
1
1
1
1
1
1
1
1
1
1
1
1
1
1
1
1
1
1
1
1
1
1
1
1
1
1
1
1
1
1
1
1
1
1
0.996238
1
1
1
1
1
1
1
1
1
1
1
1
1
1
1
0.999978
1
1
1
1
1
1
1
1
1
1
1
1
1
1
1
1
1.00001
1
1
1
1.0001
1
1
1
1
1
1
1
1
1
1
1
1
1
1
1
1
1
1
1
1
1
1
1
1
1
1
1
1
1
1
1
1
1
1
1
1
1
1
1
1
1
1
1
1
1
1
1
1
1
1
1
1
1
1
1
1
1
1
1.00006
1
1
1
1
1
1
1
1
1.00001
0.999989
1
1
1
1
1
1
1
1
1
0.997113
1
1
1
1
1
1
1
1
1
1
1
1
1
1
1
1
1
1
1
1
1
1
1
0.999998
0.999994
1
1
1
1
1
1
1
1
1
1
1
1
1
1
1
1
1
1
0.997923
1
1
1
1
1
1
1
1
1
1
1
1
1
1
1
1
1
1
0.99154
1
1
1
1
1
1
1
1
1
0.999994
1
1
1
1
1
1
1
1
1
1
1
1
1
1
0.999552
1
1
1
1
1
1
1
1
1
1
1
1
1
1
1
1
1
1
1
1
1
1
1
1
1
1
1
1
1
1
1
1
0.999962
1
1
0.999971
1
1
1
1
1
1
1
1
1
1
1
1
1
1
0.999972
1
1
1
1
1
1
1
1
1
1
1
1
1
1
1
1
1
1
1
1
1
1
0.999152
1
1
1
1
1
0.999994
1
1
1.0001
1
1
1
1
1
1
1
1
1
1
1
1
1
1
1
1
1
1
1.00001
1
1
1
0.999863
1
1
1
1
1
1
1
1
0.995778
1
1
1
1
1
1
0.999111
1
1
1
1
1
1
1
0.999999
1
0.99999
1
1
1
1
1
1
1
1
1
1
1
1
1
1
1
1
1
1
1
1
1
1
1
1
1
1
1
1
1
1
1
1
1
1
1
1
1
1
1
1
1
1
1
1
1
1
1
1
1
1
1
0.999821
1
1
1
1
1.00005
1
1
1
1
1
1.00016
1
1
1
1
1
1
1
1
1
1
1
1
1
1
1
1
1
1
1
1
1
1
1
1
1
1
1
1
1
1
1
1
1
1
1
1
1
1
1
1
1
1
1
1
1
1
1
1
1
1
1
1
1
1
1
1
1
1
1
1
1
0.99999
1
1
1
1
0.999997
1
1
1
1
1
1
1
1.00067
1
1
1
1
1
1
1
1
1
1
1
1
1
1
1
1
1
1
1
1.00008
1
1.00107
0.993776
1
1
1
1
1
1
1
0.999996
1.00003
1
1
1
1
1
1
1
1
0.999956
1
1
1
0.999893
1
0.999991
1
0.999934
1
1
1
1
1
1
1
1
1
1
1
0.999224
1
1
1
1
1
1
1
1
1
1
0.999983
1
1
1
1
0.999992
1
1
1
1
1
1
1
1
1
1
1
1
1
1
1
1
1
1
0.999977
1
1
1
1
1
1
1
1
1
0.999972
1
1
1
1
0.999924
0.999983
1
1
1
1
1
1.00001
0.999799
1
1
1
1
1.00047
1
1
1
0.999982
1
1
0.999977
1
1
1
0.99999
1.00064
1.00001
1.00095
1
1
1
1
1
1
1.00022
1
1
1
0.99989
1
1
1
1
1
0.999958
1
1
1
1
1
1
1.00077
0.999862
0.999865
1
1
1
1
1
1
1
1.00076
1
1
0.999821
1
1
1
1
1
1
1
0.990079
1
1
1
1.00071
1.0001
1
1
1
1
1
1
1
0.999432
1
1
1
1
1
1
1
1
1
1
1
1
0.999838
1
1.00063
1
1
1
1
1
1
1.00108
1
1
1
1
0.99919
1
1
1
1
1
1
1
1
1
1
1
1
1
1
1
1
1
1
1
1
1
1
1
1
1
1
1
1
1
1
1
1
1
1
1
1
1
1
1
1
1
1
1
1
1
1
1
0.999973
1
0.998638
1
1
1
1
1
1
1
1
1
1
1
1
1
1
1
1
1
1
1.00043
1
1
1
1.00085
1
1
1
1
1
1
1
1
1
1
1
1
1
1
1
1
1
1
1
1
1
1
1
1
1
1
1
1
1
1
1
1
1
1
1
1
1
1
1
1
1
1
0.999847
1
1
1
1
1.00024
1
1
1
1
1
1
1
0.999341
1
0.997582
1
1
1
1
1
1
1
0.998912
1
1
1
1
1
1
1
1
1
1
1
1
1
1
1
1
1
1
1
1
1.00004
1
1
1
1
1
1
1
1
1.00056
1
1
1
1
1
1
1
1
1
1
1
1
1
1
1
1
1
1
1
1
1.00001
1
1
1
1
1
1
1
0.996745
1
1
0.999123
0.997869
1
1
1
0.999724
1
1
1
1
1
1
1
1
1
1
1
1
1
0.998386
0.999996
1
1
0.999398
1
1
1
1
1
1
1
1
1
1
1
1
1
1
0.999984
0.997609
1
1
1
0.999708
1
1
1
1
1
1
1
1
1
1
1
1
1
1
1
1
1
1.0001
1
1
1
1
1
1
1
0.998361
0.999152
1
1
1
1.00029
1
1
0.997833
1
1
1
1
1
1
1
1
1
1
1
1
1
1
1
1
1
1
1.00044
1
1
1
0.999996
1
1
1
1
1
1
1
1
1
0.999996
1
1
1
1
1
1
1
1
1.00002
1
1
1
1
1
1
1
1
1
1
1
1
1
1
1
1
1
1
1
1
1
1
1
0.999466
1
1
1
1
1
1
1
1
0.999872
1
1
1
1
1
1
1
1
1
1
0.999354
1
1
1
1
1
1
1
1
1
1
1
1
0.999703
0.999996
1
1
1
1
1
1
1
1
1
1
1
1
1
0.999965
1
1
1
1
1
1
1
1
1
1
1
1
1
1
1
1
1
1
1
1
1.00007
1.00096
1
1
1
1
1.00004
1
1
0.999939
1
1
1
1
1
0.999996
1
1
1
0.999996
1
1
1
1
1
1
1
1
1
1.00001
1
1
1
1
1
1
1
1
1
1
1
1
1
1
1
1
1
1
1
1
1
1
1
1
1
1
1
1
1
1
1
1
1
1
1
1
1
1
1
1
0.999906
1
0.999955
1
1
0.999988
1
1
1
1
1
1
1
1
1
1
1
1
1
1
1
1
1
1
1
0.999997
1
1
1
1
1
1
1
1
1
1
1
1
1
1
1
1
1
1
0.999991
1
0.999876
1
0.999934
1
1
1
1
1
1
1
1
1
1
1
1
1
1
1
1
1
1
1
1
1
1
1
1
1
1
1
0.999001
1
1
1
1
1
1
1
1
1
1
1
1
1
1
1
1
1
1
1
1
1
1
1
1
1
1
1
1
1
1
1
0.997466
1
1
0.999486
0.999995
1
1
1
1
0.999999
1
1
1
1
1
1
1
1
1
1
1
1
0.999986
1
1
1
1
1
1
1
1
1
1
1
1
1
1
1
1
1.00001
1
1
1
1
1
1
1
1
1
1
1
1
1
1
1
1
1
1
1
1
1
1
1
1
1
1
1
1
1
1
1
1
1
1
1
1
1
1
1
1
1
1
1
1
1
1
1
1
1
1
1
1
1
1
1
1
1
1
1
1
1
1
1
1
1
1
1
1
1
1
1
1
1
1
1
1
1
1
1
1
1
1
1
1
1
0.999989
1
1
1
1
1
1
1
1
1
1
1
1
1
1
1
1
1
1
1
1
1
1
1
1
1
1
1
1
1
1
1.00002
1
1.00006
1
0.999844
1
1
1
1
1
1
1
1
1
1
1
1
1
1
1
1
1
1
1
1
1
1
1
1
1
1
1
1
1
1
1
1
1
1
1
1
1
1
1.00064
1
1
1
1
1
1
1
1
1
1
1
1
1
1
1
1
1
1
1
0.999999
1
1
1
1
1
1
1
1
1
1
1
1
1
1
1
1
1
1
1
1
1
1
1
1
1
1
1
1
1
1
1
1
1
1
1
1
1
1
1
1
1
1
1
1
1
1
1
1
1
1
1
1
1
1
1
1
1
1
1
1
1
1
1
1
1
1
1
1
1
1
1
1
1
1
1
1
1
1
1
1
1
1
1
1
1
1
1
1
1
1
1
1
1
1
1
1
1
1
1
1
1
1
1
1
1
1
1
1
1
1
1
1
1
1
1
1
1
1
1
1
1
1
1
1
1
1
1
1
1
1
1
1
1
1
1
1
1
1
1
1
1
1
1
1
1
1
1
1
1
1
1
1.00003
1
1
1
1
1
1
1
1
1
1
1
1
1
1
1
1
1
1
1
1
1
1
1
1
1
1
1
1
1
1
1
1
1
1
1
1
1
1
1
1
1
1
1
1
1
1
1
1
1
1
1
1
1
0.993139
1
1
1
1
1
1
1
1
1
1
1
1
1
1
1
1
1
1
1
1
1
1
1
0.999441
1
1
1
1
1
1
1
1
1
1
1
1
1
1
1
1
1
1
1
1
1
1
1
1
1
1
1
0.999723
1
1
1.00005
1
1
0.999992
1
1
1
1
1
1
1
0.999999
1
1
1
1
1
1
1
1
1
1
1
1
1
1
1
1
1
1
1
1
1
1.00016
1
1
1
1.00042
1
1
1
1
1
1
1
1
1
1
1
1
1
1
1
1
1
1.00102
1
1
1
1
1
1
1
1
1
1
1
1
1
1
1
1
1
1
1
1
1
1
1
1
1
1
1
1
1
1
1
1
1
1
1.00016
1
1
1
1
1
1
1
1
1
1
1
1
1
1
0.99996
1
1
1
1
1
1
1
1
1
1
1
1
1
1
1
1
1
1
1
1
1
1
1
1
1
1
1
1
1
1
1
1
1
1
1
1
1
1
1
1
1
1
1
1
1
1
1
1
1
1
1
1
1
1
1
1
1
1
0.9999
1
1
1
1
1
1
1
1
1.00092
1
1
1
1
1
1
1
1
1
1
1.00004
1
1
1
1
1
1
1
1
1
1
1
1
1
1
1
1
1
1
1
1
1
1
1
1
1
0.998994
1
1
1
1
1
1
1
1
1
1
1
1
1
1
1
1
1
1
1
1
1
1
1
1
1
1
1
1
1
1
1
1
1
1
1
1
1
1
1
0.988878
1
1
1
1
1
1
1
1
1
0.999675
1
1
1
1
1
1
1
1
1
1
1
0.988131
1
1
1
1
1
1
1
1
1
1
1
1
1
1
1
1
1
1
1
1
1
0.999989
1
1
1
1
1
1
1
1
1
1
1
1
1
1
1
1
1
1
1
1
1
1
1
1
1
1
1
1
1
1
1
1
1
1
1
1
1
1
1
1
1
1
1
0.999774
1
1
1
1
1
1
1
1
1
1
1
1
1
1
1
1
1
1
1
1
1
0.998231
1
1
1
1
1
1
1
1
1
1
1
1
1
1
1
1
1
1
1
1
1
1
1
1
1
1
1
1
1
1
1
1
1
1
1
1
1
1
1
1.00109
1
1
1
1
0.999989
1
1
1
1
1
1
1
1
1
1
1
1
1
1
1
1
1
1
1.0005
1
1
1
1
1
1
1
1
1
1
1
1
1
1
0.99999
1
1
1
1
1
1
1
1
1
1
1
0.999983
1
1
1
1
1
1
1
1
1
1
1
1
1.00001
1
1
1
1
1
1
1
1
1
0.999953
1
1
0.99998
1
1
1
1
1
1
1
1
1
1
1
1
0.998455
1
1
1
1
1
1
1
0.999985
1
1
1
1
1
1
1
1
1
1
1
0.997569
1
1
0.999989
1
1
1
1
1
1
1
1
1
1
1
1
1.0003
1
1
1
1
0.999912
1
1
1
0.99999
1
1
1
1
1
1
1
1
1
1
1
1
1
1
1
1
1
0.999907
1
1
1
1
1
1
1
1
1
1
1
1
1
1
1
1
1
1
1
1
1
1
1
1
1
1
1
1
1
0.999866
1
1
1
0.998295
1
1
1
1
1
1
1
1
1
1
1
1
1
0.999817
1
1
1
1
1
1
1
1
1
1
1
1
0.999872
1
1
1
1
1
1
1
1
1
1
1
1
1
1
1
1
1
1
1
1
1
1
1
1
1
1
1
1
1
1
1
1
1
1
1
1.00001
1
0.999868
1
1
1
1
1
1
1
1
1
1
1
1.0008
1
1
1
1
1
1
1
1
1
1
1
1
1
1
1
1
1
1
1
1
1
1
0.998884
0.999484
1
1
1
1
1
1
1
1
1
1
1
1
1
1
1
1
1
1
1
1
1
1
1
1
1
1
1
1
0.999362
1
1
1
1
1
1
1
1
1
1
1.00059
1
1
1
1
1
1
1
1
1
0.999825
1
1
1
1
1
1.00056
1
1
1
1
1
1
0.99999
1
1
1
1.00003
1
1.00053
1
1
1
1
1
1
1
1
1
1
1
1
1
1
1
1
1
1
1
1
1
1
1
1
1
1
0.999998
1.00013
1
1
1
1
1
1
1
0.999998
1
1
1
1
1
1
1
1
1
1
1
1
1
1
1
1.00063
1
1
1
1
1
1
1
1
1
1
1
1
1.00001
1.00008
1
1
1
1
1
1.00029
1
1
1
1
1
1
1
1
1
1
1
1
1
1
1
1
1
1.00001
1
1
1
1
1
1
1
1
0.995208
1
1
1
1
1
1
1
1
1
1
1
1
1
1
1
1
1
0.999999
1
1
1
1
1
1
1
1
1
0.999996
0.999715
1
1
1
1
1
0.999907
1
0.998874
1
1.00004
1
1
1
1
1
1
1
1
1
1
1
1
1
0.998669
1
1
1
0.999984
1
1
0.999995
1
1
1
1
1
1
1
1
0.999992
1
1
1
1
1
1
1
0.999998
1
1
1
0.999999
1
1
1
0.999976
1
1.00005
1
1
1
1
1
1
1
1
1
1
1
1
1
1
1
1
1
1
1
1
1
0.9997
1
1
1
1
0.98422
1
1
1
1
1
1
1
1
1
1
1
1
1
1
1
1
1
0.999749
1
1
1
1
1
1
1
1
0.999987
1
1
1
1
1
1
1
1
1
1
1
1
1
1
1
1
1
1
1
1
1
1
1
1.00054
1
1
1
1
1
1
1
0.999478
1
1
1
1
1
1
1
1
1
1
1
1
1
1
1
1
1
1
1
1
1
1
1
1
1
1
1
1
1
1
1
0.999546
1
1
1
1
1
1
1
1
1
1
1
1
1.00001
1
1
1
1
1
0.998879
1
1
1
0.997909
1
1
1
1
1
0.997755
1
1.00006
1
1
1
1
1
1
1
1
1
1
1
1
1
1
1
1
1
1
1
1
1
1
1
1
0.999058
1
1
1
1
1
1
1
1
1
1
1
1
1
1
1
1
1
1
1
1
0.997261
1
1
1
1
1
1
1
1
1
1
1
1
1
1
1
1
1
1
1
1
1
1
1
0.999926
1
1
1
1
1
1
1
1
1
1
1.00006
1
1
1
1
1
1
1
0.999832
1.00056
1
1
1
1
1
1
1
1
1
1
0.996357
1
1
1
1
1
0.999479
1
0.998074
1
1
0.999162
1
1
1
1
1
0.998757
1
1
1
1
1
1
0.999905
1
1
1
1
1
1
1
1
1
1
0.997544
1.00001
1
1
1
1
1
1
0.999963
1
1.00003
1
1
1
1
1
1
1
1
1
1
1
1
1
1
1
1
1
1
1
1
1
1
1
1
1
1
1
1
1
1
1
1
1
1
0.999993
1
1
1
1
1
1
1
1.00006
1
1
1
1
1
1
0.999995
1
1
1
1
1
1
1
1
1
1
1
1
1
1
0.999874
1
1
1
1
1
1
1
1
1
1
1
1
1
1
1
1
1
1
1
1
1
1
1
1
0.999998
1
1
1
1
1
1
0.999976
1
1
1
1
1
0.999834
1
1
0.999973
1
1
1
1
1
1
1
1
1
1
1
1
1
1
1
1
1
1
1
1
1
1
1
1
1
1
1
1
1
1
1
1
1
1
1
1
1
1
1
1
1
1
1
1
1
1
1
1
1
1
1
1
1
1
1
1
1
1
1
1
1
1
1
1
1
1
0.999511
1
1
1
1
1
1
1
1
1
1
1
1
1
1
1
1
1
1
1
1
1
1
1
1
1
1
0.999999
1
1
1
1
1
1
1
1
1
1
1
1
1
1
1
1
1
1
1
1
1
1
1
1
1
1
0.999828
1
1
1
1
1
1
1
1
1
1
1
1
1
1
1
1
1
1
1
1
1
1
1
0.999829
1
1
1
1
1
1
0.997986
1
1
1
0.999998
1
1
1
1
1
1
1
1
1
1
1
1
0.999995
1.00068
0.998924
1
0.999985
1
1
1
0.999986
1
0.999963
1
1
1
1
1
0.999977
1
1
1
1
1
1
1
0.999999
1.00002
1
1
1
1
1
1
1
1
1
1
1
1
1
1
1
0.999998
1
1
1
1
1
1
1
1
1
1
1
1
1
1
1
1
1
1
1
1
1
1
1
1
1
1
1
1
1
1
1
1
1.00006
1
1
1.00001
1
1
1
1
1
1
1
1
1
1
1
1
1
1
1
1
1
0.998589
1
1
1.00002
1
1
1
1.00005
1
1
1
1
1
1
1
1
1
1
1
1.00001
1
1
1
1
1
1
1
1
1
1
1
1
1
1
1
1
1
1
1
1
1
1
1
1
1
1
1
1
1
1.00001
1
1
1
1
1
1
1
1.00001
0.999884
1
1
1
1
1
1
1
1
1
1
1
1
1
1
1
1
1
1
1
1
1
1
0.999855
1.00001
1
0.999954
1
1
1
1
1
1
1
1
1
0.999994
0.99245
0.99994
1
1
1
1
1
1
1
1
1.00001
1
1.00063
1
0.997672
1
1
1
1
1
1
1
1
1
1
1
1
1
1
1
1
1
1
1
1
1
1
1
1
1
1
1
1
1
1
0.999995
1
0.999953
1
1
1
1
1
0.999979
1
1
1
1
1
1
0.999159
1
1
1
1
1
1
1
1
1
0.997838
1
1
1
1
1.00001
1
1
0.999997
1
1
1
1
1
1
1
1
1
1
1
1
1
1
0.998668
1
0.998339
1
1
1
0.999059
1
1.00003
1
1
1
1
1
1
1
1
1.00013
1
1
0.998976
1
0.998411
1.00052
1
1.00049
1
1
1
1
1
1
0.999998
0.996886
1
1
1
1
1
1
1
1
1
1
1
1
1
1
1
1
1
1
1
1
1
1
1
1
1
1
0.999992
1
1
1
1
1
1
1
0.999516
1
1.00001
1.00001
1
1
1
1
1
1
1
1
1
1
1
1
1
0.999996
0.999461
0.999544
1
1
1
0.999996
1
1
1
1
1
1
1
1
1
1
1
1
1
1
1
1
1
1
1
1.00001
1
0.999992
1
1
1
1
1
1.00003
1
1
1
1
1
1
1
1
1
1
1
1
1
1
1
1
1
1
1
1
1
1
1
1
1
1
1
1
1
1
1
1
1
1
1
1
1
1
1
1
1
1
1
1
0.999991
1
1
1
1
1
1
1
1
1
1
1
1
1
1
1
1.00003
1.00001
1
1.00006
1
1
1
1
1
1
1
1
1
1
1
1
0.999996
1
0.999982
1
0.999993
1
1
1
1
0.999997
1
1
1
1
1
1
1.00069
1
1
0.999997
1
1
1
1
1
1
1
1
0.999979
1
1
0.999994
1
0.999995
1
1
1
1
0.998748
1
1
1
1
1
1
0.999954
1.00002
0.999953
1
1
1
1
1
1
1
1
1
1
0.999806
1
1
1
1
1
1
1
1
1
1
1
1
1
1
1
0.998624
1
1
1
1
1
1
1
1
1
0.999996
1.00002
1
1
1
1
1
1
1
0.999991
1
0.999882
1
1
1
1
1
1
1.00001
1
1
1
1
1
1
1
1.00004
1
1
1
0.999963
1
1
1
1
1
1
1
1
1
1
1
1
1
1
1
1
1
1
1
0.999823
1
1
1
1
0.999992
1
0.999953
0.993027
1
1
1
1
1
1
1
1
1
1
1
0.999401
1
1
0.999998
1
1
1.00008
1
1.00054
1
1.00001
1
1
1
1
1
1
1
1
1
1
1
1
0.999869
1
1
1
1
0.997771
1
1
1
1
1
1
1
1
1
1
1
1
1
1
0.999999
1
0.996539
1
1
1
1
1
1
1
1
1
1
1
1
1
1
1
1
1
1
1
1
1
1
1
1
1.00005
0.999918
1
0.999984
1.00001
1
1.00007
0.999996
1
1
1
1
1
1
1
1
0.997848
1
1
1
1
1
1
1
1
1
1
1
1
1
1
1
1
1
1
1
1
1
1
1
1
1
1
1
1
0.997692
1
1
1
1
1
1
1
1
1
1
1
1
1
1
1
1
1
1.00002
1
1
1
0.999997
1
1
1
1
1
0.998011
1
1
1
1
0.999999
1
1
1
1
1
1
1
0.996584
1
1
1.00023
1
1
1
1
1
1
1
1
1
1
1
1
1
1
1
1
1
1
1
1.00032
1
1
1
1
1
1
1
1.00002
1
1
1
1
1
1
0.999677
0.999175
0.999995
1
1
1
1
1
1.00046
1
1
1
1
1
1
1
0.997608
1
1
1
1
0.999796
0.987932
1
0.998356
1.00058
1
1
1
1
1.00002
1
1
1
1.0002
1
1
1
0.999991
1
1
1
1
1
1
1
1
1
1
1
0.999829
1
1
1
1
1
1
1
1
1
1
1
1
1
1
0.999329
0.999986
1.00001
1
1
1
1
1
1
1
1
1
1
1
1
1
1
1
1
1
1
1
1
1
1
1
1
1
0.999992
0.995472
1
1
1
0.995085
1
1
1
1
1
1
0.999405
1
1
1
1
1
1
1
0.999903
1
0.999999
0.999838
1
1
0.999996
1
1
1
0.99981
1
1
1
0.99999
1
1
1
1.00062
0.999998
1
1
1
1
1
1
1
1
1
1
1
1.00001
0.999846
1
1
1
1.00005
1
1
1
1
1
1
1
1
1
1
1
1
1
1
1
1
1
1
1
1
1
1
0.999808
1
1
1
1
0.999991
1
1
1
1
1
1
1
0.998708
1
1
1
1
1
0.999999
1.00002
1
1
1
1
1
1
1
1
1
1
0.999996
0.999995
1
1
1
1
1
1
1
1.00002
1
1
1
0.996986
1
1.00001
0.999934
1
1
1.0003
0.999058
1
1
1
1.00001
1
1
1
1
1
0.999667
1
1
1
1
1
1
1
1
1
1
1
0.995347
1
1
1
1
1
0.999997
1
1
1
1
1
1
1
0.999999
1
1
1.00075
1
1
1
1
1
1
1
1
1
1
1
1
1
1
1
1
1
1
1
1
0.999992
1.00006
1
1
1
1
1.00006
1
1
0.999968
1
1
1
1
1
1
1
1
1
1
1.00016
1
1
1
0.99982
1
1
1
1
1.00001
1
1
1
1
1
1
1
1
1
1
1
1.00124
1
1
1
1
1
1
1.00001
1
1
1
1
1
1
1
1
1
1
1
1
0.999885
1
1
1
1
1.00001
1
1
1
1
1
1
1
1
1
1
1.00001
1
1
1
1
1
1
1
1
0.999953
1
1
1
1
1
1
1
1
1
1
1
1
1
1
1
1
1
1
1
1.00011
1
1
1
1
1
1
1
1
1
1
1
1
1
1
1
1
1
1
1
1
1
1
1
1
1
1
1
0.998823
1
1
1
1
1
1
1
1
1.00001
1
1
1
1
1
1
1
1
1
1
1
1
1
1.00002
1
1.00001
1
1
1
1
1
1
1
1
1
1
1
1
1
1
1.00004
1
1
1
1
0.999875
1
1
1
1
1
1
1
1
1
1
1
1
1
0.999676
1
1.00001
1
1
1
1
1
1
1
1
1
1
1
1
1
1
1
1
1
1
1
0.999979
1
1
1
0.985435
1
1
1
1
1
1
1
1
1
1
1
1
1
1
1
1
1
1
1
1
1
1
1
1
1
0.999999
1
1
0.996979
1
1
1
1
1
1
1
1
0.999956
1
1
1
1
1
1
1
1
0.999999
1
1
0.999996
1
1
1
1
1
1
1
1
1
1
1
1
1
1
1
1
1.00001
1
1
1
1
1
1
1
1
1
1
1
1
1
1
0.994819
1
1
1
1
1
1
1
1
1
0.999995
1
1
1
1
1
1
0.997859
1
0.999099
1.00001
1
1
1
1.00002
1
1
1
1
0.998752
0.999946
1
1.00002
0.999999
1
1
1
1
1
1.00001
1
1
1
1
1
1
1
1
1
1.00001
1
1
1
1
1
1
1
1
1
1
1
1
1
1
1
1
1
1
1.00001
1
1
1
1.00016
1
1
1
1
1
1
0.999975
1
1
0.997493
1
1
1
1
1
1
1.00059
0.999995
1
1
1
1
1
1
1
1
1
1
1
1
1
1
1
1
1.00002
1
0.99998
1
1
1
1
1
1
1
1
1
1
1
1
1
1
1
1
1
0.999954
1
1
1
1
1
1
1
0.999797
1
0.999998
1
1
1
1
1.00001
1
1
1
1
1
1
1
1
1
1
0.999888
1
1
1
0.999997
1
1
0.999998
1
1.00042
1
1
0.998997
0.999963
1
1
1
1
1
1
1
1
1
1
1
1
1
1
1
1
1
1
1
1.00001
0.999591
1.00028
1.00001
1
1
1
1
1
0.999627
1
1
1
1
1
1
1
1
1
1.00008
1
1.00004
1
1
1
1
0.999998
1
1
1
1
1.00007
1
1
1
0.982844
1
1
1
1
1
1
1
1
1
1
1
1
1
1
1
1
1
1.00015
1
1
1
1
1
1
1.00001
1
1
1
1
1
1.00002
1
1
1
1
1
1
1
1
1
1
1
1
1
1
1
1
1
1
1
1
1
1
1
1
1
1
1
1
1.00051
1
1
1
1
1
1
1
1
0.996359
1
1
1
1
1
1
1
1
1
1
0.999986
1
0.997682
1.00001
1
0.999744
1
1
1
1
1
1
1
1
1
1.00008
1
1
1
1
1
1
1
1
1
0.999031
1
0.999945
1
1
0.999998
1
1
1.00022
1
1
1
1
1
0.999645
1
1
1
1
1
1
1
1
1
1
1
1
1
1
1
1
1
0.999994
1
1.00003
1
1
0.999961
1
1
1
1
1
1
1
1
1
1
1
1
1
1.0005
1
1
1
1
1
0.999729
1
1
1
1
1
1
1
1
1
1
1
1
1
1
1
1
1
1
1
1
1.00002
1
1
1
1.00001
1
1
1
1
1
1
1
1
1
1
1
1
1
1
1.00001
0.999975
1
1.00001
1
1
1
1
1.00002
1
1
1
1
1
1
1
1
1
1
1
1
1
1
1
0.999989
1
1
1
1
1
1
1
1
1.00001
1
1
1
1
1
1
1
1
1
1
1
1
1
1
1
1
1
1
1
1
0.999997
1
1
0.99497
1
1
1
1
1
1
1
1
1
1
1
1
1
1
1
1
1
1
1
1
1.00002
1
1
1
1
1
1
1
1
1
1
1
1.00004
1
0.999968
0.999996
1
1
1
1
1
1
1
1
1
1
1
1
1
1
1
1
1
1
1
1
1
0.996867
1
1
1
1
1
1
1
1
1
1
1
1
1
1
1
1
1
0.999272
1
1
1.00001
1.00001
1
1
1
1
1
1
1
1
1
1
1
1
1
1
1
1
1
1
1
1
1
1
1
1
1
1
1
1
0.999997
1
1
1
1
1.00003
1
1
1
1
1
1
1.00063
1
1.00001
1
1
1
1
1
1
1.00006
1
1
1.00003
1
1
1
1
1
1
1
1
1
1
1
1
1
1
1
1
1
1
1
1
1
1
1
1
1
1
1
1
1
1
1
0.99991
1
0.999992
1
1
1
1
1
1.00001
1
1
1.00009
1
1
1
1
1
1
1
1
1
1
1
1
1
1
1
1
1
1
1.00003
1.00026
1
1
1
1
1
1
0.999969
0.999999
1
1
0.999997
1
1
1
1
1
1
1
1
1.00001
1
0.999821
1
1
1
1
1
1
0.999999
1
1
1
1
1
1
1
1
1
1
1
1
1
1
0.999774
1
1
0.999318
1
1
1
1
1
1
1
1
1
1
1
1
1
1
1
1
1
1
1
1
1
1
1
1
1
1.00024
1
1
1
1
1
1
1
1
1
1
1
1
1
1
1
1
0.992616
1
1
1
1
1
1
1
1
1
1
1
1
1
1
1.00008
1.00001
1
1
1
1
1
1
1
0.999986
1
0.999997
1
1
1
1
1
1
1
1
1
1
1
1
1
1
1
1
1
0.999807
0.999809
1
1
0.999964
1
1
1.00006
0.999919
1
1
1
1
1
1
1.00047
1
1
1
1
1
1
1
1
1
1
1.00003
1
1
1
1.00002
1
1
1
1
1
1
1
0.999589
1
1
1
1
0.999829
1
1
1
1.00003
1
1
1
1
0.999145
1
1
1
1
1
1
0.999983
1
1
1
1
1
1
1.00013
1
1.00004
1
1
1
1
1
1
1
1
1
1
1
1
1
1
1
0.99999
1
1
1
1
1
1
1
1
1
1
1
1
1
1
1
0.999917
1
1
1
1
1
0.999999
1
1
1
1
1
1
1
1
1
1
1.00001
1
1.00002
0.999977
1
1
1
1
1
1
0.999993
1
1
1
1
1
1
1
1
1
1
1
1
1
1
1
0.99999
0.997697
1
0.998189
1
1
1
1
0.999917
1
0.999887
1
1
1
1
1
1
1
1
1
1
1
1
1
1
1
1
1
1
1
1
1
1
0.999873
1
1
1
1.00011
1
1
1
1
1
1
1
1
1
1
1
0.995114
0.999728
1
1
1
1
0.999999
1
1
1
1
1
1
1
1
1.00002
1
1
1
0.998825
1
1
1
1
1
1
1
1
0.999978
1
1
1
1
1
1
1
1
1
1
1
1
1
0.999806
1
1
1
1
1
1
1
1.00076
1
0.995855
1
1
0.999922
1
1
1
1
1
1
1
1
1
1
1
1
1
1
1
1
1
1
1
1
1
1
0.999759
1
1
1
1
1
1
0.99998
1
1
1
1
1
1
1
1
1
1
1
1
1
0.999993
1
1
1
1
1
1
1
1
1
1
1
1
1
1
1
1
1
1
1
1
1
1
1
1
1
1
1
1
1
1
1
1
1
1
1
1
1
1.00001
1.00004
1
1
1
0.999974
1
1
1
1
1
1
1
1
1
1
0.995042
1
1
1
1
1
0.997702
1
1
1
1
1
1
1
1
1
1
1
1
1
1
0.99977
1
1
0.999393
1
1
1
1
1
1
1
1
1
1
1
1
1
1
1
0.999779
1
1
1
1
1
1
1
1
0.999999
1
0.999545
1
1
1
1.00001
1
1
1
1
1
1
0.999882
1
1.00009
1
1
1
1
1
1.00003
1
1
1
1
1
1
1
1
1
1
1
1
1
1
1
1
1
1
1
1
1
1
1
1
1.00006
1
1
1
0.999815
1
1
1
1
1
1
1
1
1
1
1.00003
1
1
1.00002
1
1
1
1
1
1
1
1
1
1
1
1
1
1
1
1
1
1
0.998569
1
1
1
1
1
1
1
1
1
1
1
1
1
1
1
1
1
1
1.00118
1
1
1
1
1
1
1
0.993966
1
1
1
1
1
0.997542
0.99991
1
1
1
1
1
1
1
1
1
1
1
1
1
1
0.999992
1
1
1
1
1
0.995165
1
1
1
1
1
1
1
1
1
1
1
1
1
1
1
1
1
1
1
1.00002
1
1
1
1
1
1
1
1
1
1
1
1
0.993583
0.999969
1
1
1
1
1
1
1
1
1
1
1
1
1
1
0.999982
1
1
1
1
1
1
1
1
1
1
1
1
1
1
1
1
1
1
1
1
1
1
0.99999
1
1
1
1
1
1
1
1
1
1
1.00049
1
1
1
0.999946
1
1
1
1
1
1
1
1
1
1
1
1
1
1
1
1
1
1
1
1
1
1
1
1
1
0.999926
1
1
1
1
1
1
1
1
1
1
1
0.999266
1
1
1
1
1
1
1
1
1
1
1
1
1
1
1
1
1
1
1
1
1
1
1
1
1.00119
0.998526
1
1
1
1
1
1
1
0.999702
1
1
1
1
1
1
1
1
1
1
1
1
1
1
1
1
1
1
1
1
1
1
1
1
1
1
1
1
1
0.999436
1
1
1
1
1
1
1
1
1
1
1
1
1
1
1
1
1
1
0.999941
1
0.999995
0.999988
1
0.99989
1
1
1
1
1
1
1
1
1
1
0.998565
0.999994
1
1
1
1
1
1
1
1
1
1
1
1
1
1
1
1
1
1
1
0.999946
1
1
1
1
1
1
1
1
1
1
1
1
1
1
1
1
1
1
1
1
1
1
1
1
1
1.00046
1
1
1.00002
1
1
1
1
1
1
1
1
1
1
1
1
1
1
1
0.999859
1
1
0.999998
1
1
1
1
1
1
1
1
1
1
1
1
1
1
1
1
1
1
1.00012
0.999887
1
1
1
1
1
1.00005
1
1
1
1
1
1
1
1
1
1
1
1
1
1
1
1
0.99973
1
1
1
1
1
0.999999
1
1
1
1
1
1
1
1
1
1
1
1
1.00004
1
1
1
1
1
0.988029
1
1
1
0.994513
1
1.00007
1
1
1
1
1
1
1
1
1
1
1
0.991313
1
1
1
1
1
1
1
1
1
1
1
1
1
1
1
1
1
1
1
1
1
1
0.999912
1
1.00023
1
1
1
1
1.00004
1
1
1
0.999998
1
1
0.999978
1
1
0.99782
1
1
1
1
1.00001
1
1
1
1
0.999976
1
1
1
1.00001
1
1
1
1
1
1
1
1
1.00003
1
1
1
1
1
1
1
1
1
1
1
1
0.999744
1
1
1
1
1
1
1
1
1
1
1
1
1
1
1
1
1
1
1
1
1
1
1
1
1
0.997202
1
1
1
1
1
1
1
1
1
1
1
1
1
1
1
1
1
1
1
0.995823
1
1
0.999371
1
1
1
1
1.00001
1
1
1
1
1
1
1
1
1
1
1
1
1
1
1
1
0.999997
1
1
1
1
1
1
1
1
1
1
1
1
1
1
1
1
1
1
0.999999
1
1
0.999914
1
1
1
1
1
1
1
1
1
1
1
1
1
1
1
1
1
1
1.00001
1
1.00002
1
1
1
1
0.999978
1
1
1
0.999943
1
1
1
1
1
1
1
1
1
1
1
1
1
1
1
1
1
1
1
1
1
1
1
1
1
1
1
1
1
1
1
1
1
1
1
1
0.999996
1
1
1
1
1
0.996995
1
0.999943
1
1
1
0.995332
1
1
1
1
1
0.999998
1
1
1
1
1
1
1
1
0.999996
1
1
1
1
1
1
1
1
1
1
1
1
1
1
0.999997
1
1
1
1
1
1
1
1
1
1
1
1
1
1
1
1
1
1.00006
1
1
1
1
1
1
1
1
1
1
1
1
1
1
1
1
1
1
1
1
1
1
1
1
1
1
1.00009
1
1
1
1
1
1
1
1
1
1
1
1
1
1
0.999958
1
0.998575
1
1
1
1
1
0.996942
1
1
1
1
1
1
1
1
1.00008
1
0.999997
1
1
1
1
1
1
1
1.00001
1
1
1
1
1
1
1
1
1
1
1
1
1
0.999439
1
0.999994
1
1.00001
1
1
1
1
1
1
1
1.00001
1
1
1
1
1
1
0.9924
1
1
1
1
1
1
1
1
0.999984
0.999767
1
1.00098
1
1
1
0.998584
1
1
1
1
1
1
1.00001
1
1
1
1
1
1
1
1
1
1
1
1
1
1
1
1
1
1
1
1
1
1
1
0.999993
1
1
1
0.999981
0.999997
1
1
1
1
1
1
1
1
1
0.999993
1
1
1.00001
1
1
1
0.999997
1
1
1
1
1
0.997861
1
1
1
1
1
0.997962
1
1
1
1
1
1
1
1
1
1
1
1
1.0002
0.998429
1
1
1
1
1
0.999999
1
1
1
1
0.98357
0.999761
1
1
1
1
1.00001
1
1
1
1
1
1
1
1
1
0.999429
1
1.00003
1
1
1
1.00087
1
1
1
1
1
1
1
1
1
1
1
1
1
1
1
1
1
0.999821
1
1
1.00014
1
1
1
1
1
1
1
1
0.999678
1
1
1.00005
1
1
1
1
1
1
1.00005
1
1
1
1
1
1
1
1
1
1
1
1
1
1
1
1
1
1
1
1
1
1
1
1
1
1
1
1
1
1
1
0.99997
1
1
1
1
0.999991
1
1
1
1
1
0.999999
1
1
1
1.00001
1
1
1
1
1
1
1
1
1
0.997971
1
1
1
1
1
1
0.999998
1
1.00002
1
1
1
1.00002
1
1
1
1
1
1
1
1
0.995565
0.998791
1
1.00001
0.999996
1
1
1
1
1
1
1
1
1
1
1
1
0.991433
1
1
1
1
1
1
0.999984
1
1
1
1
1
0.99953
1
1
1
1
1
1
1
1
1
1
1
1
1
1
1.00014
1
1
1
1
0.993323
1
1
1
1
0.999996
1
1.00003
1
1
1
1
1
1
1
1
1
1
1
1.00004
1
1
1
1
1
1
1
1
1
1
1
1
1
1
1
0.999999
1
0.999999
1
1
1
1.00001
1
1
1
1
1
1
1
1
1
1
1
1
1
1
1.00001
1
0.999999
1
1
1
1.00193
0.999997
1
1
1
1
1
1
1
1
1
1
1
1
1
1
1
0.999485
1
1
1
1
1
1
1
1
1
1
1
1
1
1
1
1
1
1
1
1
1
1
1
1
1
1
1
1
1
1
1
1
1
1
1
1
1
0.999997
1
1
1
1
1
1
1
1
1
1
1
0.996652
1
1
0.999276
1
1
1.00001
1
1
1
1
1
0.995757
1
1
1
1
1
1
1
1
1
1
1
1
1
1
1
1
0.999986
1
0.996531
1
1
1
1
0.999997
1
1
1
1
1
1
1.00002
1
1
1.00004
1
1
0.999869
1
1
1
1
1
1
1
1
1
1
1
1
1
1
0.999994
1
1
1
1
1
1
1
1
1
1
1
1.00004
0.999977
1
1
1
1
1
1
1
1
1
1
1
1
1
1
0.999742
0.999763
1
1
1
0.998277
1.00005
1
1
1
1
1
1
1.00002
1
1
1
1
1
1
0.999767
1
1
1.00001
1
1
1
1
1
1
1
1.00036
1
0.999999
1
1
1
1
1
0.999999
1
1
1
1
0.999999
1
1
1
1
1
1
1
1
1
1
1
0.999612
1
0.999799
1
1
1
1
1
1
1
0.996585
1
1.00001
1
1
1
1
1
1
1
1
0.999298
1
1
1
1
1
1
1
1
1
1
1
1
1
0.999993
1
1
0.999967
1
1
1
1
1
1
1
1
1
1
1
1
1.00001
1
1
1
1
1
1
1
1
1
1
1
1
1
1
0.999776
0.99825
1
1
1
1
1
1
1
1.00113
1
1
1
1
1
1
1
1
1
0.999999
1
1
1
1
1
1
1.00001
0.999835
1
1
1
1
1
1
0.999999
1
0.994712
1
0.992439
1
1
1
1
1
1
1
1
1
1
1
1
1
1
1
1
0.99999
1
0.999996
1
0.999905
1
0.999263
1
1
1
1
0.999621
1
1.00072
1
1
1
1
1
0.999916
0.999111
1
1
1
1
1
1.00007
1
1
1
1
1
1
1
1
1
1
1
1
1
0.999189
1
1
1
1
1
1
1
1
1
1
1
1
1
1
1
1
1
1
1
1
1
1
1
1
1
1
1
1
1
1
1
1
1
1
1
1
1
0.999144
1
1
1
1
1
1
1
0.998898
1
1
1
1
1
1
1
1
1
1
1
1
0.999993
1
0.998607
1
1
1.00001
1
1
0.99868
1
1
1
1
1
1
1
1
1
1
1
1
1
1
1
1
1
1
1
1
0.999923
1
1
1
1
1
1
1
1
1
1
1
1
1
1
1
1
1
1
1
1
1
1
0.999928
1
1
1
1
1
1
1
1
0.999457
1
1
1
1
0.996471
1
1
1
1
1
1
1
1
1
1
1
1
1
1
1
1
1
1
1
1
1
1
1
1
1
1
1
0.999999
1
0.999398
1
1
1
1
1
1
1
1
0.999991
1
1
1
1
1
1
1
1
1.00026
1
1
1
1
0.999987
1
1
1
1
1
1
1
1
1
1
1
1
1
1
1
1
1
1
1
1
1
0.999705
1
0.99768
1
1
1
1
0.999588
1
1
1
1
0.999863
1.00004
1
1
1
1
1
1
1
1
1
1
1
1
0.999848
1
1
1
1
1
1
1
1
1
1
1
1
1
1
1
1
1
1
1
1
1
1
1
0.999944
0.998422
1
1
1
1
1
1
1
1
1
1
1
1
1
1
1
1
1
1
1
1
1
1
1
1
1
0.999995
1
1
1
1
1
1
1
0.9998
1
1
1
1
1
1
1
1
1
1
1
1
1
1
1
1
1
0.999993
1
1
1
1
1
1
1
1
1
1
0.984882
1
1.00003
1
1
1
1
1
1
1
1
1
1
1
1
1
1
1
1
1
1
1
0.998752
1
1
1
1
1
1
1
1
1
1
1
1
1
1
1
1
1
1
1
1.00001
1
1
1
1
1
1
1
1
1
1
1
1
1
1
1
1
0.996032
0.995802
1
0.999156
0.99978
1
1
1
1
1
1
1
1
1
1
1
1
1
1
1
1
1
1
1.00074
1
1
1
1
1
1
1
1
1
1
1
1
1
1
1
1
1
1
1
1
0.997692
1
1
1
1
1
1
1
1
1
1
1
1.00001
1
1
1
1
1
1
1
1
1
1
1
1
1
1
1
1
1.00001
1
1
1
1
1
1
1
1
1.00058
1
1
0.999962
1
0.999998
1
1
1
0.99983
0.999752
0.998466
1
1
1
1
1
1
1
1
1
1
1
1
1
1
1
1
1
1
1
1
1
1
1
1
1
1
1
1
1
1
1
1
1
1
1
1
1
1
0.987332
1
1
1
1
1
1
1
1
1
1
1
1
1
1
1
1
1
1
1
1
1
1
1
1
1
1
1
1
1
1
0.999994
1
1
1
1
1
1
1
1
1
1
1
1
1
1
1
0.999998
1
1
1
1
1
1
1
1
1
1
1
1
1
1
0.994812
1
1
1
1
1
1
1
1
1
0.999369
1.00001
1
1
1
1
1
1
1
1
1
1
1.00001
1
1
1
1
0.999999
1
1
1
1
1
1
1
1
1
1
1
1
1
1
1
1
1
1
1
1
1
1
1
1
0.998623
1
1
1
1
1
1
1
1
1
1
1
1
1
0.999942
1
1
1
1
1
1
1
1
1
1
1
1
1
1
1
1
1
1
1
1
1
1
1
1
1
1
1
1
1
1
1
1
1
1
1
1
1
1
1
1
1
1
1
1
1
1
1
1
1
1
1
1
1
1
1
1
1
1
1
1
1
1
1
1
1
0.999438
1
1
1
1
0.995702
1
1
1
1
1
1
1
1
1
1
1
1
1
1
1
1
0.999833
1
1
1
1
1
1
1
1
1
1.0007
1
1
1
1
1
1
1
1
1
1
1
1
1
1
1
1
1
1
1
1
1
0.999998
1
1
1
1
1
1
1
1
1
1
1
1
1
1
1
1
1
1
1
0.999999
1
1
1
1
1
1
1
1
1
1
1
0.999611
1
1
1
1
1
1
1
1
1
1
1
1
1
1
1
1
1
0.999997
1
1
1
1
1
1
0.999964
1
1
0.999994
1
1
1
1
1
1
1
1
1
1
1
1
1
1.00006
1
1
1
1
1
1
1
0.999999
1
1
1
0.997718
1
1
1
1
1.0007
0.999995
1
1
1
1
0.99992
1
1
0.999999
1
0.999996
1
1
1
1
1
1
1
1
1
1
1
1
1
1
1
1
1
1
1
1
1
1
1
1
1
0.999928
0.999386
1
1.00019
1
1
1
1
1
1
1
1
1
1
1
1
1
1
0.999999
1
1
1
1
1
1
1
1
1
1
1
1
1
1
1
1
1
1
0.994275
1
1
1
1
1
1
1
1
0.99992
1
1
1
)
;

boundaryField
{
    frontback
    {
        type            empty;
    }
    topbottom
    {
        type            zeroGradient;
    }
    outlet
    {
        type            zeroGradient;
    }
    inlet
    {
        type            fixedValue;
        value           uniform 1;
    }
    walls
    {
        type            zeroGradient;
    }
    procBoundary2to0
    {
        type            processor;
        value           nonuniform List<scalar> 
83
(
1
1
1
1
1
1
1
1
1
1
1
1
1
1
1
1
1
1
1
1
1
1
1
1
1
1
1
1
1
1
1
1
1
1
1
1
1
1
1
1
1
1
1
1
1
1
1
1
1
1
1
1
1
1
1
1
1
1
1
1
1
1
0.999946
1
1
1
1
1
1
1
1
1
1
1
1
1
1
1
1
1
1
1
1
)
;
    }
    procBoundary2to3
    {
        type            processor;
        value           nonuniform List<scalar> 
99
(
1
1
1
1
1
1
1
1
1
1.00002
1
1
1
1
1
1
1
1
1
1
1
0.999991
1
1
1
1
1
1
1.00002
0.998604
1
1
1.00003
0.993831
1
1
0.99813
1
1
1.00148
1
1
1
1
1
1
1
1
1
1
1
1
1
1
1
1
1
1
1
1
1
1
1
1.00002
1
1
1
1
1
1
1
1
1
1
1
1
1
1
1
1
1
1
1
1
1
1
1
1
1
1
1
1
0.999973
1
1
1
1
1
0.999793
)
;
    }
}


// ************************************************************************* //
