/*--------------------------------*- C++ -*----------------------------------*\
| =========                 |                                                 |
| \\      /  F ield         | OpenFOAM: The Open Source CFD Toolbox           |
|  \\    /   O peration     | Version:  v2012                                 |
|   \\  /    A nd           | Website:  www.openfoam.com                      |
|    \\/     M anipulation  |                                                 |
\*---------------------------------------------------------------------------*/
FoamFile
{
    version     2.0;
    format      ascii;
    class       volScalarField;
    location    "350";
    object      gammaInt;
}
// * * * * * * * * * * * * * * * * * * * * * * * * * * * * * * * * * * * * * //

dimensions      [0 0 0 0 0 0 0];


internalField   nonuniform List<scalar> 
13917
(
1
1
1
1
1
1
1
1
1
1
1
1
1
1
1
1
1
1
1
1
1
1
1
1
1
1
1
1
1
1
1
1
1
1
1
0.998466
1
1
1
1
1
1
1
1
1
1
1
1
1
1
1
1
1
1
1
1
0.999998
1
1
1
1
1
1
1
1
0.999998
1
1
1
1
1
1
1
1
1
1
1
1
1
1
1
1
1
1
1
1
1
0.999905
1
1
1
1
1
1
0.999743
1
1
1
0.999986
1
1
1
1
1
1
1
1
1
1
1
1
1
1
1
1
1
1
1
1
1
1
0.999998
1
1
1
1
1
1
1
1
1
1
1
1
0.996893
1
1
1
1
1
1.00003
1
1
1
1
1
1
1
1
1
1
1
1
1
1
1
1
0.99726
1
0.998116
1
1
1
1
1
1.00001
1
1
1
1
1
1
1
1
1
1
1
1
1
1
1
1
1
1
1
1
0.999966
1
1
1
0.999801
1
0.99998
1
1
1
1
1
1
0.997416
1
1
1
1
1
0.99967
1
1
1
1
1
1
1
1
1
1
1
1
1
1
1
1
1
1
1
1
0.999649
1
1
0.998676
1
1
1
1
1
1
1
1
1
1
1
1
1
1.0005
1
1
1
1
1
1
1
1
1
1
1
1
1
1
1
1
1
1
1
0.999897
1
1
1
0.999327
1
1
1
1
1
1
1
1
0.999829
1
1
1
1
1
1
1
1
1
1
0.999781
1
1
0.999332
1
1
1
0.99794
1
1
1
1
1
1
1
1
1
1
1
1
1
1
1
1
1
1
1
1
1
1
1
1
1
1
1
1
1
0.999024
1
1
1
1
1
1
1
1
1
1
1
1
1
1
1
1
1
1
1
1
1
1
1
1
1.00047
1
1
1
1.00002
1
1
1
1
0.999734
1
1
1
1
1
1
1
1
1
1
1
1.00011
1
1
1
1
1
1
1
1
1
1
1
1
1
1
1
1
1
1
1
0.996656
1
1.00028
1
1
1
1
1
1
1
1
1
1
1
1
1
1
1
1
1
1
1
1
1.00053
1
1
1
1
0.999978
1
1
1
1
0.999976
1
1
1
1
1
1
1
1
1
1
1
1
0.998397
1
1
1
1
1
1
1
1
1
1
1
1
1
1
0.99894
1
1
1
1
1
1
1
1
0.999553
1
1
1
1
1
1
1
1
1
1
1
1
1
1
1
0.999775
1
1
0.999997
1
1
1
1
1
1
0.998775
1
1
1
1
1
1
1
1
1
1
1
1
1
0.999999
1
1
0.999373
1
1
1
1.00002
1
1
1
1
1
1
1
1
1
1
1
1
1.00007
1
1
1
1
1
0.99865
1
1.00003
1
1
1
1
1
1
1
1
1
1
1
1
0.99975
1
1
1
1
1
1
1
0.999997
0.999986
1
0.999185
1
1
1
1
1
1
0.998731
1
1
1.0005
1
1
1
1
1
1
1
1.00017
1
1
1
1.00004
1
1
1
1
1
1
1
1
1
1
1
1
1
1
1
1
0.999633
1
1
1
1
1
1.00005
1
1
1
1
1
1
1
1
1
0.999995
1
1
1
1
1
1
0.999995
1
1
1
1
1
1
1
1
1
1
1
1
0.999992
1
0.996653
1
0.999997
1
1
1
1
1
1
1
1
1
1
0.999844
1
1
1
1.00001
1
0.997098
1
1
1
1
1
1
1
0.995754
1
1
1
1
1
1
1
1
1
1
0.998954
0.999959
1
1
1
0.999998
1
1
1
1
1
1
1
1
1
1
1
1
1
1
1
1
1
1
1
1
1
1
1
1
1
1
1
1
1
1
1
1
1
1
1
1.00046
1
0.997581
0.999919
1
1
1
1
1.00001
1
1
1
1
1
1
1
1
1
1
1
1
1
1
1
1
1
1
1
1
1
1
1
1
1
1
1
1
1
1
1
1
1
1
1
1
1
1
1
1
1
1
0.999901
1
1
1
1
0.999999
1
1
1
1
1
1
1
1
1
1
1
1
1
1
1
1
1
1
1
1
1
1
0.999416
1
1
1
1
1
1
1
0.999883
1
1
1
1
1
1
1
1
1
1
1
1
1
1
1
1
1
1
0.999552
1
0.998757
1
1
1
1
0.999604
1
0.999999
1
1
1
1
1
1
1
1
1
1
1
1
1
1
1
1
1
1
1
1
1
1
1
1
1
1
1
1
1
1
1
1
0.999997
1
1
1
1
1
1
1
1
1
0.999999
1
1
1
1
1
1
1
1
1
1
0.999997
1
1
1
0.999998
1
1
1
1
1
1
1
1
1
1
1
1
1
1
1
1
1
1
1
1
1
1
1
1
1
1
1
1
1
1
1
1
1
1
1
1
1.00003
1
1
1
1
1
1
1
1
1
1
1
1
1
1
1
1
1
1
1
1
1
1
1
1
1
1
1
1.00012
1.00009
1
0.998564
1
0.999993
1
1
1
1
1
1
1
1
0.999133
1
1
1
1
0.999982
1
1
1
1
1
1
1
1
1
1
1
1
1
1
1
1
1
1
1
1
0.993626
0.999911
1
1
1.00005
1
1
1
1
1
1
1
1
1
1
1
1
1
1
0.999991
1
1
1
1
1
1
1
1
1
1
1
0.996326
1
1
1
1
1
1
1
1
1
1
1
1
1
1
1
1
1
1
1
1
1
1
1
1
1
1
1
1
1
1
1
1
1
1
1
1
1.00003
1
1
1
1
1
1
1
1
0.999952
1
1
1
1
1
1.00008
1
0.998243
1
1
1
0.999997
1
1
1
1
1
1
1
1
1
1
1
1.00008
1
1
1
1
1
1
1
1
1
1
1
1
1
1.00004
1
1
1
1
0.999463
1
1
1
1
1
1
1
1
1
1
1
0.999999
1
1
1
1
1
0.997632
0.999998
1.00002
1
1
1
1
1
1
1
1
1
1
0.999994
1
1
1
1
1
1
0.999759
1
1
1
1
1
1
1
0.999999
1
1
1
1
1
1
1
1
1
1
0.998513
1
0.999993
1
1
1
0.999671
1
1
1
1
1
1
1
1
1
1
1
1
1
1
1
1
0.999746
1
1.00002
1
1
1
1
1
0.999962
1
0.999979
1
1
1
1
1
1
1
1
1
1
1
1
1
1
1
1
1
1
1
1
1.0011
1
1
1
1
1
1
1
1
1
1
0.998586
1
1
1
1
1
1
0.999955
1
1
1
1
1
1
1
1
1
1
1
1.00001
1
1
1
1
1
1
1
1
1
1
1
1
1
1
1
1
1
1
1
1
1
1
1
1
1
1
1
1
1
1
1
1
1
1
1
1
1
1
1
1
1
1
1
1
1
1
1
1
1
1
1
1
1
1
1
1
0.999884
0.998238
0.99996
1
1
1
1
1
1
1
1
1
1
1
1
1
1
1
1
1
1
1
1
1
1
1
1
1
1
1
1
1
1
1
1
1
1
1
1
1
1
1
1
1
1.00017
1
1
1
1
1
1
1
0.999999
1
1
1
1
1
1
1
1
1
1
1
0.999836
1
1
1
1
1
1
1
1
1
1
1
1
1
1
1
1
1
1
1
1
1
1
1
1
1
1
1
1
1
1
1
1
1
1
1
1
1
1
1
1
1
1
1
1
1
0.999998
1
1
0.996657
1
1
1
1
1
1
1
1
1
1
0.999586
1
1
1.00018
1
1
1
1
1
1
0.999404
1
1
1
1
1
1
1
1
1
1
1
0.999799
1
1
1
1
1.00002
1
1
1
1
1
1
1
1
1
1.00031
1
1
1
1
1
1
1
1
1
0.999999
1
1
1
1
1
1
0.999766
1
1
1
1
1
1
0.999434
1
1
0.992751
0.999705
1
1
1
1
1
1
1
1
1
1
1
0.999805
0.998976
1
1
1
1
1
1
0.997319
1.00007
1
1
1
1
1
1
1
1
1
1
1
1
1
1
1
1
1
1
1
1
1
1
1
1
1
1
1
1
1
1
1
1
1
1
1
1
1
1.00003
1
0.999865
1
1
1
1.00035
1
1
1
0.999625
1.00008
1
1
1
1
1
1
1
1
1
1
1
1
1
1
1
1
1
1
1
1
1
1
1
1
1
1
1
1
1
1
1
1
1
1
1
0.999999
1
0.996446
1
1
1
1
1
1
1
1
1
1
1
1
1
1
1.00058
1
1
1
1
1
1
1
1
1
0.999995
1
1
1
1
1
1
1
1
1
1
1
1
1
0.997362
1
1
1
1
1
1
1
1
1
1
1
1
1
0.997756
1
1
1
1
1
1
1
1
1
1
1.00016
1
1
1
1
1
1
1.00007
1
1
1
1
1
1
1
1
1
1
1
1
1
1
0.999999
1
1
1
1
1.00005
1
1
1
1
1
1
1
1
1
1
1
1
1
1
1
1
1
1
1
1
1
1
1
1
1
1
1
1
1
1
1
1
0.999955
1
1
0.999997
1
0.999869
1
1
1
1
1
1
1
1
1
1
1
1
1
1
1
1
1
1
1
1
1
1
1
1
1
1
1
1
1.00002
1
1
1
1
1
1
1
1
1
1
1
1
0.996819
1.00001
0.984703
1
1
1
1
1
1
1
1
1
1
1
1
1
1
1
1
1
1
1
1
1.00062
0.998253
0.999876
1
1
1.00012
1
1
1
1
1
1
1
1
1
1
1
1
1
1
1
1
1
1
1
1
1
1
1
1
1
1
1
1
1
1
1
1
1
1
1
1
1
1
1
1
1
0.993949
0.999981
1
1
1.00001
1
1
1
1
1
1
1
1
1
1
1
1
1
1
1
1
1
1
1
1
1
1
1.00012
1
1
1
0.999775
1
1
1
1
1
1
1
0.999822
0.999992
1
1.00038
1
1
1
1
1
1
1
1
1
1
1
1
1
1
1
1
1
1
1
1
1
1
1
1
1
1
0.999305
1
1
1
1
1
1
1
1
1
1
1
1
1
1
1
1
1
1
1
1
1
1
1
1
1
1
1
1
1
1
1
1.00003
1
1
1
1
1
1
1
1
1
1
1
1
1
1
1
1
1
1
1
1
1
1
1
1
1
1
1
1
1
1
1
1
1
1.00002
1
1
1
1
1
1
1
1
1
1
1
1
1
1
1
1
1
1
1
1
1
1
1
1
1
1
1
1
1
1
1
0.999987
1
1.00004
1.00022
1
1
1
0.998233
1
1
1
1
1
0.999493
1
1
1
1
1
1.00008
1
1
1
1
1
1
1
1
1
1
1
1
1
1
1
1
1
1
1
1
1.00015
1
1
0.999939
1
1
1
1
1
1
1
1
1
1
1
1
1
0.999669
1
1
1
1
1
1
1
1
0.999893
1
1
1
1
1
1
1.00065
1
1
1
1
1
1
1
1
1
1
1
1
0.999994
1
1
1
1
1
1
1.00004
1
1.00005
1.00014
1
1
1
1
1
1
1
1
1
1
1
1
1
1.00007
1
1
1
1
1
1
1
1
1
1
1
1
1.00028
1
1
1
1
1
1
1
1
1
1
1
1
0.999995
0.992629
1
1
1
0.999482
1
1
1
1
1
1
0.999668
1
1
1
1
1
1.00005
1
1
1
1
1
1.00001
1
1
1
1
1
1
1
1
1
1
1
1
1
1
1
0.999998
1
1
1
1
1
1
1
1
1.00003
1
1
1
1
1
1
1
1
1
1
1
1
1
1
1
1
1
1
1
1
1
1
1
1
1
1
1
1
1
1
1
1
1
0.999996
1
1
1
1
1
1
1
1
1
1
1
1.00003
1
1
1.00024
1
1
1
1
1
1
1
1
1
1
1
0.997287
1
1
0.999361
1
1
1
1
1
1
1
1
1
1.00008
1
1
1
1
1
1
1
1
1
1
1
1
1
1
1
1
1
1
1
1
1
0.999995
0.999954
1
1
1
0.999621
1
1
1
1
1
1
1
1
1
1
1
1
1.00001
1
1
1
1
1
1
1
1
1
1
1
1
0.999998
1
1
1.00017
1
1
1
1
1
1
1
0.996116
1
1
1
1
1
1
1
1
1
1
0.99452
1
1
1
1
1
1
1
1
1
1
1
1
1
1
1
1
1
1
1
1
1
1
1
1.00004
1
0.999894
1
1
1
1.00072
1
1.00005
0.999978
1
1
1
1
1
1
1
1.00011
1
0.998909
1
1
1
1
1
1
1
1
1
1
1
0.999583
1
1
1
1
0.992783
1
1
1.00002
1
1
1
1
1
1
1
1
1
1
1
1
1
1
1
1
1
1
1
1
1
0.999732
0.999742
1
1
1
1
1
1
1
1
1
1
1
1
1
1
1
1
1
1
1
1
1
1
1
1
1
1
1
1
1
1
1
1
1
1
1
1
1
1
1
0.99984
1
1.00043
1
1
1
0.99592
1
1
1
1
1
1.00004
1
1
1
1
1
1
1
1
1
1
1
1.00001
1
1.00001
1
1
1
1
1
1
1
0.999967
1
1
1
1
1
1
1
1
1
1
0.999473
1
1
1
1
1
1
1
1
1
1
1
1
1
1.00038
1
1
1
1
1
1
1
1
1
1
1
1
1
1
0.999932
1
1
1
1
1
1
1
1
1
1
1
1
1
1
1
1
1
1
1
0.999998
1
1
1
1
1
1
1
0.999936
1
1
0.998628
1
1
1
0.999865
1
1
1
1.00045
1
1
1
0.999907
1
1
1
1
0.999965
0.999198
1
1
1
1
1
1
1
1
1
1
1
1
1
1
1
1
0.999999
1
1
1
1
1
1
1
1
1
1
1
1
1
1
1
1
1
0.999996
1
1
1
1
1
1
1
1
1
1
1
1
1
1
1
1
0.999975
1
1
1
1
1
1
1
1
1
1
1
1
1
1
1
1
1
1
1
1
1
1
1.0003
1
1
1
0.996995
1
1
1
1
1
1
1.00054
1
1
1
1
1
1.00049
1
0.998805
0.999997
1
1
1
1
1
1.00001
1
1
1
1
1
1
1
1
1
1
1
1
1
1
1
1
1
1
1
1
1
1
1.00001
1
1
1
1
0.999999
1
1
1
1
1
1
1
1
1
1
1
1
1
1.00009
0.999993
1
1
1
1
1
1
1
1
1
1
1
0.99963
1
1
1
1
1
1
1
1
1
1
1
1
1
1
1.00055
1
0.999983
1
1
1
1
1
1
1
1
1
1
1
1
1
1
1
1
1.00004
1
1
1
1
1
1
1
1
1
1
1
1
0.999997
1
1
1
1
1
1
1
1
1.00058
1
1
1
1
1
1
1
1
1
1
1
1
1
1
1
1
1
1
1
1
1
1
1
1
1
1
1
0.999997
1
1
1
1
1
1
1
1
1
1
1
1.00001
1
1
0.999572
1
1
1
1
1
1
1
1
1
1
0.995634
1
1
1
1
1
1
1
1
1
1
1
1
1
1
0.999997
0.999124
1
1
1
1
1
1
1
0.998721
1
1
1.00001
1
0.995075
1
1
1.00008
1
1
1
1
1
1
1
1
1
1
1
1
0.998985
1
1
1
1
1
1
1
1
1
1
1
1
1
1
1
1
1
1
1
1
1
1
1
1
1
1
1
0.99997
1
1
1
1
1.00017
1
1
1
1
1
1
1
1
1
1
1
1
1
1
1
1
1
1
1
1
1
1
0.997675
1
1
1
1
1
1
1
1
0.999874
1
1
1
1
1
1
1
1
0.999986
1.00031
1
1
0.999961
1
1
1
1
1
1
1
1
1
1
1
1.00061
1
1
1
1
1
1.00006
1
1
1
1
1
1
1
1
1
1
1
1
0.999447
1
1
1
1
0.996775
1
1
1
1
1
1
1
1
1
1
1
1
1
1
1
1
1
1
1
1
1
1
1
1
1
1
1
1
1
1
1
1
1
1
1
1
1
1
1
1
1
1
1
1
0.999815
1
0.992923
1
1
1
1
1
1
1
1
1
1
1
1
1
1
1
1
1
1
0.998589
1
1
1
1
1
1
1
1
0.999993
1
1
1
1
1
1
1
1
1
1
1
1
1
1
1
1
1
1
1
1
1
1
1
1
1
1
1
1
1
1
1
1
1
1
1
1
1
1
1
0.999861
1
1
0.999989
1
1
1
1
1
1
1
1
1
1
1
1
1
1.00033
1
1
1
1
1
1
1
1
1
1
1
1
1
1
1
1
1
1
1
1
1
1
1
1
1
1
1
1
1
1.0001
0.998263
1
1
1
1
1
0.99871
1
1
1
1
1
1
1
1
1
1
0.999139
1.00001
1
1
0.998844
1
0.999994
1
1
1
0.994724
1
1
1
1
1
0.999763
1
1
1
1.00029
1
1
1
1
1
1
1
1
1
1
1.00026
1
1
1
1
1
1
1
1
1
1
1
1.00033
0.99994
1
1
1
1
1
0.999981
1
1
1
1
1
1
1
1
1
1
1
1
1
1
1
1
1
1.00004
1
1
1
1.00005
1
1
1
1
0.995702
1
1.00003
1
1
1
1
1.00001
1
1
1
1
1
1
0.999996
1
1
1
1
1
1
1
1
1.00068
1
1
1
1
1
1
0.997154
1
1
1
1
1
1
1
1
1
1
1
1
1
1
1
1
1
1
1
1
1
1
1
0.999999
1
1
1
1
1
1
1
1
1
1
1
1
1
1.00002
1
1
1
1
1
1
1
1
1
1
1
1
1
1
1
1
1
1.00196
1
1
1
1
1
1.00023
1
1
0.999999
1
1
1
1
1
1
1
1
1
1
1
1
1
1
1
1
1
1
1
1
1
1
1
1
1
1
1
1.00035
1
1
1
1
1
1
1
1
1
1
1
1
1.00001
1
1
1
1
1
1
1
1
1
1
1
1
1
1
1
1
1
0.999939
1
1
0.999782
1
1
1
1
1
1
1
1
1
1
1
1
1
1
1
1
1
1
1
1
1
1
0.998154
0.999996
1
1.00012
0.994639
1
1
1
1
1
1
1
1
1
1
1
1
1
1
1
1
1
1
1
1
1
1
1
1
1
1
1
1
1
1
1
1
1
1
0.999658
1
1
1
1
1
1
1
1
1.00072
1
1
1
1
1
1
1
1
1
1
1
1
1
1
1
1
1
1
1
1
1
1
1
1
1
1
1
1
1
1
1
1
1
1
1
1
0.999983
1.00001
1
1
1
1
1
1
0.995973
0.99994
1
1
1
1
1
1
1
1
1
1
1
1
1
0.999976
1
1
1
0.999555
1
1
1
1.00143
1
1.00001
0.997761
1
1
1
1.00046
1
1
1
1
1
1
1
1
1
1
1
1
1
1
1
1
1
1
1
1
1
1
1
1
1
1
1
0.99997
1
1
1
1
1
1
1
0.999993
1
1
1.0003
1
1
1.00019
1
1
1
1
1
1
1
1
1.00001
1
1.00001
1
1
1
1
1
1
1
1.00022
1
1
1
1
0.999999
1
1
1
1
1
1
1
1
1
1
1
1
1
1
1
1
1
1
1.00087
1
1
1
1
1
1
1
1
1
1
1
1
1
1.00037
1
1
1
1
0.999322
1
1
1
0.999351
1
1
1
1
1
1
1.00011
1
1
1
1
1
1
1
1
1
1
1
1
1
1
1
1
1
1
1
1
1
1
1
0.996266
1
1
1
1
1
1
1
0.999921
1
1
1.00006
1
1
1
1
1
1
1
1
1
1
1
1
1
1
1
1
1.0001
1
1
1
1
1
1
1
1
1
1
1
1
1
1
1
1
1
1
1
1
1
1
1
1
1
1
1
1
1
1
1
1
1
1.00012
1
1
1
1
1
1
1.00003
1
1
1
1
1.00001
1
1
1
1
1
1
1
1
1
1
1.00002
1
1
1
1
1
1
1
1
1
0.999984
1
1
1
1
1
1
1
1
1
1
1
1
1
1
1
1
0.999969
1
1
1
1
0.999872
1
1
1
1
1
1
1
1
1
1.00015
1
1
0.999988
1
1
1
0.999989
1
1
1
1
1
1
1
1
1
1
1
1.00003
1
1
1
1
1
1
1
1
1
1
1
1
1
1
1.00166
1
1
1
1
1
1
1
1
1
1
1
1
1
1
1
0.999996
1
1
1
1
1
1
1
1
1.00009
1
1
1
1
1
1
1
1
1
1.00087
1
1
1
1
1
1
1
1
1
1
1
1
1
1
1
1
1.00028
1
1
1
1
1
1
1
1
1
1
1
1
1
1
1
1
1
1
1
1
1
1
1
1
1
1
1
1
1
1
1
1
1
1
1
1
1
1
1
1
0.999998
1
1
1
0.999986
1
1
1
1
1
1
1
1
1.00009
1
1
1
1
1
1
1
1
1
1
1
1
1
1
1
1
1
1
1
1
1
1
1
1
1
1
1
1
1
1
1
1
1
1.00026
1
1
1
1
1
1
1
1
1
1
1
1
1
0.999986
1
1
1
1
1
1
1
1
1
1
1
1
1
1
1
1
1
1
1
1
1
1
1
1
1
1
1
1
1
1
1.00082
1
1
1
1
1
1
1
1
1
1
1
1
1
1
1
1
1
1
1
1
1
1
1
1
1
1
1
1
1
1
1
1.00001
1
1
1
1
1
1
1
1
1
1.00004
1
1
0.999999
1
1
1.0001
1
1
1
1
1
1
1
1
1
1
1
1
1
1
1
1
1
1
0.996308
1
1
1
1
1
1
0.999427
1
1
1
1
1
1
1
1
1
1
1
1
1
1
1
0.999992
1
1
1
1
1
1
1
1
1
1
1
1
1
1
1
1
1.00001
1
1
1
1
1
1
1
1
1
1
1
1
1
1
1
1
1
1
1
1
1
1
1
1
1
1
1
1
1
1
1
1
1
1
1
1
1
1
1
1
1
1
1
1
1
1
1
1
1
1
1
1
1
1
1
1
1
1
1
1
1
1
1
1
0.996191
1
1
1
1
1
0.999994
1
0.999633
1
1
1
1
1
1
1
1
1
1
1
1
1
1
1
1
1
1
1
1
1
1
1
1
1
1
1
1
1.00001
1
1
1
1
1
1
1
1
1
1
1
1
1.00004
1
1
1
1
1
1
1
1
1
1
1
1.00036
1.00001
1
1
1
1
1
1
1
1
1
1
1
1
1
1
1
1
1
1
1
1
1
1
1
1
1
1
1
1
1
1
1
1
1
1
0.999954
1
1
1
1
1
1
1
1
1
1
1
1
1
0.999996
1
1
1
1
1
1
1
1
1
1
1
1
1
1
1
1
1
0.998127
1.001
1
1
1
1
1
1
1
1
1
1
1
1
1
1
1
1
1.00003
1
1
1
1
1
1
1
1
1
1
1
1
0.999994
1
1
1.00017
1
1
0.999972
1
1
1
1
1
1
1
1
1
1.00001
1
1
1
1
1
1.00003
1
1
1
0.999988
1
1
1
1
1
1
1
1
1
1
1
1
1
0.999998
1
1
1
1
1
1
1
1
1
1
1
1.00001
1
1
1
1
1
1.00019
1
0.99909
1
1
1
1.00002
1
1
1
1
1
1
1
1
1
1
1
1
1
1
1
0.998901
1
1
1
1
1
1
0.999736
1
1
1
1
1
1.00002
1
1
1
0.999994
1
1
1
1
1
1
1
1
0.991963
0.999979
1
1
1
1
0.999962
1
1
1
1
1
1
1
1
1.0006
1
1
1
1
1
1
1
1
1
1
1
1
1
1.00039
1
1
0.999123
1
1
1
1
1
1
1
1
1
1
1
1
1
1
1
1
1
1
1
1
1
1
1
1
1.00001
1
1
1
1
1
1
1
1
1
1
1
1
1
1
1
1
1
1
1
1
1
1
1
1
1
1
1
1
1
1
1
1
1
0.999644
1
1
1
1
0.999969
1
1
1
1
0.999997
1
1
1
1
1
1
1
1
1
1
1
1
1
1
1
1
1
1
1
1
0.999934
1
1
1
1
1
1
1
1
1
1
1
1
1
1
1
1
1
1.00028
1
1
1
1
1
1
1
1
1
1
1
1
1
1
1
1
1
1
1
1
1
1
1
1
1
1
1
1
1
1
1.00004
1
1
1
1
1
1
1
1
1
1
1
1
1
1
1
1
1
1
1
1
1
1
1
1
1
1
1
1
1
1
1
1
1
1
1
1
1
1
1
1
1
1
1
1
1
1
1
1
1
1
1
1
1
1
1
1
1
1
1
1
1
1
1
0.999951
1
1
1
1
1
1
1
1
1
1
1
0.999988
1
1
1
1
1
1
1
1
1
1
1
1
1
1
1
1
1
1
1
1
1
1
1
1
1
1
1
1
1
1
1
1
1
1
1
1
1
1
1.0001
1
1.0003
1
1
1
1
1
1
1
1
0.999722
1
1
1
1
1
1.0003
1
1
1
1
1
1
1
1
1
1
1
1
1.00002
1
1
1
1
1
1
1
1
1
0.999999
1
1
1
1
1
1
1
1
1
1
1
1
1
1
1
1
1
1
1
1
1
1
1
1
1
1
1
1
1
1
1
1
1
1
1
1
1
0.998361
1
1
1
1
1
1
1
1
1
1
1
1
1
1
0.998169
1
1
1
1
1
1
1
1
1
1
1
1
1
1
1
1
1
1
1
1
1
1
1
1
1
1
0.999996
1
0.99983
1
1
1
0.999265
1
1
1
1
1
1
0.999995
1
1
1
1
1
1
1
1
1
1.00014
1
1
1
1
1
1
1
1
1
1
1
0.999996
1
1
1
1
1
1
1
1
0.999375
1
1
1
1
1
1
1.00022
1
1
1
1
1
1
1
1
1
1
1
1
1
1
1
1
1
1
1
1
1
1
1
1
1
1
1
1
1
1
1
1
1
0.999469
1
1
1
1
1
1
1
1
1
1
1
1
1
1
1
0.999542
1
1
0.999992
0.995375
1
1
1
1
1
1
1
1
1
1
1
1
1
1
1
1
1
0.999863
1
1
0.999897
1
1
1
1
1
1
1
1
1
1
0.998334
1
1
1.00013
1
1
1
1
1
1
1
1
0.999954
1
1
1
1
1
1
1
1
1
1
1
1
1
1.00002
1
1
1
1
1
1
1
1.00008
1
1
1
0.999103
1
1
1
1
1
1
1
1
1
1
1
1
1
1.00006
1
1
1
1
1
1
1
1
1
1
1
1
1
1
1
1
1
1
1
1
1
1
1
0.999999
1
1
1
1
1
1
1
1
1
1
0.996867
1
1
1
1
1
1
1
1
1
1
1
1
1
1
1
1
1
0.999999
1
1
1
1
1
1.00071
1
1
1
1
1
1
1
1
1
1
1
1
1
1
1
1
1
1
1
1
1
1
1
1
1
1
1
1
1
1
1
1
1
1
1
1
1
1
0.993133
1
1
1
1
1
1
1
1
1
1
1
1
1
1
1
1
1
1
1
1
1
1
1
1
1
1
1
1
1
1
1
1
1
1
1
1
1
1
1
1
1
1
1
1
1
1
1
1
1
1
1
1
1
1
1
1
0.999998
1
1
1
1
1
1
1
1
1.00012
1
1
1
1
1
1
1
1
1
1
1
1
1
0.999999
1
1
1
1
1
1
1
1
1
1
0.999997
1
1
1
1
1
1
1
1
1
1
1
1
1
1
1
0.999996
1
1
1
1
1
1
1
1
1
1
1
1
1
1
1
1
0.999998
1
1
1
1
1
1
0.999994
1.00005
1
0.999884
1
1
1
1
1
1
1
1
1
1
1
1
1
1
1
1
1
1
1
1
1
1
1
1
1
1
1
0.999999
1
1
1
1
1
1
1
1
1
1
1
1
1
1
1
1
1
1
1
1
1
1
1
1
1
1
1
1
1
1
1
1
1
1
1
1
1
1
1
1
1
1
1
1
1
0.999997
1
1
1
1
1
1
1
1
1
1
1
1
1
1
1
1
1
1
1
1
1
1
1
1
1
1
1
1
1
1
1
1
1
1
1
1
1
0.996445
1
1
1
1
1
1
1
1
1
1
1
1
1
1
1
0.99998
1
1
1
1
1
1
1
1
1
1
1
1
1
1
1
1
1.00001
1
1
1
1.00015
1
1
1
1
1
1
1
1
1
1
1
1
1
1
1
1
1
1
1
1
1
1
1
1
1
1
1
1
1
1
1
1
1
1
1
1
1
1
1
1
1
1
1
1
1
1
1
1
1
1
1
1
1
1
1
1
1
1
1.00006
1
1
1
1
1
1
1
1
1.00002
0.999991
1
1
1
1
1
1
1
1
1
0.995494
1
1
1
1
1
1
1
1
1
1
1
1
1
1
1
1
1
1
1
1
1
1
1
0.999998
0.999993
1
1
1
1
1
1
1
1
1
1
1
1
1
1
1
1
1
1
0.997716
1
1
1
1
1
1
1
1
1
1
1
1
1
1
1
1
1
1
0.993374
1
1
1
1
1
1
1
1
1
0.999993
1
1
1
1
1
1
1
1
1
1
1
1
1
1
0.99969
1
1
1
1
1
1
1
1
1
1
1
1
1
1
1
1
1
1
1
1
1
1
1
1
1
1
1
1
1
1
1
1
0.999889
1
1
0.999974
1
1
1
1
1
1
1
1
1
1
1
1
1
1
0.999967
1
1
1
1
1
1
1
1
1
1
1
1
1
1
1
1
1
1
1
1
1
1
0.999254
1
1
1
1
1
0.999993
1
1
0.999494
1
1
1
1
1
1
1
1
1
1
1
1
1
1
1
1
1
1
1.00001
1
1
1
0.999862
1
1
1
1
1
1
1
1
0.994902
1
1
1
1
1
1
0.998912
1
1
1
1
1
1
1
1
1
0.99999
1
1
1
1
1
1
1
1
1
1
1
1
1
1
1
1
1
1
1
1
1
1
1
1
1
1
1
1
1
1
1
1
1
1
1
1
1
1
1
1
1
1
1
1
1
1
1
1
1
1
1
0.999873
1
1
1
1
0.999996
1
1
1
1
1
1.00016
1
1
1
1
1
1
1
1
1
1
1
1
1
1
1
1
1
1
1
1
1
1
1
1
1
1
1
1
1
1
1
1
1
1
1
1
1
1
1
1
1
1
1
1
1
1
1
1
1
1
1
1
1
1
1
1
1
1
1
1
1
0.999993
1
1
1
1
0.999992
1
1
1
1
1
1
1
1.00053
1
1
1
1
1
1
1
1
1
1
1
1
1
1
1
1
1
1
1
1.00008
1
1.00106
0.993843
1
1
1
1
1
1
1
0.999997
1.00004
1
1
1
1
1
1
1
1
0.999968
1
1
1
0.999897
1
0.99999
1
0.999937
1
1
1
1
1
1
1
1
1
1
1
0.999314
1
1
1
1
1
1
1
1
1
1
0.999988
1
1
1
1
0.999991
1
1
1
1
1
1
1
1
1
1
1
1
1
1
1
1
1
1
0.999981
1
1
1
1
1
1
1
1
1
0.999973
1
1
1
1
0.999944
0.999981
1
1
1
1
1
1.00001
0.999637
1
1
1
1
1.0006
0.999981
1
1
0.999981
1
1
0.99998
1
1
1
1.00002
1.00079
1.00001
1.00097
1
1
1
1
1
1
1.00028
1
1
1
0.999902
1
1
1
1
1
0.999971
1
1
1
1
1
1
1.00074
0.999863
0.999869
1
1
1
1
1
1
1
1.00074
1
1
0.999819
1
1
1
1
1
1
1
0.99039
1
1
1
1.00073
1.00012
1
1
1
1
1
1
1
0.99951
1
1
1
1
1
1
1
1
1
1
1
1
0.999845
1
1.00029
1
1
1
1
1
1
1.00144
1
1
1
1
0.999103
1
1
1.00001
1
1
1
1
1
1
1
1
1
1
1
1
1
1
1
1
1
1
1
1
1
1
1
1
1
1
1
1
1
1
1
1
1
1
1
1
1
1
1
1
1
1
1
1
0.999944
1
0.999165
1
1
1
1
1
1
1
1
1
1
1
1
1
1
1
1
1
1
1.00047
1
1
1
1.00078
1
1
1
1
1
1
1
1
1
1
1
1
1
1
1
1
1
1
1
1
1
1
1
1
1
1
1
1
1
1
1
1
1
1
1
1
1
1
1
1
1
1
0.99986
1
1
1
1
1.00024
1
1
1
1
1
1
1
0.999371
1
0.999309
1
1
1
1
1
1
1
0.999357
1
1
1
1
1
1
1
1
1
1
1
1
1
1
1
1
1
1
1
1
1.00009
1
1
1
1
1
1
1
1
1.00055
1
1
1
1
1
1
1
1
1
1
1
1
1
1
1
1
1
1
1
1
1.00001
1
1
1
1
1
1
1
0.997113
1
1
0.999134
0.996558
1
1
1
0.999727
1
1
1
1
1
1
1
1
1
1
1
1
1
0.999198
0.999996
1
1
0.999323
1
1
1
1
1
1
1
1
1
1
1
1
1
1
0.999981
0.997226
1
1
1
0.999711
1
1
1
1
1
1
1
1
1
1
1
1
1
1
1
1
1
1.0001
1
1
1
1
1
1
1
0.998657
0.999473
1
1
1
1.00018
1
1
1.00005
1
1
1
1
1
1
1
1
1
1
1
1
1
1
1
1
1
1
1.00045
1
1
1
0.999994
1
1
1
1
1
1
1
1
1
0.999995
1
1
1
1
1
1
1
1
1.00009
1
1
1
1
1
1
0.999997
1
1
1
1
1
1
1
1
1
1
1
1
1
1
1
1
0.999441
1
1
1
1
1
1
1
1
0.999845
1
1
1
1
1
1
1
1
1
1
0.999458
1
1
1
1
1
1
1
1
1
1
1
1
0.999764
0.999995
1
1
1
1
1
1
1
1
1
1
1
1
1
1.00009
1
1
1
1
1
1
1
1
1
1
1
1
1
1
1
1
1
1
1
1
1.00006
1.00096
1
1
1
1
1.00004
1
1
0.999933
1
1
1
1
1
0.999998
1
1
1
0.999994
1
1
1
1
1
1
1
1
1
1
1
1
1
1
1
1
1
1
1
1
1
1
1
1
1
1
1
1
1
1
1
1
1
1
1
1
1
1
1
1
1
1
1
1
1
1
1
1
1
1
0.999909
1
0.999953
1
1
0.999985
1
1
1
1
1
1
1
1
1
1
1
1
1
1
1
1
1
1
1
1
1
1
1
1
0.999999
1
1
1
1
1
1
1
1
1
1
1
1
1
0.99999
1
0.999881
1
0.999983
1
1
1
1
1
1
1
1
1
1
1
1
1
1
1
1
1
1
1
1
1
1
1
1
1
1
1
0.998758
1
1
1
1
1
1
1
1
1
1
1
1
1
1
1
1
1
1
1
1
1
1
1
1
1
1
1
1
1
1
1
0.997876
1
1
0.999495
0.999992
1
1
1
1
1
1
0.999998
1
1
1
1
1
1
1
1
1
1
0.999986
1
1
1
1
1
1
1
1
1
1
1
1
1
1
1
1
1
1
1
1
1
1
1
1
1
1
1
1
1
1
1
1
1
1
1
1
1
1
1
1
1
1
1
1
1
1
1
1
1
1
1
1
1
1
1
1
1
1
1
1
1
1
1
1
1
1
1
1
1
1
1
1
1
1
1
1
1
1
1
1
1
1
1
1
1
1
1
1
1
1
1
1
1
1
1
1
1
1
1
1
1
1
0.999984
1
1
1
1
1
1
1
1
1
1
1
1
1
1
1
1
1
1
1
1
1
1
1
1
1
1
1
1
1
1
1.00002
1
1.00006
1
0.999849
1
1
1
1
1
1
1
1
1
1
1
1
1
1
1
1
1
1
1
1
1
1
1
1
1
1
1
1
1
1
1
1
1
1
1
1
1
1
1.00071
1
1
1
1
1
1
1
1
1
1
1
1
1
1
1
1
1
1
1
0.999999
1
1
1
1
1
1
1
1
1
1
1
1
1
1
1
1
1
1
1
1
1
1
1
1
1
1
1
1
1
1
1
1
1
1
1
1
1
1
1
1
1
1
1
1
1
1
1
1
1
1
1
1
1
1
1
1
1
1
1
1
1
1
1
1
1
1
1
1
1
1
1
1
1
1
1
1
1
1
1
1
1
1
1
1
1
1
1
1
1
1
1
1
1
1
1
1
1
1
1
1
1
1
1
1
1
1
1
1
1
1
1
1
1
1
1
1
1
1
1
1
1
1
1
1
1
1
1
1
1
1
1
1
1
1
1
1
1
1
1
1
1
1
1
1
1
1
1
1
1
1
1
1.00002
1
1
1
1
1
1
1
1
1
1
1
1
1
1
1
1
1
1
1
1
1
1
1
1
1
1
1
1
1
1
1
1
1
1
1
1
1
1
1
1
1
1
1
1
1
1
1
1
1
1
1
1
1
0.995133
1
1
1
1
1
1
1
1
1
1
1
1
1
1
1
1
1
1
1
1
1
1
1
0.999513
1
1
1
1
1
1
1
1
1
1
1
1
1
1
1
1
1
1
1
1
1
1
1
1
1
1
1
0.999776
1
1
1.00004
1
1
0.999997
1
1
1
1
1
1
1
0.999999
1
1
1
1
1
1
1
1
1
1
1
1
1
1
1
1
1
1
1.00001
1
1
1.00014
1
1
1
1.00039
1
1
1
1
1
1
1
1
1
1
1
1
1
1
1
1
1
1.00095
1
1
1
1
1
1
1
1
1
1
1
1
1
1
1
1
1
1
1
1
1
1
1
1
1
1
1
1
1
1
1
1
1
1
1.0002
1
1
1
1
1
1
1
1
1
1
1
1
1
1
0.999967
1
1
1
1
1
1
1
1
1
1
1
1
1
1
1
1
1
1
1
1
1
1
1
1
1
1
1
1
1
1
1
1
1
1
1
1
1
1
1
1
1
1
1
1
1
1
1
1
1
1
1
1
1
1
1
1
1
1
0.99992
1
1
1
1
1
1
1
1
1.00091
1
1
1
1
1
1
1
1
1
1
1.00004
1
1
1
1
1
1
1
1
1
1
1
1
1
1
1
1
1
1
1
1
1
1
1
1
1
0.998983
1
1
1
1
1
1
1
1
1
1
1
1
1
1
1
1
1
1
1
1
1
1
1
1
1
1
1
1
1
1
1
1
1
1
1
1
1
1
1
0.989418
1
1
1
1
1
1
1
1
1
0.999548
1
1
1
1
1
1
1
1
1
1
1
0.990965
1
1
1
1
1
1
1
1
1
1
1
1
1
1
1
1
1
1
1
1
1
0.999989
1
1
1
1
1
1
1
1
1
1
1
1
1
1
1
1
1
1
1
1
1
1
1
1
1
1
1
1
1
1
1
1
1
1
1
1
1
1
1
1
1
1
1
0.999792
1
1
1
1
1
1
1
1
1
1
1
1
1
1
1
1
1
1
1
1
1
0.997273
1
1
1
1
1
1
1
1
1
1
1
1
1
1
1
1
1
1
1
1
1
1
1
1
1
1
1
1
1
1
1
1
1
1
1
1
1
1
1
1.00094
1
1
1
1
0.999989
1
1
1
1
1
1
1
1
1
1
1
1
1
1
1
1
1
1
1.00047
1
1
1
1
1
1
1
1
1
1
1
1
1
1
0.999997
1
1
1
1
1
1
1
1
1
1
1
0.999987
1
1
1
1
1
1
1
1
1
1
1
1
1.00001
1
1
1
1
1
1
1
1
1
1.00001
1
1
0.999983
1
1
1
1
1
1
1
1
1
1
1
1
0.998222
1
1
1
1
1
1
1
0.999984
1
1
1
1
1
1
1
1
1
1
1
0.997927
1
1
0.999991
1
1
1
1
1
1
1
1
1
1
1
1
1.00034
1
1
1
1
0.999983
1
1
1
0.999989
1
1
1
1
1
1
1
1
1
1
1
1
1
1
1
1
1
0.999919
1
1
1
1
1
1
1
1
1
1
1
1
1
1
1
1
1
1
1
1
1
1
1
1
1
1
1
1
1
0.999872
1
1
1
0.998346
1
1
1
1
1
1
1
1
1
1
1
1
1
0.999813
1
1
1
1
1
1
1
1
1
1
1
1
0.999874
1
1
1
1
1
1
1
1
1
1
1
1
1
1
1
1
1
1
1
1
1
1
1
1
1
1
1
1
1
1
1
1
1
1
1
1.00001
1
0.999873
1
1
1
1
1
1
1
1
1
1
1
1.00081
1
1
1
1
1
1
1
1
1
1
1
1
1
1
1
1
1
1
1
1
0.999999
1
0.999633
0.999477
1
1
1
1
1
1
1
1
1
1
1
1
1
1
1
1
1
1
1
1
1
1
1
1
1
1
1
1
0.999595
1
1
1
1
1
1
1
1
1
1
1.00059
1
1
1
1
1
1
1
1
1
0.999869
1
1
1
1
1
1.00053
1
1
1
1
1
1
0.999987
1
1
1
1.00003
1
1.00052
1
1
1
1
1
1
1
1
1
1
1
1
1
1
1
1
1
1
1
1
1
1
1
1
1
1
0.999999
1.00012
1
1
1
1
1
1
1
0.999998
1
1
1
1
1
1
1
1
1
1
1
1
1
1
1
1.00072
1
1
1
1
1
1
1
1
1
1
1
1
1
1.00003
1
1
1
1
1
1.00033
1
1
1
1
1
1
1
1
1
1
1
1
1
1
1
1
1
1
1
1
1
1
1
1
1
1
0.99576
1
1
1
1
1
1
1
1
1
1
1
1
1
1
1
1
1
0.999999
1
1
1
1
1
1
1
1
1
1
0.99968
1
1
1
1
1
0.999757
1
0.998941
1
1.00004
1
1
1
1
1
1
1
1
1
1
1
1
1
0.997328
1
1
1
0.999988
1
1
0.999996
1
1
1
1
1
1
1
1
0.999989
1
1
1
1
1
1
1
0.999998
1
1
1.00001
0.999999
1
1
1
1.00001
1
1.00004
1
1
1
1
1
1
1
1
1
1
1
1
1
1
1
1
1
1
1
1
1
0.999691
1
1
1
1
0.984222
1
1
1
1
1
1
1
1
1
1
1
1
1
1
1
1
1
0.999597
1
1
1
1
0.999998
1
1
1
0.999987
1
1
1
1
1
1
1
1
1
1
1
1
1
1
1
1
1
1
1
1
1
1
1
1.00043
1
1
1
1
1
1
1
0.999594
1
1
1
1
1
1
1
1
1
1
1
1
1
1
1
1
1
1
1
1
1
1
1
1
1
1
1
1
1
1
1
0.99939
1
1
1
1
1
1
1
1
1
1
1
1
1.00001
1
1
1
1
1
0.999097
1
1
1
0.99787
1
1
1
1
1
0.998087
1
1.00006
1
1
1
1
1
1
1
1
1
1
1
1
1
1
1
1
1
1
1
1
1
1
1
1
0.99861
1
1
1
1
1
1
1
1
1
1
1
1
1
1
1
1
1
1
1
1
0.996514
1
1
1
1
1.00001
1
1
1
1
1
1
1
1
1
1
1
1
1
1
1
1
1
1
0.999902
1
1
1
1
1
1
1
1
1
1
1.00006
1
1
1
1
1
1
1
0.99986
1.00057
1
1
1
1
1
1
1
1
1
1
0.996874
1
1
1
1
1
0.999458
1
0.996762
1
1
0.999204
1
1
1
1
1
0.998892
1
1
1
1
1
1
0.999927
1
1
1
1
1
1
1
1
1
1
0.996765
1.00001
1
1
1
1
1
1
0.99996
1
1.00002
1
1
1
1
1
1
1
1
1
1
1
1
1
1
1
1
1
1
1
1
1
1
1
1
1
1
1
1
1
1
1
1
1
1
0.999994
1
1
1
1
1
1
1
1.00006
1
1
1
1
1
1
0.999999
1
1
1
1
1
1
1
1
1
1
1
1
1
1
0.999882
1
1
1
1
1
1
1
1
1
1
1
1
1
1
1
1
1
1
1
1
1
1
1
1
0.999998
1
1
1
1
1
1
0.999995
1
1
1
1
1
0.999819
1
1
0.999972
1
1
1
1
1
1
1
1
1
1
1
1
1
1
1
1
1
1
1
1
1
1
1
1
1
1
1
1
1
1
1
1
1
1
1
1
1
1
1
1
1
1
1
1
1
1
1
1
1
1
1
1
1
1
1
1
1
1
1
1
1
1
1
1
1
1
0.999506
1
1
1
1
1
1
1
1
1
1
1
1
1
1
1
1
1
1
1
1
1
1
1
1
1
1
1
1
1
1
1
1
1
1
1
1
1
1
1
1
1
1
1
1
1
1
1
1
1
1
1
1
1
0.999831
1
1
1
1
1
1
1
1
1
1
1
1
1
1
1
1
1
1
1
1
1
1
1
0.99992
1
1
1
1
1
1
0.998054
1
1
1
0.999998
1
1
1
1
1
1
1
1
1
1
1
1
0.999996
1.00069
0.998496
1
0.999989
1
1
1
0.999991
1
0.999911
1
1
1
1
1
0.999979
1
1
1
1
1
1
1
0.999999
1.00002
1
1
1
1
1
1
1
1
1
1
1
1
1
1
1
1
1
1
1
1
1
1
1
1
1
1
1
1
1
1
1
1
1
1
1
1
1
1
1
1
1
1
1
1
1
1
1
1
1.00006
1
1
1.00001
1
1
1
1
1
1
1
1
1
1
1
1
1
1
1
1
1
0.998853
1
1
1.00001
1
1
1
1.00005
1
1
1
1
1
1
1
1
1
1
1
1.00001
1
1
1
1
1
1
1
1
1
1
1
1
1
1
1
1
1
1
1
1
1
1
1
1
1
1
1
1
1
1.00001
1
1
1
1
1
1
1
1
0.999939
1
1
1
1
1
1
1
1
1
1
1
1
1
1
1
1
1
1
1
1
1
1
0.999931
1.00001
1
0.999904
1
1
1
1
1
1
1
1
1
0.999995
0.994137
0.999926
1
1
1
1
1
1
1
1
1.00001
1
1.00034
1
0.998132
1
1
1
1
1
1
1
1
1
1
1
1
1
1
1
1
1
1
1
1
1
1
1
1
1
1
1
1
1
1
0.999995
1
0.999947
1
1
1
1
1
0.999947
1
1
1
1
1
1
0.999371
0.999999
1
1
1
1
1
1
1
1
0.998743
1
1
1
1
1.00001
1
1
1.00003
1
1
1
1
1
1
1
1
1
1
1
1
1
1
0.998987
1
0.997962
1
1
1
0.999152
1
1.00002
1
1
1
1
1
1
1
1
1.00011
1
1
0.999084
1
0.998248
1.0005
1
1.00049
1
1
1
1
1
1
0.999998
0.996549
1
1
1
1
1
1
1
1
1
1
1
1
1
1
1
1
1
1
1
1
1
1
1
1
1
1
0.999992
1
1
1
1
1
1
1
0.99946
1
1.00001
1.00002
1
1
1
1
1
1
1
1
1
1
1
1
1
0.999999
0.999393
0.999588
1
1
1
0.999831
1
1
1
1
1
1
1
1
1
1
1
1
1
1
1
1
1
1
1
1.00001
1
1.00007
1
1
1
1
1
1.00003
1
1
1
1
1
1
1
1
1
1
1
1
1
1
1
1
1
1
1
1
1
1
1
1
1
1
1
1
1
1
1
1
1
1
1
1
1
1
1
1
1
1
1
1
0.999991
1
1
1
1
1
1
1
1
1
1
1
1
1
1
1
1.00002
1.00001
1
1.00003
1
1
1
1
1
1
1
1
1
1
1
1
1
1
0.999984
1
0.999993
1
1
1
1
0.999993
1
1
1
1
1
1
1.00087
1
1
0.999997
1
1
1
1
1
1
1
1
0.999977
1
1
0.999999
1
0.999994
1
1
1
1
0.998797
1
1
1
1
1
1
0.999978
1.00001
0.999955
1
1
1
1
1
1
1
1
1
1
0.99982
1
1
1
1
1
1
1
1
1
1
1
1
1
1
1
0.998576
1
1
1
1
1
1
1
1
1
0.999996
1.00002
1
1
1
1
1
1
1
0.999978
1
0.999893
1
1
1
1
1
1
1.00001
1
1
1
1
1
1
1
1.00005
1
1
1
1.00002
1
1
1
1
1
1
1
1
1
1
1
1
1
1
1
1
1
1
1
0.99981
1
1
1
1
0.999991
1
1.00005
0.993743
1
1
1
1
1
1
1
1
1
1
1
0.999284
1
1
0.999996
1
1
1.00007
1
1.00051
1
1.00001
1
1
1
1
1
1
1
1
1
1
1
1
0.99987
1
1
1
1
0.997481
1
1
1
1
1
1
1
1
1
1
1
1
1
1
0.999999
1
0.996875
1
1
1
1
1
1
1
1
1
1
1
1
1
1
1
1
1
1
1
1
1
1
1
1
1.00008
0.999924
1
0.999979
1.00001
1
1.00009
0.999991
1
1
1
1
1
1
1
1
0.998236
1
1
1
1
1
1
1
1
1
1
1
1
1
1
1
1
1
1
1
1
1
1
1
1
1
1
1
1
0.997086
1
1
1
1
1
1
1
1
1
1
1
1
1
1
1
1
0.999999
1.00002
1
1
1
0.999997
1
1
1
1
1
0.997817
1
1
1
1
0.999999
1
1
1
1
1
1
1
0.996733
1
1
1.0002
1
1
1
1
1
1
1
1
1
1
1
1
1
1
1
1
1
1
1
1.00031
1
1
1
1
1
1
1
1.00001
1
1
1
1
1
1
0.999785
0.9995
0.999998
1
1
1
1
1
1.00043
1
1
1
1
1
1
1
0.998568
1
1
1
1
0.999799
0.986137
1
0.998586
1.00055
1
1
1
1
1.00003
1
1
1
1.00037
1
1
1
0.999992
1
1
1
1
1
1
1
1
1
1
1
0.999836
1
1
1
1
1
1
1
1
1
1
1
1
1
1
0.9993
0.999984
1.00001
1
1
1
1
1
1
1
1
1
1
1
1
1
1
1
1
1
1
1
1
1
1
1
1
1
0.999992
0.995199
1
1
1
0.995742
1
1
1
1
1
1
0.998814
1
1
1
1
1
1
1
0.999892
1
0.999999
0.999869
1
1
0.999996
1
1
1
0.999824
1
1
1
0.999998
1
1
1
1.00061
0.999999
1
1
1
1
1
1
1
1
1
1
1
1.00001
0.999834
1
1
1
1.00005
1
1
1
1
1
1
1
1
1
1
1
1
1
1
1
1
1
1
1
1
1
1
0.999818
1
1
1
1
0.999982
1
1
1
1
1
1
1
0.998661
1
1
1
1
1
0.999999
1
1
1
1
1
1
1
1
1
1
1
0.999992
0.999997
1
1
1
1
1
1
1
1.00002
1
1
1
0.997532
1
1.00001
0.999928
1
1
1.00024
0.999108
1
1
1
1.00001
1
1
1
1
1
0.999525
1
1
1
1
1
1
1
1
1
1
1
0.994645
1
1
1
1
1
0.999998
1
1
1
1
1
1
1
0.999999
1
1
1.00067
1
1
1
1
1
1
1
1
1
1
1
1
1
1
1
1
1
1
1
1
0.999993
1.00006
1
1
1
1
1.00005
1
1
0.999964
1
1
1
1
1
1
1
1
1
1
1.00012
1
1
1
0.999827
1
1
1
1
1.00001
1
1
1
1.00001
1
1
1
1
1
1
1
1.00116
1
1
1
1
1
1
1.00001
1
1
1
1
1
1
1
1
1
1
1
1
0.999888
1
1
1
1
1.00001
1
1
1
1
1
1
1
1
1
1
1.00002
1
1
1
1
1
1
1
1
0.999911
1
1
1
1
1
1
1
1
1
1
1
1
1
1
1
1
1
1
1
1.00025
1
1
1
0.999999
1
1
1
1
1
1
1
1
1
1
1
1
1
1
1
1
1
1
1
1
1
1
1
0.998685
1
1
1
1
1
1
1
1
1.00001
1
1
1
1
1
1
1
1
1
1
1
1
1
1.00002
1
1.00001
1
1
1
1
1
1
1
1
1
1
1
1
1
1
1.00003
1
1
1
1
0.999873
1
1
1
1
1
1
1
1
1
1
1
1
1
0.999808
1
1
1
1
1
1
1
1
1
1
1
1
1
1
1
1
1
1
1
1
1
0.999978
1
1
1
0.988795
1
1
1
1
1
1
1
1
1
1
1
1
1
1
1
1
1
1
1
1
1
1
1
1
1
0.999999
1
1
0.993063
1
1
1
1
1
1
1
1
0.999946
1
1
1
1
1
1
1
1
1
1
1
0.999996
1
1
1
1
1
1
1
1
1
1
1
1
1
1
1
1
1.00001
1
1
1
1
1
1
1
1
1
1
1
1
1
1
0.994852
1
1
1
1
1
1
1
1
1
0.999994
1
1
1
1
1
1
0.99814
1
0.99902
1.00001
1
1
1
1.00002
1
1
1
1
0.99871
0.999945
1
1.00004
0.999999
1
1
1
1
1
1.00001
1
1
1
1
1
1
1
1
1
1.00001
1
1
1
1
1
1
1
1
1
1
1
1
1
1
1
1
1
1
1.00003
1
1
1
1.00009
1
1
1
1
1
1
0.99996
1
1
0.996128
1
1
1
1
1
1
1.00067
1.00001
1
1
1
1
1
1
1
1
1
1
1
1
1
1
1
1
1.00002
1
0.999983
1
1
1
1
1
1
1
1
1
1
1
1
1
1
1
1
1
0.999945
1
1
1
1
1
1
1
0.999901
1
1.00001
1
1
1
1
1.00002
1
1
1
1
1
1
1
1
1
1
0.999885
1
1
1
1
1
1
1
1
1.00039
1
1
0.998679
0.999967
1
1
1
1
1
1
1
1
1
1
1
1
1
1
1
1
1
1
1
1.00001
0.999621
1.00028
1.00001
1
1
1
1
1
0.999659
1
1
1
1
1
1
1
1
1
1.00007
1
1.00004
1
1
1
1
0.999998
1
1
1
1
1.00003
1
1
1
0.97991
1
1
1
1
1
1
1
1
1
1
1
1
1
1
1
1
1
1.00008
1
1
1
1
1
1
1
1
1
1
1
1
1.00002
1
1
1
1
1
1
1
1
1
1
1
1
1
1
1
1
1
1
1
1
1
1
1
1
1
1
1
1
1.00016
1
1
1
1
1
1
1
1
0.995761
1
1
1
1
1
1
1
1
1
1
0.999999
1
0.997768
1
1
0.999685
1
1
1
1
1
1
1
1
1
1.00002
1
1
1
1
1
1
1
1
1
0.999172
1
0.999992
1
1
0.999998
1
1
1.0002
1
1
1
1
1
0.999648
1
1
1
1
1
1
1
1
1
1
0.999998
1
1
1
1
1
1
0.999998
1
1.00003
1
1
0.999988
1
1
1
1
1
1
1
1
1
1
1
1
1
1.00064
1
1
1
1
1
0.999698
1
1
1
1
1
1
1
1
1
1
1
1
1
1
1
1
1
1
1
1
1.00002
1
1
1
1.00001
1
1
1
1
1
1
1
1
1
1
1
1
1
1
1.00002
0.999985
1
1.00001
1
1
1
1
1.00002
1
1
1
1
1
1
1
1
1
1
1
1
1
1
1
0.999985
1
1
1
1
1
1
1
1
1.00001
1
1.00001
1
1
1
1
1
1
1
1
1
1
1
1
1
1
1
1
1
1
0.999996
1
1
0.996118
1
1
1
1
1
1
1
1
1
1
1
1
1.00001
1
1
1
1
1
1
1
1.00004
1
1
1
1
1
1
1
1
1
1
1
1.00002
1
0.999954
0.999997
1
1
1
1
1
1
1
1
1
1
1
1
1
1
1
1
1
1
1
1
1
0.996851
1
1
1
1
1
1
1
1
1
1
1
1
1
1
1
1
1
0.999322
1
1
1.00001
1.00001
1
1
1
1
1
1
1
1
1
1
1
1
1
1
1
1
1
1
1
1
1
1
1
1
1
1
1
1
0.999997
1
1
1
1
1.00003
1
1
1
1
1
1
1.00089
1
1.00001
1
1
1
1
1
1
1.00006
1
1
1.00003
1
1
1
1
1
1
1
1
1
1
1
1
1
1
1
1
1
1
1
1
1
1
1
1
1
1
1
1
1
1
1
0.999945
1
0.999992
1
1
1
1
1
1.00001
1
1
1.00008
1
1
1
1
1
1
1
1
1
1
1
1
1
1
1
1
1
1
1.00004
1.00017
1
1
1
1
1
1
0.999943
1
1
1
0.999995
1
1
1
1
1
1
1
1
1.00002
1
0.999829
1
1
1
1
1
1
0.999998
1
1
1
1
1
1
1
1
1
1
1
1
1
1
0.999783
1
1
0.999559
1
1
1
1
1
1
1
1
1
1
1
1
1
1
1
1
1
1
1
1
1
1
1
1
1
1.00027
1
1
1
1
1
1
1
1
1
1
1
1
1
1
1
1
0.993075
1
1
1
1
1
1
1
1
1
1
1
1
1
1
1.00008
1.00001
1
1
1
1
1
1
1
0.999986
1
0.999995
1
1
1
1
1
1
1
1
1
1
1
1
1
1
1
1
1
0.999803
0.99973
1
1
0.999967
1
1
1.00006
0.999923
1
1
1
1
1
1
1.00034
1
1
1
1
1
1
1
1
1
1
1.00003
1
1
1
1.00002
1
1
1
0.999999
1
1
1
0.999663
1
1
1
1
0.999698
1
1
1
1.00001
1
1
1
1
0.999053
1
1
1
1
1
1
0.999984
1
1
1
1
1
1
1.00011
1
1.00004
1
1
1
1
1
1
1
1
1
1
1
1
1
1
1
0.999988
1
1
1
1
1
1
1
1
1
1
1
1
1
1
1
0.999971
1
1
1
1
1
0.999999
1
1
1
1
1
1
1
1
1
1
1.00001
1
1.00002
1.00003
1
1
1
1
1
1
0.999992
1
1
1
1
1
1
1
1
1
1
1
1.00001
1
1
1
0.99999
0.997677
1
0.998253
1
1
1
1
0.999908
1
0.999898
1
1
1
1
1
1
1
1
1
1
1
1
1
1
1
1
1
1
1
1
1
1
0.999764
1
1
1
0.999981
1
0.999997
1
1
1
1
1
1
1
1
1
0.995035
0.999727
1
1
1
1
0.999999
1
1
1
1
1
1
1
1
1.00002
1
1
1
0.998834
1
1
1
1
1
1
1
1
0.999979
1
1
1
1
1
1
1
1
1
1
1
1
1.00001
0.999807
1
1
1
1
1
1
1
1.00073
1
0.994823
1
1
0.999919
1
1
1
1
1
1
1
1
1
1
1
1
1
1
1.00001
1
1
1
1
1
1
1
0.999786
1
1
1
1
1
1
0.999982
1
1
1
1
1
1
1
1
1
1
1
1
1
0.999991
1
1
1
1
1
1
1
1
1
1
1
1
1
1
1
1
1
1
1
1
1
1
1
1
1
1
1
1
1
1
1
1
1
1
1
1
1
1.00001
1.00004
1
1
1
0.999975
1
1
1
1
1
1
1
1
1
1
0.9949
1
1
1
1
1
0.997721
1
1
1
1
1
1
1
1
1
1
1
1
1
1
0.999775
1
1
0.999119
1
1
1
1
1
1
1
1
1
1
1
1
1
1
1
0.999766
1
1
1
1
1
1
1
1
0.999999
1
0.99955
1
1
1
1.00001
1
1
1
1
1
1
0.999873
1
1.00003
1
1
1
1
1
1.00001
1
1
1
1
1
1
1
1
1
1
1
1
1
1
1
1
1
1
1
1
1
1
1
1
1.00006
1
1
1
0.99981
1
1
1
1
1
1
1
1
1
1
1.00003
1
1
1.00007
1
1
1
1
1
1
1
1
1
1
1
1
1
1
1
1
1
1
0.99861
1
1
1
1
1
1
1
1
1
1
1
1
1
1
1
1
1
1
1.00085
1
1
1
1
1
1
1
0.99374
1
1
1
1
1
0.998341
0.999909
1
1
1
1
1
1
1
1
1
1
1
1
1
1
0.999991
1
1
1
1
1
0.99545
1
1
1
1
1
1
1
1
1
1
1
1
1
1
1
1
1
1
1
1.00002
1.00001
1
1
1
1
1
1
1
1
1
1
1
0.992346
0.999882
1
1
1
1
1
1
1
1
1
1
1
1
1
1
0.999989
1
1
1
1
1
1
1
1
1
1
1
1
1
1
1
1
1
1
1
1
1
1
0.999983
1
1
1
1
1
1
1
1
1
1
1.0007
1
1
1
0.999954
1
1
1
1
1
1
1
1
1
1
1
1
1
1
1
1
1
1
1
1
1
1
1
1
1
0.999907
1
1
1
1
1
1
1
1
1
1
1
0.999122
1
1
1
1
1
1
1
1
1
1
1
1
1
1
1
1
1
1
1
1
1
1
1
1
1.00113
0.998394
1
1
1
1
1
1
1
0.99992
1
1
1
1
1
1
1
1
1
1
1
1
1
1
1
1
1
1
1
1
1
1
1
1
1
1
1
1
1
0.999704
1
1
1
1
1
1
1
1
1
1
1
1
1
1
1
1
1
1
0.999986
1
1
0.999987
1
1.00016
1
1
1
1
1
1
1
1
1
1
0.998489
0.999994
1
1
1
1
1
1
1
1
1
1
1
1
1
1
1
1
1
1
1
0.99996
1
1
1
1
1
1
1
1
1
1
1
1
1
1
1
1
1
1
1
1
1
1
1
1
1
1.00034
1
1
1.00002
1
1
1
1
1
1
1
1
1
1
1
1
1
1
1
0.99983
1
1
0.999997
1
1
1
1
1
1
1
1
1
1
1
1
1
1
1
1
1
1
1.00014
0.999879
1
1
1
1
1
1.00005
1
1
1
1
1
1
1
1
1
1
1
1
1
1
1
1
0.999731
1
1
1
1
1
0.999999
1
1
1
1
1
1
1
1
1
1
1
1
1.00005
1
1
1
1
1
0.986007
1
1
1
0.99214
1
1.00008
1
1
1
1
1
1
1
1
1
1
1
0.991435
1
1
1
1
1
1
1
1
1
1
1
1
1
1
1
1
1
1
1
1
1
1
0.999954
1
0.998513
1
1
1
1
1.00004
1
1
1
0.999999
1
1
1.00001
1
1
0.998356
1
1
1
1
1.00001
1
1
1
1
0.999977
1
1
1
1.00001
1
1
1
1
1
1
1
1
1.00002
1
1
1
1
1
1
0.999999
1
1
1
1
1
0.999754
1
1
1
1
1
1
1
1
1
1
1
1
1
1
1
1
1
1
1
1
1
1
1
1
1
0.998149
1
1
1
1
1
1
1
1
1
1
1
1
1
1
1
1
1
1
1
0.995719
1
1
0.999437
1
1
1
1
1
1
1
1
1
1
1
1
1
1
1
1
1
1
1
1
1
0.999966
1
1
1
1
1
1
1
1
1
1
1
1
1
1
1
1
1
1
0.999999
1
1
0.999921
1
1
1
1
1
1
1
1
1
1
1
1
1
1
1
1
1
1
1.00001
1
1.00002
1
1
1
1
0.999982
1
1
1
0.999984
1
1
1
1
1
1
1
1
1
1
1
1
1
1
1
1
1
1
1
1
1
1
1
1
1
1
1
1
1
1
1
1
1
1
1
1
0.999998
1
1
1
1
1
0.99695
1
0.999959
1
1
1
0.995297
1
1
1
1
1
0.999998
1
1
1
1
1
1
1
1
0.999996
1
1
1
1
1
1
1
1
1
1
1
1
1
1
0.999997
1
1
1
1
1
1
1
1
1
1
1
1
1
1
1
1
1
1.00011
1
1
1
1
1
1
1
1
1
1
1
1
1
1
1
1
1
1
1
1
1
1
1
1
1
1
1.00009
1
1
1
1
1
1
1
1
1
1
1
1
1
1
0.999996
1
0.99816
1
1
1
1
1
0.997035
1
1
1
1
1
1
1
1
1.00012
1
0.999996
1
1
1
1
1
1
1
1.00001
1
1
1
1
1
1
1
1
1
1
1
1
1
0.999656
1
0.999995
1
1.00001
1
1
1
1
1
1
1
1.00001
1
1
1
1
1
1
0.989598
1
1
1
1
1
1
1
1
0.999985
0.999764
1
1.00105
1
1
1
0.997266
1
1
1
1
1
1
1.00001
1
1
1
1
1
1
1
1
1
1
1
1
1
1
1
1
1
1
1
1
1
1
1
0.999989
1
1
1
0.99998
0.999998
1
1
1
1
1
1
1
1
1
0.999993
1
1
1.00001
1
1
1
0.999986
1
1
1
1
1
0.997807
1
1
1
1
1
0.997615
1
1
1
1
0.999999
1
1
1
1
1
1
1
1.00026
0.998712
1
1
1
1
1
0.999999
1
1
1
1
0.985147
0.999757
1
1
1
1
1.00001
1
1
1
1
1
1
1
1
1
0.999431
1
1.00003
1
1
1
1.00088
1
1
1
1
1
1
1
1
1
1
1
1
1
1
1
1
1
0.999771
1
1
1.00015
1
1
1
1
1
1
1
1
0.999595
1
1
1.00002
1
1
1
1
1
1
1.00005
1
1
1
1
1
1
1
1
1
1
1
1
1
1
1
1
1
1
1
1
1
1
1
1
1
1
1
1
1
1
1
0.99997
1
1
1
1
1.00003
1
1
1
1
1
0.999999
1
1
1
1.00003
1
1
1
1
1
1
1
1
1
0.99823
1
1
1
1
1
1
0.999999
1
0.999998
1
1
1
1.00002
1
1
1
1
1
1
1
1
0.995256
0.998152
1
1.00002
0.999998
1
1
1
1
1
1
1
1
1
1
1
1
0.989962
1
1
1
1
1
1
0.999989
1
1
1
1
1
0.99961
1
1
1
1
1
1
1
1
1
1
1
1
1
1
1.00017
1
1
1
1
0.993048
1
1
1
1
0.999996
1
1.00003
1
1
1
1
1
1
1
1
1
1
1
1.00004
1
1
1
1
1
1
1
1
1
1
1
1
1
1
1
1
1
0.999999
1
1
1
1.00001
1
1
1
1
1
1
1
1
1
1
1
1
1
1
1.00002
1
0.999998
1
1
1
1.00115
0.999998
1
1
1
1
1
1
1
1
1
1
1
1
1
1
1
0.999499
1
1
1
1
1
1
1
1
1
1
1
1
1
1
1
1
1
1
1
1
1
1
1
1
1
1
1
1
1
1
1
1
1
1
1
1
1
0.999997
1
1
1
1
1
1
1
1
1
1
1
0.997426
1
1
0.99928
1
1
1.00001
1
1
1
1
1
0.99605
1
1
1
1
1
1
1
1
1
1
1
1
1
1
1
1
0.999986
1
0.996485
1
1
1
1
0.999996
1
1
1
1
1
1
1.00002
1
1
1.00004
1
1
1
1
1
1
1
1
1
1
1
1
1
1
1
1
1
0.999996
1
1
1
1
1
1
1
1
1
1
1
1.00003
0.99998
1
1
1
1
1
1
1
1
1
1
1
1
1
1
0.999885
0.999751
1
1
1
0.998231
1.00005
1
1
1
1
1
1
1.00001
1
1
1
1
1
1
0.999615
1
1
1.00001
1
1
1
1
1
1
1
1.00043
1
0.999999
1
1
1
1
1
0.999999
1
1
1
1
0.999998
1
1
1
1
1
1
1
1
1
1
1
0.999729
1
0.999363
1
1
1
1
1
1
1
0.9961
1
1
1
1
1
1
1
1
1
1
0.999005
1
1
1
1
1
1
1
1
1
1
1
1
1
0.999994
1
1
0.99991
1
1
1
1
1
1
1
1
1
1
1
1
1.00001
1
1
1
1
1
1
1
1
1
1
1
1
1
1
0.999774
0.998056
1
1
1
1
1
1
1
1.00121
1
1
1
1
1
1
1
1
1
0.999999
1
1
1
1
1
1
1.00001
0.999767
1
1
1
1
1
1
0.999999
1
0.994594
1
0.994902
1
1
1
1
1
1
1
1
1
1
1
1
1
1
1
1
0.99999
1
0.999994
1
0.999924
1
0.999157
1
1
1
1
0.999294
1
1.00078
1
1
1
1
1
0.99991
0.999166
1
1
1
1
1
1.00008
1
1
1
1
1
1
1
1
1
1
1
1
1
0.999248
1
1
1
1
1
1
1
1
1
1
1
1
1
1
1
1
1
1
1
1
1
1
1
1
1
1
1
1
1
1
1
1
1
1
1
1
1
0.999308
1
1
1
1
1
1
1
0.999082
1
1
1
1
1
1
1
1
1
1
1
1
0.999993
1
0.998418
1
1
1
1
1
0.998731
1
1
1
1
1
1
1
1
1
1
1
1
1
1
1
1
1
1
1
1
0.999909
1
1
1
1
1
1
1
1
1
1
1
1
1
1
1
1
1
1
1
1
1
1
0.999929
1
1
1
1
1
1
1
1
0.999032
1
1
1
1
0.996858
1
1
1
1
1
1
1
1
1
1
1
1
1
1
1
1
1
1
1
1
1
1
1
1
1
1
1
0.999982
1
0.999362
1
1
1
1
1
1
1
1
0.999992
1
1
1
1
1
1
1
1
1.0006
1
1
1
1
0.999988
1
1
1
1
1
1
1
1
1
1
1
1
1
1
1
1
1
1
1
1
1
0.999751
1
0.99788
1
1
1
1
0.999481
1
1
1
1
0.99981
1.00004
1
1
1
1
1
1
1
1
1
1
1
1
0.999901
1
1
1
1
1
1
1
1
1
1
1
1
1
1
1
1
1
1
1
1
1
1
1
0.999945
0.998444
1
1
1
1
1
1
1
1
1
1
1
1
1
1
1
1
1
1
1
1
1
1
1
1
1
0.999995
1
1
1
1
1
1
1
0.999793
1
1
1
1
1
1
1
1
1
1
1
1
1
1
1
1
1
0.999994
1
1
1
1
1
1
1
1
1
1
0.984443
1
1.00007
1
1
1
1
1
1
1
1
1
1
1
1
1
1
1
1
1
1
1
0.998419
1
1
1
1
1
1
1
1
1
1
1
1
1
1
1
1
1
1
1
1.00001
1
1
1
1
1
1
1
1
1
1
1
1
1
1
1
1
0.996698
0.995564
1
0.9991
0.999878
1
1
1
1
1
1
1
1
1
1
1
1
1
1
1
1
1
1
1.00069
1
1
1
1
1
1
1
1
1
1
1
1
1
1
1
1
1
1
1
1
0.997588
1
1
1
1
1
1
1
1
1
1
1
1.00001
1
1
1
1
1
1
1
1
1
1
1
1
1
1
1
1
1.00001
1
1
1
1
1
1
1
1
1.00059
1
1
0.999965
1
0.999998
1
1
1
0.999885
0.999751
0.998434
1
1
1
1
1
1
1
1
1
1
1
1
1
1
1
1
1
1
1
1
1
1
1
1
1
1
1
1
1
1
1
1
1
1
1
1
1
1
0.987327
1
1
1
1
1
1
1
1
1
1
1
1
1
1
1
1
1
1
1
1
1
1
1
1
1
1
1
1
1
1
0.999995
1
1
1
1
1
1
1
1
1
1
1
1
1
1
1
1
1
1
1
1
1
1
1
1
1
1
1
1
1
1
0.993177
1
1
1
1
1
1
1
1
1
0.999258
1.00001
1
1
1
1
1
1
1
1
1
1
1.00001
1
1
1
1
0.999999
1
1
1
1
1
1
1
1
1
1
1
1
1
1
1
1
1
1
1
1
1
1
1
1
0.998839
1
1
1
1
1
1
1
1
1
1
1
1
1
0.99996
1
1
1
1
1
1
1
1
1
1
1
1
1
1
1
1
1
1
1
1
1
1
1
1
1
1
1
1
1
1
1
1
1
1
1
1
1
1
1
1
1
1
1
1
1
1
1
1
1
1
1
1
1
1
1
1
1
1
1
1
1
1
1
1
1
0.999466
1
1
1
1
0.995952
1
1
1
1
1
1
1
1
1
1
1
1
1
1
1
1
0.999835
1
1
1
1
1
1
1
1
1
1.00065
1
1
1
1
1
1
1
1
1
1
1
1
1
1
1
1
1
1
1
1
1
0.999999
1
1
1
1
1
1
1
1
1
1
1
1
1
1
1
1
1
1
1
0.999999
1
1
1
1
1
1
1
1
1
1
1
0.999307
1
1
1
1
1
1
1
1
1
1
1
1
1
1
1
1
1
0.999996
1
1
1
1
1
1
0.999987
1
1
0.999994
1
1
1
1
1
1
1
1
1
1
1
1
1
1.00003
1
1
1
1
1
1
1
1
1
1
1
0.998791
1
1
1
1
1.0008
0.999996
1
1
1
1
0.99993
1
1
0.999999
1
0.999995
1
1
1
1
1
1
1
1
1
1
1
1
1
1
1
1
1
1
1
1
1
1
1
1
1
0.99995
0.99956
1
1.0002
1
1
1
1
1
1
1
1
1
1
1
1
1
1
0.999999
1
1
1
1
1
1
1
1
1
1
1
1
1
1
1
1
1
1
0.994908
1
1
1
1
1
1
1
1
1.00002
1
1
1
)
;

boundaryField
{
    frontback
    {
        type            empty;
    }
    topbottom
    {
        type            zeroGradient;
    }
    outlet
    {
        type            zeroGradient;
    }
    inlet
    {
        type            fixedValue;
        value           uniform 1;
    }
    walls
    {
        type            zeroGradient;
    }
    procBoundary2to0
    {
        type            processor;
        value           nonuniform List<scalar> 
83
(
1
1
1
1
1
1
1
1
1
1
1
1
1
1
1
1
1
1
1
1
1
1
1
1
1
1
1
1
1
1
1
1
1
1
1
1
1
1
1
1
1
1
1
1
1
1
1
1
1
1
1
1
1
1
1
1
1
1
1
1
1
1
0.999976
1
1
1
1
1
1
1
1
1
1
1
1
1
1
1
1
1
1
1
1
)
;
    }
    procBoundary2to3
    {
        type            processor;
        value           nonuniform List<scalar> 
99
(
1
1
1
1
1
1
1
1
1
1.00002
1
1
1
1
1
1
1
1
1
1
1
0.999991
1
1
1
1
1
1
1.00002
0.998592
1
1
1.00003
0.994349
1
1
0.997878
1
1
1.00147
1
1
1
1
1
1
1
1
1
1
1
1
1
1
1
1
1
1
1
1
1
1
1
1.00005
1
1
1
1
1
1
1
1
1
1
1
1
1
1
1
1
1
1
1
1
1
1
1
1
1
1
1
1
0.999976
1
1
1
1
1
0.99978
)
;
    }
}


// ************************************************************************* //
