/*--------------------------------*- C++ -*----------------------------------*\
| =========                 |                                                 |
| \\      /  F ield         | OpenFOAM: The Open Source CFD Toolbox           |
|  \\    /   O peration     | Version:  v2012                                 |
|   \\  /    A nd           | Website:  www.openfoam.com                      |
|    \\/     M anipulation  |                                                 |
\*---------------------------------------------------------------------------*/
FoamFile
{
    version     2.0;
    format      ascii;
    class       labelList;
    location    "constant/polyMesh";
    object      cellProcAddressing;
}
// * * * * * * * * * * * * * * * * * * * * * * * * * * * * * * * * * * * * * //


13851
(
3
4
6
9
10
13
24
27
32
33
38
52
54
57
58
64
68
73
90
91
101
107
108
122
124
130
135
144
147
154
158
164
169
171
175
180
201
218
220
222
226
238
242
244
245
247
249
251
254
260
265
267
270
284
290
291
295
296
298
304
305
317
319
321
322
326
337
339
347
350
352
356
357
358
379
384
389
390
393
394
399
401
403
408
411
412
422
426
436
440
441
446
449
460
468
475
488
489
495
496
500
510
515
522
527
528
529
532
534
536
544
548
552
557
558
570
571
572
580
581
584
601
608
615
620
622
634
639
646
653
658
659
660
669
677
678
685
688
690
693
696
703
706
714
717
719
722
726
730
742
743
752
759
761
764
777
778
794
795
797
802
805
806
807
812
815
816
817
820
829
845
846
867
868
873
875
879
880
881
890
893
903
906
912
916
919
921
922
926
927
928
930
942
952
954
967
968
970
976
977
987
991
993
1002
1005
1014
1019
1022
1023
1038
1043
1045
1051
1052
1059
1064
1068
1070
1083
1086
1095
1096
1097
1099
1115
1126
1129
1130
1135
1145
1147
1152
1158
1171
1178
1179
1185
1186
1193
1201
1202
1203
1205
1208
1209
1223
1228
1231
1232
1251
1255
1256
1258
1278
1279
1282
1296
1297
1299
1301
1304
1308
1314
1315
1321
1328
1341
1346
1355
1360
1366
1373
1377
1379
1380
1384
1385
1389
1393
1394
1398
1414
1421
1429
1434
1435
1439
1443
1448
1457
1461
1462
1464
1468
1469
1485
1488
1492
1495
1496
1499
1507
1509
1515
1526
1536
1541
1548
1555
1566
1568
1570
1577
1580
1589
1593
1602
1606
1610
1612
1619
1628
1629
1649
1659
1666
1668
1669
1672
1674
1677
1689
1706
1710
1720
1721
1737
1744
1749
1754
1760
1761
1765
1768
1769
1772
1773
1775
1777
1778
1781
1782
1790
1794
1802
1803
1804
1806
1811
1817
1833
1834
1838
1839
1843
1849
1851
1858
1863
1865
1875
1876
1878
1880
1888
1897
1899
1905
1907
1908
1911
1925
1931
1936
1942
1944
1945
1949
1956
1959
1960
1967
1968
1970
1972
1973
1977
1979
1988
1990
1992
1994
1996
2000
2006
2015
2023
2025
2026
2036
2062
2068
2072
2073
2086
2088
2089
2091
2093
2100
2111
2114
2118
2126
2129
2133
2138
2140
2142
2165
2166
2169
2171
2173
2175
2181
2195
2203
2212
2213
2218
2230
2235
2239
2240
2241
2245
2247
2248
2251
2252
2262
2263
2265
2279
2282
2284
2296
2304
2306
2311
2312
2313
2315
2316
2317
2322
2328
2331
2336
2342
2348
2350
2351
2355
2359
2363
2371
2372
2375
2384
2388
2389
2391
2393
2401
2409
2411
2415
2420
2425
2428
2430
2432
2435
2437
2438
2439
2444
2456
2460
2463
2472
2484
2486
2492
2493
2507
2508
2516
2518
2523
2542
2544
2552
2569
2579
2591
2594
2607
2608
2609
2612
2616
2623
2624
2626
2631
2632
2633
2636
2639
2644
2650
2654
2661
2669
2674
2683
2689
2701
2706
2715
2719
2729
2739
2742
2762
2770
2775
2776
2782
2785
2786
2799
2807
2809
2810
2815
2816
2826
2839
2845
2857
2863
2865
2872
2874
2878
2880
2881
2883
2890
2894
2896
2901
2906
2912
2913
2917
2919
2924
2926
2933
2942
2943
2944
2945
2946
2952
2953
2956
2959
2964
2965
2971
2972
2977
2982
2984
2985
2989
2995
3008
3010
3013
3014
3018
3020
3033
3051
3055
3059
3063
3070
3072
3074
3084
3086
3088
3097
3103
3106
3107
3112
3116
3122
3123
3128
3133
3137
3147
3148
3163
3164
3166
3169
3171
3181
3182
3185
3188
3190
3203
3210
3214
3215
3218
3228
3232
3233
3234
3238
3240
3241
3242
3243
3244
3245
3248
3249
3250
3251
3256
3257
3265
3271
3279
3284
3287
3297
3300
3301
3306
3310
3311
3320
3321
3323
3338
3339
3340
3343
3345
3346
3347
3350
3356
3357
3359
3362
3365
3391
3393
3394
3407
3409
3411
3415
3416
3419
3420
3423
3426
3427
3429
3430
3434
3437
3442
3444
3449
3453
3463
3477
3482
3483
3492
3498
3504
3505
3509
3510
3511
3517
3519
3521
3526
3528
3530
3541
3547
3559
3563
3565
3571
3579
3580
3582
3588
3589
3590
3591
3592
3593
3596
3600
3603
3606
3615
3621
3626
3636
3640
3646
3664
3665
3674
3686
3687
3697
3708
3709
3710
3711
3726
3734
3735
3738
3741
3742
3745
3757
3762
3765
3770
3777
3783
3791
3793
3802
3805
3806
3814
3830
3837
3838
3840
3843
3849
3857
3858
3859
3866
3872
3873
3875
3876
3877
3885
3886
3893
3894
3897
3898
3899
3901
3903
3905
3906
3909
3914
3915
3919
3923
3925
3926
3931
3939
3947
3948
3952
3953
3954
3956
3967
3969
3976
3988
3993
3998
4000
4001
4012
4015
4021
4023
4024
4027
4034
4048
4053
4056
4058
4063
4066
4068
4069
4072
4093
4095
4097
4104
4114
4118
4120
4121
4124
4127
4139
4140
4148
4162
4163
4185
4188
4191
4195
4201
4207
4209
4213
4218
4221
4223
4224
4232
4240
4246
4254
4258
4259
4269
4270
4271
4278
4279
4282
4284
4292
4293
4306
4312
4317
4329
4344
4346
4350
4352
4353
4357
4359
4360
4364
4365
4366
4382
4385
4388
4399
4401
4406
4408
4410
4413
4417
4422
4424
4427
4432
4434
4435
4437
4438
4440
4443
4444
4445
4450
4458
4466
4475
4476
4477
4478
4483
4485
4490
4493
4499
4517
4523
4524
4532
4542
4548
4556
4558
4560
4562
4574
4577
4584
4591
4596
4597
4598
4600
4603
4613
4617
4620
4624
4625
4636
4638
4640
4641
4647
4650
4660
4665
4672
4678
4682
4689
4694
4695
4697
4702
4703
4711
4713
4721
4723
4724
4730
4732
4737
4741
4750
4760
4761
4762
4767
4768
4770
4771
4773
4776
4780
4782
4785
4787
4788
4792
4796
4800
4805
4808
4813
4814
4816
4823
4825
4832
4833
4836
4838
4843
4845
4846
4860
4864
4872
4873
4875
4876
4880
4883
4887
4894
4899
4910
4913
4917
4918
4919
4924
4929
4935
4936
4937
4939
4945
4956
4979
4980
4986
4997
5001
5012
5026
5029
5033
5034
5036
5038
5041
5044
5049
5054
5056
5059
5061
5067
5068
5070
5074
5081
5084
5085
5087
5096
5100
5101
5105
5113
5115
5118
5120
5129
5130
5134
5137
5142
5148
5154
5159
5160
5169
5170
5171
5173
5177
5181
5186
5211
5212
5215
5216
5217
5225
5226
5229
5245
5246
5255
5258
5261
5279
5283
5288
5289
5292
5298
5301
5305
5307
5308
5311
5313
5335
5342
5346
5351
5357
5360
5362
5364
5377
5378
5383
5386
5397
5405
5409
5412
5428
5432
5434
5437
5446
5450
5458
5461
5465
5469
5473
5476
5482
5488
5498
5499
5504
5508
5509
5513
5515
5518
5521
5522
5523
5524
5527
5537
5541
5542
5551
5561
5567
5574
5577
5587
5589
5591
5596
5597
5603
5605
5615
5622
5624
5628
5630
5641
5643
5649
5651
5657
5661
5665
5666
5667
5673
5682
5694
5696
5698
5707
5713
5718
5720
5722
5725
5728
5731
5749
5751
5752
5753
5757
5758
5759
5761
5769
5778
5779
5784
5789
5794
5803
5809
5811
5814
5816
5831
5839
5843
5848
5849
5850
5851
5866
5869
5877
5882
5887
5888
5890
5893
5902
5905
5906
5907
5909
5918
5920
5935
5938
5941
5946
5947
5952
5954
5962
5966
5967
5970
5971
5972
5975
5980
5982
5983
5984
5987
5988
5993
5997
6001
6003
6008
6017
6030
6031
6038
6039
6040
6041
6046
6047
6048
6053
6055
6066
6076
6084
6085
6088
6093
6103
6104
6110
6113
6118
6119
6121
6122
6123
6127
6132
6134
6135
6136
6139
6145
6146
6153
6156
6158
6168
6189
6190
6192
6199
6205
6209
6222
6223
6225
6229
6232
6235
6237
6242
6243
6244
6245
6246
6247
6261
6267
6268
6269
6270
6275
6283
6284
6286
6296
6299
6303
6307
6308
6312
6315
6316
6319
6320
6324
6337
6342
6345
6348
6350
6355
6356
6365
6369
6385
6399
6402
6407
6408
6414
6416
6425
6429
6431
6440
6443
6444
6451
6452
6455
6460
6463
6467
6475
6497
6511
6514
6520
6521
6527
6528
6540
6544
6553
6555
6557
6558
6559
6560
6571
6574
6580
6581
6587
6588
6593
6596
6604
6605
6606
6608
6612
6613
6623
6624
6625
6638
6639
6654
6655
6660
6661
6664
6667
6674
6681
6684
6693
6698
6699
6701
6702
6705
6707
6711
6719
6721
6723
6730
6738
6740
6745
6746
6747
6750
6759
6768
6772
6776
6802
6803
6819
6828
6829
6842
6847
6849
6857
6865
6866
6872
6875
6876
6878
6894
6896
6903
6907
6908
6911
6917
6922
6924
6931
6935
6936
6938
6946
6954
6964
6969
6975
6980
6981
6983
6988
6992
7001
7006
7008
7011
7023
7029
7036
7040
7046
7047
7054
7055
7060
7069
7075
7083
7091
7092
7093
7098
7100
7103
7115
7119
7122
7129
7131
7135
7142
7153
7155
7158
7159
7162
7166
7174
7197
7198
7200
7202
7204
7209
7211
7220
7225
7230
7234
7235
7244
7247
7251
7263
7269
7280
7285
7286
7287
7293
7298
7299
7307
7311
7314
7318
7321
7325
7326
7328
7331
7334
7336
7341
7343
7349
7358
7359
7363
7366
7367
7379
7380
7391
7396
7399
7402
7405
7412
7413
7420
7441
7446
7455
7460
7466
7467
7472
7480
7483
7486
7495
7500
7503
7506
7513
7514
7515
7523
7530
7531
7533
7534
7545
7547
7548
7557
7568
7570
7572
7574
7580
7584
7587
7596
7598
7601
7607
7608
7611
7612
7614
7616
7624
7627
7643
7647
7651
7652
7657
7659
7660
7665
7668
7671
7675
7677
7685
7687
7689
7690
7693
7694
7698
7705
7710
7714
7716
7719
7720
7723
7724
7728
7746
7747
7749
7751
7757
7766
7771
7775
7779
7785
7801
7802
7808
7814
7817
7825
7828
7834
7835
7837
7841
7846
7847
7848
7852
7861
7870
7871
7872
7874
7877
7880
7886
7902
7907
7909
7917
7941
7942
7943
7948
7957
7961
7962
7963
7965
7967
7974
7975
7978
7979
7983
7984
7985
7989
7993
8000
8005
8007
8010
8019
8029
8031
8032
8035
8037
8038
8041
8047
8056
8057
8059
8063
8073
8080
8083
8087
8090
8098
8103
8106
8113
8114
8116
8119
8122
8129
8134
8142
8143
8145
8148
8149
8151
8159
8160
8162
8171
8175
8182
8184
8187
8193
8194
8197
8207
8210
8211
8214
8222
8223
8225
8231
8241
8242
8247
8248
8250
8254
8255
8259
8261
8263
8271
8274
8283
8292
8293
8295
8297
8298
8299
8301
8303
8304
8305
8316
8318
8319
8323
8326
8327
8330
8332
8337
8338
8342
8344
8354
8364
8366
8367
8368
8373
8377
8383
8384
8388
8390
8394
8397
8415
8420
8427
8429
8438
8443
8445
8448
8449
8455
8459
8463
8464
8466
8468
8469
8470
8471
8474
8475
8480
8487
8488
8489
8495
8497
8498
8499
8500
8501
8504
8512
8521
8524
8525
8526
8529
8543
8546
8547
8549
8554
8563
8564
8567
8568
8576
8581
8583
8591
8592
8595
8596
8607
8608
8615
8619
8628
8630
8640
8658
8659
8663
8665
8671
8672
8676
8679
8681
8691
8698
8699
8713
8715
8716
8721
8722
8723
8730
8734
8735
8736
8743
8749
8756
8768
8773
8777
8780
8783
8784
8799
8801
8810
8811
8813
8818
8820
8824
8834
8836
8841
8842
8845
8850
8853
8856
8857
8858
8860
8874
8879
8884
8887
8892
8893
8897
8898
8901
8912
8918
8919
8920
8923
8926
8932
8935
8941
8953
8954
8972
8975
8981
8987
8988
8989
8993
8998
9002
9009
9010
9016
9019
9022
9027
9028
9030
9035
9037
9042
9048
9049
9052
9053
9056
9059
9066
9068
9072
9074
9080
9084
9085
9086
9090
9092
9098
9100
9102
9103
9110
9117
9132
9137
9139
9148
9154
9160
9164
9168
9177
9190
9199
9200
9201
9208
9211
9221
9222
9231
9238
9255
9259
9260
9261
9262
9263
9268
9271
9272
9276
9278
9282
9283
9287
9292
9293
9299
9304
9305
9307
9308
9314
9318
9319
9324
9331
9335
9341
9343
9347
9350
9351
9353
9354
9359
9360
9364
9375
9376
9387
9390
9392
9393
9399
9411
9414
9422
9428
9432
9434
9437
9441
9448
9454
9455
9457
9459
9463
9465
9466
9475
9480
9489
9495
9500
9505
9506
9519
9520
9531
9533
9534
9537
9541
9548
9552
9557
9558
9560
9565
9567
9568
9569
9572
9573
9579
9586
9596
9598
9602
9604
9610
9611
9612
9621
9627
9632
9635
9638
9643
9645
9648
9649
9655
9657
9669
9673
9674
9678
9680
9685
9687
9688
9689
9691
9694
9701
9707
9709
9713
9715
9716
9722
9729
9742
9743
9747
9754
9755
9757
9763
9764
9770
9783
9787
9789
9790
9801
9811
9812
9819
9821
9829
9834
9838
9839
9843
9850
9854
9857
9858
9859
9860
9867
9868
9874
9876
9888
9895
9897
9903
9906
9908
9909
9911
9916
9923
9930
9936
9943
9946
9948
9949
9950
9955
9957
9961
9967
9971
9979
9980
9981
9992
9993
9996
10005
10008
10011
10018
10026
10029
10032
10033
10034
10035
10037
10038
10041
10048
10049
10054
10056
10058
10060
10061
10066
10070
10088
10092
10093
10101
10104
10108
10111
10112
10117
10119
10121
10142
10144
10151
10157
10159
10165
10174
10178
10179
10180
10185
10198
10199
10206
10212
10213
10221
10224
10232
10238
10239
10242
10243
10247
10252
10256
10265
10267
10269
10278
10280
10290
10294
10298
10312
10313
10316
10320
10345
10352
10362
10366
10370
10374
10377
10378
10379
10380
10383
10393
10395
10400
10404
10406
10407
10408
10426
10430
10434
10441
10445
10446
10458
10460
10467
10469
10473
10474
10477
10484
10486
10492
10494
10498
10499
10502
10505
10518
10535
10542
10543
10547
10548
10549
10555
10556
10563
10565
10568
10571
10572
10579
10581
10582
10584
10588
10592
10594
10596
10598
10602
10617
10620
10626
10653
10654
10655
10669
10672
10700
10714
10724
10726
10728
10729
10741
10747
10749
10752
10766
10770
10787
10794
10802
10841
10845
10846
10849
10850
10855
10859
10860
10865
10876
10881
10889
10913
10914
10916
10919
10921
10931
10939
10951
10960
10965
10968
10971
10976
10977
10979
10988
10990
11013
11016
11018
11020
11023
11032
11033
11035
11050
11051
11052
11055
11062
11065
11077
11084
11090
11112
11115
11117
11122
11128
11129
11141
11148
11149
11155
11156
11157
11159
11171
11174
11181
11186
11189
11190
11197
11198
11203
11215
11217
11220
11226
11237
11241
11242
11250
11259
11261
11262
11267
11280
11287
11290
11311
11329
11333
11335
11337
11343
11349
11364
11365
11369
11377
11397
11422
11426
11429
11431
11432
11441
11466
11470
11471
11472
11480
11481
11482
11488
11504
11510
11521
11525
11533
11534
11556
11570
11572
11574
11575
11578
11590
11591
11613
11616
11618
11620
11621
11630
11651
11652
11653
11660
11665
11668
11669
11679
11696
11703
11704
11714
11716
11720
11728
11731
11738
11756
11766
11775
11791
11792
11799
11805
11807
11812
11821
11847
11848
11852
11872
11875
11880
11882
11893
11913
11921
11940
11943
11946
11965
11969
11970
11971
11982
11991
11993
11994
12000
12003
12020
12030
12035
12036
12042
12048
12065
12073
12074
12079
12113
12127
12141
12142
12156
12162
12168
12169
12171
12176
12178
12182
12185
12193
12194
12218
12227
12238
12241
12255
12261
12268
12269
12276
12278
12286
12288
12306
12307
12318
12322
12333
12348
12349
12359
12363
12370
12380
12425
12437
12444
12450
12454
12456
12457
12464
12475
12477
12479
12482
12485
12489
12501
12510
12513
12521
12538
12539
12561
12564
12566
12568
12572
12588
12590
12606
12611
12614
12620
12636
12649
12675
12680
12683
12687
12692
12713
12715
12727
12734
12737
12746
12747
12757
12762
12771
12783
12789
12800
12807
12810
12815
12821
12827
12839
12850
12853
12863
12870
12874
12883
12906
12911
12914
12916
12918
12940
12946
12953
12966
12967
12969
12972
12977
12985
12988
12990
12994
12999
13009
13010
13023
13027
13031
13032
13036
13048
13061
13066
13076
13079
13081
13085
13092
13095
13099
13101
13113
13128
13130
13133
13139
13146
13151
13172
13180
13190
13195
13196
13199
13209
13217
13224
13242
13276
13285
13292
13293
13300
13301
13313
13316
13341
13343
13346
13355
13366
13372
13374
13378
13389
13392
13395
13400
13404
13408
13433
13436
13459
13462
13471
13482
13490
13491
13494
13510
13519
13520
13522
13524
13526
13532
13533
13548
13550
13555
13557
13561
13567
13588
13594
13596
13608
13610
13611
13642
13651
13654
13658
13669
13678
13687
13691
13694
13697
13700
13703
13704
13707
13710
13711
13715
13730
13736
13738
13742
13750
13755
13759
13765
13786
13788
13790
13791
13794
13803
13804
13805
13806
13807
13812
13813
13814
13817
13826
13833
13836
13847
13848
13860
13864
13865
13868
13883
13887
13900
13904
13910
13915
13919
13923
13928
13938
13943
13948
13955
13956
13959
13962
13967
13974
13977
13979
13990
13991
13995
14008
14036
14045
14047
14050
14055
14065
14067
14080
14082
14085
14114
14115
14116
14122
14124
14129
14132
14140
14154
14157
14166
14171
14172
14178
14201
14209
14213
14216
14218
14219
14223
14224
14225
14237
14251
14267
14279
14313
14317
14318
14320
14331
14334
14336
14346
14363
14370
14371
14375
14380
14381
14388
14391
14394
14397
14399
14407
14417
14422
14428
14443
14451
14471
14473
14485
14489
14502
14503
14510
14512
14520
14522
14526
14534
14541
14544
14547
14549
14569
14570
14575
14577
14579
14584
14587
14593
14598
14599
14606
14619
14620
14625
14633
14639
14641
14644
14646
14648
14661
14663
14666
14670
14671
14674
14683
14684
14687
14692
14700
14701
14709
14715
14722
14728
14731
14745
14749
14754
14755
14757
14763
14768
14769
14770
14772
14782
14788
14789
14805
14808
14832
14836
14839
14840
14846
14847
14850
14855
14862
14871
14875
14881
14883
14892
14895
14900
14904
14909
14916
14925
14936
14937
14943
14947
14954
14956
14967
14977
14992
14998
15003
15005
15011
15015
15027
15028
15029
15046
15048
15065
15071
15076
15077
15083
15084
15089
15097
15103
15108
15109
15112
15115
15117
15119
15122
15125
15129
15131
15136
15138
15140
15146
15151
15152
15155
15162
15166
15169
15170
15171
15173
15174
15175
15176
15177
15184
15185
15186
15188
15189
15192
15193
15194
15196
15202
15206
15209
15210
15218
15229
15232
15235
15249
15251
15253
15254
15267
15271
15272
15282
15283
15289
15290
15292
15294
15298
15301
15303
15306
15307
15310
15312
15314
15315
15316
15320
15321
15329
15333
15337
15343
15347
15349
15350
15352
15356
15357
15362
15363
15364
15378
15380
15381
15390
15392
15394
15395
15401
15402
15403
15410
15415
15428
15431
15434
15435
15436
15440
15444
15448
15449
15455
15456
15460
15463
15466
15468
15475
15479
15480
15482
15483
15485
15487
15489
15490
15492
15495
15499
15500
15504
15506
15508
15509
15519
15526
15529
15530
15536
15538
15539
15553
15554
15556
15558
15559
15563
15567
15569
15574
15576
15583
15586
15589
15593
15604
15605
15607
15608
15613
15614
15616
15617
15619
15620
15631
15632
15633
15634
15635
15641
15644
15648
15649
15656
15657
15658
15660
15664
15666
15677
15682
15689
15693
15695
15697
15701
15702
15705
15719
15723
15725
15726
15732
15733
15738
15739
15741
15743
15744
15746
15749
15761
15769
15774
15780
15783
15786
15790
15793
15795
15797
15799
15805
15811
15812
15813
15815
15818
15819
15822
15824
15825
15826
15827
15838
15839
15842
15844
15846
15847
15851
15856
15859
15860
15862
15864
15866
15867
15873
15874
15876
15877
15881
15889
15891
15895
15898
15902
15908
15909
15912
15924
15926
15931
15938
15939
15940
15953
15955
15959
15964
15965
15970
15971
15976
15982
15984
15985
15996
16002
16005
16009
16012
16017
16019
16020
16022
16024
16025
16049
16052
16054
16058
16062
16063
16067
16068
16071
16076
16077
16079
16086
16091
16092
16094
16096
16097
16109
16110
16122
16126
16138
16139
16148
16150
16151
16163
16170
16172
16180
16184
16197
16202
16204
16211
16214
16218
16220
16224
16228
16230
16232
16234
16235
16236
16239
16244
16248
16254
16256
16262
16263
16267
16268
16284
16285
16288
16289
16290
16291
16292
16293
16297
16298
16300
16301
16302
16311
16321
16322
16325
16330
16332
16335
16339
16344
16347
16349
16356
16358
16363
16364
16370
16381
16386
16389
16395
16400
16405
16408
16410
16411
16413
16421
16422
16425
16435
16445
16446
16448
16449
16451
16462
16463
16467
16469
16471
16472
16483
16484
16488
16489
16490
16491
16492
16493
16500
16503
16506
16512
16514
16515
16517
16520
16521
16524
16530
16534
16550
16558
16560
16563
16564
16565
16569
16576
16577
16581
16590
16599
16600
16604
16609
16610
16611
16612
16613
16619
16629
16630
16631
16633
16635
16636
16637
16638
16639
16647
16658
16659
16666
16669
16670
16677
16682
16689
16698
16700
16702
16711
16712
16714
16728
16731
16733
16736
16737
16743
16744
16757
16760
16764
16769
16779
16786
16787
16788
16790
16792
16795
16796
16800
16802
16805
16832
16833
16834
16837
16839
16844
16848
16856
16859
16861
16872
16880
16881
16884
16887
16890
16896
16904
16914
16916
16921
16929
16941
16944
16949
16956
16957
16962
16971
16982
16985
17014
17024
17025
17027
17038
17046
17047
17048
17052
17053
17062
17068
17069
17075
17078
17081
17083
17093
17094
17097
17099
17100
17108
17113
17117
17119
17121
17124
17142
17144
17147
17150
17151
17156
17159
17160
17161
17165
17167
17170
17173
17180
17182
17193
17196
17202
17207
17212
17224
17227
17231
17233
17236
17240
17246
17247
17248
17259
17269
17276
17279
17280
17281
17285
17289
17293
17296
17302
17305
17316
17329
17336
17343
17345
17348
17362
17363
17369
17374
17377
17379
17388
17389
17390
17392
17397
17398
17399
17402
17403
17408
17411
17412
17414
17423
17432
17435
17437
17452
17453
17454
17456
17459
17460
17462
17465
17470
17471
17473
17474
17478
17480
17481
17493
17494
17499
17503
17515
17516
17527
17528
17529
17530
17535
17548
17551
17554
17555
17558
17563
17571
17582
17585
17601
17608
17611
17613
17619
17624
17627
17634
17641
17642
17645
17649
17653
17656
17657
17662
17666
17667
17669
17672
17678
17683
17686
17687
17693
17695
17699
17700
17707
17708
17714
17724
17727
17731
17739
17748
17753
17763
17772
17776
17783
17784
17786
17812
17824
17826
17827
17832
17854
17856
17859
17860
17862
17868
17872
17874
17888
17889
17898
17923
17924
17935
17936
17939
17946
17947
17948
17949
17958
17962
17973
17975
17976
17979
17988
17989
17995
18001
18003
18014
18018
18024
18031
18033
18035
18039
18043
18047
18051
18053
18055
18057
18066
18067
18072
18076
18077
18080
18085
18099
18102
18105
18110
18112
18115
18119
18121
18123
18124
18125
18129
18134
18135
18146
18148
18149
18150
18151
18156
18159
18163
18167
18179
18189
18200
18203
18207
18208
18209
18215
18218
18223
18225
18227
18228
18254
18267
18274
18277
18285
18286
18290
18291
18301
18306
18316
18328
18330
18334
18336
18344
18347
18356
18363
18366
18380
18385
18389
18393
18394
18397
18399
18400
18405
18408
18415
18419
18429
18435
18438
18447
18452
18456
18458
18459
18461
18464
18466
18471
18473
18476
18479
18485
18491
18494
18502
18505
18514
18515
18516
18521
18531
18535
18541
18544
18547
18550
18552
18553
18554
18563
18569
18574
18578
18594
18595
18598
18612
18613
18614
18620
18621
18624
18625
18637
18638
18639
18641
18643
18644
18648
18650
18652
18666
18667
18668
18675
18680
18683
18692
18699
18705
18707
18708
18717
18719
18727
18730
18731
18732
18733
18736
18738
18743
18744
18747
18751
18755
18756
18759
18761
18763
18764
18766
18767
18770
18775
18777
18781
18782
18785
18789
18799
18801
18813
18815
18816
18823
18824
18829
18831
18836
18837
18842
18852
18855
18859
18862
18869
18878
18879
18888
18891
18895
18900
18908
18916
18918
18923
18926
18928
18929
18932
18937
18939
18940
18943
18946
18950
18960
18963
18965
18970
18983
18984
18985
18993
18997
18998
18999
19000
19002
19008
19010
19015
19017
19019
19026
19030
19031
19032
19033
19034
19037
19038
19047
19050
19057
19058
19061
19063
19074
19079
19083
19084
19089
19092
19093
19096
19097
19098
19102
19103
19106
19112
19116
19119
19127
19141
19144
19147
19148
19153
19166
19168
19172
19174
19183
19185
19191
19194
19198
19204
19208
19209
19213
19217
19222
19224
19248
19250
19259
19261
19263
19271
19276
19278
19284
19288
19293
19295
19299
19302
19307
19308
19310
19311
19325
19335
19338
19345
19346
19347
19348
19349
19350
19362
19365
19366
19368
19375
19378
19383
19387
19389
19401
19403
19404
19407
19408
19419
19421
19423
19425
19433
19437
19438
19440
19442
19449
19452
19455
19456
19459
19463
19471
19474
19479
19480
19481
19482
19484
19487
19488
19492
19494
19495
19501
19503
19508
19516
19518
19522
19524
19531
19532
19533
19534
19535
19537
19539
19543
19546
19552
19554
19555
19556
19557
19560
19563
19564
19567
19570
19571
19572
19573
19577
19580
19584
19592
19594
19596
19599
19605
19607
19609
19610
19612
19615
19620
19621
19623
19632
19634
19638
19639
19640
19641
19642
19647
19648
19654
19656
19658
19661
19665
19669
19674
19676
19677
19681
19683
19684
19687
19692
19694
19708
19711
19714
19715
19718
19721
19725
19727
19729
19731
19732
19734
19735
19747
19749
19756
19765
19766
19767
19768
19772
19778
19780
19784
19786
19791
19793
19795
19796
19801
19803
19805
19811
19812
19816
19817
19823
19826
19833
19835
19836
19837
19841
19842
19847
19848
19851
19853
19854
19856
19857
19868
19873
19875
19876
19877
19882
19884
19886
19887
19888
19893
19899
19910
19914
19915
19916
19925
19927
19930
19932
19934
19939
19941
19942
19947
19948
19956
19957
19958
19960
19961
19962
19967
19969
19975
19977
19978
19979
19981
19982
19986
19990
19992
19993
19994
19997
20000
20003
20009
20010
20014
20017
20019
20022
20024
20025
20030
20032
20033
20034
20036
20038
20040
20041
20043
20048
20049
20052
20054
20061
20062
20064
20065
20067
20070
20075
20078
20082
20083
20084
20089
20092
20094
20097
20105
20112
20116
20117
20119
20123
20126
20127
20133
20138
20141
20142
20145
20146
20150
20152
20157
20166
20171
20173
20176
20185
20188
20189
20191
20192
20194
20195
20198
20199
20201
20203
20210
20211
20212
20216
20219
20223
20226
20230
20232
20236
20238
20239
20240
20241
20243
20244
20246
20248
20251
20254
20259
20261
20265
20267
20269
20276
20279
20284
20286
20292
20301
20307
20312
20317
20320
20321
20326
20327
20329
20331
20334
20339
20344
20348
20352
20354
20355
20360
20362
20363
20364
20366
20368
20371
20372
20376
20377
20383
20384
20386
20388
20392
20398
20400
20402
20404
20407
20409
20414
20415
20417
20421
20422
20426
20429
20430
20434
20436
20444
20445
20446
20450
20453
20454
20458
20459
20460
20463
20465
20471
20473
20474
20475
20481
20482
20484
20486
20492
20494
20495
20502
20504
20512
20517
20518
20519
20524
20526
20530
20537
20538
20540
20542
20545
20551
20555
20557
20559
20560
20562
20564
20565
20569
20570
20571
20573
20577
20578
20579
20582
20583
20586
20589
20598
20599
20606
20610
20612
20613
20614
20616
20618
20623
20625
20626
20627
20629
20631
20633
20634
20641
20644
20645
20655
20656
20657
20659
20661
20665
20667
20671
20672
20675
20677
20679
20680
20686
20687
20688
20689
20691
20696
20697
20699
20700
20702
20707
20709
20711
20712
20719
20723
20732
20733
20734
20736
20737
20742
20749
20753
20755
20758
20760
20762
20764
20768
20769
20770
20772
20777
20779
20780
20782
20786
20788
20789
20792
20794
20797
20800
20801
20806
20810
20817
20821
20824
20826
20827
20833
20834
20838
20841
20845
20846
20847
20852
20853
20858
20859
20861
20862
20866
20868
20869
20873
20877
20880
20881
20888
20889
20893
20899
20900
20901
20902
20903
20907
20909
20911
20912
20914
20916
20917
20918
20922
20924
20935
20938
20941
20947
20949
20950
20953
20962
20963
20964
20967
20968
20974
20979
20981
20988
20989
20993
20994
20996
20998
21005
21007
21010
21011
21012
21015
21016
21017
21019
21021
21029
21034
21035
21037
21042
21048
21051
21055
21056
21058
21059
21063
21068
21071
21074
21077
21078
21081
21085
21086
21092
21097
21098
21100
21101
21102
21106
21107
21108
21110
21113
21118
21120
21123
21124
21126
21128
21133
21138
21145
21146
21147
21152
21154
21156
21161
21164
21169
21170
21172
21173
21175
21181
21186
21189
21190
21191
21194
21196
21199
21203
21207
21211
21212
21214
21220
21227
21230
21231
21235
21237
21238
21240
21243
21247
21249
21251
21253
21255
21256
21258
21262
21265
21266
21268
21269
21271
21273
21274
21276
21277
21279
21283
21296
21297
21299
21300
21301
21308
21315
21317
21327
21328
21329
21330
21337
21340
21344
21345
21346
21349
21353
21355
21357
21358
21363
21365
21366
21374
21376
21377
21387
21391
21392
21393
21394
21397
21399
21400
21407
21408
21412
21421
21425
21426
21428
21429
21435
21440
21441
21443
21444
21445
21446
21452
21453
21456
21457
21458
21461
21462
21463
21466
21468
21474
21475
21478
21479
21481
21482
21483
21484
21485
21488
21490
21493
21496
21498
21504
21507
21508
21516
21517
21522
21523
21529
21530
21531
21532
21534
21537
21539
21540
21545
21547
21553
21554
21559
21566
21568
21570
21572
21573
21577
21580
21582
21585
21590
21596
21598
21600
21604
21606
21608
21610
21612
21615
21620
21627
21628
21630
21631
21632
21633
21634
21637
21643
21645
21646
21648
21650
21654
21659
21661
21663
21667
21668
21673
21677
21682
21687
21693
21695
21698
21700
21701
21704
21705
21707
21709
21710
21713
21719
21720
21723
21726
21730
21731
21732
21733
21738
21741
21743
21744
21745
21751
21755
21756
21761
21764
21771
21775
21776
21781
21782
21789
21792
21793
21794
21797
21800
21801
21804
21805
21807
21808
21812
21813
21818
21819
21820
21822
21823
21824
21828
21830
21834
21835
21837
21838
21841
21842
21843
21848
21849
21850
21854
21856
21860
21863
21869
21871
21873
21876
21878
21879
21883
21884
21887
21889
21891
21893
21894
21896
21899
21900
21905
21906
21907
21911
21912
21913
21916
21917
21918
21919
21923
21928
21930
21942
21945
21955
21956
21960
21963
21964
21966
21967
21969
21971
21974
21981
21984
21986
21992
21993
21994
21997
21999
22003
22005
22007
22013
22014
22015
22016
22017
22020
22021
22022
22030
22031
22034
22035
22037
22040
22041
22043
22051
22052
22054
22055
22058
22059
22063
22065
22067
22068
22079
22082
22083
22084
22090
22093
22097
22100
22101
22102
22104
22110
22112
22118
22119
22123
22125
22126
22127
22128
22131
22136
22138
22140
22141
22142
22144
22148
22149
22152
22155
22159
22164
22165
22172
22175
22176
22178
22184
22185
22186
22189
22190
22196
22199
22200
22204
22205
22215
22223
22225
22226
22227
22229
22232
22240
22243
22245
22247
22248
22250
22255
22256
22261
22264
22269
22270
22271
22272
22275
22277
22280
22281
22282
22283
22284
22290
22293
22294
22299
22302
22304
22307
22310
22313
22314
22316
22322
22329
22330
22339
22340
22341
22342
22345
22348
22350
22351
22360
22363
22364
22365
22366
22368
22370
22374
22375
22379
22383
22385
22387
22390
22393
22394
22395
22397
22398
22400
22403
22406
22407
22411
22413
22417
22418
22422
22424
22426
22427
22428
22430
22437
22439
22441
22443
22446
22448
22449
22450
22453
22455
22456
22457
22460
22466
22468
22470
22471
22475
22480
22483
22487
22492
22493
22498
22499
22505
22506
22507
22508
22510
22511
22512
22513
22515
22518
22520
22521
22523
22524
22525
22527
22533
22535
22536
22537
22539
22540
22541
22543
22545
22546
22547
22548
22549
22552
22553
22556
22557
22564
22565
22567
22568
22570
22571
22574
22575
22576
22578
22579
22584
22588
22594
22596
22600
22602
22603
22606
22608
22611
22613
22615
22617
22618
22620
22622
22623
22630
22634
22636
22646
22648
22649
22652
22660
22663
22671
22674
22677
22679
22681
22682
22683
22687
22689
22690
22691
22692
22694
22699
22705
22709
22710
22712
22714
22716
22718
22719
22720
22725
22729
22735
22736
22739
22741
22742
22745
22747
22748
22749
22750
22751
22755
22760
22761
22764
22767
22769
22770
22775
22776
22778
22779
22780
22782
22785
22786
22790
22794
22797
22802
22804
22805
22808
22812
22820
22822
22825
22828
22832
22833
22836
22838
22840
22843
22844
22847
22850
22851
22854
22857
22863
22864
22867
22869
22870
22875
22878
22882
22884
22886
22888
22889
22890
22891
22896
22900
22905
22906
22914
22916
22921
22924
22925
22928
22929
22930
22931
22934
22936
22939
22945
22949
22950
22954
22955
22958
22960
22961
22966
22969
22972
22973
22977
22978
22982
22987
22993
22994
22996
22997
22998
22999
23005
23010
23017
23022
23023
23025
23026
23028
23029
23031
23049
23052
23053
23054
23055
23056
23058
23060
23061
23062
23065
23066
23068
23069
23070
23073
23076
23077
23078
23080
23082
23084
23086
23091
23093
23099
23100
23102
23104
23105
23106
23108
23112
23115
23119
23123
23126
23130
23132
23143
23150
23153
23154
23157
23161
23162
23163
23168
23170
23173
23174
23175
23176
23179
23184
23195
23196
23197
23198
23201
23202
23203
23205
23207
23208
23210
23213
23214
23215
23218
23220
23222
23225
23226
23227
23228
23233
23235
23238
23239
23241
23242
23246
23248
23250
23251
23252
23253
23255
23258
23259
23262
23268
23269
23270
23272
23276
23277
23280
23283
23284
23286
23287
23288
23292
23293
23294
23299
23303
23305
23311
23313
23316
23318
23319
23325
23326
23334
23339
23340
23342
23347
23348
23350
23352
23353
23355
23357
23362
23365
23366
23368
23369
23372
23375
23376
23378
23379
23382
23385
23388
23391
23392
23394
23395
23404
23408
23411
23415
23422
23423
23427
23428
23429
23430
23434
23436
23437
23440
23441
23443
23447
23448
23451
23453
23455
23460
23465
23466
23467
23474
23477
23481
23483
23485
23486
23488
23492
23493
23495
23497
23498
23499
23503
23510
23513
23516
23517
23518
23519
23522
23526
23528
23534
23536
23542
23543
23547
23553
23557
23558
23559
23560
23562
23566
23567
23568
23570
23572
23573
23574
23578
23579
23583
23584
23586
23589
23592
23603
23604
23608
23610
23611
23612
23613
23618
23619
23626
23631
23633
23635
23641
23643
23647
23648
23649
23650
23652
23657
23664
23665
23666
23667
23670
23676
23677
23678
23680
23681
23690
23695
23699
23702
23709
23713
23714
23717
23723
23725
23728
23729
23730
23733
23736
23737
23738
23739
23741
23742
23744
23745
23750
23753
23754
23756
23759
23760
23761
23769
23771
23779
23783
23784
23785
23786
23787
23792
23794
23795
23797
23799
23802
23803
23810
23812
23813
23814
23816
23822
23825
23827
23829
23832
23835
23836
23837
23838
23843
23845
23846
23852
23855
23860
23864
23867
23870
23871
23874
23875
23878
23880
23882
23886
23890
23891
23893
23894
23896
23900
23905
23917
23918
23925
23926
23928
23930
23933
23934
23936
23937
23942
23943
23948
23949
23951
23952
23954
23958
23959
23960
23965
23966
23967
23968
23971
23972
23973
23975
23976
23978
23979
23980
23982
23987
23988
23995
23996
23997
23998
24000
24002
24005
24009
24020
24022
24023
24024
24025
24026
24027
24030
24035
24038
24039
24040
24044
24045
24048
24049
24050
24051
24053
24054
24055
24056
24058
24059
24060
24066
24068
24069
24073
24074
24078
24079
24080
24082
24086
24087
24088
24089
24090
24094
24095
24099
24101
24105
24106
24108
24112
24113
24114
24121
24123
24131
24132
24134
24136
24137
24140
24143
24144
24145
24146
24147
24148
24151
24155
24156
24159
24160
24161
24163
24164
24168
24169
24171
24172
24173
24174
24176
24179
24180
24182
24184
24188
24189
24192
24193
24197
24203
24205
24207
24210
24211
24214
24215
24218
24219
24220
24221
24222
24229
24234
24235
24237
24238
24239
24241
24245
24249
24250
24252
24253
24258
24259
24263
24265
24272
24273
24275
24278
24279
24287
24288
24289
24290
24291
24294
24295
24297
24298
24299
24302
24303
24304
24308
24309
24310
24313
24316
24317
24319
24322
24325
24327
24328
24329
24331
24333
24335
24336
24337
24339
24343
24344
24352
24354
24358
24380
24388
24389
24391
24392
24396
24398
24400
24405
24406
24407
24413
24414
24415
24417
24418
24419
24424
24425
24429
24430
24434
24451
24452
24453
24454
24455
24456
24457
24458
24459
24460
24461
24462
24463
24464
24465
24466
24467
24470
24471
24472
24473
24476
24477
24479
24482
24484
24485
24486
24489
24491
24496
24497
24499
24505
24506
24508
24510
24511
24515
24517
24521
24522
24524
24529
24532
24533
24534
24537
24538
24541
24546
24548
24549
24551
24552
24553
24556
24558
24561
24562
24563
24564
24565
24568
24569
24570
24571
24573
24574
24576
24577
24579
24580
24581
24585
24587
24588
24596
24597
24599
24600
24602
24603
24604
24608
24610
24613
24617
24618
24623
24624
24629
24631
24638
24640
24643
24644
24647
24649
24651
24652
24654
24655
24658
24660
24663
24664
24665
24667
24668
24672
24673
24674
24675
24677
24679
24680
24682
24684
24685
24687
24688
24691
24692
24695
24696
24698
24700
24702
24705
24706
24707
24709
24711
24712
24715
24717
24720
24721
24722
24724
24730
24731
24734
24737
24739
24740
24741
24743
24745
24748
24750
24752
24761
24762
24765
24766
24769
24771
24772
24774
24775
24776
24777
24778
24785
24787
24792
24795
24797
24802
24803
24808
24809
24811
24817
24820
24821
24828
24831
24832
24833
24837
24841
24844
24846
24857
24862
24869
24873
24875
24877
24886
24888
24890
24893
24901
24902
24906
24908
24909
24913
24914
24916
24917
24918
24919
24920
24921
24924
24927
24929
24930
24935
24937
24939
24943
24944
24950
24952
24953
24955
24961
24965
24966
24968
24972
24975
24976
24981
24982
24984
24999
25000
25002
25003
25004
25009
25010
25012
25013
25015
25019
25020
25021
25022
25025
25032
25033
25034
25036
25039
25042
25047
25048
25056
25058
25059
25060
25061
25064
25065
25066
25067
25072
25073
25075
25076
25077
25078
25079
25083
25088
25096
25108
25112
25117
25118
25120
25123
25126
25128
25129
25131
25137
25139
25140
25144
25152
25153
25158
25165
25167
25168
25171
25172
25173
25175
25181
25182
25183
25184
25185
25187
25190
25192
25194
25200
25203
25207
25208
25211
25214
25215
25216
25217
25218
25221
25231
25232
25234
25239
25241
25242
25243
25244
25245
25248
25249
25253
25256
25258
25260
25261
25264
25269
25271
25274
25275
25276
25277
25278
25279
25280
25282
25285
25287
25290
25292
25294
25296
25297
25301
25304
25305
25307
25309
25310
25311
25312
25314
25315
25318
25320
25322
25323
25324
25325
25327
25328
25330
25331
25333
25334
25335
25337
25339
25340
25343
25347
25350
25352
25353
25355
25356
25357
25361
25366
25372
25373
25374
25379
25385
25386
25387
25388
25395
25397
25399
25401
25403
25407
25408
25409
25414
25415
25418
25421
25422
25423
25425
25427
25431
25432
25439
25442
25446
25449
25450
25453
25457
25460
25461
25464
25466
25467
25469
25471
25472
25473
25474
25479
25480
25481
25485
25486
25490
25492
25493
25494
25495
25496
25498
25500
25502
25505
25512
25514
25519
25523
25524
25526
25527
25529
25530
25534
25539
25541
25542
25546
25547
25549
25551
25552
25553
25555
25558
25560
25562
25565
25568
25570
25573
25577
25578
25587
25589
25591
25592
25594
25596
25597
25600
25602
25605
25606
25608
25611
25612
25614
25615
25616
25617
25619
25622
25624
25625
25627
25629
25630
25632
25634
25635
25638
25639
25640
25645
25648
25650
25651
25654
25656
25657
25659
25660
25661
25663
25665
25667
25668
25669
25670
25672
25673
25682
25683
25684
25689
25694
25695
25698
25703
25704
25706
25707
25708
25709
25710
25712
25715
25720
25722
25724
25726
25727
25730
25734
25735
25736
25737
25740
25744
25746
25750
25751
25755
25757
25758
25759
25763
25765
25768
25769
25770
25771
25777
25780
25786
25787
25790
25791
25792
25794
25796
25800
25802
25803
25805
25807
25809
25810
25812
25813
25820
25823
25828
25829
25833
25837
25841
25845
25847
25849
25850
25852
25857
25858
25859
25861
25862
25865
25866
25867
25874
25876
25879
25880
25882
25887
25888
25893
25894
25895
25896
25897
25903
25906
25910
25912
25913
25914
25915
25916
25918
25919
25920
25922
25924
25926
25929
25930
25932
25934
25935
25939
25941
25942
25946
25947
25950
25951
25952
25954
25955
25958
25959
25960
25962
25963
25964
25966
25969
25972
25973
25976
25977
25978
25979
25980
25981
25984
25985
25988
25989
25990
25991
25992
25998
25999
26000
26001
26002
26005
26007
26008
26010
26011
26012
26013
26015
26017
26020
26021
26024
26025
26026
26032
26035
26037
26040
26041
26042
26044
26049
26052
26053
26055
26056
26057
26060
26062
26064
26065
26067
26071
26073
26074
26075
26076
26083
26088
26089
26090
26092
26094
26098
26100
26104
26106
26108
26109
26113
26114
26117
26118
26119
26120
26122
26124
26130
26131
26132
26133
26134
26135
26136
26138
26142
26146
26147
26148
26150
26152
26157
26161
26167
26169
26170
26173
26175
26177
26178
26180
26181
26186
26189
26192
26200
26201
26205
26207
26208
26212
26213
26219
26220
26222
26229
26231
26232
26235
26240
26241
26242
26245
26246
26247
26249
26250
26252
26255
26259
26260
26264
26265
26267
26272
26275
26277
26282
26284
26288
26289
26291
26292
26296
26300
26301
26304
26305
26307
26311
26314
26322
26325
26327
26329
26330
26332
26334
26335
26336
26338
26343
26344
26349
26350
26352
26358
26360
26361
26363
26365
26369
26370
26371
26378
26384
26389
26392
26393
26394
26395
26399
26401
26404
26405
26406
26407
26409
26410
26411
26412
26413
26421
26424
26428
26429
26430
26431
26432
26433
26437
26438
26440
26443
26445
26446
26447
26449
26451
26454
26455
26457
26462
26464
26465
26467
26468
26469
26474
26475
26477
26480
26486
26489
26492
26493
26494
26496
26499
26500
26501
26502
26503
26505
26506
26511
26516
26518
26523
26525
26528
26530
26535
26537
26540
26556
26561
26562
26567
26569
26570
26573
26578
26580
26581
26583
26586
26587
26588
26591
26592
26593
26596
26598
26601
26602
26603
26604
26607
26612
26616
26617
26619
26620
26625
26629
26631
26633
26637
26638
26642
26643
26648
26651
26652
26656
26657
26658
26660
26661
26662
26663
26665
26666
26671
26674
26676
26677
26680
26682
26684
26685
26686
26687
26688
26689
26691
26692
26695
26704
26708
26709
26710
26711
26712
26713
26716
26717
26718
26719
26723
26724
26727
26730
26739
26742
26744
26745
26746
26750
26761
26766
26769
26770
26771
26772
26773
26774
26776
26777
26778
26779
26782
26784
26786
26790
26792
26793
26794
26796
26799
26800
26801
26804
26805
26807
26808
26811
26812
26813
26814
26816
26822
26824
26826
26827
26828
26830
26832
26835
26836
26838
26839
26842
26845
26847
26849
26851
26852
26853
26856
26858
26861
26862
26863
26866
26870
26873
26874
26876
26877
26881
26885
26886
26888
26893
26897
26898
26899
26900
26901
26904
26906
26907
26908
26909
26914
26915
26918
26919
26920
26922
26923
26924
26925
26926
26929
26930
26931
26932
26933
26937
26938
26941
26943
26946
26950
26952
26953
26960
26962
26964
26966
26968
26970
26973
26977
26978
26981
26982
26984
26987
26989
26990
26991
26993
26994
26995
26996
26999
27001
27003
27004
27005
27007
27009
27010
27011
27013
27015
27018
27019
27022
27026
27031
27032
27033
27034
27035
27036
27040
27041
27046
27048
27049
27050
27051
27052
27053
27060
27062
27066
27067
27071
27072
27074
27078
27084
27087
27093
27095
27098
27099
27102
27103
27107
27109
27110
27113
27114
27118
27121
27122
27123
27129
27130
27133
27136
27137
27139
27141
27142
27145
27146
27147
27149
27153
27157
27160
27161
27162
27166
27171
27173
27179
27182
27187
27188
27190
27191
27193
27198
27200
27202
27203
27204
27212
27215
27219
27221
27228
27230
27231
27233
27236
27239
27240
27244
27249
27250
27255
27257
27259
27261
27262
27267
27269
27271
27272
27273
27276
27277
27280
27287
27289
27290
27293
27295
27298
27303
27305
27306
27309
27311
27317
27320
27324
27325
27327
27328
27330
27332
27341
27342
27343
27350
27351
27353
27355
27356
27357
27367
27371
27374
27376
27382
27383
27388
27391
27392
27393
27398
27399
27400
27403
27406
27407
27408
27410
27411
27412
27414
27415
27416
27421
27424
27425
27427
27428
27429
27432
27433
27443
27446
27448
27456
27460
27465
27467
27469
27470
27475
27476
27478
27480
27483
27484
27485
27489
27490
27492
27493
27497
27498
27501
27503
27504
27505
27507
27511
27512
27514
27518
27520
27523
27524
27525
27527
27529
27530
27531
27534
27535
27537
27538
27539
27540
27543
27544
27547
27548
27549
27551
27552
27554
27555
27556
27558
27566
27569
27573
27574
27580
27581
27582
27583
27584
27586
27588
27593
27594
27604
27607
27608
27612
27615
27616
27622
27623
27625
27629
27631
27632
27641
27642
27647
27654
27655
27656
27659
27662
27666
27669
27670
27672
27677
27679
27680
27681
27682
27684
27686
27687
27688
27690
27691
27693
27699
27700
27701
27704
27706
27713
27716
27728
27729
27731
27734
27737
27738
27740
27743
27748
27752
27754
27759
27762
27763
27764
27769
27773
27774
27787
27792
27793
27795
27797
27798
27800
27802
27807
27808
27810
27811
27813
27815
27820
27823
27825
27831
27833
27835
27837
27841
27843
27845
27847
27848
27849
27850
27853
27854
27857
27861
27865
27866
27869
27873
27878
27880
27884
27885
27886
27891
27893
27894
27899
27901
27902
27905
27906
27908
27913
27915
27916
27917
27918
27922
27923
27927
27929
27930
27931
27932
27933
27934
27935
27939
27940
27941
27942
27944
27947
27952
27954
27957
27961
27962
27966
27969
27970
27971
27973
27975
27976
27978
27992
27995
27997
27998
28000
28003
28006
28007
28009
28013
28014
28016
28018
28025
28027
28031
28032
28033
28036
28040
28041
28045
28046
28049
28051
28052
28053
28055
28064
28065
28070
28075
28078
28080
28083
28084
28086
28088
28089
28092
28096
28099
28101
28102
28109
28113
28116
28117
28123
28126
28127
28130
28132
28133
28134
28135
28137
28140
28141
28148
28151
28155
28165
28167
28170
28171
28174
28176
28177
28183
28188
28190
28199
28203
28204
28209
28214
28215
28216
28217
28221
28224
28227
28228
28232
28234
28235
28237
28245
28247
28248
28253
28255
28257
28262
28264
28270
28271
28273
28278
28282
28283
28292
28294
28295
28304
28309
28313
28317
28318
28322
28323
28325
28333
28335
28336
28339
28343
28344
28348
28350
28354
28355
28357
28360
28365
28374
28377
28378
28381
28382
28384
28386
28387
28391
28392
28394
28395
28399
28403
28406
28407
28408
28415
28416
28417
28420
28424
28425
28427
28432
28436
28437
28440
28455
28457
28459
28466
28468
28471
28473
28474
28475
28479
28485
28487
28489
28493
28496
28498
28503
28506
28507
28513
28518
28519
28523
28524
28528
28532
28538
28540
28541
28542
28544
28550
28554
28555
28563
28564
28565
28569
28573
28574
28576
28577
28579
28582
28584
28592
28595
28597
28601
28603
28616
28622
28627
28628
28632
28636
28637
28641
28645
28647
28654
28659
28664
28672
28675
28680
28681
28682
28688
28689
28691
28695
28698
28703
28706
28707
28708
28709
28716
28720
28721
28729
28730
28736
28743
28744
28745
28750
28760
28761
28763
28765
28766
28773
28776
28779
28791
28794
28795
28796
28799
28802
28803
28809
28811
28812
28814
28815
28821
28823
28826
28828
28832
28834
28837
28840
28841
28842
28845
28848
28849
28850
28851
28852
28862
28864
28867
28870
28871
28873
28881
28887
28890
28893
28894
28902
28903
28906
28916
28922
28924
28925
28927
28929
28930
28936
28940
28944
28950
28953
28962
28966
28967
28968
28969
28970
28971
28972
28976
28979
28985
28986
28989
28990
28993
28996
28997
28999
29000
29007
29014
29017
29021
29025
29032
29034
29036
29038
29039
29041
29042
29043
29047
29051
29053
29063
29065
29070
29071
29077
29081
29090
29095
29098
29102
29103
29107
29112
29114
29117
29128
29130
29131
29133
29135
29142
29143
29144
29149
29150
29152
29153
29154
29155
29156
29159
29162
29163
29165
29168
29169
29171
29174
29176
29178
29181
29183
29184
29187
29190
29191
29193
29198
29202
29208
29209
29210
29212
29217
29222
29229
29232
29234
29237
29240
29243
29245
29247
29248
29250
29251
29254
29256
29257
29263
29265
29267
29274
29284
29286
29287
29291
29292
29294
29297
29298
29303
29307
29308
29309
29310
29311
29312
29314
29317
29318
29319
29320
29322
29325
29329
29331
29334
29340
29343
29344
29347
29348
29349
29350
29354
29356
29357
29358
29359
29360
29362
29363
29364
29366
29369
29371
29373
29374
29375
29376
29386
29387
29388
29389
29391
29398
29399
29400
29405
29409
29411
29416
29417
29418
29419
29420
29422
29423
29427
29429
29431
29438
29439
29440
29441
29443
29444
29447
29448
29449
29451
29452
29455
29456
29461
29464
29467
29469
29470
29476
29477
29478
29479
29482
29486
29488
29489
29491
29492
29493
29494
29495
29496
29497
29498
29500
29502
29503
29504
29508
29510
29511
29519
29521
29523
29525
29527
29536
29539
29540
29551
29554
29555
29557
29561
29566
29571
29577
29579
29583
29585
29588
29590
29592
29594
29595
29599
29600
29601
29603
29604
29607
29608
29610
29611
29612
29613
29615
29618
29619
29629
29631
29632
29635
29644
29646
29649
29650
29657
29659
29660
29661
29665
29668
29669
29670
29673
29674
29680
29682
29685
29691
29698
29699
29700
29706
29707
29711
29713
29716
29719
29725
29729
29732
29733
29734
29735
29736
29737
29741
29742
29746
29747
29749
29752
29753
29755
29757
29758
29760
29762
29767
29769
29771
29773
29774
29777
29778
29779
29787
29789
29790
29792
29798
29799
29800
29801
29803
29804
29807
29810
29818
29820
29823
29824
29825
29826
29833
29837
29838
29840
29844
29847
29848
29852
29854
29855
29859
29860
29868
29871
29872
29874
29875
29877
29878
29879
29883
29886
29887
29888
29890
29893
29898
29902
29908
29911
29913
29921
29923
29924
29930
29932
29934
29938
29942
29952
29954
29962
29963
29965
29966
29972
29975
29979
29981
29982
29986
29991
29993
29996
30003
30004
30006
30008
30009
30013
30014
30017
30018
30022
30023
30025
30034
30035
30036
30049
30050
30051
30053
30054
30055
30056
30058
30061
30067
30071
30074
30076
30077
30079
30081
30082
30086
30090
30096
30097
30100
30103
30108
30109
30116
30119
30121
30123
30124
30127
30138
30142
30144
30146
30148
30151
30152
30153
30155
30156
30160
30161
30163
30164
30166
30170
30173
30174
30175
30176
30181
30182
30186
30187
30188
30192
30200
30201
30202
30205
30206
30209
30212
30213
30220
30221
30227
30230
30233
30234
30235
30243
30246
30249
30250
30254
30260
30261
30262
30263
30266
30274
30275
30277
30279
30285
30287
30289
30292
30295
30296
30297
30300
30301
30302
30305
30308
30310
30315
30318
30320
30328
30336
30342
30343
30345
30347
30350
30355
30356
30358
30363
30367
30368
30371
30374
30392
30393
30396
30399
30400
30407
30411
30413
30415
30416
30417
30418
30421
30424
30426
30427
30432
30439
30443
30445
30446
30448
30457
30462
30470
30471
30476
30477
30478
30479
30483
30486
30487
30490
30491
30493
30497
30500
30505
30513
30522
30523
30526
30530
30534
30546
30547
30548
30550
30551
30553
30554
30557
30558
30564
30567
30572
30580
30582
30583
30589
30590
30604
30605
30610
30620
30626
30632
30633
30643
30644
30645
30647
30651
30652
30662
30663
30664
30673
30677
30680
30682
30683
30700
30704
30706
30710
30712
30714
30717
30720
30729
30730
30733
30745
30752
30758
30759
30761
30767
30768
30775
30786
30789
30793
30798
30799
30801
30802
30807
30810
30811
30816
30824
30829
30833
30834
30835
30839
30842
30844
30851
30855
30857
30860
30862
30867
30873
30877
30880
30881
30886
30888
30890
30893
30894
30896
30898
30899
30900
30907
30909
30910
30919
30924
30925
30932
30935
30936
30938
30941
30942
30951
30953
30959
30961
30962
30963
30964
30965
30966
30970
30973
30978
30979
30984
30986
30991
30994
30996
30997
30998
30999
31004
31014
31017
31019
31031
31032
31033
31035
31036
31038
31042
31046
31047
31049
31051
31054
31056
31057
31059
31060
31062
31064
31071
31073
31074
31077
31085
31090
31091
31093
31094
31106
31110
31111
31121
31125
31132
31133
31136
31137
31149
31150
31156
31162
31163
31165
31175
31176
31178
31179
31180
31185
31186
31188
31191
31195
31202
31213
31216
31218
31220
31221
31222
31223
31226
31228
31230
31235
31236
31238
31239
31241
31245
31252
31254
31257
31258
31260
31262
31266
31267
31268
31269
31270
31276
31277
31281
31282
31292
31295
31309
31311
31313
31314
31315
31317
31318
31322
31329
31349
31351
31352
31353
31355
31371
31372
31377
31378
31379
31382
31383
31390
31392
31394
31397
31402
31403
31408
31410
31411
31412
31418
31423
31426
31428
31430
31436
31439
31443
31445
31447
31448
31449
31451
31452
31454
31455
31460
31462
31463
31466
31471
31475
31479
31480
31481
31483
31485
31487
31489
31492
31495
31496
31500
31512
31514
31525
31528
31530
31535
31536
31539
31540
31541
31544
31549
31554
31559
31560
31564
31568
31569
31570
31571
31572
31577
31579
31580
31591
31592
31594
31598
31600
31604
31608
31611
31616
31618
31619
31630
31635
31638
31640
31641
31648
31649
31651
31654
31657
31659
31663
31672
31676
31679
31684
31686
31688
31706
31710
31712
31713
31714
31715
31721
31722
31724
31730
31734
31738
31739
31744
31751
31752
31753
31755
31757
31762
31777
31780
31783
31789
31794
31797
31798
31801
31803
31813
31822
31825
31826
31827
31831
31835
31836
31838
31839
31840
31843
31847
31849
31852
31856
31857
31859
31862
31864
31870
31872
31873
31878
31884
31891
31899
31900
31902
31903
31909
31912
31915
31917
31919
31923
31924
31926
31927
31928
31929
31933
31938
31940
31944
31950
31959
31963
31968
31969
31974
31975
31981
31984
31985
31991
31992
31993
31997
32007
32008
32014
32021
32025
32026
32027
32029
32030
32034
32036
32039
32041
32044
32047
32048
32051
32055
32063
32064
32066
32067
32070
32072
32075
32079
32083
32094
32095
32096
32103
32109
32110
32118
32127
32128
32129
32132
32137
32138
32147
32152
32154
32158
32162
32169
32170
32171
32178
32179
32182
32183
32190
32193
32194
32195
32196
32197
32199
32207
32211
32214
32216
32227
32232
32233
32234
32236
32237
32238
32240
32246
32257
32259
32270
32273
32274
32281
32287
32288
32289
32290
32291
32301
32302
32304
32308
32310
32318
32320
32333
32345
32346
32353
32354
32359
32363
32365
32366
32367
32373
32382
32383
32384
32385
32387
32388
32389
32391
32394
32395
32397
32400
32404
32405
32406
32410
32412
32417
32418
32421
32422
32424
32425
32431
32433
32437
32438
32447
32457
32460
32461
32464
32465
32466
32471
32472
32474
32480
32485
32489
32500
32508
32509
32511
32512
32514
32516
32520
32524
32526
32529
32532
32548
32551
32559
32560
32562
32580
32581
32583
32588
32597
32605
32606
32609
32614
32616
32624
32628
32629
32635
32637
32640
32647
32655
32656
32657
32661
32662
32663
32670
32675
32676
32677
32678
32684
32686
32687
32689
32695
32696
32700
32707
32710
32711
32712
32717
32723
32726
32729
32730
32734
32735
32738
32739
32740
32743
32744
32745
32746
32747
32754
32762
32764
32765
32768
32775
32778
32781
32784
32787
32790
32791
32795
32796
32797
32806
32815
32822
32824
32826
32828
32829
32833
32843
32845
32848
32849
32853
32854
32858
32859
32860
32861
32866
32868
32869
32870
32874
32880
32881
32884
32886
32891
32895
32897
32900
32904
32906
32908
32909
32915
32917
32918
32921
32922
32926
32928
32929
32932
32933
32940
32949
32951
32955
32957
32960
32965
32968
32969
32973
32975
32976
32977
32978
32982
32983
32989
32990
32992
32993
32999
33000
33001
33005
33008
33012
33016
33017
33021
33022
33033
33038
33041
33042
33044
33045
33051
33052
33061
33063
33064
33066
33072
33073
33075
33078
33079
33087
33090
33091
33095
33097
33100
33102
33103
33106
33108
33109
33116
33118
33119
33126
33127
33134
33142
33156
33158
33161
33165
33168
33173
33179
33180
33181
33182
33184
33186
33188
33191
33193
33206
33207
33210
33213
33217
33218
33219
33221
33234
33235
33239
33242
33250
33251
33254
33265
33267
33268
33276
33280
33285
33286
33292
33301
33316
33317
33318
33321
33325
33327
33328
33338
33342
33346
33347
33348
33349
33350
33358
33359
33360
33364
33365
33369
33371
33376
33379
33380
33383
33384
33385
33388
33391
33396
33397
33398
33399
33402
33404
33405
33408
33411
33415
33416
33417
33419
33424
33426
33429
33432
33434
33438
33439
33444
33445
33446
33452
33459
33468
33469
33470
33476
33478
33484
33492
33495
33496
33497
33498
33507
33508
33511
33516
33520
33524
33536
33537
33544
33548
33553
33560
33562
33618
33619
33626
33627
33629
33632
33643
33647
33649
33651
33654
33655
33656
33657
33664
33665
33671
33676
33681
33683
33687
33698
33699
33700
33705
33706
33714
33716
33717
33718
33720
33726
33729
33733
33739
33744
33747
33750
33759
33767
33771
33773
33788
33789
33791
33793
33802
33806
33809
33813
33814
33818
33829
33835
33837
33838
33839
33845
33846
33847
33848
33854
33858
33862
33863
33864
33869
33872
33876
33877
33878
33884
33886
33887
33889
33893
33908
33912
33914
33915
33920
33921
33926
33927
33928
33929
33932
33934
33937
33944
33952
33959
33960
33962
33965
33969
33972
33973
33976
33977
33982
33984
33986
33995
34006
34016
34017
34019
34022
34025
34028
34038
34039
34047
34048
34054
34055
34057
34063
34065
34070
34073
34077
34080
34086
34087
34088
34092
34095
34113
34121
34122
34124
34126
34138
34157
34159
34169
34174
34177
34180
34181
34182
34183
34185
34196
34203
34209
34227
34228
34229
34236
34238
34239
34242
34243
34244
34246
34251
34252
34264
34273
34275
34279
34297
34299
34302
34303
34304
34308
34309
34322
34329
34332
34333
34345
34346
34359
34364
34365
34368
34373
34384
34392
34405
34406
34411
34412
34415
34416
34419
34423
34431
34435
34440
34448
34460
34461
34463
34468
34473
34474
34482
34493
34508
34513
34516
34517
34519
34524
34527
34540
34541
34543
34547
34554
34557
34558
34561
34563
34565
34571
34573
34582
34588
34589
34593
34597
34598
34604
34608
34609
34613
34619
34623
34627
34629
34631
34634
34638
34639
34649
34651
34652
34655
34661
34666
34667
34668
34683
34694
34695
34698
34703
34704
34710
34718
34721
34723
34726
34730
34731
34740
34742
34761
34767
34773
34776
34777
34787
34789
34799
34807
34815
34816
34823
34825
34833
34837
34842
34845
34847
34848
34870
34877
34886
34898
34899
34900
34904
34906
34913
34914
34915
34916
34921
34923
34927
34929
34930
34931
34936
34946
34948
34949
34950
34952
34961
34964
34974
34979
34980
34988
34989
34991
34996
34997
35000
35004
35011
35012
35016
35021
35023
35029
35030
35036
35037
35038
35040
35045
35050
35053
35077
35082
35089
35093
35095
35097
35100
35102
35103
35107
35109
35119
35124
35132
35139
35145
35146
35147
35153
35155
35161
35162
35164
35166
35174
35176
35178
35182
35187
35192
35201
35204
35206
35210
35211
35214
35230
35238
35241
35244
35251
35253
35268
35269
35279
35290
35293
35294
35298
35302
35303
35306
35309
35314
35318
35320
35324
35326
35332
35341
35344
35355
35356
35365
35369
35378
35380
35381
35391
35394
35400
35403
35405
35407
35414
35420
35423
35426
35429
35432
35435
35437
35438
35446
35450
35452
35453
35456
35459
35469
35478
35487
35492
35494
35497
35501
35506
35513
35514
35518
35522
35538
35545
35549
35551
35553
35557
35558
35562
35579
35580
35581
35588
35589
35590
35594
35599
35602
35604
35605
35610
35623
35636
35639
35641
35646
35647
35648
35653
35655
35659
35661
35666
35671
35673
35676
35679
35680
35689
35691
35694
35703
35704
35713
35714
35716
35722
35725
35727
35735
35736
35756
35759
35764
35767
35771
35774
35775
35778
35779
35780
35782
35783
35784
35785
35793
35799
35811
35813
35817
35819
35820
35824
35828
35829
35830
35831
35835
35837
35841
35845
35848
35850
35851
35853
35871
35873
35874
35875
35886
35896
35902
35904
35909
35913
35915
35917
35923
35925
35930
35933
35935
35947
35951
35952
35972
35975
35977
35985
35986
35989
36001
36003
36007
36018
36019
36020
36021
36022
36030
36036
36038
36042
36044
36047
36053
36054
36062
36064
36067
36074
36079
36082
36088
36092
36099
36103
36104
36111
36113
36114
36118
36119
36120
36122
36129
36132
36136
36141
36143
36147
36148
36154
36156
36160
36170
36171
36173
36177
36178
36182
36186
36195
36201
36208
36216
36218
36223
36224
36236
36237
36243
36246
36248
36253
36254
36263
36265
36274
36276
36277
36278
36280
36283
36285
36294
36297
36300
36301
36320
36329
36330
36331
36334
36353
36355
36356
36358
36360
36367
36370
36373
36374
36375
36376
36378
36382
36383
36403
36406
36408
36414
36433
36437
36446
36448
36451
36452
36455
36459
36460
36462
36465
36469
36473
36474
36475
36476
36480
36482
36483
36490
36492
36503
36509
36510
36514
36525
36543
36546
36548
36552
36556
36557
36560
36562
36564
36569
36577
36582
36583
36585
36586
36597
36605
36612
36619
36624
36629
36630
36632
36637
36641
36649
36671
36672
36676
36678
36685
36686
36690
36691
36694
36702
36703
36711
36714
36716
36721
36724
36735
36738
36746
36753
36754
36764
36774
36787
36796
36799
36802
36803
36804
36808
36818
36819
36821
36827
36842
36846
36848
36851
36852
36855
36856
36859
36861
36864
36865
36866
36889
36893
36899
36901
36904
36915
36933
36934
36938
36939
36942
36943
36946
36949
36951
36954
36957
36958
36964
36966
36967
36974
36982
36987
37000
37003
37005
37011
37013
37015
37018
37019
37021
37022
37024
37027
37029
37047
37048
37051
37052
37059
37081
37083
37084
37085
37097
37098
37102
37104
37106
37117
37118
37119
37131
37138
37139
37142
37143
37151
37154
37160
37164
37171
37174
37183
37197
37198
37199
37206
37208
37210
37211
37214
37215
37223
37226
37233
37234
37251
37255
37258
37264
37275
37279
37285
37286
37297
37300
37303
37305
37308
37309
37311
37313
37317
37323
37324
37332
37333
37342
37343
37360
37361
37370
37373
37379
37387
37388
37394
37397
37400
37427
37430
37433
37444
37446
37459
37460
37467
37478
37484
37489
37492
37502
37503
37507
37514
37516
37518
37529
37530
37535
37540
37549
37551
37553
37557
37561
37567
37575
37586
37587
37590
37598
37604
37607
37608
37611
37615
37623
37625
37629
37630
37631
37632
37634
37637
37645
37653
37661
37664
37678
37680
37684
37685
37694
37698
37699
37701
37702
37707
37714
37715
37719
37721
37728
37734
37741
37754
37758
37762
37766
37771
37776
37781
37791
37803
37808
37809
37821
37843
37846
37847
37850
37852
37854
37856
37857
37858
37859
37878
37882
37892
37895
37907
37925
37937
37946
37958
37960
37967
37971
37975
37979
38006
38007
38009
38010
38011
38023
38026
38031
38035
38036
38045
38072
38096
38104
38112
38115
38124
38125
38138
38140
38150
38154
38160
38161
38168
38184
38193
38197
38202
38206
38208
38215
38218
38234
38246
38257
38258
38261
38267
38285
38289
38291
38292
38294
38302
38310
38312
38325
38335
38341
38348
38356
38362
38370
38378
38402
38409
38419
38424
38427
38434
38438
38445
38451
38471
38472
38473
38476
38482
38492
38495
38497
38499
38507
38510
38523
38526
38528
38529
38532
38533
38534
38538
38544
38551
38555
38562
38563
38571
38573
38584
38597
38598
38629
38637
38638
38644
38649
38669
38678
38685
38687
38695
38696
38703
38708
38710
38711
38714
38716
38723
38732
38765
38775
38778
38779
38783
38788
38799
38802
38811
38834
38838
38848
38849
38850
38853
38857
38873
38885
38888
38889
38894
38897
38911
38916
38924
38926
38931
38967
38969
38978
38981
38983
38992
38997
39025
39034
39036
39050
39061
39075
39077
39103
39111
39114
39119
39126
39129
39133
39139
39142
39152
39153
39156
39168
39186
39191
39192
39195
39199
39209
39212
39222
39234
39235
39238
39252
39253
39256
39264
39267
39269
39271
39273
39276
39281
39282
39283
39286
39291
39299
39306
39310
39324
39328
39342
39344
39347
39358
39359
39369
39372
39383
39386
39387
39391
39392
39403
39405
39407
39422
39423
39428
39434
39449
39463
39465
39468
39470
39471
39474
39483
39498
39504
39508
39509
39512
39521
39522
39525
39527
39530
39531
39538
39540
39542
39553
39557
39558
39579
39581
39582
39605
39615
39621
39635
39640
39641
39642
39644
39646
39649
39650
39656
39658
39664
39676
39679
39682
39686
39691
39692
39697
39704
39707
39718
39719
39731
39732
39744
39752
39764
39767
39776
39779
39783
39786
39787
39796
39797
39799
39801
39804
39809
39810
39816
39821
39828
39832
39841
39842
39843
39849
39850
39855
39865
39866
39867
39870
39874
39875
39892
39898
39899
39901
39902
39906
39908
39912
39913
39914
39916
39918
39921
39925
39930
39933
39938
39941
39944
39961
39962
39968
39977
39982
39996
40000
40004
40012
40016
40021
40023
40031
40036
40038
40040
40050
40051
40055
40058
40062
40069
40074
40077
40081
40085
40088
40091
40092
40103
40110
40114
40115
40116
40126
40132
40139
40149
40159
40166
40176
40181
40190
40198
40210
40225
40231
40246
40248
40249
40272
40280
40283
40293
40307
40320
40325
40330
40334
40343
40348
40356
40368
40370
40379
40387
40392
40397
40404
40408
40412
40423
40427
40428
40429
40435
40443
40453
40454
40455
40461
40464
40468
40470
40472
40475
40477
40478
40484
40489
40491
40495
40496
40499
40504
40513
40514
40528
40539
40543
40550
40553
40558
40561
40564
40570
40577
40579
40585
40588
40589
40591
40597
40602
40611
40612
40616
40624
40625
40626
40628
40637
40645
40651
40656
40665
40666
40671
40674
40686
40688
40689
40694
40696
40704
40714
40715
40716
40718
40721
40723
40725
40726
40727
40733
40738
40739
40745
40746
40747
40753
40756
40757
40758
40759
40760
40762
40763
40765
40772
40775
40782
40783
40789
40795
40796
40798
40802
40805
40816
40819
40825
40830
40832
40833
40834
40841
40846
40854
40862
40864
40865
40869
40899
40913
40915
40917
40918
40922
40926
40929
40934
40935
40938
40939
40940
40943
40944
40950
40951
40955
40956
40960
40965
40979
40980
40981
40989
41006
41007
41016
41019
41024
41025
41028
41030
41039
41046
41049
41052
41053
41054
41056
41063
41064
41070
41074
41078
41079
41080
41082
41088
41092
41093
41095
41096
41104
41108
41113
41123
41124
41142
41146
41150
41152
41153
41169
41172
41174
41177
41190
41193
41196
41197
41202
41208
41216
41219
41220
41228
41229
41237
41240
41242
41243
41247
41251
41263
41264
41267
41269
41275
41282
41291
41312
41319
41327
41328
41336
41340
41348
41352
41357
41362
41370
41372
41374
41376
41397
41406
41407
41429
41430
41434
41440
41453
41454
41455
41464
41475
41486
41494
41499
41505
41506
41507
41518
41519
41530
41535
41547
41548
41551
41554
41556
41563
41571
41580
41581
41583
41590
41603
41616
41618
41635
41641
41644
41650
41655
41658
41665
41666
41667
41678
41684
41685
41687
41689
41692
41696
41701
41704
41706
41711
41712
41716
41717
41719
41726
41728
41732
41735
41740
41744
41756
41761
41764
41765
41772
41774
41775
41778
41779
41780
41783
41790
41791
41794
41804
41811
41817
41821
41822
41826
41829
41834
41836
41846
41852
41853
41860
41861
41866
41867
41868
41871
41873
41883
41886
41893
41896
41898
41900
41904
41906
41915
41917
41921
41928
41931
41936
41938
41945
41956
41963
41967
41972
41981
41982
41990
41995
41996
41998
42001
42005
42014
42016
42017
42018
42021
42026
42035
42042
42044
42045
42047
42048
42053
42054
42066
42076
42080
42086
42087
42096
42104
42115
42120
42123
42124
42126
42130
42133
42143
42152
42154
42155
42156
42160
42165
42166
42174
42178
42181
42182
42185
42191
42197
42206
42208
42209
42211
42212
42219
42233
42239
42245
42247
42248
42253
42254
42261
42262
42266
42270
42271
42278
42279
42284
42291
42293
42294
42298
42299
42301
42303
42304
42307
42310
42311
42313
42317
42318
42319
42323
42326
42329
42330
42336
42338
42351
42353
42367
42373
42374
42379
42382
42396
42397
42402
42404
42405
42411
42412
42413
42414
42415
42433
42440
42443
42447
42451
42458
42465
42471
42474
42478
42479
42481
42483
42484
42488
42490
42491
42492
42498
42503
42506
42518
42530
42556
42560
42562
42564
42568
42579
42581
42582
42585
42592
42594
42602
42605
42616
42621
42625
42627
42632
42636
42641
42643
42645
42646
42652
42656
42665
42667
42681
42683
42684
42685
42687
42694
42695
42708
42713
42718
42723
42727
42733
42735
42736
42739
42741
42756
42758
42769
42771
42777
42778
42779
42781
42789
42796
42808
42809
42811
42817
42818
42822
42823
42830
42832
42835
42839
42842
42844
42849
42850
42860
42869
42872
42886
42889
42894
42899
42900
42906
42911
42912
42914
42915
42918
42926
42929
42931
42932
42937
42939
42940
42944
42955
42977
42981
42988
42990
43000
43006
43007
43012
43020
43028
43034
43038
43039
43055
43060
43062
43063
43068
43090
43093
43097
43099
43105
43106
43116
43120
43123
43132
43134
43135
43145
43161
43168
43169
43170
43172
43173
43179
43185
43205
43214
43216
43222
43224
43226
43228
43235
43247
43253
43255
43259
43268
43269
43270
43275
43276
43285
43298
43304
43315
43321
43322
43323
43328
43335
43337
43341
43357
43363
43373
43376
43395
43400
43409
43414
43432
43433
43437
43449
43468
43474
43485
43486
43487
43495
43503
43506
43508
43515
43523
43524
43525
43542
43546
43549
43552
43554
43560
43583
43584
43593
43594
43602
43604
43621
43625
43641
43647
43648
43652
43654
43657
43661
43663
43668
43670
43672
43673
43674
43679
43682
43685
43687
43692
43701
43708
43712
43716
43718
43720
43723
43727
43741
43753
43755
43762
43765
43769
43788
43789
43795
43803
43809
43812
43816
43817
43822
43823
43830
43840
43856
43857
43858
43861
43865
43867
43871
43876
43880
43883
43891
43897
43901
43902
43914
43925
43926
43927
43933
43948
43960
43965
43968
43981
43983
43991
43994
44001
44003
44005
44014
44016
44024
44027
44030
44035
44041
44053
44056
44057
44063
44069
44070
44071
44083
44085
44090
44099
44105
44109
44110
44115
44117
44119
44121
44123
44127
44133
44138
44142
44144
44152
44158
44160
44168
44179
44184
44188
44190
44195
44199
44202
44204
44207
44212
44214
44215
44230
44239
44257
44263
44268
44271
44274
44280
44281
44289
44291
44296
44297
44298
44306
44307
44312
44315
44317
44318
44330
44335
44336
44340
44342
44345
44349
44351
44355
44369
44375
44380
44382
44384
44400
44404
44412
44417
44419
44420
44425
44427
44430
44432
44437
44438
44440
44463
44467
44469
44471
44473
44477
44479
44488
44505
44509
44510
44512
44513
44515
44536
44541
44546
44547
44565
44575
44579
44583
44585
44588
44591
44596
44599
44604
44610
44612
44615
44616
44618
44620
44625
44626
44627
44628
44633
44637
44638
44644
44649
44651
44656
44671
44675
44681
44683
44686
44688
44692
44701
44703
44705
44707
44712
44726
44735
44741
44746
44748
44757
44762
44763
44765
44778
44780
44786
44795
44797
44798
44800
44802
44803
44804
44810
44812
44819
44833
44838
44847
44848
44851
44853
44858
44862
44869
44873
44880
44882
44887
44889
44892
44909
44913
44916
44919
44928
44929
44932
44936
44945
44947
44948
44962
44967
44968
44989
44991
44995
45002
45007
45009
45010
45013
45019
45020
45026
45028
45032
45044
45046
45047
45053
45072
45091
45105
45106
45109
45111
45113
45114
45122
45123
45126
45127
45129
45130
45131
45133
45139
45149
45153
45154
45155
45157
45158
45173
45175
45177
45178
45180
45181
45182
45184
45188
45193
45194
45196
45208
45212
45213
45214
45216
45219
45220
45221
45223
45224
45226
45228
45232
45236
45239
45245
45246
45252
45257
45270
45271
45272
45274
45276
45279
45284
45287
45290
45293
45297
45303
45304
45309
45312
45313
45318
45319
45324
45330
45331
45332
45338
45345
45354
45355
45358
45361
45362
45364
45369
45371
45375
45384
45389
45391
45392
45402
45403
45410
45411
45412
45415
45416
45418
45423
45433
45438
45439
45442
45444
45448
45455
45456
45459
45464
45466
45474
45481
45496
45498
45508
45516
45520
45530
45535
45537
45541
45551
45553
45557
45559
45563
45566
45567
45573
45578
45581
45583
45593
45594
45596
45598
45600
45606
45611
45613
45620
45626
45627
45636
45637
45647
45664
45673
45675
45676
45681
45686
45687
45690
45692
45694
45695
45696
45698
45700
45703
45705
45719
45725
45727
45730
45734
45739
45744
45747
45749
45752
45754
45755
45756
45757
45759
45763
45764
45769
45773
45777
45778
45779
45786
45792
45793
45796
45800
45805
45815
45818
45830
45832
45834
45836
45842
45847
45852
45858
45861
45863
45871
45874
45877
45879
45880
45882
45886
45889
45901
45902
45903
45914
45918
45925
45928
45932
45941
45951
45952
45954
45956
45963
45967
45970
45998
46007
46013
46017
46019
46025
46026
46031
46032
46033
46035
46040
46044
46047
46055
46057
46058
46060
46062
46065
46070
46074
46077
46080
46082
46093
46097
46100
46102
46108
46111
46117
46118
46121
46123
46136
46137
46140
46143
46145
46150
46152
46153
46154
46157
46159
46165
46173
46174
46176
46177
46184
46185
46186
46188
46192
46195
46196
46197
46200
46202
46204
46207
46208
46218
46223
46230
46235
46236
46238
46241
46245
46248
46251
46259
46262
46270
46271
46275
46276
46291
46293
46296
46298
46302
46306
46312
46313
46315
46317
46319
46322
46323
46330
46331
46338
46339
46343
46345
46349
46353
46354
46357
46361
46367
46373
46375
46376
46380
46381
46382
46385
46393
46394
46395
46398
46401
46405
46406
46407
46410
46411
46440
46445
46447
46451
46453
46460
46462
46470
46476
46477
46478
46484
46490
46497
46504
46505
46508
46509
46515
46518
46522
46523
46525
46529
46536
46539
46541
46542
46543
46544
46554
46555
46559
46567
46572
46574
46576
46579
46583
46585
46587
46595
46597
46607
46608
46610
46614
46618
46621
46623
46629
46630
46633
46634
46638
46643
46644
46665
46680
46681
46695
46698
46701
46702
46705
46710
46716
46730
46732
46738
46739
46741
46749
46765
46769
46777
46780
46782
46785
46791
46792
46793
46800
46804
46806
46807
46816
46824
46832
46833
46844
46845
46847
46852
46867
46868
46875
46876
46880
46882
46884
46885
46890
46892
46897
46900
46902
46906
46908
46909
46915
46916
46918
46920
46922
46923
46924
46925
46928
46932
46937
46941
46942
46945
46955
46967
46968
46969
46971
46974
46986
46988
46991
46994
46996
47004
47008
47009
47012
47017
47020
47029
47039
47041
47055
47059
47063
47064
47070
47073
47079
47083
47084
47086
47089
47090
47092
47099
47103
47104
47105
47106
47111
47116
47117
47120
47129
47130
47135
47144
47152
47156
47161
47169
47170
47174
47179
47183
47185
47192
47199
47205
47211
47220
47224
47225
47226
47229
47240
47241
47242
47245
47248
47249
47252
47253
47255
47261
47269
47277
47279
47282
47283
47284
47295
47304
47308
47312
47313
47314
47320
47322
47324
47329
47336
47343
47349
47353
47354
47357
47359
47370
47376
47378
47380
47388
47391
47393
47399
47400
47402
47406
47419
47421
47425
47426
47428
47431
47437
47446
47451
47454
47455
47457
47460
47465
47469
47475
47479
47483
47488
47490
47491
47496
47501
47506
47509
47514
47517
47519
47523
47524
47537
47538
47549
47551
47552
47557
47558
47559
47562
47566
47567
47571
47576
47578
47580
47581
47588
47589
47590
47593
47595
47596
47600
47606
47611
47615
47617
47620
47627
47629
47636
47637
47644
47647
47659
47669
47670
47681
47688
47693
47694
47702
47706
47707
47713
47715
47716
47728
47745
47756
47757
47762
47772
47773
47774
47776
47787
47790
47792
47795
47799
47812
47821
47823
47824
47828
47833
47836
47837
47838
47839
47846
47847
47850
47851
47852
47854
47858
47861
47865
47866
47875
47879
47880
47882
47899
47900
47902
47908
47911
47915
47918
47923
47925
47928
47931
47942
47956
47960
47963
47966
47970
47971
47977
47979
48006
48008
48011
48012
48013
48017
48019
48027
48030
48038
48041
48047
48068
48073
48074
48075
48077
48084
48088
48093
48103
48104
48106
48109
48117
48121
48128
48129
48132
48133
48138
48166
48167
48169
48181
48183
48187
48190
48196
48197
48198
48202
48207
48208
48209
48210
48214
48217
48218
48227
48245
48254
48258
48266
48268
48270
48279
48292
48293
48301
48303
48309
48310
48313
48315
48318
48319
48325
48328
48329
48333
48334
48336
48346
48347
48350
48360
48363
48366
48367
48368
48373
48375
48377
48378
48381
48384
48386
48395
48398
48405
48409
48414
48415
48416
48418
48422
48428
48433
48436
48437
48445
48446
48457
48460
48468
48474
48477
48480
48481
48483
48487
48491
48496
48499
48502
48505
48512
48524
48525
48528
48532
48538
48542
48543
48557
48565
48569
48572
48573
48575
48582
48584
48616
48617
48622
48623
48625
48626
48631
48634
48636
48637
48641
48653
48660
48663
48666
48667
48668
48669
48670
48676
48680
48693
48694
48698
48699
48704
48708
48714
48717
48719
48725
48727
48734
48735
48737
48738
48739
48743
48744
48753
48755
48758
48761
48765
48766
48774
48778
48785
48791
48794
48796
48800
48814
48821
48825
48826
48828
48830
48839
48840
48845
48849
48853
48856
48857
48871
48886
48897
48900
48903
48907
48909
48914
48916
48922
48923
48927
48929
48930
48932
48933
48940
48952
48956
48958
48960
48961
48964
48967
48975
48978
48981
48982
48992
48998
48999
49001
49011
49012
49013
49014
49017
49025
49027
49029
49032
49040
49046
49052
49055
49062
49067
49069
49073
49081
49084
49086
49087
49094
49096
49097
49099
49105
49107
49110
49112
49115
49117
49120
49123
49131
49133
49134
49139
49151
49167
49169
49181
49185
49190
49192
49201
49207
49210
49215
49223
49224
49226
49228
49248
49249
49255
49257
49259
49260
49268
49275
49278
49279
49281
49289
49292
49299
49300
49304
49323
49324
49335
49342
49343
49346
49350
49357
49358
49363
49374
49375
49376
49384
49385
49386
49389
49393
49402
49403
49407
49409
49410
49415
49417
49428
49431
49434
49438
49442
49448
49449
49454
49455
49458
49479
49488
49493
49494
49496
49497
49499
49509
49513
49517
49520
49526
49527
49528
49531
49532
49538
49549
49553
49554
49555
49557
49571
49573
49582
49584
49587
49592
49595
49600
49601
49606
49608
49613
49614
49622
49625
49641
49643
49646
49647
49653
49660
49662
49663
49667
49680
49687
49698
49710
49712
49720
49724
49725
49727
49736
49738
49739
49746
49754
49756
49762
49772
49773
49774
49776
49783
49788
49790
49793
49796
49798
49799
49806
49813
49816
49824
49828
49833
49840
49843
49845
49847
49851
49852
49856
49869
49870
49874
49879
49883
49888
49889
49891
49897
49899
49901
49910
49915
49919
49923
49924
49925
49928
49933
49934
49936
49940
49946
49955
49957
49964
49967
49970
49971
49973
49983
49984
49986
49990
49991
49992
50000
50002
50003
50004
50007
50008
50012
50026
50038
50044
50045
50047
50052
50054
50055
50056
50066
50071
50073
50074
50076
50081
50084
50087
50091
50092
50100
50110
50113
50114
50120
50121
50124
50125
50128
50129
50132
50139
50145
50148
50149
50157
50163
50164
50170
50173
50178
50179
50186
50190
50194
50195
50202
50208
50209
50212
50216
50217
50218
50223
50224
50226
50234
50239
50241
50243
50246
50247
50259
50270
50279
50282
50284
50295
50298
50306
50315
50324
50325
50326
50329
50338
50347
50348
50357
50359
50364
50369
50372
50376
50383
50387
50396
50398
50400
50401
50405
50406
50407
50409
50413
50416
50421
50430
50433
50436
50441
50447
50454
50457
50458
50465
50467
50468
50471
50472
50477
50481
50489
50493
50495
50501
50512
50516
50520
50525
50526
50529
50530
50535
50536
50540
50541
50544
50549
50557
50560
50562
50570
50579
50582
50584
50587
50590
50592
50597
50601
50606
50610
50611
50613
50615
50616
50618
50624
50633
50634
50640
50641
50646
50648
50654
50664
50667
50669
50675
50677
50679
50681
50683
50684
50685
50687
50689
50697
50698
50704
50713
50714
50716
50723
50727
50740
50742
50745
50747
50750
50758
50759
50761
50764
50765
50768
50772
50774
50776
50779
50780
50803
50807
50809
50815
50819
50821
50828
50834
50857
50860
50861
50865
50867
50868
50872
50874
50878
50881
50891
50909
50918
50921
50923
50924
50933
50940
50941
50944
50945
50948
50957
50961
50962
50968
50982
50983
50984
50991
50998
51004
51006
51009
51010
51012
51015
51016
51018
51022
51023
51026
51032
51048
51050
51058
51063
51064
51066
51067
51071
51072
51076
51077
51089
51108
51112
51113
51115
51125
51133
51136
51139
51140
51146
51148
51157
51170
51173
51177
51183
51189
51190
51191
51193
51200
51205
51210
51211
51212
51215
51219
51226
51234
51235
51236
51254
51257
51262
51264
51269
51270
51274
51292
51297
51298
51299
51302
51316
51317
51319
51325
51327
51331
51340
51342
51344
51351
51354
51361
51362
51367
51376
51379
51380
51384
51389
51392
51395
51401
51405
51412
51429
51446
51448
51451
51452
51468
51473
51478
51483
51499
51503
51504
51505
51506
51507
51509
51510
51514
51527
51530
51532
51548
51551
51555
51560
51565
51568
51571
51572
51578
51584
51585
51588
51593
51596
51603
51605
51610
51611
51614
51617
51619
51621
51622
51623
51625
51629
51631
51641
51649
51659
51664
51676
51683
51684
51691
51699
51700
51703
51706
51718
51722
51735
51736
51737
51738
51739
51752
51753
51754
51755
51761
51763
51765
51773
51775
51778
51779
51783
51784
51790
51791
51794
51799
51803
51841
51842
51845
51847
51865
51869
51873
51886
51887
51892
51901
51905
51911
51913
51914
51922
51924
51928
51937
51946
51959
51960
51963
51971
51972
51975
51986
51989
51995
51999
52002
52006
52008
52010
52019
52023
52025
52027
52031
52033
52036
52038
52044
52045
52046
52049
52050
52052
52054
52066
52068
52074
52076
52083
52092
52095
52097
52099
52103
52104
52108
52109
52116
52126
52127
52132
52150
52151
52152
52161
52164
52165
52168
52169
52171
52178
52185
52186
52190
52193
52197
52200
52202
52205
52207
52211
52217
52228
52229
52231
52235
52237
52239
52240
52244
52247
52252
52256
52259
52261
52263
52268
52281
52283
52284
52286
52290
52291
52292
52301
52312
52314
52318
52327
52328
52339
52347
52349
52350
52352
52353
52357
52361
52362
52388
52391
52395
52396
52397
52406
52409
52413
52419
52431
52432
52437
52447
52455
52456
52458
52464
52483
52485
52486
52489
52490
52492
52493
52494
52496
52501
52509
52510
52514
52521
52529
52533
52537
52542
52544
52550
52554
52556
52558
52559
52564
52565
52569
52571
52579
52583
52584
52586
52595
52598
52601
52605
52607
52611
52612
52617
52634
52636
52643
52646
52658
52667
52671
52673
52679
52682
52683
52684
52694
52710
52712
52716
52719
52720
52721
52727
52735
52738
52742
52749
52756
52758
52765
52773
52775
52777
52780
52788
52800
52807
52808
52816
52820
52823
52825
52828
52830
52831
52844
52845
52847
52853
52854
52858
52867
52874
52878
52889
52892
52893
52894
52903
52919
52924
52928
52929
52930
52931
52940
52943
52947
52949
52951
52952
52953
52963
52966
52967
52973
52976
52984
52988
52991
52997
52998
53000
53002
53003
53010
53011
53014
53020
53021
53025
53029
53037
53044
53051
53058
53062
53065
53067
53074
53076
53083
53084
53085
53086
53088
53090
53096
53098
53100
53108
53111
53115
53116
53117
53120
53121
53122
53124
53128
53134
53138
53143
53149
53154
53155
53156
53158
53168
53171
53174
53175
53177
53180
53183
53185
53194
53195
53208
53209
53212
53222
53223
53228
53233
53237
53239
53252
53255
53257
53258
53261
53262
53263
53265
53270
53273
53277
53280
53281
53282
53286
53291
53294
53296
53303
53312
53318
53319
53321
53327
53334
53337
53339
53341
53343
53350
53357
53358
53363
53369
53372
53374
53380
53386
53390
53392
53397
53399
53403
53415
53416
53425
53431
53436
53440
53441
53444
53448
53449
53450
53456
53461
53468
53474
53475
53481
53488
53490
53495
53497
53504
53505
53506
53510
53516
53519
53522
53523
53527
53528
53532
53535
53544
53546
53547
53558
53562
53566
53567
53577
53583
53590
53597
53600
53602
53606
53610
53611
53612
53613
53621
53623
53626
53627
53638
53639
53641
53643
53645
53650
53653
53658
53661
53663
53669
53671
53674
53677
53680
53687
53692
53693
53699
53702
53704
53707
53708
53718
53722
53723
53724
53725
53728
53730
53732
53738
53740
53741
53749
53750
53752
53753
53754
53755
53760
53767
53771
53779
53780
53783
53793
53796
53809
53813
53822
53828
53829
53831
53833
53835
53842
53853
53856
53857
53860
53864
53868
53870
53871
53875
53879
53881
53882
53885
53886
53888
53889
53892
53894
53895
53896
53897
53905
53907
53908
53910
53911
53912
53913
53922
53923
53927
53928
53934
53937
53944
53947
53948
53950
53952
53955
53957
53958
53960
53968
53970
53972
53976
53985
53986
53987
53990
53991
53992
54004
54005
54009
54014
54023
54032
54033
54035
54037
54042
54043
54052
54065
54076
54084
54087
54089
54091
54094
54097
54100
54101
54104
54107
54110
54111
54115
54130
54137
54140
54141
54143
54163
54167
54171
54173
54174
54176
54178
54180
54181
54182
54185
54186
54197
54203
54209
54211
54215
54218
54219
54225
54232
54233
54235
54236
54237
54239
54242
54243
54244
54247
54248
54250
54251
54259
54260
54262
54272
54273
54276
54278
54283
54284
54293
54294
54296
54299
54300
54301
54304
54315
54320
54325
54328
54339
54341
54344
54347
54351
54352
54354
54360
54364
54365
54367
54373
54375
54376
54393
54395
54397
54403
54404
54407
54411
54412
54428
54434
54437
54438
54440
54457
54466
54469
54471
54473
54474
54479
54483
54486
54493
54496
54506
54507
54509
54512
54515
54517
54518
54524
54528
54532
54533
54547
54552
54553
54566
54572
54575
54583
54589
54590
54592
54595
54598
54606
54609
54611
54620
54622
54624
54629
54634
54641
54653
54659
54660
54674
54677
54680
54681
54690
54693
54713
54722
54730
54764
54767
54770
54774
54780
54781
54782
54788
54789
54800
54803
54806
54810
54812
54815
54841
54849
54854
54862
54866
54867
54870
54871
54876
54880
54883
54886
54887
54892
54901
54914
54928
54932
54936
54938
54939
54943
54944
54954
54959
54964
54974
54985
54988
54989
55003
55009
55010
55012
55013
55015
55019
55021
55022
55025
55026
55027
55028
55043
55044
55050
55051
55058
55061
55071
55073
55078
55091
55093
55094
55097
55110
55113
55115
55131
55132
55133
55135
55138
55139
55151
55152
55154
55156
55158
55163
55177
55182
55183
55189
55207
55215
55216
55221
55232
55234
55236
55237
55238
55251
55257
55267
55268
55272
55278
55282
55290
55291
55293
55297
55299
55306
55309
55322
55330
55341
55342
55345
55348
55353
55357
55359
55360
55372
55377
55379
55381
55384
55385
55386
55391
55393
55397
55404
55412
55414
55425
55432
55434
55445
55446
55447
55450
55474
55481
55487
55489
55492
55499
55503
55504
55505
55509
55510
55511
55513
55515
55517
55535
)


// ************************************************************************* //
