/*--------------------------------*- C++ -*----------------------------------*\
| =========                 |                                                 |
| \\      /  F ield         | OpenFOAM: The Open Source CFD Toolbox           |
|  \\    /   O peration     | Version:  v2012                                 |
|   \\  /    A nd           | Website:  www.openfoam.com                      |
|    \\/     M anipulation  |                                                 |
\*---------------------------------------------------------------------------*/
FoamFile
{
    version     2.0;
    format      ascii;
    class       volScalarField;
    location    "250";
    object      gammaInt_0;
}
// * * * * * * * * * * * * * * * * * * * * * * * * * * * * * * * * * * * * * //

dimensions      [0 0 0 0 0 0 0];


internalField   nonuniform List<scalar> 
13917
(
1
1
1
1
1
1
1
1
1
1
1
1
1
1
1
1
1
1
1
1
1
1
1
1
1
1
1
1
1
1
1
1
1
1
1
0.998575
1
1
1
1
1
1
1
1
1
1
1
1
1
1
1
1
1
1
1
1
1
1
1
1
1
1
1
1
1
0.999728
1
1
1
1
1
1
1
1
1
1
1
1
1
1
1
1
1
1
1
1
1
0.997503
1
1
1
1
1
1
0.998865
1
1
1
0.999999
1
1
1
1
1
1
1
1
1
1
1
1
1
1
1
1
1
1
1
1
1
1
1
1
1
1
1
1
1
1
1
1
1
1
1
0.999779
1
1
1
1
1
1.00015
1
1
1
1
1
1
1
1
1
1
1
1
1
1
1
1
0.999232
1
0.999688
1
1
1
1
1
1
1
1
1
1
1
1
1
1
1
1
1
1
1
1
1
1
1
1
1
1
0.999986
1
1
1
0.99989
1
0.999976
1
1
1
1
1
1
0.971128
1
1
1
1
1
1.00233
1
1
1
1
1
1
1
1
1
1
1
1
1
1
1
1
1
1
1
1
0.99784
1
1
0.999598
1
1
1
1
1
1
1
1
1
1
1
1
1
1.00019
1
1
1
1
1
1
1
1
1
1
1
1
1
1
1
1
1
1
1
1.00126
1
1
1
0.999858
1
1
1
1
1
1
1
1
0.999729
1
1
1
1
1
1
1
1
1
1
1.0002
1
1
1.00086
1
1
1
1
1
1
1
1
1
1
1
1
1
1
1
1
1
1
1
1
1
1
1
1
1
1
1
1
1
1.00003
1
1
1
0.998665
1
1
1
1
1
1
1
1
1
1
1
1
1
1
1
1
1
1
1
1
1
1
1
1
1.00023
1
1
1
0.999971
1
1
1
1
1.00139
1
1
1
1
1
1
1
1
1
1
1
1.00096
1
1
1
1
1
1
1
1
1
1
1
1
1
1
1
1
1
1
1
0.996331
1
1.00015
1
1
1
1
1
1
1
1
1
1
1
1
1
1
1
1
1
1
1
1
1.00006
1
1
1
1
0.999989
1
1
1
1
0.999998
1
1
1
1
1
1
1
1
1
1
1
1
1.00008
1
1
1
1
1
1
1
1
1
1
1
1
1
1
0.998813
1
1
1
1
1
1
1
1
1.00014
1
1
1
1
1
1
1
1
1
1
1
1
1
1
1
1.00002
1
1
0.999997
1
0.999999
1
1
1
1
0.999322
1
1
1
1
1
1
1
1
1
1
1
1
1
1.00001
1
1
0.999376
1
1
1
0.99999
1
1
1
1
1.00001
1
1
1
1
1
1
1
1.00026
1
1
1
1
1
0.998213
1
0.999991
1
1
1
1
1
1
1
1
1
1
1
1
1.00071
1
1
1
1
1
1
1
0.999969
1
1
0.997897
1
1
1
1
1
1
0.999242
1
1
0.999775
1
1
1
1
1
1
1
1
1
1
1
0.999954
1
1
1
1
1
1
1
1
1
1
1
1
1
1
1
1
0.997714
1
1
1
1
1
1.00006
1
1
1
1
1
1
1
1
1
0.999999
1
1
1
1
1
1
1
1
1
1
1
1
1
1
1
1
1
1
1
0.999895
1
0.99934
1
0.999995
1
1
1
1
1
1
1
1
1
1
1.00016
1
1
1
1
1
0.997033
1
1
1
1
1
1
1
0.930146
1
1
1
1
1
1
1
1
1
1
0.999539
0.999997
1
1
1
1
1
1
1
1
1
1
1
1
1
1
1
1
1
1
1
1
1
1
1
1
1
1
1
1
1
1
1
1
1
1
1
1
1
1
1
0.999818
1
1.00163
0.999907
1
1
1
1
1.00001
1
1
1
1
1
1
1
1
1
1
1
1
1
1
1
1
1
1
1
1
1
1
1
1
1
1
1
1
1
1
1
1
1
0.999999
1
1
1
1
1
1
1
1
0.999768
1
1
1
1
1
1
1
1
1
1
1
1
1
1
1
1
1
1
1
1
1
1
1
1
1
1
1
0.999473
1
1
1
1
1
1
1
0.999913
1
1
1
1
1
1
1
1
1
1
1
1
1
1
1
1
1
1
0.998272
1
0.997719
1
1
1
1
1.00015
1
1
1
1
1
1
1
1
1
1
1
1
1
1
1
1
1
1
1
1
1
1
1
1
1
1
1
1
1
1
1
1
1
1
0.999996
1
1
1
1
1
1
1
1
1
1
1
1
1
1
1
1
1
1
1
1
0.999996
1
1
1
0.999922
1
1
1
1
1
1
1
1
1
1
1
1
1
1
1
1
1
1
1
1
1
1
1
1
1
1
1
1
1
1
1
1
1
1
1
1
0.999987
1
1
1
1
1
1
1
1
1
1
1
1
1
1
1
0.999999
1
1
1
1
1
1
1
1
1
1
1
1.00022
0.998517
0.999999
0.999032
1
1
1
1
1
1
1
1
1
1
0.999856
1
1
1
1
0.999996
1
1
1
1
1
1
1
1
1
1
1
1
1
1
1
1
1
1
0.999999
1
1.00059
1.00001
1
1
1.00008
1
1
1
1
1
1
1
1
1
1
1
1
1
1
1
1
1
1
1
1
1
1
1
1
1
1
1.00116
1
1
1
1
1
1
1
1
1
1
1
1
1
1
1
1
1
1
1
1
1
1
1
1
1
1
1
1
1
1
1
1
1
1
1
1
1.00012
1
1
1
1
1
1
1
1
1.00001
1
1
1
1
1
1.00007
1
0.998047
1
1
1
1
1
1
1
1
1
1
1
1
1
1
1
1.00004
1
1
1
1
1
1
1
1
1
1
1
1
1
1
1
1
1
1
0.999634
1
1
1
1
1
1
1
1
1
1
1
1
1
1
1
1
1
1.00021
1
0.999986
1
1
1
1
1
1
1
1
1
1
1
1
1
1
1
1
1
1.00031
1
1
1
1
1
1
1
0.999999
1
1
1
1
0.999999
1
1
1
1
1
0.993999
1
1.0006
1
1
1
0.999235
1
1
1
1
1
1
1
1
1
1
1
1
1
1
1
1
0.999937
1
0.999983
1
1
1
1
1
0.999984
1
0.999997
1
1
1
1
1
1
1
1
1
1
1
1
1
1
1
1
1
1
1
1
1.00078
1
1
1
1
1
1
1
1
1
1
0.987185
1
1
1
1
1
1
0.999996
1
1
1
1
1
1
1
1
1
1
1
0.999955
1
1
1
1
1
1
1
1
1
1
1
1
1
1
1
1
1
1
1
1
1
1
1
1
1
1
1
1
1
1
1
1
1
1
1
1
1
1
1
1
1
1
1
1
1
1
1
1
1
1
1
1
1
1
1
1
1.00002
1.00132
0.999857
1
1
1
1
1
1
1
1
1
1
1
1
1
1
1
1
1
1
1
1
1
1
1
1
1
1
1
1
1
1
1
1
1
1
1
1
1
1
1
1
1
1.00018
1
1
1
1
1
1
1
1
1
1
1
1
1
1
1
1
1
1
1
0.999887
1
1
1
1
1
1
1
1
1
1
1
1
1
1
1
1
1
1
1
1
1
1
1
1
1
1
1
1
1
1
1
1
1
1
1
1
1
1
1
1
1
1
1
1
1
1
1
1
0.998326
1
1
1
1
1
1
1
1
1
1
0.999615
1
1
0.999369
1
1
1
1
1
1
1.00009
1
1.00014
1
1
1
1
1
1
1
1
1
1.00015
1
1
1
1
1.00002
1
1
1
1
1
1
1
1
1
0.999271
1
1
1
1
1
1
1
1
1
1
1
1
1
1
1
1
1.00105
1
1
1
1
1
1
0.998635
1
1
0.997407
1.00028
1
1
1
1
1
1
1
1
1
1
1
0.999449
0.999097
1
1
1
1
1
1
0.997052
0.99992
1
1
1
1
1
1
1
1
1
1
1
1
1
1
1
1
1
1
1
1
1
1
1
1
0.999997
1
1
1
1
1
1
1
1
1
1
1
1
1
1
1.00035
1
1
1
1.00272
1
1
1
1.00496
1.00009
1
1
1
1
1
1
1
1
1
1
1
1
1
1
1
1
1
1
1
1
1
1
1
1
1
1
1
1
1
1
1
1
1
1
1
1
1
0.996104
1
1
1
1
1
1
1
1
1
1
1
1
1
1
1.00012
1
1
1
1
1
1
1
1
1
1
1
1
1
1
1
1
1
1
1
1
1
1
1
0.997719
1
1
1
1
1
1
1
1
1
1
0.999999
1
0.999996
0.993939
1
1
1
1
1
1
1
1
1
1
1.00056
1
1
1
1
1
1
1.00056
1
1
1
1
1
1
1
1
1
1
1
1
1
1
1
1
1
1
1
1.00012
1
1
1
1
1
1
1
1
1
1
1
1
1
1
1
1
1
1
1
1
1
1
1
1
1
1
1
1.00001
1
1
1
1
0.999986
1
1
1.00001
1
1.00002
1
1.00002
1
1
1
1
1
1
1
1
1
1
1
1
1
1
1
1.00005
1
1
1
1
1
1
1
1
1
1
1
1
1
1
1
1
1
1
1
1
1
1
1
0.999799
1.00008
0.999868
1
1
1
1
1
1
1
1
1
1
1
1
1
1
1
1
1
1
1
1
0.999744
0.999873
1.00003
1
1
1.00003
1
1
1
1
1
1
1
1
1
1
1
1
1
1
1
1
1
1
1
1
1
1
1
1
1
1
1
1
1
1
1
1
1
1
1
1
1
1
1
1
1
0.994993
1.00119
1
1
0.999991
1
1
1
1
1
1
1
1
1
1
1
1
1
1
1
1
1
1
1
1
1
1
1.00011
1
1
1
1.00017
1
1
1
1
1
1
1
0.999246
0.999824
1
1.00015
1
1
1
1
1
1
1
1
1
1
1
1
1
1
1
1
1
1
1
1
1
1
0.999998
1
1
1
0.999937
1
1
1
1
0.999999
1
1
1
1
1
1
1
1
1
1
1
1
1
1
1
1
1
1
1
1
1
1
1
1
1
1
1.00013
1
1
1
1
1
1
1
1
1
1
1
1
1
1
1
1
1
1
1
1
1
0.999997
1
1
1
1
1
1
1
1
1
1
1
1.00111
1
1
1
1
1
1
1
1
1
1
1
1
1
1
1
1
1
1
1
1
1
1
1
1
1
1
1
1
1
1
1
0.999972
1
0.999967
1.00128
1
1
1
0.995785
1
1
1
1
1
0.999696
1
1
1
1
1
1
1
1
1
1
1
1
1
1
1
1
1
1
1
1
1
1
1
1
1
1
1.00001
1
1
0.999623
1
1
1
1
1
1
1
1
1
1
1
1
1
0.999769
1
1
1
1
1
1
1
1
1.00061
1
1
1
1
1
1
1.00031
1
1
1
1
1
1
1
1
1
1
1
1
0.999848
1
1
1
1
1
1
0.999998
1
1
1.00018
1
1
1
1
1
1
1
1
1
1
1
1
1
1.00003
1
1
1
1
1
1
1
1
1
1
1
1
0.99984
1
1
1
0.999975
1
1
1
1
1
1
1
1
0.999997
0.990739
1
1
1
0.998372
1
1
1
1
1
1
1.00026
1
1
1
1
1
0.999879
1
1
1
1
1
1.00011
1
1
1
1
1
1
1
1
1
1
1
1
1
1
1
1.00001
1
1
1
1
1
1
1
1
0.99994
1
1
0.999999
1
1
1
1
1
1
1
1
1
1
1
1
1
1
1
1
1
1
1
1
1
1
1
1
1
1
1
1
1
1
1.00037
1
1
1
1
1
1
1
1
1
1
1
0.998593
1
1
0.99997
1
1
1
1
1
1
1
1
1
1
1
0.997776
1
1
0.998787
1
1
1
1
1
1
1
1
1
1.00005
1
1
1
1
1
1
1
1
1
1
1
1
1
1
1
1
1
1
1
1
1
1.00001
0.999967
1
1
1
0.999771
1
1
1
1
1
1
1
1
1
1
1
1
0.999977
1
1
1
1
1
1
1
1
1
1
1
1
1
1
1
0.999782
1
1
1
1
1
1
1
0.999319
1
1
1
1
1
1
1
1
1
1
0.998267
1
1
1
1
1
1
1
1
1
1
1
1
1
1
1
1
1
1
1
1
1
1
1
0.999999
1
1
1
1.00001
1
1.00083
1
0.999996
0.99998
1
1
1
1
1
1
1
0.978952
1
0.999175
1
1
1
1
1
1
1
1
1
1
1
1.00035
1
1
1
1
0.989405
1
1
0.999957
1
1
1
1
1
1
1
1
1
1
1
1
1
1
1
1
1
1
1
1
1
1.00002
0.999464
1
1
1
1
1
1
1
1
1
1
1
1
1
1
1
1
1
1
1
1
1
1
1
1
1
1
1
1
1
1
1
1
1
1
1
1
1
1
1
0.999973
1
1.00029
1
1
1
0.999044
1
1
1
1
1
1.00009
1
1
1
1
1
1
1
1
1
1
1
1.00001
1
1
1
1
1
1
1
1
1
0.999866
1
1
1
1
1
1
1
1
1
1
1.00007
1
1
1
1
1
1
1
1
1
1
1
1
1
1.00037
1
1
1
1
1
1
1
1
1
1
1
1
1
1
0.999651
1
1
1
1
1
1
1
1
1
1
1
1
1
1
1
1
1
1
1
0.999999
1
1
1
1
1
1
1
1.00026
1
1
0.998665
1
1
1
1.00006
1
1
1
1.00034
1
1
1
0.999689
1
1
1
1
0.99991
1.00002
1
1
1
1
1
1
1
1
1
1
1
1
1
1
1
1
1
1
1
1
1
1
1
1
1
1
1
1
1
1
1
1
1
1
1
1
1
1
1
1
1
1
1
1
1
1
1
1
1
1
1
0.997457
1
1
1
1
1
1
1
1
1
1
1
1
1
1
1
1
1
1
1
1
1
1
1.00055
1
1
1
0.997617
1
1
1
1
1
1
1.00051
1
1
1
1
1
0.999899
1
0.999104
0.999999
1
1
1
1
1
0.999984
1
1
1
1
1
1
1
1
1
1
1
1
1
1
1
1
1
1
1
1
1
1
1.00009
1
1
1
1
0.999999
1
1
1
1
1
1
1
1
1
1
1
1
1
0.99921
0.999975
1
1
1
1
1
1
1
1
1
1
1
1.00551
1
1
1
1
1
1
1
1
1
1
1
1
1
1
1.00027
1
0.999664
1.00001
1
1
1
1
1
1
1
1
1
1
1
1
1
1
1
0.999996
1
1
1
1
1
1
1
1
1
1
1
1
0.999999
1
1
1
1
1
1
1
1
0.999643
1
1
1
1
1
1
1
1
1
1
1
1
1
1
1
1
1
1
1
1
1
1
1
1
1
1
1
1
1
1
1
1
1
1
1
1
1
1
1
1
1
1
0.999831
1
1
1
1
1
1
1
1
1
1
0.999295
1
1
1
1
1
1
1
1
1
1
1
1
1
1
1
0.999022
1
1
1
1
1
1
1
0.992317
1
1
1
1
0.99602
1
1
1.00083
1
1
1
1
1
1
1
1
1
1
1
1
1.00006
1
1
1
1
1
1
1
1
1
1
1
1
1
1
1
1
1
1
1
1
1
1
1
1
1.00007
1
1
0.999886
1
1
1
1
0.999976
1
1
1
1
1
1
1
1
1
1
1
1
1
1
1
1
1
1
1
1
1
1
0.998592
1
1
1
1
1
1
1
1
0.999925
1
1
1
1
1
1
1
1
0.999999
1
1
1
0.99991
1
1
1
1
1
1
1
1
1
1
1
1.00022
1
1
1
1
1
1
1
1
1
1
1
1
1
1
1
1
1
1
0.997771
1
1
1
1
1.00026
1
1
1
1
1
1
1
1
1
1
1
1
1
1
1
1
1
1
1
1
1
1
1
1
1
1
1
1
1
1
1
1
1
1
1
1
1
1
1
1
1
1
1
1
0.999864
1
0.993851
1
1
1
1
1
1
1
1
1
1
1
1
1
1
1
1
1
1
0.999169
1
1
1
1
1
1
1
1
1
1
1
1
1
1
1
1
1
1
1
1
1
1
1
1
1
1
1
1
1
0.999999
1
1
1
1
1
1
1
1
1
1
1
1
1
1
1
1
1
1
0.995043
1
1
1
1
1
1
1
1
1
1
1
1
1
1
1
1
0.992527
1
1
1
1
1
1
1
1
1
1
1
1
1
1
1
1
1.00014
1
1
1
1
1
1
1
1
1
1
1
1
0.999653
0.999416
1
1
1
1
1
1.00015
1
1
1
1
1
1
1
1
1
1
0.999415
1.00001
1
1
0.996422
1
1.00005
1
1
1
0.995052
1
1
1
1
1
0.999426
1
1
1
1.00002
1
1
1
1
1
1
1
1
1
1
0.999981
1
1
1
1
1
1
1
1
1
1
1
1.00055
0.999913
1
1
1
1
1
1.00041
1
1
1
1
1
1
1
1
1
1
1
1
1
1
1
1
1
1.00015
1
1
1
1.00017
1
1
1
1
0.999305
1
0.999713
1
1
1
1
0.999994
1
1
1
1
1
1
1
1
1
1
1
1
1
1
1
1.00012
1
1
1
1
1
1
0.98869
1
1
1
1
1
1
1
1
1
1
1
1
1
1
0.999999
1
1
1
1
1
1
1
1
1
1
1
1
1
1
1
1
1
1
1
1
1
1
1.00035
1
1
1
1
1
1
1
1
1
1
1
1
1
1
1
1
1
0.985343
1
1
1
1
1
1.00005
1
1
1
1
1
1
1
1
1
1
1
1
1
1
1
1
1
1
1
1
1
1
1
1
1
1
1
1
1
1
1.00002
1
1
1
1
1
1
1
1
1
1
1
1
1.00002
1
1
1
1
1
1
1
1
1
1
1
1
1
1
1
1
1
0.999797
1
1
0.999875
1
1
1
1
1
1
1
1
1
1
1
1
1
1
1
1
1
1
1
1
1
1
0.999975
1
1
0.999942
0.997897
1
1
1
1
1
1
1
1
1
1
1
1
1
1
1
1
1
1
1
1
1
1
1
1
1
1
1
1
1
1
1
1
1
1
0.999459
1
1
1
1
1
1
1
1
1.00048
1
1
1
1
1
1
1
1
1
1
1
1
1
1
1
1
1
1
1
1
1
1
1
1
1
1
1
1
1
1
1
1
1
1
1
1
1.00006
0.999807
1
1
1
1
1
1
0.999555
0.999948
1
1
1
1
1
1
1
1
1
1
1
1
1
0.999986
1
1
1
0.999757
1
1
1
1.00081
1
1.00007
0.997331
1
1
1
1.001
1
1
1
1
1
1
1
1
1
1
1
1
1
1
1
1
1
1
1
1
1
1
1
1
1
1
1
0.999981
1
0.99999
1
1
1
1
1
1
1
1
0.999924
1
1
1.00108
1
1
1
1
1
1
1
1
1.00001
1
1.00006
1
1
1
1
1
1
1
1.00011
1
1
1
1
1
1
1
1
1
1
1
1
1
1
1
1
1
1
1
1
1
1
1
0.999903
1
1
1
1
1
1
1
1
1
1
1
1
1
0.999727
1
1
1
1
1.00001
1
1
1
0.99948
1
1
1
1
1
1
1.00022
1
1
1
1
1
1
1
1
1
1
1
1
1
1
1
1
1
1
1
1
1
1
1
0.999527
1
1
1
1
1
1
1
1.00072
1
1
1.0001
1
1
1
1
1
1
1
1
1
1
1
1
1
1
1
1
0.999869
1
1
1
1
1
1
1
1
1
1
1
1
1
1
1
1
1
1
1
1
1
1
1.00012
1
1
1
1
1
1
1
1
1
1
0.999963
1
1
1
1
1
1
1.00015
1
1
1
1
0.999965
1
1
1
1
1
1
1
1
1
1
1.0001
1
1
1
1
1
1
1
1
1
1.00005
1
1
1
1
1
1
1
1
1
1
1
1
1
1
1
1
0.999939
1
1
1
1
0.999935
1
1
1
1
1
1
1
1
1
0.999821
1
1
0.99997
1
1
1
0.999976
1
1
1
1
1
1
1
1
1
1
1
1.00014
1
1
1
1
1
1
1
1
1
1
1
1
1
1
0.995565
1
1
1
1
1
1
1
1
1
1
1
1
1
1
1
1
1
1
1
1
1
1
1
1
0.999118
1
1
1
1
1
1
1
1
1
0.999806
1
1
1
1
1
1
1
1
1
1
1
1
1
1
1
1
0.999705
1
1
1
1
1
1
1
1
1
1
1
1
1
1
1
1
1
1
1
1
1
1
1
1
1
1
1
1
1
1
1
1
1
1
1
1
1
1
1
1
1
1
1
1
1.00014
1
1
1
1
1
1
1
1
1.0001
1
1
1
1
1
1
1
1
1
1
1
1
1
1
1
1
1
1
1
1
1
1
1
1
1
1
1
1
1
1
1
1
1
0.999897
1
1
1
1
1
1
1
1
1
1
1
1
1
1.00003
1
1
1
1
1
1
1
1
1
1
1
1
1
1
1
1
1
1
1
1
1
1
1
1
1
1
1
1
1
1
1.00094
1
1
1
1
1
1
1
1
1
1
1
1
1
1
1
1
1
1
1
1
1
1
1
1
1
1
1
1
1
1
1
0.999605
1
1
1
1
1
1
1
1
1
1.00004
1
1
0.999991
1
1
0.999801
1
1
1
1
1
1
1
1
1
1
1
1
1
1
1
1
1
1
1.00223
1
1
1
1
1
1
0.9965
1
1
1
1
1
1
1
1
1
1
1
1
1
1
1
1
1
1
1
1
1
1
1
1
1
1
1
1
1
1
1
1
0.999993
1
1
1
1
1
1
1
1
1
1
1
1
1
1
1
1
1
1
1
1
1
1
1
1
1
1
1
1
1
1
1
1
1
1
1
1
1
1
1
1
1
1
1
1
1
1
1
1
1
1
1
1
1
1
1
1
1
1
1
1
1
1
1
1
0.997781
1
1
1
1
1
1
1
0.970916
1
1
1
1
1
1
1
1
1
1
1
1
1
1
1
1
1
1
1
1
1
1
1
1
1
1
1
1
0.999984
1
1
1
1
1
1
1
1
1
1
1
1
1.00001
1
1
1
1
1
1
1
1
1
1
1
1.00051
1.00001
1
1
1
1
1
1
1
1
1
1
0.996377
1
1
1
1
1
1
1
1
1
1
1
1
1
1
1
1
1
1
1
1
1
1
1
0.997649
1
1
1
1
1
1
1
1
1
1
1
1
1
0.999987
1
1
1
1
1
1
1
1
1
1
1
1
1
1
1
1
1
0.998066
1.00014
1
1
1
1
1
1
1
1
1
1
1
1
1
1
1
1
1.00006
1
1.00004
1
1
1
1
1
1
1
1
1
1
1.0003
1
1
1.00001
1
1
0.999965
1
1
1
1
1
1
1
1
1
0.999593
1
1
1
1
1
1.00005
1
1
1
0.999993
1
1
1
1
1
1
1
1
1
1
1
1
1
1
1
1
1
1
1
1
1
1
1
1
1
0.999994
1
1
1
1
1
0.999828
1
0.999148
1
1
1
1.00013
1
1
1
1
1
1
1
1
1
1
1
1
1
1
1
0.998933
1
1
1
1
1
1
0.999292
1
1
1
1
1
0.999985
1
1
1
0.999978
1
1
1
1
1
1
1
1
1.00012
0.999997
1
1
1
1
0.999965
1
1
1
1
1
1
1
1
0.977539
1
1
1
1
1
1
1
1
1
1
1
1
1
0.999665
1
1
0.999415
1
1
1
1
1
1
1
1
1
1
1
1
1
1
1
1
1
1
1
1
1
1
1
1
1.00012
1
1
1
1
1
1
1
1
1
1
1
1
1
1
1
1
1
1
1
1
1
1
1
1
1.00003
1
1
1
1
1
1
1
1
0.998897
1
1
1
1
0.999614
1
1
1
1
0.999999
1
1
1
1
1
1
1
1
1
1
1
1
1
1
1
1
1
1
1
1
0.999709
1
1
1
1
1
1
1
1
1
1
1
1
1
1
1
1
1
1.00005
1
1
1
1
1
1
1
1
1
1
1
1
1
1
1
1
1
1
1
1
1
1
1
1
1
1
1.00002
1
1
1
1.00003
1
1
1
1
1
1
1
1
1
1
1
1
1
1
1
1
1
1
1
1
1
1
1
1
1
1
1
1
1
1
1
1
1
1
1
0.999998
1
1
1
1
1
1
1
1
1
1
1
1
1
1
1
1
1
1
1
1
1
1
1
1
1
1
1
0.999981
1
1
1
1
1
1
1
1
1
1
1
1.00001
1
1
1
1
1
1
1
1
1
1
1
1
1
1
1
1
1
1
1
1
1
1
1
1
1
1
1
1
1
1
1
1
1
1
1
1
1
1
1.00011
1
0.999253
1
1
1
1
1
1
1
1
0.999758
1
1
1
1
1
0.999336
1
1
1
1
1
1
1
1
1
1
1
1
0.999891
1
1
1
1
1
1
1
1
1
1
1
1
1
1
1
1
1
1
1
1
1
1
1
1
1
1
1
1
1
1
1
1
1
1
1
1
1
1
1
1
1
1
1
1
1
1
1
1.00076
1
1
1
1
1
1
1
1
1
1
1
1
1
1
0.98444
1
1
1
1
1
1
1
1
1
1
1
1
1
1
1
1
1
1
1
1
1
1
1
1
1
1
0.999936
1
1.00087
1
1
1
0.999196
1
1
1
1
1
1
0.999987
1
1
1
1
1
1
1
1
1
0.999997
1
1
1
1
1
1
1
1
1
1
1
0.999874
1
1
1
1
1
1
1
1
0.998462
1
1
1
1
1
1
0.999983
1
1
1
1
1
1
1
1
1
1
1
1
1
1
1
1
1
1
1
1
1
1
1
1
1
1
1
1
1
1
1
1
1
0.998959
1
1
1
1
1
1
1
1
1
1
1
1
1
1
1
1.00131
1
1
0.999843
0.991342
1
1
1
1
1
1
1
1
1
1
1
1
1
1
1
1
1
0.999969
1
1
0.999975
1
1
1
1
1
1
1
1
1
1
1.00033
1
1
0.999961
1
1
1
1
1
1
1
1
0.999996
1
1
1
1
1
1
1
1
1
1
1
1
1
1.00001
1
1
1
1
1
1
1
1.00011
1
1
1
0.97065
1
1
1
1
1
1
1
1
1
1
1
1
1
1.00002
1
1
1
1
1
1
1
1
1
1
1
1
1
1
1
1
1
1
1
1
1
1
1
0.999994
1
1
1
1
1
1
1
1
1
1
0.998433
1
1
1
1
1
1
1
1
1
1
1
1
1
1
1
0.999999
1
0.999994
1
1
1
1
1
1.00102
1
1
1
1
1
1
1
1
0.999986
1
1
1
1
1
1
1
1
1
1
1
1
1
0.999999
1
1
1
1
1
1
1
1
1
1
1
1
1
1
1
0.999376
1
1
1
1
1
1
1
1
1
1
1
1
1
1
1
1
1
1
1
1
1
1
1
1.00022
1
1
1
1
1
1
1
1
1
1
1
1
1
1
1
1
1
1
1
1
1
1
1
1
1
1
1
1
1
1
1
1
1
1
1
1
1
1
1
1
1
0.997796
1
1
1
1
1
1
1
1
1
1
1
1
1
1
1
1
1
1
1
1
1
1
1
1
1
1
1
1
1
1
1
1
1
1
1
1
0.999999
1
1
1
0.999983
1
1
1
1
1
1
1
1
1
1
1
1
1
1
1
1
0.99998
1
1
1
1
1
1
0.999991
0.999996
1
0.999664
1
1
1
1
1
1
1
1
1
1
1
1
1
1
1
1
1
1
1
1
1
0.999999
1
1
1
1
1
1
1
1
1
1
1
1
1
1
1
1
1
1
1
1
1
1
1
1
1
1
1
1
1
1
1
1
1
1
1
1
1
1
1
1
1
1
1
1
1
1
1
1
1
1
1
1
1
1
1
1
1
1
1
1
1
1
1
1
1
1
1
1
1
1
1
1
1
1.00001
1
1
1
1
1
1
1
1
1
1
1
1
1
1
1
0.998432
1
1
1
1
1
1
1
1
1
1
1
1
1
1
1
1.00002
1
1
1
1
1
1
1
1
1
1
1
1
1
1
1
1
1
1
1
1
0.999874
1
1
1
1
1
1
1
1
1
1
1
1
1
1
1
1
1
1
1
1
1
1
1
1
1
1
1
1
1
1
1
1
1
1
1
1
1
1
1
1
0.999998
1
1
1
1
1
1
1
1
1
1
1
1
1
1
1
1
1
0.999986
1
1
1
1
1
1
1
1
0.999975
0.999996
1
1
1
1
1
1
1
1
1
1.00007
1
1
1
1
1
1
1
1
1
1
1
1
1
1
1
1
1
1
1
1
1
1
1
1
0.999946
1
1
1
1
1
1
1
1
1
1
1
1
1
1
1
1
1
1
0.99918
1
1
1
1
1
1
1
1
1
1
1
1
1
1
1
1
1
1
0.999245
1
1
1
1
1
1
1
1
1
0.9955
1
1
1
1
1
1
1
1
1
1
1
1
1
1
0.998036
1
1
1
1
1
1
1
1
1
1
1
1
1
1
1
1
1
1
1
1
1
1
1
1
1
1
1
1
1
1
1
1
1.00001
1
1
0.999983
1
1
1
1
1
1
1
1
1
1
1
1
1
1
0.999911
1
1
1
1
0.999993
1
1
1
1
1
1
1
1
1
1
1
1
1
1
1
1
1
0.999209
1
1
1
1
1
1
1
1
0.990049
1
1
1
1
1
1
1
1
1
1
1
1
1
1
1
1
1
1
1.00011
1
1
1
0.999996
1
1
1
1
1
1
1
1
0.989223
1
1
1
1
1
1
0.999276
1
1
1
1
1
1
1
1.00006
1
0.999999
1
1
1
1
1
1
0.999973
1
1
1
1
1
1
1
1
1
1
1
1
1
1
1
1
1
1
1
1
1
1
1
1
1
1
1
1
1
1
1
1
1
1
1
1
1
1
1
1
1
1
1
1
1.0002
1
1
1
1
0.995091
1
1
1
1
1
0.995809
1
1
1
1
1
1
1
1
1
1
1
1
1
1
1
1
1
1
1
1
1
1
1
1
1
1
1
1
1
1
1
1
1
1
1
1
1
1
1
1
1
1
1
1
1
1
1
1
1
1
1
1
1
1
1
1
1
1
1
1
1
1
1
1
1
1
0.999967
1
1
1
1
1
1
1
1.00029
1
1
1
1
1
1
1
1
1
1
1
1
1
1
1
1
1
1
1
0.99992
1
1.00005
0.994298
1
1
1
1
1
1
1
0.999998
0.999937
1
1
1
1
1
1
1
1
0.999997
1
1
1
0.999999
1
1
1
0.999962
1
1
1
1
1
1
1
1
1
1
1
1.0004
1
1
1
1
1
1
1
1
1
1
1.00058
1
1
1
1
0.999983
1
1
1
1
1
1
1
1
1
1
1
1
1
1
1
0.999999
1
1
1
1
1
1
1
1
1
1
1
1
1
1
1
1
1
0.999905
0.999962
1
1
1
1
1
1
0.997574
1
1
1
1
0.999697
1.00003
1
1
1.00001
1
1
1.00001
1
1
1
0.999562
1.00159
1
0.999901
1
1
1
1
1
1
1.00011
1
1
1
0.999993
1
1
1
1
1
1.00008
1
1
1
1
1
1
0.999836
0.99999
1
1
1
1
1
1
1
1
0.999762
1
1
0.999993
1
1
1
1
1
1
1
1.00024
1
1
1
0.999847
1.00019
1
1
0.999999
1
1
1
1
0.992154
1
1
1
0.999989
1
1
1
1
1
1
1
1
1
0.999993
0.978098
0.999999
1
1
1
1
1
1.00149
1
1
1
1
1.00015
1
1
0.999993
1
1
1
1
1
1
1
1
1
1
1
1
1
1
1
1
1
1
1
1
1
1
1
1
1
1
1
1
1
1
1
1
1
1
1
1
1
1
1
1
1
1
1
1
1.00066
1
0.99616
1
1
1
1
1
1
1
1
1
1
1
1
1
1
1
1
1
1
0.999768
1
1
1
0.999515
1
1
1
1
1
1
1
1
1
1
1
1
1
1
1
1
1
1
1
1
1
1
1
1
1
1
1
1
1
1
1
1
1
1
1
1
1
1
1
1
1
1
0.999974
1
1
1
1
1
1
1
1
1
1
1
1
1.00012
1
0.986363
1
1
1
1
1
1
1
0.998505
1
1
1
1
1
1
1
0.999999
1
1
1
1
1
1
1
1
1
1
1
1
0.999279
1
1
1
1
1
1
0.999998
1
1.00018
1
1
1
1
1
1
1
1
1
1
1
1
1
1
1
1
1
1
1
1
0.99989
1
1
1
1
1
1
1
0.999565
1
1
1.00101
1.00031
1
1
1
0.981655
1
1
0.999999
1
1
1
1.00001
1
1
1
1
1
1
0.998679
0.999864
1
1
0.997471
1
1
1
1
1.00001
1
1
1
1
0.999999
1
1
1
1
0.999986
0.998166
1.00001
1
1
0.999876
1
1
1
1
1
1
1
1
1
1
1
1
1
1
1
1
1
0.991616
1
1
1
1
1
1
1
1.00022
0.999745
1
1
1
0.999461
1
1
0.99793
1
1
1
1
0.987324
1
1
1
1
1
1
1
1
1
1
1
1
1
1.00011
1
1
1
0.999994
1
1
1
1
1
1
1
1
1
0.99998
1
1
1
1
1
1
1
1
0.999923
1
1
1
1
1
1
1.00012
1
1
1
1
1
1
0.99992
1
1
1
1
1
1
1
0.999999
1
0.999104
1
1
1
1
1
1
1
1
0.999776
0.999995
1
1
1
1
1
1
1
1
1
0.998701
1
1
1
1
1
1
1
1
1
1
1
1
0.999559
0.999878
1
1
1
1
1
0.999974
1
1
1
1
1
1
1
0.999716
1
1
1
1
1
1
1
1
1
1
1
1
1
1
1
1
1
1
1
1
1.00001
0.999935
1
1
1
1
0.998526
1
1
0.999728
1
1
1
1
1
0.999987
1
1
1
0.999974
1
1
1
1
1
1
1
1
1
1.00001
1
1
1
1
1
1
1
1
1
1
1
0.999999
1
1
1
1
1
1
1
1
1
1
1
1
1
1
1
1
1
1
1
1
1
1
1
1
1
1
1
1
0.999993
1
0.999997
1
1
0.999877
1
1
1
1
1
1
1
1
1
1
1
1
1
1
1
1
1
1
1
0.996938
1
1
1
1
1
1
1
1
1
1
1
1
1
1
1
1
1
1
0.999994
1
0.999993
1
1.00104
1.00001
1
1
1
1
1
1
1
1
1
1
1
1
1
1
1
1
1
1
1
1
1
1
1
1
1
1
0.999055
1
1
1
1
1
1
1
1
1
1
1
1
1
1
1
1
1
1
1
1
1
1
1
1
1
1
1
1
1
1
1
0.997802
1
1
0.993193
1.00005
1
1
1
1
1
1
1
1
1
1
1
1
1
1
1
1
1
1.00002
1
1
1
1
1
1
1
1
1
1
1
1
1
1
1
1
1
1
1
1
1
1
1
1
1
1
1
1
1
1
1
1
1
1
1
1
1
1
1
1
1
1
1
1
1
1
1
1
1
1
1
1
1
1
1
1
1
1
1
1
1
1
1
1
1
1
1
1
1
1
1
1
1
1
1
1
1
1
1
1
1
1
1
1
1
1
1
1
1
1
1
1
1
1
1
1
1
1
1
1
1
1
0.999861
1
1
1
1
1
1
1
1
1
1
1
1
1
1
1
1
1
1
1
1
1
1
1
1
1
1
1
1
1
1
0.999991
1
0.999982
1
0.999961
1
1
1
1
1
1
1
1
1
1
1
1
1
1
1
1
1
1
1
1
1
1
1
1
1
1
1
1
1
1
1
1
1
1
1
1
1
1
1.00035
1
1
1
1
1
1
1
1
1
1
1
1
1
1
1
1
1
1
1
0.999998
1
1
1
1
1
1
1
1
1
1
1
1
1
1
1
1
1
1
1
1
1
1
1
1
1
1
1
1
1
1
1
1
1
1
1
1
1
1
1
1
1
1
1
1
1
1
1
1
1
1
1
1
1
1
1
1
1
1
1
1
1
1
1
1
1
1
1
1
1
1
1
1
1
1
1
1
1
1
1
1
1
1
1
1
1
1
1
1
1
1
1
1
1
1
1
1
1
1
1
1
1
1
1
1
1
1
1
1
1
1
1
1
1
1
1
1
1
1
1
1
1
1
1
1
1
1
1
1
1
1
1
1
1
1
1
1
1
1
1
1
1
1
1
1
1
1
1
1
1
1
1
0.999993
1
1
1
1
1
1
1
1
1
1
1
1
1
1
1
1
1
1
1
1
1
1
1
1
1
1
1
1
1
1
1
1
1
1
1
1
1
1
1
1
1
1
1
1
1
1
1
1
1
1
1
1
1
0.993607
1
1
1
1
1
1
1
1
1
1
1
1
1
1
1
1
1
1
1
1
1
1
1
0.999917
1
1
1
1
1
1
1
1
1
1
1
1
1
1
1
1
1
1
1
1
1
1
1
1
1
1
1
0.999854
1
1
1
1
1
1.00005
1
1
1
1
1
1
1
1
1
1
1
1
1
1
1
1
1
1
1
1
1
1
1
1
1
1
1.00001
1
1
1.00007
1
1
1
0.999953
1
1
1
1
1
1
1
1
1
1
1
1
1
1
1
1
1
0.999959
1
1
1
1
1
1
1
1
1
1
1
1
1
1
1
1
1
1
1
1
1
1
1
1
1
1
1
1
1
1
1
1
1
1
0.999936
1
1
1
1
1
1
1
1
1
1
1
1
1
1
0.999993
1
1
1
1
1
1
1
1
1
1
1
1
1
1
1
1
1
1
1
1
1
1
1
1
1
1
1
1
1
1
1
1
1
1
1
1
1
1
1
1
1
1
1
1
1.00008
1
1
1
1
1
1
1
1
1
1
1
1
1
0.99989
1
1
1
1
1
1
1
1
0.999966
1
1
1
1
1
1
1
1
1
1
0.999999
1
1
1
1
1
1
1
1
1
1
1
1
1
1
1
1
1
1
1
1
1
1
1
1
1
1.00176
1
1
1
1
1
1
1
1
1
1
1
1
1
1
1
1
1
1
1
1
1
1
1
1
1
1
1
1
1
1
1
1
1
1
1
1
1
1
1
0.999755
1
1
1
1
1
1
1
1
1
0.996162
1
1
1
1
1
1
1
1
1
1
1
0.995535
1
1
1
1
1
1
1
1
1
1
1
1
1
1
1
1
1
1
1
1
1
0.999999
1
1
1
1
1
1
1
1
1
1
1
1
1
1
1
1
1
1
1
1
1
1
1
1
1
1
1
1
1
1
1
1
1
1
1
1
1
1
1
1
1
1
1
1.00001
1
1
1
1
1
1
1
1
1
1
1
1
1
1
1
1
1
1
1
1
1
0.991276
1
1
1
1
1
1
1
1
1
1
1
1
1
1
1
1
1
1
1
1
1
1
1
1
1
1
1
1
1
1
1
1
1
1
1
1
1
1
1
1.00081
1
1
1
1
0.999989
1
1
1
1
1
1
1
1
1
1
1
1
1
1
1
1
1
1
0.999951
1
1
1
1
1
1
1
1
1
1
1
1
1
1
1
1
1
1
1
1
1
1
1
1
1
1
0.999984
1
1
1
1
1
1
1
1
1
1
1
1
1
1
1
1
1
0.999999
1
1
1
1
1.0001
1
1
1
1
1
1
1
1
1
1
1
1
1
1
1
0.998635
1
1
1
1
1
1
1
1.00001
1
1
1
1
1
1
1
1
1
1
1
0.997706
1
1
1.00001
1
1
1
1
0.999998
1
1
1
1
1
1
1
1.00013
1
1
1
1
1.00012
1
1
1
0.999977
1
1
0.999999
1
0.999999
1
1
1
1
1
1
1
1
1
1
1
1
1
1
1
1
1
1
1
1
1
1
1
1
1
1
1
1
1
1
1
1
1
1
1
1
1
1
1
1
1
1
0.999993
1
1
1
0.982487
1
1
1
1
1
1
1
1
1
1
1
1
1
1.00001
1
1
1
1
1
1
1
1
1
1
1
1
1.00001
1
1
1
1
1
1
1
1
1
1
1
1
1
1
1
1
1
1
1
1
1
1
1
1
1
1
1
1
1
1
1
1
1
1
1
0.999982
1
1.00002
1
1
1
1
1
1
1
1
1
1
1
0.999721
1
1
1
1
1
1
1
1
1
1
1
1
1
1
1
1
1
1
1
1
1
1
1
0.998455
1
1
1
1
1
1
1
1
1
1
1
1
1
1
1
1
1
1
1
1
1
1
1
1
1
1
1
1
0.999855
1
1
1
1
1
1
1
1
1
1
0.999637
1
1
1
1
1
1
1
1
1
0.999907
1
1
1
1
1
0.999634
1
1
1
1
1
1
0.999967
1
1
1
0.999998
1
0.99973
1
1
1
1
1
1
1
1
1
1
1
1
1
1
1
1
1
1
1
1
1
1
1
1
1
1
0.999998
1.00002
1
1
1
1
1
1
1
1.00001
1
1
1
1
1
1
0.999989
1
1
1
1
1
1
1
1
0.999613
1
1
1
1
1
1
1
1
1
1
1
1
1
0.999754
1
1
1
1
1
0.999689
1
1
1
0.999999
1
1
1
1
1
1
1
1
1
1
1
1
1
1
1
1
1
1
1
1
1
1
0.995317
1
1
1
1
1
1
1
1
1
1
1
1
1
1
1
1
1
1
1
1
1
1
1
1
1
1
1
1.00001
1.00013
1
0.999996
1
1
1
0.999243
1
1.00065
1
1
1
1
1
1
0.999999
1
1
1
1
1
1
1
1
0.982164
1
1
1
1.00005
1
1
0.999992
1
1
1.00001
1
1
1
1
1
1
1
1
1
1
1
1
1
1
1
1
1
0.999997
1
1
1
1.00004
1
1
1
1
1
1
1
1
1
1
1
1
1
1
1
1
1
1
1
1
1
1
1
0.999527
1
1
1
1
0.984404
1
1
1
1
1
1
1
1
1
1
1.00001
1
1
1
1
1
1
0.999765
1
1
1
1
1.00003
1
1
1
0.999998
1
1
1
1
1
1
1
1
1
1
1
1
1
1
1
1
1
1
1
1
1
1
1
1.00023
1
1
1
1
1
1
1
0.999243
1
1
1
1
1
1
1
1
1
1
1
1
1
1
1
1
1
1
1
1
1
1
1
1
1
1
1
1
1
1
1
1.00533
1
1
1
1
1
1
1
1
1
1
1
1
1.00002
1
1
1
1
1
1.00013
1
1
1
0.997555
1
1
1
1
1
0.997072
1
1.00001
1
1
1
1
1
1
1
1
1
1
1
1
1
1
1
1
1
1
1
1
1
1
1
1
0.994645
1
1
1
1
1
1
1
1
1
1
1
1
1
1
1
1
1
1
1
1
0.991288
1
1
1
1
0.999973
1
1
1
1
1
1
1
1
1
1
1
1
1
1
1
1
1
1
1.00005
1
1
1
1
1
1
1
1
1
1
0.999996
1
1
1.00001
1
1
1
1
0.999763
0.999881
1
1
1
1
1
1
1
1
1
1
0.997961
1
1
1
1
1
0.999474
1
1.00009
1
1
0.998895
1
1
1
1
1
0.995294
1
1
1
1
1
1
0.999919
1
1
1
1
1
1
1
1
1
1
0.996561
1
1
1
1
1
1
1
0.99998
1
1
1
1
1
1
1
1
1
1
1
1
1
1
1
1
1
1
1
1
1
1
1
1
1
1
1
1
1
1
1
1
1
1
1
1
1
1
1
1
1
1
1
1
0.999941
1
1
1
1
1
1
0.999862
1
1
1
1
1
1
1
1
1
1
1
1
1
1
0.999917
1
1
1
1
1
1
1
1
1
1
1
1
1
1
1
1
1
1
1
1
1
1
1
1
1.00009
1
1
1
1
1
1
0.999728
1
1
1
1
1
1.00003
1
1
1
1
1
1
1
1
1
1
1
1
1
1
1
1
1
1
1
1
1
1
1
1
1
1
1
1
1
1
1
1
1
1
1
1
1
1
1
1
1
1
1
1
1
1
1
1
1
1
1
1
1
1
1
1
1
1
1
1
1
1
1
1
1
1
1
1
1
0.999937
1
1
1
1
1
1
1
1
1
1
1
1
1
1
1
1
1
1
1
1
1
1
1
1
1
1
1
1
1
1
1
1
1
1
1
1
1
1
1
1
1
1
1
1
1
1
1
1
1
1
1
1
1
1.00003
1
1
1
1
1
1
1
1
1
1
1
1
1
1
1
1
1
1
1
1
1
1
1
0.985358
1
1
1
1
1
1
1.00045
1
1
0.999999
1
1
1
1
1
1
1
1
1
1
1
1
1
0.999996
0.999833
0.999274
0.999989
0.999852
1
1
1
0.999972
1
0.999588
1
1
1
1
1
1.00005
1
1
1
1
1
1
1
0.999999
1.00001
1
1
1
1
1
1
1
1
1
1
1
1.00003
1
1
1
1.00001
1
1
1
1
1
1
1
1
1
1
1
1
1
1
1
1
1
1
1
1
1
1
1
1
1
1
1
1
1
1
1
1
0.999283
1
1
1
1
1
1
1
1
1
1
1
1
1
1
1
1
1
1
1
1
0.999355
1
1
1.00005
1
1
1
1.00001
1.00001
1
1
1
1
1
1
1
1
1
1
1
1
1
1
1
1
1
1
1
1
1
1
1
1
1.00001
1
1
1
1
1
1
1
1
1
1
1
1
1
1
1
1.00001
1
1
1
1
1
1
1
1
0.999909
1
1
1
1
1
1
1
1
1
1
1
1
1
1
1
1
1
1
1
1
1
1
0.999935
0.999999
1
0.999997
1
1
1
1
1
1
1
1
1
0.999992
0.995116
0.985221
1
1
1
1
1.00001
1
1
1
1.00003
1
0.993017
1
0.998508
1
1
1
1
1
1
1
1
1
1
1
1
1
1
1
1
1
1
1
1
1
1
1
1
1
1
1
1
1
1
1
1
0.999957
1
1
1
1
1
0.998868
1
1
1
1
1
1
0.997409
0.999999
1
1
1
1
1
1
1
1
0.999596
1
1
1
1
0.999996
1
1
0.999949
1
1
1
1
1
1
1
1
1
1
1
1
1
1
0.99965
1
0.999373
1
1
1
0.998759
1
1.00002
1
1
1
1
1
1
1
1
0.999598
1
1
1.00042
1
0.998961
1.00002
1
1.00022
1
1
1
1
1
1
1
0.997883
1
1
1
1
1
1
1
1
1
1
1
1
1
1
1
1
1
1
1
1
1
0.999999
1
1
1
1
0.999993
1
1
1
1
1
1
1
1.00029
1
1
0.999534
1
1
1
1
1
1
1
1
1
1
1
1
1
0.999993
0.9954
0.999969
1
1
1
1.00045
1
0.999997
1
1
1
1
1
1
1
1
1
1
1
1
1
0.999999
1
1
1
1.00001
1
1.00136
1
1
1
1
1
1.00003
1
1
0.999999
1
1
1
1
1
1
1
1
1
1
1
1
1
1
1
1
1
1
1
1
1
1
1
1
1
1
1
1.00004
1
1
1
1
1
1
1
1
1
1
1
1
1
1
1
1
1
1
1
1
1
1
1
1
1
1
1
1
1
1.00001
1
0.999997
1.00009
1
0.999999
1
1
1
1
1
1
1
1
1
1
0.999985
1
1
1
0.999991
1
1
1
1
1.00001
1
1
1
1
1
1
1.00016
1
1
0.999998
1
1
1
1
1
1
1
1
0.999978
1
1
0.999971
1
0.999004
1
1
0.999999
1
0.994952
1
1
1
1
1
1
1.00006
1
1.00001
1
1
1
1
1
1
1
1
1
1
0.999981
1
1
1
1
1
1
1
1
1
1
1
1
1
1
1
0.997038
1
1
1
1
1
1
0.999999
1
1
1
1.00001
1
1
1
1
1
1
1
1.00001
1
0.999999
1
1
1
1
1
1
1.00001
1
1
1
1
1
1
1
1.00009
1
1
1
1.00007
1
1
1
1
1
1
1
1
1
0.999999
1
1
1
1
1
1
1
1
1
0.999854
1
1
1
1
1
1
1.00023
0.991083
1
1
1
1
1
1
1
1
1
1
1
0.999001
1
1
1.00002
1
1
1
1
1.00012
1
0.999999
1
1
1
1
1
1
1
1
1
1
1
1
1.00003
1
1
1.00007
1
0.997419
1
1
1
1
1
1
1
1
1
1
1
1
1
1
1
1
0.995774
1
1
1
1
1
1
1
1
1
1
1
1
1
1
1
1
1
1
1
1
1
1
1
1
0.998468
0.99982
1
1.00004
0.999985
1
1.00002
0.999999
1
1
1
1
1
1
1
1
0.99956
1
1
1
1
1
1
1
1
1
1
1
1
1
1
1
1
1
1
1
1
1
1
1
1
1
1
1
1
0.998631
1
1
1
1
1
1
1
1
1
1
1
1
1
1
1
1
1
1
1
1
1
0.999998
1
1
1
1
1
0.990298
1
1
1
1
0.999998
1
1
1
1
1
1
1
0.994487
1
1
1.0003
1.00001
0.999301
1
1
1
1
1
1
1
1
1
1
1
1
1
1
1
1
1
1.00045
1
1
1
1
1
1
1
0.999998
1
1
1
1
1
1
0.999575
1.00006
0.999982
1
1
1
1
1
1.0015
1
1
1
1
1
1
1
0.999932
1
1
1
1
0.999827
0.99053
1
0.998245
1.00017
1
1
1
1
1
1
1
1
0.99977
1
1
1
0.999987
1
1
1
1
1
1
1
1
1
1
1
1.00002
1
1
1
1
1
1
1
1
1
1
1
1
1
1
0.999383
1.00004
1
1
1
1
1
1
1
1
1
1
1
1
1
1
1
1
1
1
1
1
1
1
1
1
1
1
1
0.995965
1
1
1
0.991046
1
1
1
1
1
1
0.989523
1
1
1
1
1
1
1
0.999986
1
1
0.997952
1
1
1
1
1
1
1.00001
1
1
1
0.999984
1
1
1
1.00007
1
1
1
1
1
1
1
1
1
1
1
1
0.999987
1.00001
1
1
1
0.999973
1
1
1
1
1
1
1
1
1
1
1
1
1
1
1
1
1
1
1
1
1
1
0.99997
1
1
1
1
0.999942
1
1
1
1
1
1
1
1.00009
1
1
1
1
1
0.999997
0.999064
1
1
1
1
1
1
1
1
1
1
1
0.999998
0.999998
1
1
1
1
1
1
1.00021
1
1
1
0.999322
1
0.999981
0.999275
1
1
1.0003
1.00012
1
1
1
0.999988
1
1
1
1
1
0.997215
1
1
1
1
1
1
1
1
1
1
1
0.996217
1
1
1
1
1
1
1
1
1
1
1
1
1
1
1
1
1.00077
1
1
1.00005
1
1
1
1
1
1
1
1
1
1
1
1
1
1
1
1
1
1
1.00006
1
1
1
1
0.999997
1
1
0.999989
1
1
1
1
1
1
1
1
1
1
1.00012
1
1
1
0.999791
1
1
1
1
1.00001
1
1
1
0.999996
0.999999
1
1
1
1
1
1
1.00088
1
1
1
1
1
1
1.00004
1
1
1
1
1
1
1
1
1
1
1
1
1.00003
1
1
1
1
1.00001
1
1
1
1
1
1
1
1
1
1
1.0001
1
1
1
1
1
1
1
1
1.00009
1
1.00001
1
1
1
1
1
1
1
1
1
1
1
1
1
1
1
1
1
0.999858
1
1
1
1
1
1
1
1
1
1
1
1
1
1
1
1
1
1
1
1
1
1
1
1
0.999999
1
1
0.999432
1
1
1
1
1
1
1
1
1
1
1
1
1
1
1
1
1
1
1
1
1
1
0.999916
1
1
1
1
1
1
1
1
1
1
1
1
1
1
1
1
1.00001
1
1
0.999998
1
0.999985
1
1
1
1
1
0.999999
1
1
1
1
1
1
1
0.977201
1
1.00005
1
1
1
1
1
1
1
1
1
1
1
1
1
1
1
1
1
1
1
1.00006
1
1
1
0.995611
1
1
1
1
1
1
1
1
1
1
1
1
1
1
1
1
1
1
1
1
1
1
1.00002
1
1
1
1
1
0.91065
1
1
1
1
1
1
1
1
1.00004
1
1
1
1
1
1
1
1
1
1
1
1
1
1
1
1
1
1
1
1
1
0.999989
1
1
1
1
1
1
1.00001
1
1
1
1
1
1
1
1
1
1
1
1
1
1
0.998586
1
1
1
1
1
1
1
1
1
1
1
1
1
1
1
1
0.99738
1
1.00027
1.00001
1
1
1
0.999993
1
1
1
1
0.998161
0.999989
1
1.00001
0.999989
1
1
0.999984
1
1.00001
1.00011
1
1
1
1
1
1
1
1
1
0.999985
1
1
1
1
1
1
1
1
1
1
1
1
1
1
1
1
1
1
1
1
1
1
1.00014
1.00001
1
1
1
1
0.999999
1
1
1
0.992949
1
1
1
1
1
1
0.999651
1.00002
1
1
1
1
1
1
1
1
1
1
1
1
1
1
1
1
0.999997
1
1.00003
1
1
1
1
1
1
1
1
1
1
1
1
1
1
1
1
1
0.999782
1
1
1
1
1
1
1
0.999871
1
0.998079
1
1
1
1
1.00002
1
0.999721
1
1
1
1
1
1
1
1
1.00007
1
1
1
0.999968
1
1
1.00004
1
1.00073
1
1
0.996263
0.999981
1
1
1
1
1
1
1
1
1
1
1
1
1
1
1
1
1
1
1
0.999425
0.999621
1.00026
0.999957
1
1
1
1
1
1.00024
1
1
1
1
1
1
1
1
1
1.00006
1
1
0.999991
1
1
1
1
1
1
1
1
1.00008
1
1
1
0.999397
1
1
1
0.999999
1
1
1
1
1
1
1
1
1
1
1
1
1
1.00011
1
1
1
1
1
1
1
1
1
1
1
1
0.999995
1
1
1
1
1
1
1
1
1
1
1
1
1
1
1
1
1
1
1
1
1
1
1
1
1
1
1
1
0.999143
1
1
1
1
1
1
1
1
0.99856
1
0.999989
1
1
1
1
1.00002
1
1
1
0.999986
1
1.00026
0.999993
1
1.00009
1
1
1
1
1
1
1
1
1
0.999181
1
1
1
1
1
1
1.00002
1
1
1.00062
1
1.00009
1
1
1
1.00003
1
1.00058
1
1
1.00001
1
1
0.999751
1
1
1
1
1
1
1
1
1
1
1.00001
1
1
1
1
1
1
1
1
1.00002
1
1
1.00001
1
1
1
1
1
1
1
1
1
1
1
1
1
0.999677
1
1
1
1
1
0.999667
1
1
1
1
1
1
1
1
1
1
1
1
1
1
1
1
1
1
1
1
1.00002
1
1
1
1.00001
1
1
1
1
1
1
1
1
1
1
1
1
1
1
1.00006
0.999987
1
0.999935
1
1
1
1
1
1
1
1.00002
1
1
1
1
1
1
1
1
1
1
1
1
0.999992
1
1
1
1
1
1
1
1
0.999997
1
0.999989
1
1
1
1
1
1
1
1
1
1
1
1
1.00001
1
1
1
1
1
0.999998
1
1
0.999704
1
1
1
1
1
1
1
1
1
1
1
1
1.00004
1
1
1
1
1
1
1
1.00003
1
1
1
1
1
1
1
1
1
1
1
0.999926
1
1.00001
1
1
0.999993
1
1
1
1
1
1
1
1
1
1.00001
1
1
1
1
1
1
1
1
1
0.994899
1
1
1
1
1
1
1
1
1
1
1
1
1
1
1
1
1
1.00004
1
1
1.00001
1
1
1
1
1
1
1
1
1
1
1
1
1
1
1
1
1
1
1
1
1
1
1
1
1
1
1
1.00001
1
0.999996
1
1
1
1
0.999955
1
1
1
1
1
1
0.999753
1
1.00016
1
1
1
1
1
1
0.999975
1
1
1
1
1
1
1
1
1
1
1
0.999999
1
1
1
1
1
1
1
1
1
1
1
1
1
1
1
1
1
1
1
1
1
1
0.999729
1
1
1
1
1
1
1
1
1
1
0.994227
1
1
1
1
1
1
1
1
1
1
1
1
1
1
1
1
1
1
0.999966
1.00067
1
1
1
1
1
1
1.00069
0.999999
1
1
1.00001
1
1
1
1
1
1
1
1
0.999996
1
1.00002
1
1
1
1
1
1
1.00001
1
1
1
1
1
1
1
1
1
1
1
1
1
1
0.999979
1
1
1.00027
1
1
1
1
1
1
0.999999
1
1
1
1
1
1
1
1
1
1
1
1
1
1
1
1
1
1
1.00021
1
1
1
1
1
1
1
1
1
1
1
1
1
1
1
1
0.990084
1
0.999997
1
1
1
1
1
1
1
1
1
1
1
1
1.00001
0.999996
1
1
1
1
1
1
1
1.00006
1
1.00005
1
1
1
1
1
1
1
1
0.999999
1
1
1
1
1
1
1
1
0.999997
0.999732
1
1
1.00001
1
1
1.00007
0.999966
1
1
1
1
1
1
1.00117
1
1
1
1
1
1.00001
1
1
1
1
1
1
1
1
1
1
1
1
1
1
1
1
0.999138
1
1
1
1
0.99928
1
1
1
0.999386
1
1
1
1
0.998727
1
1
1
1
1
1
1.00003
1
1
1
1
1
1
1.0002
1
0.999999
1
1
1
1
1
1
1
1
1
1
1
1
1
1
1
1.00005
1
1
1
1
1
1
1
1
1
1
1
1
1
1
1
1.00018
1
1
1
1
1
0.999999
1
1
1
1
1
1
1
1
1
1
1.00002
1
1
1.0003
1
1
1
1
1
1
1.00001
1
1
1
1
1
1
1
1
1
1
1
1.00002
1
1
1
1
0.99925
1
0.997649
1
1
1
0.999999
1.00002
1
1.00002
1
1
1
1
1
1
1
1
1
1
1
1
0.999994
1
1
1
1
1
1
1
1
1
0.999112
1
1
1
0.997231
1
0.999989
1
1
1
1
1
1
1
1
1
0.993207
1.00004
1
1
1
1
1
1
1
1
1
1
1
1
1
0.999981
1
1
1
0.996446
1
1
1
1
1
1
1
1
0.999964
1
1
1
1
1
1
1
1
1
1
1
1
1
1.00001
1
1
1
1
1
1
1
1.00044
1
0.989951
1
1
1.00004
1
1
1
1
1
0.999999
1
1
1
1
1
1.00001
1
1
1
1
1
1
1
1
1
1
0.99963
1
1
1
1
1
1
0.998308
1
1
1
1
1
1
1
1
1
1
1
1
1.00001
1
1
1
1
1
1
1
1
1
1
1
1
1
1
1
1
1
1
1
1
1
1
1
1
1
1
1
1
1
1
1
1
1
1
1
1
1
1
0.999998
1
1
1
1
1
1
1
0.999999
1
1
1.00001
1
1
1
1
0.993957
1
1
1
1
1
0.99698
1
1
1
1.00001
1
1
1
1
1
1
1
1
1
1
1.00005
1
1
0.992299
1
1
1
1
1
1
1
1
1
1
1
1
1
1
1
1.00008
1
1
1
1
1
1
1
1.00003
0.999999
1
0.999409
1
1
1
0.999998
1
1
1
1
1
1
1.00002
1
1.00084
1
0.99956
1
1
1
1.00051
1
0.999994
1
1
1
1
1
1
1
1
1
1
1
1
1
1
1
1
1
1
1
1
1
1
1.00002
1
1
1
1.00002
1
1
1
1
1
1
1
1
1
1
1
1
1
1.00016
1
1
1
1
0.999999
1
1
1.0001
1
1
1
1
1
1
1
1
1
1
0.998884
1
1.00007
1
1
1
1
1
1
1
1
1
0.999999
1
1
1
1
1
1
1.01379
1
1
1
1.00001
1
1
1
0.992226
1
1
1
1
1
0.993181
1.00002
1
1
1
1
1
1
1
1
1
1
1
1
1
1
1
1
1
1
1
1
0.995311
1
1
1
1
1
1
1
1
1
1
1
1
1
1
1
1
1
1
1
0.999976
0.999979
0.999999
1
1
1
1
1
1
1
1
1
1
0.998369
1.00016
1
1
1
1
1
1
1
1
1
1
1
1
1
1
1
1.00001
1
1
1
1
1
1
1
1
1
1
1
1
1
1
1
1
1
1
1
1
1
0.999995
1
1
0.999999
1
1
1
1
1
1
1
0.999724
1
1
1
1.00008
1
1
1
1
1
1
1
1
1
1
1
1
1
1
1
1
1
1
1
1
1
1
1
1
1
1.00001
1
1
1
1
1
1
1
1
1
1
1
0.999971
1
1
1
1
1
1
1
1
1
1
1
1
1
1
1
1
1.00002
1
1
1
1
1
1
1
0.999754
0.998804
1
1
1
1
1
1
1
0.999371
1
1
0.999996
1
1
1
1.00004
1
1
1
1
1
1
1
1
1
1
1
1
1
1
1
1
1
1
1
1
1
1
1.0001
1
1
1
1
1
1
1
1
1
1
1
1
1
1
1
1
1
1
0.999842
0.999985
0.999984
0.999992
1
0.999858
1
1
1
1
1
1
1
1
1
1
1.00083
0.999994
1
1
1
1
1
1
1
1
1
1
1
1
1
1
1
1
1
1
1
0.999939
1
1
1
1
1
1
1
1
1
0.999999
1
1.00001
1
1
1
1
1
1
1
1
1
1
1
1
1
1.00093
1
1
0.99954
1
1
1
1
1
1
1
1
1
1
1
1
1
1
1
1.0007
1
1
1
1
1
1
1
1
1
1
1
1
1
1
1
1
1
1
1
1
1
0.999957
1.00011
1
1
1
1
1
0.999999
1
1
1
1
1
1
1
1
1
1
1
1
1
1
1
1
0.999995
1
0.999999
1
1
1
1
1
1
1
1
1
1
1
1
1
1
1
1
1.00003
1
1
1
1
1
0.996766
1
1
1
0.995932
1
1.00014
1
1
1
1
1
1
1
1
1
1
1
0.989393
1
1
1
1
1
1
1
1
1
1
1
1
1
1
1
1
1
1
1
1
1
1
0.999076
1
0.994058
1
1
1
1
0.999998
1
1
1
0.999999
1
1
1.00007
1
1
0.997563
1
1
1
1
0.999997
1
1
1
1
0.998515
1
1
1
1
1
1
1
1
1
1
1
1
1
1
1
1
1
1
1
0.999999
1
1
1
1
1
0.999991
1
1
1
1
1
1
1
1
1
1
1
1
1
1
1
1
1
1
1
1
1
1
1
1
1
0.997811
1
1
1
1
1
1
1
1
1
1
1
1
1
1
1
1
1
1
1
0.992058
1
1
0.999982
1
1
1
1
1.00002
1
1
1
1
1
1
1
1
1
1
1
1
1
1
1
1
0.999753
1
1
1
1
1
1
1
1
1
1
1
1
1
1
1
1
1
1
1
1
1
0.995629
1
1
1
1
1
1
1
1
1
1
1
1
1
1
1
1
1
1
0.999989
1
1.00001
1
1
1
1
0.99998
1
1
1
0.99985
1
1
1
1
1
1
1
1
1
1
1
1
1
1
1
1
1
1
1
1
1
1
1
1
1
1
1
1
1
1
0.999999
1
1
1
1
1
0.999998
1
1
0.999999
1
1
1.00039
1
0.999958
1
1
1
0.99636
1
1
1
1
1
1
1
1
1
1
1
1
1
1
0.999999
1
1
1
1
1
1
1
1
1
1
1
1
1
1
1.00002
1
1
1
1
1
1
1
1
1
1
1
1
1
1
1
1
1
1.00042
1
1
1
1
1
1
1
1
1
1
1
1
1
1
1
1
1
1
1
1
1
1
1
1
1
1
1.00008
1
1
1
1
1
1
1
1
1
1
1
1
1
1
0.999719
1
0.999336
1
1
1
1
1
0.999651
1
1
1
1
1
1
1
1
0.999968
1
1
1
1
1
1
1
1
1
1.00001
1
0.999999
1
1
0.999999
1
1
1
1
1
1
1
1
0.99481
1
1
1
1.00001
1
1
1
1
1
1
1
0.999999
1
1
1
1
1
1
0.999604
1
1
1
1
1
1
1
1
0.999999
0.999999
1
1.0006
1
1
1
0.995732
1
1
1
1
1
1
1.00001
1
1
1
1
1
1
1
1
1
1
1
1
1
1
1
1
1
1
1
1
1
1
1
1.00001
1
1
1
0.999999
0.999995
1
1
1
1
1
1
1
1
1
0.999999
1
1
0.999999
1
1
0.999999
1.00002
1
1
1
1
1
0.997751
1
1
1
1
1
0.999371
1
1
1
1
1
1
1
1
1
1
1
1
1.00011
0.999091
1
1
1
1
1
1
1
1
1
1
0.995312
0.999945
1
1
1
1
0.999999
1
1
1
1
1
1
1
1
1
0.999367
1
1.00011
1
1
1
1.00057
1
1
1
1
1
1
1
0.999999
1
1
1
1
1
1
0.999999
1
1
0.99936
1
1
0.999794
1
1
1
1
1
1
0.999981
1
1.00002
1
1
0.999871
1
1
0.999999
1
1
1
0.999948
1
1
1.00001
1
1
1
1
1
1
1
1
1
1
1
1
1
1
1
1
1
1
1
1
1
1
1
1
1
1
1
1
1.00003
1
1
1
1
0.999821
1
1
1
1
1
1
1
1
1
0.999758
1
1
1
1
1
1
1
1
1
1.00029
1
1
1
1
1
1
1.00001
1
0.998961
1
1
1
0.999985
1
1
1
0.999999
1
1
1
1
0.991666
0.996273
1
1.00003
1
1
1
1
1
1
1
1
1
1
1
1
1
0.997821
1
1
1
1
1
1
1
1
1
1
1
1
0.99882
1
1
1
1
1
1
1
1
1
1
1
1
1
1
1.00011
1
1
1
1
0.990954
1
1
1
1
0.999997
1
0.999965
1
1
1
1
1
1
1
1
1
1
1
0.999998
1
1
1
1
1
1
1
1
1
1
1
1
1
1
1
1
1
1
1
1
1
1.00004
1
1
1
1
1
1
1
1
1
1
1
1
1
1
0.999973
1
0.999999
1
1
1
0.997555
0.999993
1
1
1
1
1
1
1.00002
1
1
1
1
1
1
1
1
0.998346
1
1
1
1
1
1
1
1
1
1
1
1
1
1
1
1
1
1
1
1
1
1
1
1
1
1
1
1
1
1
1
1
1
1
1
1
1
1
1
1
1
1
1
1
1
1
1
1
1
0.991261
1
1
0.999295
1
1
0.999999
1
1
1
1
1
1.00477
1
1
1
1
1
1
1
1
1
1
1
1
1
1
1
1
1.00003
1
1.00005
1
1
1
1
0.999998
1
1
1
1
1
1
1
1
1
1.00003
1
1
0.99943
1
1
1
1
1
1
1
1
1
1
1
1
1
1
0.999999
1
1
1
1
1
1
1
1
1
1
1
0.999998
1.00004
1
1
1.00004
1
1
1
1
1
1
1
1
1
1
1
0.99947
1.00001
1
1
1
0.998023
0.99998
1
1
1
1
1
1
1.00014
1
1
1
1
1
1
0.999133
1
1
0.999995
1
1
1
1
1
1
0.999999
1.00171
1
1
1
1
1
1
1
1
1
1
1
1
1
1
1
1
1
1
1
1
1
1
1
1
0.999042
1
0.998669
1
1
1
1
1
1
1
0.998999
1
1.00001
1
1
1
1
1
1
1
1
0.998375
1
1
1
1
1
1
1
1
1
1
1
1
1
0.999993
1
1
0.999928
1
1
1
1
1
1
1
1
1
1.00001
1
1
1.00058
1
1
1
1
1
1
1
1
1
1
1
1
1
1
0.999993
0.999262
1
1
1
1
1
1
1
1.00133
1
1
1
1
1
1
1
1
1
1
1
1
1
1
1
1
1
0.997313
1
1
1
1
1
1
1
1
0.992387
1
0.995192
1
1
1
1
1
1
1
1
1
1
1
0.999999
1
1
1
1
0.999857
1
1
1
1.00004
1
0.99366
1
1
1
1
0.99947
1
1.00122
1
1
1
1
1
1.00043
1.00034
1
1
1
1
1
0.999955
1
1
1
1
1
1
1
1
1
1
1
1
1
0.973866
1
1
1
1
1
1
1
1
1
1
1
1
1
1
1
1
1
1
1
1
1
1
1
1
1
1
1
1
0.999999
1
1
1
1
1
1
1
0.999996
0.991406
1
1
1
1
1
1
1
1.00047
1
1
1
1
1
1
1
1
1
1
1
1
1
1
1.00005
1
1
1.00004
1
1
0.998872
1
1
1
1
1
1
1
1
1
1
1
1
1
1
1
1
1
1
1
1
1.00005
1
1
1
1
1
1
1
1
1
1
1
1
1
1
1
1
1
1
1
1
1
1
1.00003
1
1
1
1
1
1
1
1
1.00085
1
1
1
1
0.98732
1
1
1
1
1
1
1
1
1
1
1
1
1
1
1
1
1
1
1
1
1
1
1
1
1
1
1
1.00002
1
1.0001
1
1
1
1.00001
1
1
1
1
1
1
1
1
1
1
1
1
1
1.00156
1
1
1
1
0.999992
1
1
1
1
1
1
1
1
1
1
1
1
1
1
1
1
1
1
1
1
1
1.00029
1
0.999803
1
1
1
1
0.999595
1
1
1
1
1.00011
1.00003
1
1
1
1
1
1
1
1
1
1
1
1
0.999184
1
1
1
1
1
1
1
1
1
1
1
1
1
1
1
1
1
1
1
1
1
1
1
1
1.00072
1
1
1
1
1
1
1
1
1
1
1
1
1
1
1
1
1
1
1
1
1
1
1
1
1
0.999999
1
1
1
1
1
1
1
0.998824
1
1
1
1
1
0.999999
1
1
1
1
1
1
1
1
1.00029
1
1
0.999999
1
1
1
1
1
1
1
1
1
1
0.997557
1
0.995066
1
1
1
1
1
1
1
1
1
1
1
1
1
1
1
1
1
1
1
0.999936
1
1
1
1
1
1
1
1
1
1
1
1
1
1
1
1
1
1
1
1.00002
1
1
1
1
1
1
1
1
1
1
1
1
1
1
1
1
0.987166
0.997903
1
0.999347
0.997854
1
0.999999
1
1
1
1
1
1
1
1
1
1
1
1
0.999995
1
1
1
0.999815
1
1
1
1
1
1
1
1
1
1
1
1
1
1
1
1
1
1
1
1
0.999772
1
1
1
1
1
1
1
1
1.00001
1
1
0.999995
1
1
1
1
1
1
1
0.999998
1
1
1
1
1
1
1
1
0.999997
1
1
1
1
1
1
1
1
1.00007
1
1
0.999996
1
0.999997
1
1
1
0.999607
0.999999
0.998258
1
1
1
1
1
1
1
1
1
1
1
1
1
1
1
1
1
1
1.00001
1
1
1
1
1
1
1
1
1
1
1
1
1
1
1
1
1
1
1
0.985743
1
1
1
1
1
1
1
1
1
1
1
1
1
1
1
1
1
1
1
1
1
1
1
1
0.999999
1
1
1
1
1
1.00002
1
1
1
1
1
1
1
1
0.999999
1
1
1
1
1
1
1
1
1
1
1
1
1
1
1
1
1
1
1
1
1
0.99471
1
1
1
1
1
1
1
1
1
0.999132
1
1
1
1
1
1
0.999999
1
1
1
1
1
1
1
1
1
0.999999
1
1
1
1
1
1
1
1
1
1
1
1
1
1
1
1
1
1
1
0.999997
1
1
1
1
0.996949
1
1
1
1
1
1
1
1
1
1
1
1
1
0.999872
1
1
1
1
1
1
1
1
1
1
1
1
1
1
1
1
1
1
1
1
1
1
1
1
1
1
1
1
1
1
1
1
1
1
1
1
1
1
1
1
1
1
1
1
1
1
1
1
1
1
1
1
1
1
1
1
1
1
1
1
1
1
1
1
1
1.00025
1
1
1
1
1.00125
1
1
1
1
1
1
1
1
1
1
1
1
1
1
1
1
0.999987
1
0.999999
1
1
1
1
1
1
1
0.999868
1
1
1
1
1
1
1
1
1
1
1
1
1
1
1
1
1
1
1
1
1
1.00001
1
1
1
1
0.999999
1
1
1
1
1
1
1
1
1
1
1
1
1
1
1
1
1
1
1
1
1
1
1
1
1
1
0.99994
1
1
1
1
1
1
1
1
1
1
1
1
1
1
1
1
1
0.999999
1
1
1
1
1
1
0.999948
1
1
1
1
1
1
1
1
1
1
1
1
1
1
1
1
0.98786
1
1
1
1
1
1
1
1
1
1
1
1.00196
1
1
1
1
1.00004
0.999994
1
1
1
1
1.00005
1
1
0.999999
1
1.00003
1
1
1
1
1
1
1
1
1
1
1
1
1
1
1
1
1
1
1
1
1
1
1
1
1
0.999626
0.999095
1
1.00032
1
1
0.999998
1
1
1
0.999994
1
1
1
1
1
1
1
0.999999
1
1
1
1
1
1
1
1
1
1
1
1
1
1
1
1
1
1
1.00025
1
1
1
1
1
1
1
1
1.00003
1
1
1
)
;

boundaryField
{
    frontback
    {
        type            empty;
    }
    topbottom
    {
        type            zeroGradient;
    }
    outlet
    {
        type            zeroGradient;
    }
    inlet
    {
        type            fixedValue;
        value           uniform 1;
    }
    walls
    {
        type            zeroGradient;
    }
    procBoundary2to0
    {
        type            processor;
        value           nonuniform List<scalar> 
83
(
1
1
1
1
1
1
1
1
1
1
1
1
1
1
1
1
1
1
1
1
1
1
1
1
1
1
1
1
1
1
1
1
1
1
1
1
1
1
1
1
1
1
1
1
1
1
1
1
1
1
1
1
1
1
1
1
1
1
1
1
1
1
1.00006
1
1
1
1
1
1
1
1
1
1
1
1
1
1
1
1
1
1
1
1
)
;
    }
    procBoundary2to3
    {
        type            processor;
        value           nonuniform List<scalar> 
99
(
1
1
1
1
1
1
1
1
1
1.00001
1
1
1
1
1
1
1
1
1
1
1
1
1
1
1
1
1
1
1.00001
0.999
1
1
0.999999
0.995982
1
1
1.00006
1
1
1.00082
1
1
1
1
1
1
1
1
1
1
1
1
1
1
1
1
1
1
1
1
1
1
1
0.999686
1
1
1
1
1
1
1
1
1
1
1
1
1
1
1
1
1
1
1
1
1
1
1
1
1
1
1
1
1.00002
1
1
1
1
1
0.999985
)
;
    }
}


// ************************************************************************* //
