/*--------------------------------*- C++ -*----------------------------------*\
| =========                 |                                                 |
| \\      /  F ield         | OpenFOAM: The Open Source CFD Toolbox           |
|  \\    /   O peration     | Version:  v2012                                 |
|   \\  /    A nd           | Website:  www.openfoam.com                      |
|    \\/     M anipulation  |                                                 |
\*---------------------------------------------------------------------------*/
FoamFile
{
    version     2.0;
    format      ascii;
    class       volScalarField;
    location    "250";
    object      gammaInt;
}
// * * * * * * * * * * * * * * * * * * * * * * * * * * * * * * * * * * * * * //

dimensions      [0 0 0 0 0 0 0];


internalField   nonuniform List<scalar> 
13917
(
1
1
1
1
1
1
1
1
1
1
1
1
1
1
1
1
1
1
1
1
1
1
1
1
1
1
1
1
1
1
1
1
1
1
1
0.998552
1
1
1
1
1
1
1
1
1
1
1
1
1
1
1
1
1
1
1
1
1
1
1
1
1
1
1
1
1
0.999875
1
1
1
1
1
1
1
1
1
1
1
1
1
1
1
1
1
1
1
1
1
0.998376
1
1
1
1
1
1
0.996695
1
1
1
0.999999
1
1
1
1
1
1
1
1
1
1
1
1
1
1
1
1
1
1
1
1
1
1
1
1
1
1
1
1
1
1
1
1
1
1
1
0.999809
1
1
1
1
1
1.00019
1
1
1
1
1
1
1
1
1
1
1
1
1
1
1
1
0.996736
1
0.999609
1
1
1
1
1
1
1
1
1
1
1
1
1
1
1
1
1
1
1
1
1
1
1
1
1
1
0.999987
1
1
1
0.999866
1
0.999975
1
1
1
1
1
1
0.954832
1
1
1
1
1
1.00184
1
1
1
1
1
1
1
1
1
1
1
1
1
1
1
1
1
1
1
1
0.995865
1
1
0.999578
1
1
1
1
1
1
1
1
1
1
1
1
1
1.00016
1
1
1
1
1
1
1
1
1
1
1
1
1
1
1
1
1
1
1
1.00128
1
1
1
0.999686
1
1
1
1
1
1
1
1
0.999618
1
1
1
1
1
1
1
1
1
1
1.00017
1
1
1.00074
1
1
1
1
1
1
1
1
1
1
1
1
1
1
1
1
1
1
1
1
1
1
1
1
1
1
1
1
1
1.00003
1
1
1
0.998079
1
1
1
1
1
1
1
1
1
1
1
1
1
1
1
1
1
1
1
1
1
1
1
1
1.00025
1
1
1
0.999923
1
1
1
1
1.00135
1
1
1
1
1
1
1
1
1
1
1
1.00104
1
1
1
1
1
1
1
1
1
1
1
1
1
1
1
1
1
1
1
0.996147
1
1.00015
1
1
1
1
1
1
1
1
1
1
1
1
1
1
1
1
1
1
1
1
1.00009
1
1
1
1
0.999988
1
1
1
1
0.999999
1
1
1
1
1
1
1
1
1
1
1
1
1.00005
1
1
1
1
1
1
1
1
1
1
1
1
1
1
0.998539
1
1
1
1
1
1
1
1
1.00025
1
1
1
1
1
1
1
1
1
1
1
1
1
1
1
1.00003
1
1
0.999997
1
0.999999
1
1
1
1
0.99939
1
1
1
1
1
1
1
1
1
1
1
1
1
1.00001
1
1
0.99987
1
1
1
0.999988
1
1
1
1
1.00001
1
1
1
1
1
1
1
1.0003
1
1
1
1
1
0.998154
1
0.999983
1
1
1
1
1
1
1
1
0.999999
1
1
1
1.00085
1
1
1
1
1
1
1
0.999975
1
1
1.00033
1
1
1
1
1
1
0.99932
1
1
0.999818
1
1
1
1
1
1
1
0.999995
1
1
1
0.999949
1
1
1
1
1
1
1
1
1
1
1
1
1
1
1
1
0.9985
1
1
1
1
1
1.00006
1
1
1
1
1
1
1
1
1
1
1
1
1
1
1
1
1
1
1
1
1
1
1
1
1
1
1
1
1
0.999879
1
0.999478
1
0.999996
1
1
1
1
1
1
1
1
1
1
1.00019
1
1
1
0.999999
1
0.996969
1
1
1
1
1
1
1
0.920253
1
1
1
1
1
1
1
1
1
1
0.999582
0.999999
1
1
1
1
1
1
1
1
1
1
1
1
1
1
1
1
1
1
1
1
1
1
1
1
1
1
1
1
1
1
1
1
1
1
1
1
1
1
1
0.999835
1
1.00178
0.99985
1
1
1
1
1.00001
1
1
1
1
1
1
1
1
1
1
1
1
1
1
1
1
1
1
1
1
1
1
1
1
1
1
1
1
1
1
1
1
1
1.00002
1
1
1
1
1
1
1
1
0.999705
1
1
1
1
1
1
1
1
1
1
1
1
1
1
1
1
1
1
1
1
1
1
1
1
1
1
1
0.999487
1
1
1
1
1
1
1
0.999919
1
1
1
1
1
1
1
1
1
1
1
1
1
1
1
1
1
1
0.998995
1
0.996335
1
1
1
1
1.00014
1
1
1
1
1
1
1
1
1
1
1
1
1
1
1
1
1
1
1
1
1
1
1
1
1
1
1
1
1
1
1
1
1
1
0.999996
1
1
1
1
1
1
1
1
1
1.00001
1
1
1
1
1
1
1
1
1
1
0.999997
1
1
1
0.99983
1
1
1
1
1
1
1
1
1
1
1
1
1
1
1
1
1
1
1
1
1
1
1
1
1
1
1
1
1
1
1
1
1
1
1
1
0.999987
1
1
1
1
1
1
1
1
1
1
1
1
1
1
1
0.999999
1
1
1
1
1
1
1
1
1
1
1
1.00021
0.998318
0.999999
0.99887
1
1
1
1
1
1
1
1
1
1
0.999863
1
1
1
1
0.999997
1
1
1
1
1
1
1
1
1
1
1
1
1
1
1
1
1
1
0.999999
1
1.00096
1.00001
1
1
1.00006
1
1
1
1
1
1
1
1
1
1
1
1
1
1
1
1
1
1
1
1
1
1
1
1
1
1
1.00138
1
1
1
1
1
1
1
1
1
1
1
1
1
1
1
1
1
1
1
1
1
1
1
1
1
1
1
1
1
1
1
1
1
1
1
1
1.0001
1
1
1
1
1
1
1
1
1
1
1
1
1
1
1.00008
1
0.99871
1
1
1
1
1
1
1
1
1
1
1
1
1
1
1
1.00001
1
1
1
1
1
1
1
1
1
1
1
1
1
1
1
1
1
1
0.999739
1
1
1
1
1
1
1
1
1
1
1
0.999999
1
1
1
1
1
1.00025
1
0.99999
1
1
1
1
1
1
1
1
1
1
1
1
1
1
1
1
1
1.0001
1
1
1
1
1
1
1
0.999999
1
1
1
1
0.999999
1
1
1
1
1
0.992997
1
1.00034
1
1
1
0.999371
1
1
1
1
1
1
1
1
1
1
1
1
1
1
1
1
0.999908
1
0.999983
1
1
1
1
1
0.999984
1
0.999997
1
1
1
1
1
1
1
1
1
1
1
1
1
1
1
1
1
1
1
1
1.00079
1
1
1
1
1
1
1
1
1
1
0.977234
1
1
1
1
1
1
0.999995
1
1
1
1
1
1
1
1
1
1
1
0.999968
1
1
1
1
1
1
1
0.999998
1
1
1
1
1
1
1
1
1
1
1
1
1
1
1
1
1
1
1
1
1
1
1
1
1
1
1
1
1
1
1
1
1
1
1
1
1
1
1
1
1
1
1
1
1
1
1
1
1.00002
1.00144
0.999915
1
1
1
1
1
1
1
1
1
1
1
1
1
1
1
1
1
1
1
1
1
1
1
1
1
1
1
1
1
1
1
1
1
1
1
1
1
1
1
1
1
1.00018
1
1
1
1
1
1
1
1
1
1
1
1
1
1
1
1
1
1
1
0.999902
1
1
1
1
1
1
1
1
1
1
1
1
1
1
1
1
1
1
1
1
1
1
1
1
1
1
1
1
1
1
1
1
1
1
1
1
1
1
1
1
1
1
1
1
1
1
1
1
0.998404
1
1
1
1
1
1
1
1
1
1
0.999526
1
1
0.999619
1
1
1
1
1
1
0.999965
1
1.00013
1
1
1
1
1
1
1
1
1
1.00009
1
1
1
1
1.00002
1
1
1
1
1
1
1
1
1
0.9994
1
1
1
1
1
1
1
1
1
1
1
1
1
1
1
1
1.00089
1
1
1
1
1
1
0.998805
1
1
0.997992
1.00002
1
1
1
1
1
1
1
1
1
1
1
1.00001
1.00157
1
1
1
1
1
1
0.997312
0.999833
1
1
1
1
1
1
1
1
1
1
1
1
1
1
1
1
1
1
1
1
1
1
1
1
0.999997
1
1
1
1
1
1
1
1
1
1
1
1
1
1
1.00015
1
1
1
1.00454
1
1
1
1.00465
1.00009
1
1
1
1
1
1
1
1
1
1
1
1
1
1
1
1
1
1
1
1
1
1
1
1
1
1
1
1
1
1
1
1
1
1
1
1
1
0.996597
1
1
1
1
1
1
1
1
1
1
1
1
1
1
1.00011
1
1
1
1
1
1
1
1
1
1
1
1
1
1
1
1
1
1
1
1
1
1
1
0.99771
1
1
1
1
1
1
1
1
1
1
1
1
0.999997
0.99318
1
1
1
1
1
1
1
1
1
1
1.00136
1
1
1
1
1
1
1.00037
1
1
1
1
1
1
1
1
1
1
1
1
1
1
1
1
1
1
1
1.0001
1
1
1
1
1
1
1
1
1
1
1
1
1
1
1
1
1
1
1
1
1
1
1
1
1
1
1
1.00001
1
1
1
1
0.999987
1
1
1
1
0.999953
1
1.00002
1
1
1
1
1
1
1
1
1
1
1
1
1
1
1
1.00003
1
1
1
1
1
1
1
1
1
1
1
1
1
1
1
1
1
1
1
1
1
1
1
0.999867
1.00008
0.99985
1
1
1
1
1
1
1
1
1
1
1
1
1
1
1
1
1
1
1
1
0.999761
0.999719
1.00003
1
1
1.00003
1
1
1
1
1
1
1
1
1
1
1
1
1
1
1
1
1
1
1
1
1
1
1
1
1
1
1
1
1
1
1
1
1
1
1
1
1
1
1
1
1
0.994318
1.00116
1
1
0.999996
1
1
1
1
1
1
1
1
1
1
1
1
1
1
1
1
1
1
1
1
1
1
1.0001
1
1
1
1.00019
1
1
1
1
1
1
1
0.99889
0.999793
1
1.00016
1
1
1
1
1
1
1
1
1
1
1
1
1
1
1
1
1
1
1
1
1
1
0.999998
1
1
1
0.999959
1
1
1
1
0.999999
1
1
1
1
1
1
1
1
1
1
1
1
1
1
1
1
1
1
1
1
1
1
1
1
1
1
1.00012
1
1
1
1
1
1
1
1
1
1
1
1
1
1
1
1
1
1
1
1
1
0.999997
1
1
1
1
1
1
1
1
1
1
1
1.0011
1
1
1
1
1
1
1
1
1
1
1
1
1
1
1
1
1
1
1
1
1
1
1
1
1
1
1
1
1
1
1
0.999947
1
0.999983
1.00258
1
1
1
0.994699
1
1
1
1
1
0.999873
1
1
1
1
1
1.00002
1
1
1
1
1
1
1
1
1
1
1
1
1
1
1
1
1
1
1
1
1.00001
1
1
0.999654
1
1
1
1
1
1
1
1
1
1
1
1
1
0.9998
1
1
1
1
1
1
1
1
1.0006
1
1
1
1
1
1
1.00035
1
1
1
1
1
1
1
1
1
1
1
1
0.999841
1
1
1
1
1
1
0.999998
1
1
1.00016
1
1
1
1
1
1
1
1
1
1
1
1
1
1.00005
1
1
1
1
1
1
1
1
1
1
1
1
0.999817
1
1
1
0.999912
1
1
1
1
1
1
1
1
0.999998
0.992375
1
1
1
0.998468
1
1
1
1
1
1
1.00015
1
1
1
1
1
0.999852
1
1
1
1
1
1.0001
1
1
1
1
1
1
1
1
1
1
1
1
1
1
1
1.00001
1
1
1
1
1
1
1
1
0.999994
1
1
1
1
1
1
1
1
1
1
1
1
1
1
1
1
1
1
1
1
1
1
1
1
1
1
1
1
1
1
1
1
1
1.00047
1
1
1
1
1
1
1
1
1
1
1
0.998934
1
1
0.999973
1
1
1
1
1
1
1
1
1
1
1
0.998057
1
1
0.998792
1
1
1
1
1
1
1
1
1
1.00004
1
1
1
1
1
1
1
1
1
1
1
1
1
1
1
1
1
1
1
1
1
1.00001
0.999959
1
1
1
0.999743
1
1
1
1
1
1
1
1
1
1
1
1
0.999975
1
1
1
1
1
1
1
1
1
1
1
1
1
1
1
0.999853
1
1
1
1
1
1
1
0.999028
1
1
1
1
1
1
1
1
1
1
0.998095
1
1
1
1
1
1
1
1
1
1
1
1
1
1
1
1
1
1
1
1
1
1
1
1
1
1.00001
1
1.00001
1
1.00088
1
1
0.999987
1
1
1
1
1
1
1
0.99709
1
0.998397
1
1
1
1
1
1
1
1
1
1
1
1.00043
1
1
1
0.999999
0.989382
1
1
0.999946
1
1
1
1
1
1
1
1
1
1
1
1
1
1
1
1
1
1
1
1
1
1
0.999317
1
1
1
1
1
1
1
1
1
1
1
1
1
1
1
1
1
1
1
1
1
1
1
1
1
1
1
1
1
1
1
1
1
1
1
1
1
1
1
1.00002
1
1.00031
1
1
1
0.99918
1
1
1
1
1
1.00008
1
1
1
1
1
1
1
1
1
1
1
1
1
1
1
1
1
1
1
1
1
0.999854
1
1
1
1
1
1
1
1
1
1
1.0002
1
1
1
1
1
1
1
1
1
1
1
1
1
1.00032
1
1
1
1
1
1
1
1
1
1
1
1
1
1
0.998713
1
1
1
1
1
1
1
1
1
1
1
1
1
1
1
1
1
1
1
0.999999
1
1
1
1
1
1
1
1.0002
1
1
0.998627
1
1
1
1.00003
1
1
1
1.00033
1
1
1
0.999752
1
1
1
1
0.999924
0.99992
1
1
1
1
1
1
1
1
1
1
1
1
1
1
1
1
1
1
1
1
1
1
1
1
1
1
1
1
1
1
1
1
1
1
1
1
1
1
1
1
1
1
1
1
1
1
1
1
1
1
1
0.996011
1
1
1
1
1
1
1
1
1
1
1
1
1
1
1
1
1
1
1
1
1
1
1.00037
1
1
1
0.99665
1
1
1
1
1
1
1.00052
1
1
1
1
1
0.999895
1
0.999539
0.999999
1
1
1
1
1
0.999885
1
1
1
1
1
1
1
1
1
1
1
1
1
1
1
1
1
1
1
1
1
1
1.00017
1
1
1
1
0.999999
1
1
1
1
1
1
1
1
1
1
1
1
1
0.99933
0.999974
1
1
1
1.00001
1
1
1
1
1
1
1
1.00456
1
1
1
1
1
1
1
1
1
1
1
1
1
1
1.00021
1
1.00022
1.00001
1
1
1
1
1
1
1
1
1
1
1
1
1
1
1
0.999997
1
1
1
1
1
1
1
1
1
1
1
1
0.999999
1
1
1
1
1
1
1
1
0.999664
1
1
1
1
1
1
1
1
1
1
1
1
1
1
1
1
1
1
1
1
1
1
1
1
1
1
1
1
1
1
1
1
1
1
1
1
1
1
1
1
1
1
0.999884
1
1
1
1
1
1
1
1
1
1
0.999332
1
1
1
1
1
1
1
1
1
1
1
1
1
1
1
0.998941
1
1
1
1
1
1
1
0.994774
1
1
1.00001
1
0.995837
1
1
1.00076
1
1
1
1
1
1
1
1
1
1
1
1
1.00006
1
1
1
1
1
1
1
1
1
1
1
1
1
1
1
1
1
1
1
1
1
1
1.00001
1
1.00008
1
1
0.99977
1
1
1
1
0.999969
1
1
1
1
1
1
1
1
1
1
1
1
1
1
1
1
1
1
1
1
1
1
0.997748
1
1
1
1
1
1
1
1
0.999915
1
1
1
1
1
1
1
1
1
0.999999
1
1
0.99995
1
1
1
1
1
1
1
1
1
1
1
1.00025
1
1
1
1
1
1
1
1
1
1
1
1
1
1
1
1
1
1
0.997883
1
1
1
1
1.00038
1
1
1
1
1
1
1
1
1
1
1
1
1
1
1
1
1
1
1
1
1
1
1
1
1
1
1
1
1
1
1
1
1
1
1
1
1
1
1
1
1
1
1
1
0.999884
1
0.992462
1
1
1
1
1
1
1
1
1
1
1
1
1
1
1
1
1
1
0.998088
1
1
1
1
1
1
1
1
1
1
1
1
1
1
1
1
1
1
1
1
1
1
1
1
1
1
1
1
1
0.999999
1
1
1
1
1
1
1
1
1
1
1
1
1
1
1
1
1
1
0.994249
1
1
1
1
1
1
1
1
1
1
1
1
1
1
1
1
0.998363
1
1
1
1
1
1
1
1
1
1
1
1
1
1
1
1
1.00024
1
1
1
1
1
1
1
1
1
1
1
1
0.999578
0.999688
1
1
1
1
1
1.00013
1
1
1
1
1
1
1
1
1
1
0.999424
1.00001
1
1
0.994827
1
1.00005
1
1
1
0.994598
1
1
1
1
1
0.999443
1
1
1
0.999919
1
1
1
1
1
1
1
1
1
1
0.999954
1
1
1
1
1
1
1
1
1
1
1
1.00057
0.999891
1
1
1
1
1
1.00027
1
1
1
1
1
1
1
1
1
1
1
1
1
1
1
1
1
1.00013
1
1
1
1.00019
1
1
1
1
0.999429
1
0.99969
1
1
1
1
0.999994
1
1
1
1
1
1
1
1
1
1
1
1
1
1
1
1.00017
1
1
1
1
1
1
0.987168
1
1
1
1
1
1
1
1
1
1
1
1
1
1
0.999999
1
1
1
1
1
1
1
1
1
1
1
1
1
1
1
1
1
1
1
1
1
1
1.00101
1
1
1
1
1
1
1
1
1
1
1
1
1
1
1
1
1
0.988785
1
1
1
1
1
1.00005
1
1
1
1
1
1
1
1
1
1
1
1
1
1
1
1
1
1
1
1
1
1
1
1
1
1
1
1
1
1
1.00002
1
1
1
1
1
1
1
1
1
1
1
1
1.00002
1
1
1
1
1
1
1
1
1
1
1
1
1
1
1
1
1
0.999747
1
1
0.999867
1
1
1
1
1
1
1
1
1
1
1
1
1
1
1
1
1
1
1
1
1
1
1.00011
1
1
0.999951
0.99763
1
1
1
1
1
1
1
1
1
1
1
1
1
1
1
1
1
1
1
1
1
1
1
1
1
1
1
1
1
1
1
1
1
1
0.999487
1
1
1
1
1
1
1
1
1.00047
1
1
1
1
1
1
1
1
1
1
1
1
1
1
1
1
1
1
1
1
1
1
1
1
1
1
1
1
1
1
1
1
1
1
1
1
1.00007
0.999788
1
1
1
1
1
1
0.999094
0.999949
1
1
1
1
1
1
1
1
1
1
1
1
1
0.999994
1
1
1
0.999771
1
1
1
1.00081
1
1.00005
0.996932
1
1
1
1.001
1
1
1
1
1
1
1
1
1
1
1
1
1
1
1
1
1
1
1
1
1
1
1
1
1
1
1
0.999977
1
0.999991
1
1
1
1
1
1
1
1
0.999941
1
1
1.00098
1
1
1
1
1
1
1
1
1.00001
1
1.00009
1
1
1
1
1
1
1
1.00011
1
1
1
1
1
1
1
1
1
1
1
1
1
1
1
1
1
1
1
1
1
1
1
0.999876
1
1
1
1
1
1
1
1
1
1
1
1
1
0.999702
1
1
1
1
1.00004
1
1
1
0.999499
1
1
1
1
1
1
1.00011
1
1
1
1
1
1
1
1
1
1
1
1
1
1
1
1
1
1
1
1
1
1
1
0.999432
1
1
1
1
1
1
1
1.00073
1
1
1.00012
1
1
1
1
1
1
1
1
1
1
1
1
1
1
1
1
0.999886
1
1
1
1
1
1
1
1
1
1
1
1
1
1
1
1
1
1
1
1
1
1
1.00012
1
1
1
1
1
1
1
1
1
1
0.999971
1
1
1
1
1
1
1.00013
1
1
1
1
0.999969
1
1
1
1
1
1
1
1
1
1
1.00012
1
1
1
1
1
1
1
1
1
1.00006
1
1
1
1
1
1
1
1
1
1
1
1
1
1
1
1
0.99993
1
1
1
1
0.999924
1
1
1
1
1
1
1
1
1
0.99982
1
1
0.999974
1
1
1
0.999973
1
1
1
1
1
1
1
1
1
1
1
1.00011
1
1
1
1
1
1
1
1
1
1
1
1
1
1
0.995742
1
1
1
1
1
1
1
1
1
1
1
1
1
1
1
1
1
1
1
1
1
1
1
1
0.999039
1
1
1
1
1
1
1
1
1
0.999835
1
1
1
1
1
1
1
1
1
1
1
1
1
1
1
1
0.999729
1
1
1
1
1
1
1
1
1
1
1
1
1
1
1
1
1
1
1
1
1
1
1
1
1
1
1
1
1
1
1
1
1
1
1
1
1
1
1
1
1
1
1
1
1.00013
1
1
1
1
1
1
1
1
1.00008
1
1
1
1
1
1
1
1
1
1
1
1
1
1
1
1
1
1
1
1
1
1
1
1
1
1
1
1
1
1
1
1
1
0.999886
1
1
1
1
1
1
1
1
1
1
1
1
1
1.00002
1
1
1
1
1
1
1
1
1
1
1
1
1
1
1
1
1
1
1
1
1
1
1
1
1
1
1
1
1
1
1.00092
1
1
1
1
1
1
1
1
1
1
1
1
1
1
1
1
1
1
1
1
1
1
1
1
1
1
1
1
1
1
1
0.999531
1
1
1
1
1
1
1
1
1
1.00002
1
1
0.999994
1
1
0.999807
1
1
1
1
1
1
1
1
1
1
1
1
1
1
1
1
1
1
1.00228
1
1
1
1
1
1
0.99795
1
1
1
1
1
1
1
1
1
1
1
1
1
1
1
1
1
1
1
1
1
1
1
1
1
1
1
1
1
1
1
1
0.999995
1
1
1
1
1
1
1
1
1
1
1
1
1
1
1
1
1
1
1
1
1
1
1
1
1
1
1
1
1
1
1
1
1
1
1
1
1
1
1
1
1
1
1
1
1
1
1
1
1
1
1
1
1
1
1
1
1
1
1
1
1
1
1
1
0.9979
1
1
1
1
1
1.00001
1
0.969016
1
1
1
1
1
1
1
1
1
1
1
1
1
1
1
1
1
1
1
1
1
1
1
1
1
1
1
1
0.999986
1
1
1
1
1
1
1
1
1
1
1
1
1.00003
1
1
1
1
1
1
1
1
1
1
1
1.00055
1.00003
1
1
1
1
1
1
1
1
1
1
0.994276
1
1
1
1
1
1
1
1
1
1
1
1
1
1
1
1
1
1
1
1
1
1
1
0.997011
1
1
1
1
1
1
1
1
1
1
1
1
1
0.999988
1
1
1
1
1
1
1
1
1
1
1
1
1
1
1
1
1
0.99778
1.00009
1
1
1
1
1
1
1
1
1
1
1
1
1
1
1
1
1.00011
1
1.00004
1
1
1
1
1
1
1
1
1
1
1.00028
1
1
0.999985
1
1
0.999966
1
1
1
1
1
1
1
1
1
0.999312
1
1
1
1
1
1.00007
1
1
1
0.999993
1
1
1
1
1
1
1
1
1
1
1
1
1
1
1
1
1
1
1
1
1
1
1
1
1
0.999993
1
1
1
1
1
0.999836
1
0.999201
1
1
1
1.00012
1
1
1
1
1
1
1
1
1
1
1
1
1
1
1
0.999354
1
1
1
1
1
1
0.999322
1
1
1
1
1
0.999982
1
1
1
0.999978
1
1
1
1
1
1
1
1
1.00021
0.999997
1
1
1
1
0.999978
1
1
1
1
1
1
1
1
0.977848
1
1
1
1
1
1
1
1
1
1
1
1
1
0.999697
1
1
0.999339
1
1
1
1
1
1
1
1
1
1
1
1
1
1
1
1
1
1
1
1
1
1
1
1
1.00017
1
1
1
1
1
1
1
1
1
1
1
1
1
1
1
1
1
1
1
1
1
1
1
1
1.00003
1
1
1
1
1
1
1
1
0.998621
1
1
1
1
0.999617
1
1
1
1
0.999999
1
1
1
1
1
1
1
1
1
1
1
1
1
1
1
1
1
1
1
1
0.999671
1
1
1
1
1
1
1
1
1
1
1
1
1
1
1
1
1
1.00006
1
1
1
1
1
1
1
1
1
1
1
1
1
1
1
1
1
1
1
1
1
1
1
1
1
1
1.00002
1
1
1
1.00003
1
1
1
1
1
1
1
1
1
1
1
1
1
1
1
1
1
1
1
1
1
1
1
1
1
1
1
1
1
1
1
1
1
1
1
0.999997
1
1
1
1
1
1
1
1
1
1
1
1
1
1
1
1
1
1
1
1
1
1
1
1
1
1
1
0.999999
1
1
1
1
1
1
1
1
1
1
1
1.00001
1
1
1
1
1
1
1
1
1
1
1
1
1
1
1
1
1
1
1
1
1
1
1
1
1
1
1
1
1
1
1
1
1
1
1
1
1
1
1.00009
1
0.999319
1
1
1
1
1
1
1
1
0.999693
1
1
1
1
1
0.99936
1
1
1
1
1
1
1
1
1
1
1
1
0.999872
1
1
1
1
1
1
1
1
1
1
1
1
1
1
1
1
1
1
1
1
1
1
1
1
1
1
1
1
1
1
1
1
1
1
1
1
1
1
1
1
1
1
1
1
1
1
1
1.00074
1
1
1
1
1
1
1
1
1
1
1
1
1
1
0.983022
1
1
1
1
1
1
1
1
1
1
1
1
1
1
1
1
1
1
1
1
1
1
1
1
1
1
0.999927
1
1.00098
1
1
1
0.999165
1
1
1
1
1
1
0.999986
1
1
1
1
1
1
1
1
1
1.00004
1
1
1
1
1
1
1
1
1
1
1
0.999873
1
1
1
1
1
1
1
1
0.998458
1
1
1
1
1
1
0.999988
1
1
1
1
1
1
1
1
1
1
1
1
1
1
1
1
1
1
1
1
1
1
1
1
1
1
1
1
1
1
1
1
1
0.999232
1
1
1
1
1
1
1
1
1
1
1
1
1
1
1
1.00134
1
1
0.999853
0.988752
1
1
1
1
1
1
1
1
1
1
1
1
1
1
1
1
1
0.999973
1
1
0.999979
1
1
1
1
1
1
1
1
1
1
1.00053
1
1
1.00003
1
1
1
1
1
1
1
1
0.999994
1
1
1
1
1
1
1
1
1
1
1
1
1
0.999995
1
1
1
1
1
1
1
1.0001
1
1
1
0.972923
1
1
1
1
1
1
1
1
1
1
1
1
1
1.00001
1
1
1
1
1
1
1
1
1
1
1
1
1
1
1
1
1
1
1
1
1
1
1
0.999993
1
1
1
1
1
1
1
1
1
1
0.997356
1
1
1
1
1
1
1
1
1
1
1
1
1
1
1
0.999999
1
0.999996
1
1
1
1
1
1.00103
1
1
1
1
1
1
1
1
0.999987
1
1
1
1
1
1
1
1
1
1
1
1
1
0.999999
1
1
1
1
1
1
1
1
1
1
1
1
1
1
1
0.999543
1
1
1
1
1
1
1
1
1
1
1
1
1
1
1
1
1
1
1
1
1
1
1
1.00011
1
1
1
1
1
1
1
1
1
1
1
1
1
1
1
1
1
1
1
1
1
1
1
1
1
1
1
1
1
1
1
1
1
1
1
1
1
1
1
1
1
0.997449
1
1
1
1
1
1
1
1
1
1
1
1
1
1
1
1
1
1
1
1
1
1
1
1
1
1
1
1
1
1
1
1
1
1
1
1
1
1
1
1
0.999978
1
1
1
1
1
1
1
1
1
1
1
1
1
1
1
1
0.999978
1
1
1
1
1
1
0.99999
0.999999
1
0.999483
1
1
1
1
1
1
1
1
1
1
1
1
1
1
1
1
1
1
1
1
1
0.999999
1
1
1
1
1
1
1
1
1
1
1
1
1
1
1
1
1
1
1
1
1
1
1
1
1
1
1
1
1
1
1
1
1
1
1
1
1
1
1
1
1
1
1
1
1
1
1
1
1
1
1
0.999999
1
1
1
1
1
1
1
1
1
1
1
1
1
1
1
1
1
1
1
1
1
1.00002
1
1
1
1
1
1
1
1
1
1
1
1
1
1
1
0.998359
1
1
1
1
1
1
1
1
1
1
1
1
1
1
1
1.00002
1
1
1
1
1
1
1
1
1
1
1
1
1
1
1
1
1.00001
1
1
1
0.999888
1
1
1
1
1
1
1
1
1
1
1
1
1
1
1
1
1
1
1
1
1
1
1
1
1
1
1
1
1
1
1
1
1
1
1
1
1
1
1
1
0.999998
1
1
1
1
1
1
1
1
1
1
1
1
1
1
1
1
1
0.999981
1
1
1
1
1
1
1
1
0.999981
1.00001
1
1
1
1
1
1
1
1
1
1.00003
1
1
1
1
1
1
1
1
1
1
1
1
1
1
1
1
1
1
1
1
1
1
1
1
0.999934
1
1
1
1
1
1
1
1
1
1
1
1
1
1
1
1
1
1
0.99912
1
1
1
1
1
1
1
1
1
1
1
1
1
1
1
1
1
1
0.998245
1
1
1
1
1
1
1
1
1
0.995501
1
1
1
1
1
1
1
1
1
1
1
1
1
1
0.998689
1
1
1
1
1
1
1
1
1
1
1
1
1
1
1
1
1
1
1
1
1
1
1
1
1
1
1
1
1
1
1
1
1.00002
1
1
0.999979
1
1
1
1
1
1
1
1
1
1
1
1
1
1
0.999929
1
1
1
1
0.999993
1
1
1
1
1
1
1
1
1
1
1
1
1
1
1
1
1
0.99887
1
1
1
1
1
1
1
1
0.99816
1
1
1
1
1
1
1
1
1
1
1
1
1
1
1
1
1
1
1.00012
1
1
1
1
1
1
1
1
1
1
1
1
0.988725
1
1
1
1
1
1
0.999264
1
1
1
1
1
1
1
1.00005
1
0.999999
1
1
1
1
1
1
0.999929
1
1
1
1
1
1
1
1
1
1
1
1
1
1
1
1
1
1
1
1
1
1
1
1
1
1
1
1
1
1
1
1
1
1
1
1
1
1
1
1
1
1
1
1
1.00032
1
1
1
1
0.997001
1
1
1
1
1
0.99677
1
1
1
1
1
1
1
1
1
1
1
1
1
1
1
1
1
1
1
1
1
1
1
1
1
1
1
1
1
1
1
1
1
1
1
1
1
1
1
1
1
1
1
1
1
1
1
1
1
1
1
1
1
1
1
1
1
1
1
1
1
1
1
1
1
1
0.999941
1
1
1
1
1
1
1
1.00011
1
1
1
1
1
1
1
1
1
1
1
1
1
1
1
1
1
1
1
0.999893
1
1.00007
0.993688
1
1
1
1
1
1
1
1
0.999684
1
1
1
1
1
1
1
1
0.999995
1
1
1
0.999999
1
0.999994
1
0.999972
1
1
1
1
1
1
1
1
1
1
1
1.00153
1
1
1
1
1
1
1
1
1
1
1.00021
1
1
1
1
0.99998
1
1
1
1
1
1
1
1
1
1
1
1
1
1
1
1
1
1
1
1
1
1
1
1
1
1
1
1
1
1
1
1
1
0.999836
0.999965
1
1
1
1
1
1
0.997509
1
1
1
1
0.999682
1.00002
1
1
1.00001
1
1
1.00001
1
1
1
0.999638
1.00185
1
0.999928
1
1
1
1
1
1
1.00011
1
1
1
0.999995
1
1
1
1
1
1.00008
1
1
1
1
1
1
0.999809
0.999988
1
1
1
1
1
1
1
1
0.999753
1
1
1
1
1
1
1
1
1
1
1.0002
1
1
1
0.999848
1.00021
1
1
0.999999
1
1
1
1
0.991579
1
1
1
0.999989
1
1
1
1
1
1
1
1
1
0.999994
0.984721
0.999999
1
1
1
1
1
1.00126
1
1
1
1
1.00053
1
1
0.999994
1
1
1
1
1
1
1
1
1
1
1
1
1
1
1
1
1
1
1
1
1
1
1
1
1
1
1
1
1
1
1
1
1
1
1
1
1
1
1
1
1
1
1
1
1.0007
1
0.99623
1
1
1
1
1
1
1
1
1
1
1
1
1
1
1
1
1
1
0.99977
1
1
1
0.999808
1
1
1
1
1
1
1
1
1
1
1
1
1
1
1
1
1
1
1
1
1
1
1
1
1
1
1
1
1
1
1
1
1
1
1
1
1
1
1
1
1
1
0.999976
1
1
1
1
0.999994
1
1
1
1
1
1
1
1.00013
1
0.98389
1
1
1
1
1
1
1
0.998499
1
1
1
1
1
1
1
0.999999
1
1
1
1
1
1
1
1
1
1
1
1
0.999245
1
1
1
1
1
1
0.999999
1
1.00017
1
1
1
1
1
1
1
1
1
1
1
1
1
1
1
1
1
1
1
1
1.00007
1
1
1
1
1
1
1
1.00248
1
1
1.00105
1.00023
1
1
1
0.983209
1
1
0.999999
1
1
1
1.00002
1
1
1
1
1
1
0.99766
0.999941
1
1
0.998458
1
1
1
1
1.00002
1
1
1
1
1
1
1
1
1
0.999986
0.998002
1.00002
1
1
0.999705
1
1
1
1
1
1
1
1
1
1
1
1
1
1
1
1
1
0.993672
1
1
1
1
1
1
1
1.00015
0.999823
1
1
1
0.999471
1
1
1.00068
1
1
1
1
0.988828
1
1
1
1
1
1
1
1
1
1
1
1
1
1.00014
1
1
1
0.999994
1
1
1
1
1
1
1
1
1
0.999979
1
1
1
1
1
1
1
1
0.999917
1
1
1
1
1
1
1.00013
1
1
1
1
1
1
0.999915
1
1
1
1
1
1
1
0.999999
1
0.999125
1
1
1
1
1
1
1
1
0.99981
0.999989
1
1
1
1
1
1
1
1
1
0.998967
1
1
1
1
1
1
1
1
1
1
1
1
0.999697
0.999885
1
1
1
1
1
0.999966
0.999999
1
1
1
1
1
1
0.999744
1
1
1
1
1
1
1
1
1
1
1
1
1
1
1
1
1
1
1
1
1
0.999951
1
1
1
1
0.998613
1
1
0.999633
1
1
1
1
1
0.999986
1
1
1
0.999971
1
1
1
1
1
1
1
1
1
1.00001
1
1
1
1
1
1
1
1
1
1
1
0.999998
1
1
1
1
1
1
1
1
1
1
1
1
1
1
1
1
1
1
1
1
1
1
1
1
1
1
1
1
1
1
0.999999
1
1
0.999894
1
1
1
1
1
1
1
1
1
1
1
1
1
1
1
1
1
1
1
0.998224
1
1
1
1
1
1
1
1
1
1
1
1
1
1
1
1
1
1
0.999998
1
0.999998
1
1.00117
1.00002
1
1
1
1
1
1
1
1
1
1
1
1
1
1
1
1
1
1
1
1
1
1
1
1
1
1
0.999218
1
1
1
1
1
1
1
1
1
1
1
1
1
1
1
1
1
1
1
1
1
1
1
1
1
1
1
1
1
1
1
0.998467
1
1
0.992465
1.00006
1
1
1
1
1
1
1
1
1
1
1
1
1
1
1
1
1
1.00001
1
1
1
1
1
1
1
1
1
1
1
1
1
1
1
1
1
1
1
1
1
1
1
1
1
1
1
1
1
1
1
1
1
1
1
1
1
1
1
1
1
1
1
1
1
1
1
1
1
1
1
1
1
1
1
1
1
1
1
1
1
1
1
1
1
1
1
1
1
1
1
1
1
1
1
1
1
1
1
1
1
1
1
1
1
1
1
1
1
1
1
1
1
1
1
1
1
1
1
1
1
1
0.99988
1
1
1
1
1
1
1
1
1
1
1
1
1
1
1
1
1
1
1
1
1
1
1
1
1
1
1
1
1
1
0.999998
1
0.99998
1
0.999969
1
1
1
1
1
1
1
1
1
1
1
1
1
1
1
1
1
1
1
1
1
1
1
1
1
1
1
1
1
1
1
1
1
1
1
1
1
1
1.0004
1
1
1
1
1
1
1
1
1
1
1
1
1
1
1
1
1
1
1
0.999999
1
1
1
1
1
1
1
1
1
1
1
1
1
1
1
1
1
1
1
1
1
1
1
1
1
1
1
1
1
1
1
1
1
1
1
1
1
1
1
1
1
1
1
1
1
1
1
1
1
1
1
1
1
1
1
1
1
1
1
1
1
1
1
1
1
1
1
1
1
1
1
1
1
1
1
1
1
1
1
1
1
1
1
1
1
1
1
1
1
1
1
1
1
1
1
1
1
1
1
1
1
1
1
1
1
1
1
1
1
1
1
1
1
1
1
1
1
1
1
1
1
1
1
1
1
1
1
1
1
1
1
1
1
1
1
1
1
1
1
1
1
1
1
1
1
1
1
1
1
1
1
1
1
1
1
1
1
1
1
1
1
1
1
1
1
1
1
1
1
1
1
1
1
1
1
1
1
1
1
1
1
1
1
1
1
1
1
1
1
1
1
1
1
1
1
1
1
1
1
1
1
1
1
1
1
0.993595
1
1
1
1
1
1
1
1
1
1
1
1
1
1
1
1
1
1
1
1
1
1
1
1.00002
1
1
1
1
1
1
1
1
1
1
1
1
1
1
1
1
1
1
1
1
1
1
1
1
1
1
1
0.999856
1
1
1
1
1
1.00006
1
1
1
1
1
1
1
1
1
1
1
1
1
1
1
1
1
1
1
1
1
1
1
1
1
1
1.00001
1
1
1.0001
1
1
1
0.999847
1
1
1
1
1
1
1
1
1
1
1
1
1
1
1
1
1
1.00002
1
1
1
1
1
1
1
1
1
1
1
1
1
1
1
1
1
1
1
1
1
1
1
1
1
1
1
1
1
1
1
1
1
1
0.999969
1
1
1
1
1
1
1
1
1
1
1
1
1
1
0.999989
1
1
1
1
1
1
1
1
1
1
1
1
1
1
1
1
1
1
1
1
1
1
1
1
1
1
1
1
1
1
1
1
1
1
1
1
1
1
1
1
1
1
1
1
1.00009
1
1
1
1
1
1
1
1
1
1
1
1
1
0.999873
1
1
1
1
1
1
1
1
0.999973
1
1
1
1
1
1
1
1
1
1
1
1
1
1
1
1
1
1
1
1
1
1
1
1
1
1
1
1
1
1
1
1
1
1
1
1
1.00168
1
1
1
1
1
1
1
1
1
1
1
1
1
1
1
1
1
1
1
1
1
1
1
1
1
1
1
1
1
1
1
1
1
1
1
1
1
1
1
0.999726
1
1
1
1
1
1
1
1
1
0.993438
1
1
1
1
1
1
1
1
1
1
1
0.995543
1
1
1
1
1
1
1
1
1
1
1
1
1
1
1
1
1
1
1
1
1
1
1
1
1
1
1
1
1
1
1
1
1
1
1
1
1
1
1
1
1
1
1
1
1
1
1
1
1
1
1
1
1
1
1
1
1
1
1
1
1
1
1
1
1
1.00014
1
1
1
1
1
1
1
1
1
1
1
1
1
1
1
1
1
1
1
1
1
0.992551
1
1
1
1
1
1
1
1
1
1
1
1
1
1
1
1
1
1
1
1
1
1
1
1
1
1
1
1
1
1
1
1
1
1
1
1
1
1
1
1.00065
1
1
1
1
0.999983
1
1
1
1
1
1
1
1
1
1
1
1
1
1
1
1
1
1
0.999965
1
1
1
1
1
1
1
1
1
1
1
1
1
1
1.00001
1
1
1
1
1
1
1
1
1
1
1
0.999992
1
1
1
1
1
1
1
1
1
1
1
1
1
1
1
1
1
0.999999
1
1
1
1
1.0001
1
1
1
1
1
1
1
1
1
1
1
1
1
1
1
0.998637
1
1
1
1
1
1
1
1.00001
1
1
1
1
1
1
1
1
1
1
1
0.998097
1
1
1.00001
1
1
1
1
0.999999
1
1
1
1
1
1
1
1.00014
1
1
1
1
1.00017
1
1
1
0.999975
1
1
0.999998
1
1
1
1
1
1
1
1
1
1
1
1
1
1
1
1
1
1
1
1
1
1
1
1
1
1
1
1
1
1
1
1
1
1
1
1
1
1
1
1
1
1
1
1
0.999994
1
1
1
0.983453
1
1
1
1
1
1
1
1
1
1
1
1
1
0.999992
1
1
1
1
1
1
1
1
1
1
1
1
1
1
1
1
1
1
1
1
1
1
1
1
1
1
1
1
1
1
1
1
1
1
1
1
1
1
1
1
1
1
1
1
1
1
1
1
0.999984
1
1.00001
1
1
1
1
1
1
1
1
1
1
1
0.999765
1
1
1
1
1
1
1
1
1
1
1
1
1
1
1
1
1
1
1
1
1
1
0.999997
0.998424
1
1
1
1
1
1
1
1
1
1
1
1
1
1
1
1
1
1
1
1
1
1
1
1
1
1
0.999999
1
0.999881
1
1
1
1
1
1
1
1
1
1
0.999655
1
1
1
1
1
1
1
1
1
0.999749
1
1
1
1
1
0.999614
1
1
1
1
1
1
0.999967
1
1
1
0.999998
1
0.999719
1
1
1
1
1
1
1
1
1
1
1
1
1
1
1
1
1
1
1
1
1
1
1
1
1
1
0.999996
1.00001
1
1
1
1
1
1
1
1.00001
1
1
1
1
1
1
0.999988
1
1
1
1
1
1
1
1
0.999695
1
1
1
1
1
1
1
1
1
1
1
1
1
0.997244
1
1
1
1
1
0.999696
1
1
1
0.999999
1
1
1
1
1
1
1
1
1
1
1
1
1
1
1
1
1
1
1
1
1
1
0.994122
1
1
1
1
1
1
1
1
1
1
1
1
1
1
1
1
1
1
1
1
1
1
1
1
1
1
1
1.00001
0.999963
1
1
1
1
1
0.998985
1
1.00063
1
1
1
1
1
1
0.999999
1
1
1
1
1
1
1
1
0.976464
1
1
1
1.00004
1
1
0.999992
1
1
1.00002
1
1
1
1
1
0.999999
1
1
1
1
1
1
1
1
1
1
1
0.999996
1
1
1
1.00004
1
1.00001
1
1
1
1
1
1
1
1
1
1
1
1
1
1
1
1
1
1
1
1
1
0.99962
1
1
1
1
0.984188
1
1
1
1
1
1
1
1
1
1
1.00001
1
1
1
1
1
1
1.00001
1
1
1
1
1.00003
1
1
1
0.999998
1
1
1
1
1
1
1
1
1
1
1
1
1
1
1
1
1
1
1
1
1
1
1
1.0002
1
1
1
1
1
1
1
0.999316
1
1
1
1
1
1
1
1
1
1
1
1
1
1
1
1
1
1
1
1
1
1
1
1
1
1
1
1
1
1
1
1.00599
1
1
1
1
1
1
1
1
1
1
1
1
1.00001
1
1
1
1
1
1.00002
1
1
1
0.997508
1
1
1
1
1
0.997451
1
1
1
1
1
1
1
1
1
1
1
1
1
1
1
1
1
1
1
1
1
1
1
1
1
1
0.99451
1
1
1
1
1
1
1
1
1
1
1
1
1
1
1
1
1
1
1
1
0.989484
1
1
1
1
0.999975
1
1
1
1
1
1
1
1
1
1
1
1
1
1
1
1
1
1
1.00005
1
1
1
1
1
1
1
1
1
1
0.999995
1
1
1
1
1
1
1
0.999738
0.999835
1
1
1
1
1
1
1
1
1
1
0.998715
1
1
1
1
1
0.999338
1
1.00003
1
1
0.998599
1
1
1
1
1
0.995263
1
1
1
1
1
1
0.999896
1
1
1
1
1
1
1
1
1
1
0.9948
1
1
1
1
1
1
1
0.99998
1
1
1
1
1
1
1
1
1
1
1
1
1
1
1
1
1
1
1
1
1
1
1
1
1
1
1
1
1
1
1
1
1
1
1
1
1
1
1
1
1
1
1
1
0.999946
1
1
1
1
1
1
0.999844
1
1
1
1
1
1
1
1
1
1
1
1
1
1
0.99988
1
1
1
1
1
1
1
1
1
1
1
1
1
1
1
1
1
1
1
1
1
1
1
1
1.0001
1
1
1
1
1
1
0.999713
1
1
1
1
1
1.00004
1
1
1
1
1
1
1
1
1
1
1
1
1
1
1
1
1
1
1
1
1
1
1
1
1
1
1
1
1
1
1
1
1
1
1
1
1
1
1
1
1
1
1
1
1
1
1
1
1
1
1
1
1
1
1
1
1
1
1
1
1
1
1
1
1
1
1
1
1
0.999987
1
1
1
1
1
1
1
1
1
1
1
1
1
1
1
1
1
1
1
1
1
1
1
1
1
1
1
1
1
1
1
1
1
1
1
1
1
1
1
1
1
1
1
1
1
1
1
1
1
1
1
1
1
1.00003
1
1
1
1
1
1
1
1
1
1
1
1
1
1
1
1
1
1
1
1
1
1
1
0.988383
1
1
1
1
1
1
1.00017
1
1
0.999997
1
1
1
1
1
1
1
1
1
1
1
1
1
0.999996
0.999853
0.999308
0.999989
0.999905
1
1
1
0.999969
1
0.998872
1
1
1
1
1
1.00005
1
1
1
1
1
1
1
0.999999
1.00001
1
1
1
1
1
1
1
1
1
1
1
1.00003
1
1
1
1.00001
1
1
1
1
1
1
1
1
1
1
1
1
1
1
1
1
1
1
1
1
1
1
1
1
1
1
1
1
1
1
1
1
0.999144
1
1
1
1
1
1
1
1
1
1
1
1
1
1
1
1
1
1
1
1
0.999687
1
1
1.00008
1
1
1
1.00001
0.999999
1
1
1
1
1
1
1
1
1
1
1
1
1
1
1
1
1
1
1
1
1
1
1
1
1.00001
1
1
1
1
1
1
1
1
1
1
1
1
1
1
1
1.00001
1
1
1
1
1
1
1
1
0.999922
1
1
1
1
1
1
1
1
1
1
1
1
1
1
1
1
1
1
1
1
1
1
0.999893
0.999999
1
0.999994
1
1
1
1
1
1
1
1
1
0.999992
0.995027
0.997933
1
1
1
1
1.00001
1
1
1
1.00003
1
0.990062
1
0.999374
1
1
1
1
1
1
1
1
1
1
1
1
1
1
1
1
1
1
1
1
1
1
1
1
1
1
1
1
1
1
1
1
0.999944
1
1
1
1
1
0.99845
1
1
1
1
1
1
0.99765
0.999999
1
1
1
1
1
1
1
1
0.99944
1
1
1
1
0.999995
1
1
0.999927
1
1
1
1
1
1
1
1
1
1
1
1
1
1
0.999433
1
0.999294
1
1
1
0.99878
1
1.00002
1
1
1
1
1
1
1
1
0.999604
1
1
1.00052
1
0.998925
0.999994
1
1.00025
1
1
1
1
1
1
1
0.997411
1
1
1
1
1
1
1
1
1
1
1
1
1
1
1
1
1
1
1
1
1
0.999999
1
1
1
1
0.999993
1
1
1
1
1
1
1
1.00027
1
1
0.99978
1
1
1
1
1
1
1
1
1
1
1
1
1
0.999991
0.99294
0.999861
1
1
1
1.00029
1
0.999997
1
1
1
1
1
1
1
1
1
1
1
1
1
0.999999
1
1
1
1.00001
1
1.00139
1
1
1
1
1
1.00003
1
1
0.999999
1
1
1
1
1
1
1
1
1
1
1
1
1
1
1
1
1
1
1
1
1
1
1
1
1
1
1
1.00003
1
1
1
1
1
1
1
1
1
1
1
1
1
1
1
1
1
1
1
1
1
1
1
1
1
1
1
1
1
1.00001
1
0.999997
1.00008
1
0.999999
1
1
1
1
1
1
1
1
1
1
0.999982
1
1.00001
1
0.999992
1
1
1
1
1.00001
1
1
1
1
1
1
0.999939
1
1
0.999998
1
1
1
1
1
1
1
1
0.999977
1
1
0.999971
1
0.999156
1
1
1
1
0.996418
1
1
1
1
1
1
1.00005
1.00001
1.00001
1
1
1
1
1
1
1
1
1
1
0.999989
1
1
1
1
1
1
1
1
1
1
1
1
1
1
1
0.998176
1
1
1
1
1
1
0.999999
1
1
1
1.00002
1
1
1
1
1
1
1
1.00001
1
1.00001
1
1
1
1
1
1
1.00001
1
1
1
1
1
1
1
1.00008
1
1
1
1.00004
1
1
1
1
1
1
1
1
1
0.999999
1
1
1
1
1
1
1
1
1
0.99986
1
1
1
1
1
1
1.00002
0.991522
1
1
1
1
1
1
1
1
1
1
1
0.998961
1
1
1.00001
1
1
1
1
1.00027
1
0.999999
1
1
1
1
1
1
1
1
1
1
1
1
1.00002
1
1
1.00006
1
0.997289
1
1
1
1
1
1
1
1
1
1
1
1
1
1
1
1
0.996051
1
1
1
1
1
1
1
1
1
1
1
1
1
1
1
1
1
1
1
1
1
1
1
1
0.998582
0.999821
1
0.999993
0.999983
1
1.00003
0.999999
1
1
1
1
1
1
1
1
0.999581
1
1
1
1
1
1
1
1
1
1
1
1
1
1
1
1
1
1
1
1
1
1
1
1
1
1
1
1
0.997809
1
1
1
1
1
1
1
1
1
1
1
1
1
1
1
1
1
1
1
1
1
0.999998
1
1
1
1
1
0.98816
1
1
1
1
0.999997
1
1
1
1
1
1
1
0.99441
1
1
1.00036
1.00001
0.998686
1
1
1
1
1
1
1
1
1
1
1
1
1
1
1
1
1
1.00052
1
1
1
1
1
1
1
1.00001
1
1
1
1
1
1
0.999641
1.00002
0.999983
1
1
1
1
1
1.00138
1
1
1
1
1
1
1
1.00016
1
1
1
1
0.999817
0.992084
1
0.998363
1.00018
1
1
1
1
1
1
1
1
0.999663
1
1
1
0.999987
1
1
1
1
1
1
1
1
1
1
1
1.00003
1
1
1
1
1
1
1
1
1
1
1
1
1
1
0.999258
1.00005
1
1
1
1
1
1
1
1
1
1
1
1
1
1
1
1
1
1
1
1
1
1
1
1
1
1
1
0.995103
1
1
1
0.991292
1
1
1
1
1
1
0.990454
1
1
1
1
1
1
1
0.999968
1
1
0.997799
1
1
1
1
1
1
1.00002
1
1
1
1.00003
1
1
1
0.999999
1
1
1
1
1
1
1
1
1
1
1
1
0.999984
1.00001
1
1
1
0.999976
1
1
1
1
1
1
1
1
1
1
1
1
1
1
1
1
1
1
1
1
1
1
0.999987
1
1
1
1
0.999951
1
1
1
1
1
1
1
1.00029
1
1
1
1
1
0.999998
0.9997
1
1
1
1
1
1
1
1
1
1
1
0.999995
0.999998
1
1
1
1
1
1
1.00009
1
1
1
0.999292
1
0.999983
0.999632
1
1
0.999787
1.00019
1
1
1
0.999987
1
1
1
1
1
0.993504
1
1
1
1
1
1
1
1
1
1
1
0.996725
1
1
1
1
1
1
1
1
1
1
1
1
1
1
1
1
1.0009
1
1
1.00006
1
1
1
1
1
1
1
1
1
1
1
1
1
1
1
1
1
0.999998
1.00006
1
1
1
1
0.999996
1
1
0.999987
1
1
1
1
1
1
1
1
1
1
1.00013
1
1
1
0.999767
1
1
1
1
1
1
1
1
0.999995
0.999999
1
1
1
1
1
1
1.00082
1
1
1
1
1
1
1.00004
1
1
1
1
1
1
1
1
1
1
1
1
1.00004
1
1
1
1
1.00002
1
1
1
1
1
1
1
1
1
1
1.00019
1
1
1
1
1
1
1
1
1.00014
1
1.00001
1
1
1
1
1
1
1
1
1
1
1
1
1
1
1
1
1
0.999758
1
1
1.00001
1
1
1
1
1
1
1
1
1
1
1
1
1
1
1
1
1
1
1
1
1
0.999999
1
1
0.999419
1
1
1
1
1
1
1
1
1
1
1
1
1
1
1
1
1
1
1
1
1
1
0.999925
1
1
1
1
1
1
1
1
1
1
1
1
1
1
1
1
1.00001
1
1
0.999998
1
0.999957
1
1
1
1
1
0.999999
1
1
1
1
1
1
1
0.980867
1
1.00008
1
1
1
1
1
1
1
1
1
1
1
1
1
1
1
1
1
1
1
1.00005
1
1
1
0.996557
1
1
1
1
1
1
1
1
1
1
1
1
1
1
1
1
1
1
1
1
1
1
1.00002
1
1
1
1
1
0.928029
1
1
1
1
1
1
1
1
1.00003
1
1
1
1
1
1
1
1
1
1
1
1
1
1
1
1
1
1
1
1
1
0.99999
1
1
1
1
1
1
1.00001
1
1
1
1
1
1
1
1
1
1
1
1
1
1
0.999086
1
1
1
1
1
1
1
1
1
1
1
1
1
1
1
1
0.997312
1
1.00038
1.00001
1
1
1
0.99998
1
1
1
1
0.998781
0.999989
1
1
0.999991
1
1
0.999987
1
1
1.00008
1
1
1
1
1
1
1
1
1
0.999983
1
1
1
1
1
1
1
1
1
1
1
1
1
1
1
1
1
1
1
1
1
1
1.00013
1.00001
1
1
1
1
0.999999
1
1
1
0.993358
1
1
1
1
1
1
0.999683
1
1
1
1
1
1
1
1
1
1
1
1
1
1
1
1
1
1
1
1.00004
1
1
1
1
1
1
1
1
1
1
1
1
1
1
1
1
1
0.999699
1
1
1
1
1
1
1
0.999867
1
0.997728
1
1
1
1
1.00006
1
0.99957
1
1
1
1
1
1
1
1
1.0001
1
1
1
1.00001
1
1
1.00002
1
1.00071
1
1
0.996838
0.999974
1
1
1
1
1
1
1
1
1
1
1
1
1
1
1
1
1
1
1
0.99979
0.999671
1.00026
0.999939
1
1
1
1
1
1.00022
1
1
1
1
1
1
1
1
1
1.00006
1
1
0.999986
1
1
1
1
1
1
1
1
1.00007
1
1
1
1.00003
1
1
1
0.999998
1
1
1
1
1
1
1
1
1
1
1
1
1
1.00007
1
1
1
1
1
1
1.00001
1
1
1
1
1
0.999996
1
1
1
1
1
1
1
1
1
1
1
1
1
1
1
1
1
1
1
1
1
1
1
1
1
1
1
1
0.999798
1
1
1
1
1
1
1
1
0.998828
1
0.999992
1
1
1
1
1.00003
1
1
1
0.999995
1
1.00025
0.999993
1
0.999906
1
1
1
1
1
1
1
1
1
0.999324
1
1
1
1
1
1
1.00002
1
1
1.00064
1
1.00008
1
1
1
1.00003
1
1.00061
1
1
0.999998
0.999999
1
0.999853
1
1
1
1
1
1
1
1
1
1
1.00001
1
1
1
1
1
1
1
1
1.00002
1
1
1
1
1
1
1
1
1
1
1
1
1
1
1
1
0.999682
1
1
1
1
1
0.999581
1
1
1
1
1
1
1
1
1
1
1
1
1
1
1
1
1
1
1
1
1.00002
1
1
1
0.999996
1
1
1
1
1
1
1
1
1
1
1
1
1
1
1.00005
0.999989
1
1.00005
1
1
1
1
1
1
1
1.00002
1
1
1
1
1
1
1
1
1
1
1
1
0.999996
1
1
1
1
1
1
1
1
0.999997
1
0.999993
1
1
1
1
1
1
1
1
1
1
1
1
1.00001
1
1
1
1
1
0.999999
1
1
0.999733
1
1
1
1
1
1
1
1
1
1
1
1
1.00006
1
1
1
1
1
1
1
1.00004
1
1
1
1
1
1
1
1
1
1
1
0.999988
1
1.00001
1
1
1.00003
1
1
1
1
1
1
1
1
1
1.00001
1
1
1
1
1
1
1
1
1
0.995078
1
1
1
1
1
1
1
1
1
1
1
1
1
1
1
1
1
1.00064
1
1
1.00001
1
1
1
1
1
1
1
1
1
1
1
1
1
1
1
1
1
1
1
1
1
1
1
1
1
1
1
1.00001
1
0.999995
1
1
1
1
0.999962
1
1
1
1
1
1
0.999758
1
1.00007
1
1
1
1
1
1
0.999959
1
1
1
1
1
1
1
1
1
1
1
0.999999
1
1
1
1
1
1
1
1
1
1
1
1
1
1
1
1
1
1
1
1
1
1
0.999735
1
1
1
1
1
1
1
0.99999
1
1
0.99338
1
1.00001
1
1
1
1
1
1
1
1
1
1
1
1
1
1
1
1
0.999993
1.00053
1
1
1
1
1
1
1.00047
1
1
1
1.00001
1
1
1
1
1
1
1
1
0.999997
1
1.00004
1
1
1
1
1
1
1.00003
1
1
1
1
1
1
1
1
1
1
1
1
1
1
0.999976
1
1
1.00024
1
1
1
1
1
1
0.999999
1
1
1
1
1
1
1
1
1
1
1
1
1
1
1
1
1
1
1.00026
1
1
1
1
1
1
1
1
1
1
1
1
1
1
1
1
0.99045
1
0.999998
1
1
1
1
1
1
1
1
1
1
1
1
1.00001
0.999997
1
1
1
1
1
1
1
1.00006
1
1.00005
1
1
1
1
1
1
1
1
0.999999
1
1
1
1
1
1
1
1
0.999992
0.999717
1
1
1.00003
1
1
1.00007
0.999965
1
1
1
1
1
1
1.00104
1
1
1
1
1
1.00001
1
1
1
1
1
1
1
1
1
1
1
1
0.999999
1
1
1
0.99831
1
1
1
1
0.99933
1
1
1
0.999211
1
1
1
1
0.99866
1
1
1
1
1
1
1.00002
1
1
1
1
1
1
1.0002
1
1
1
1
1
1
1
1
1
1
1
1
1
1
1
1
1
1.00005
1
1
1
1
1
1
1
1
1
1
1
1
1
1
1
1.00018
1
1
1
1
1
0.999999
1
1
1
1
1
1
1
1
1
1
1.00002
1
1
1.00029
1
1
1
1
1
1
1.00001
1
1
1
1
1
1
1
1
1
1
1
1.00002
1
1
1
1
0.999247
1
0.997709
1
1
1
0.999999
1.00001
1
1.00001
1
1
1
1
1
1
1
1
1
1
1
1
0.999994
1
1
1
1
1
1
1
1
1
0.998118
1
1
1
0.999039
1
0.999984
1
1
1
1
1
1
1
1
1
0.993613
1.00003
1
1
1
1
1
1
1
1
1
1
1
1
1
0.999948
1
1
1
0.996243
1
1
1
1
1
1
1
1
0.999968
1
1
1
1
1
1
1
1
1
1
1
1
1
1.00001
1
1
1
1
1
1
1
1.00084
1
0.989713
1
1
1.00003
1
1
1
1
1
0.999999
1
1
1
1
1
1.00001
1
1
1
1
1
1
1
1
1
1
0.999096
1
1
1
1
1
1
0.999401
1
1
1
1
1
1
1
1
1
1
1
1
1.00001
1
1
1
1
1
1
1
1
1
1
1
1
1
1
1
1
1
1
1
1
1
1
1
1
1
1
1
1
1
1
1
1
1
1
1
1
1
1
0.999997
1
1
1
1
1
1
1
1
1
1
1.00002
1
1
1
1
0.993593
1
1
1
1
1
0.997587
1
1
1
1.00001
1
1
1
1
1
1
1
1
1
1
1.00006
1
1
0.991633
1
1
1
1
1
1
1
1
1
1
1
1
1
1
1
1.00008
1
1
1
1
1
1
1
1.00003
0.999999
1
0.99897
1
1
1
0.999999
1
1
1
1
1
1
1.00003
1
1.00062
1
0.998969
1
1
1
1.00057
1
0.999994
1
1
1
1
1
1
1
1
1
1
1
1
1
1
1
1
1
1
1
1
1
1
1.00002
1
1
1
1.00002
1
1
1
1
1
1
1
1
1
1
1
1
1
1.00018
1
1
1
1
0.999999
1
1
1.0004
1
1
1
1
1
1
1
1
1
1
0.997992
1
1.00005
1
1
1
1
1
1
1
1
1
0.999999
1
1
1
1
1
1
1.01621
1
1
1
0.999996
1
1
1
0.993999
1
1
1
1
1
0.991789
1.00001
1
1
1
1
1
1
1
1
1
1
1
1
1
1
1
1
1
1
1
1
0.995573
1
1
1
1
1
1
1
1
1
1
1
1
1
1
1
1
1
1
1
0.999984
0.99996
1
1
1
1
1
1
1
1
1
1
1
0.998637
1.00009
1
1
1
1
1
1
1
1
1
1
1
1
1
1
0.999999
1.00001
1
1
1
1
1
1
1
1
1
1
1
1
1
1
1
1
1
1
1
1
1
0.999987
1
1
0.999999
1
1
1
1
1
1
1
0.999681
1
1
1
1.00006
1
1
1
1
1
1
1
1
1
1
1
1
1
1
1
1
1
1
1
1
1
1
1
1
1
1
1
1
1
1
1
1
1
1
1
1
1
1.0001
1
1
1
1
1
1
1
1
1
1
1
1
1
1
1
1
1.00004
1
1
1
1
1
1
1
0.999765
0.998778
1
1
1
1
1
1
1
0.999602
1
1
0.999996
1
1
1
1.00003
1
1
1
1
1
1
1
1
1
1
1
1
1
1
1
1
1
1
1
1
1
1
0.999774
1
1
1
1
1
1
1
1
1
1
1
1
1
1
1
1
1
1
1.00009
0.999994
0.999978
0.999993
1
0.999771
1
1
1
1
1
1
1
1
1
1
1.00073
0.999993
1
1
1
1
1
1
1
1
1
1
1
1
1
1
1
1
1
1
1
0.999941
1
1
1
1
1
1
1
1
1
0.999999
1
1
1
1
1
1
1
1
1
1
1
1
1
1
1
1.00094
1
1
0.99954
1
1
1
1
1
1
1
1
1
1
1
1
1
1
1
1.00057
1
1
1
1
1
1
1
1
1
1
1
1
1
1
1
1
1
1
1
1
1
0.999998
1.00014
1
1
1
1
1
0.999999
1
1
1
1
1
1
1
1
1
1
1
1
1
1
1
1
1.00001
1
0.999999
1
1
1
1
1
1
1
1
1
1
1
1
1
1
1
1
1.00003
1
1
1
1
1
0.996829
1
1
1
0.996761
1
1.00019
1
1
1
1
1
1
1
1
1
1
1
0.989614
1
1
1
1
1
1
1
1
1
1
1
1
1
1
1
1
1
1
1
1
1
1
0.998969
1
0.992456
1
1
1
1
0.999998
1
1
1
0.999999
1
1
1.00006
1
1
0.996366
1
1
1
1
0.999997
1
1
1
1
0.998533
1
1
1
1
1
1
1
1
1
1
1
1
1
1
1
1
1
1
1
0.999998
1
1
1
1
1
0.999994
1
1
1
1
1
1
1
1
1
1
1
1
1
1
1
1
1
1
1
1
1
1
1
1
1
0.998714
1
1
1
1
1
1
1
1
1
1
1
1
1
1
1
1
1
1
1
0.991887
1
1
0.99999
1
1
1
1
1.00002
1
1
1
1
1
1
1
1
1
1
1
1
1
1
1
1
0.99985
1
1
1
1
1
1
1
1
1
1
1
1
1
1
1
1
1
1
1
1
1
0.995275
1
1
1
1
1
1
1
1
1
1
1
1
1
1
1
1
1.00001
1
0.999992
1
1.00001
1
1
1
1
0.999977
1
1
1
0.999851
1
1
1
1
1
1
1
1
1
1
1
1
1
1
1
1
1
1
1
1
1
1
1
1
1
1
1
1
1
1
0.999999
1
1
1
1
1
0.999999
1
1
0.999999
1
1
1.00038
1
0.999928
1
1
1
0.995957
1
1
1
1
1
1
1
1
1
1
1
1
1
1
0.999998
1
1
1
1
1
1
1
1
1
1
1
1
1
1
1.00003
1
1
1
1
1
1
1
1
1
1
1
1
1
1
1
1
1
1.00096
1
1
1
1
1
1
1
1
1
1
1
1
1
1
1
1
1
1
1
1
1
1
1
1
1
1
1.00008
1
1
1
1
1
1
1
1
1
1
1
1
1
1
0.999741
1
0.999314
1
1
1
1
1
0.999673
1
1
1
1
1
1
1
1
0.999997
1
1
1
1
1
1
1
1
1
1.00001
1
0.999999
1
1
1
1
1
1
1
1
1
1
1
0.995384
1
1
1
1
1
1
1
1
1
1
1
0.999999
1
1
1
1
1
1
0.999522
1
1
1
1
1
1
1
1
0.999999
0.999994
1
1.00065
1
1
1
0.996122
1
1
1
1
1
1
1
1
1
1
1
1
1
1
1
1
1
1
1
1
1
1
1
1
1
1
1
1
1
1
1.00001
1
1
1
0.999999
0.999995
1
1
1
1
1
1
1
1
1
0.999997
1
1
0.999999
1
1
0.999999
0.999976
1
1
1
1
1
0.997564
1
1
1
1
1
0.999428
1
1
1
1
1
1
1
1
1
1
1
1
1.00013
0.99913
1
1
1
1
1
1
1
1
1
1
0.994885
0.999946
1
1
1
1
0.999998
1
1
1
1
1
1
1
1
1
0.999366
1
1.00014
1
1
1
1.00098
1
1
1
1
1
1
1
0.999999
1
1
1
1
1
1
0.999999
1
1
0.999713
1
1
0.999811
1
1
1
1
1
1
1.00002
1
0.999902
1
1
0.999952
1
1
0.999999
1
1
1
0.999892
1
1
0.999994
1
1
1
1
1
1
1
1
1
1
1
1
1
1
1
1
1
1
1
1
1
1
1
1
1
1
1
1
1.00002
1
1
1
1
0.999814
1
1
1
1
1
1
1
1
1
0.999817
1
1
1
1
1
1
1
1
1
1.00037
1
1
1
1
1
1
1.00001
1
0.998574
1
1
1
0.999988
1
1
1
1
1
1
1
1
0.991502
0.997231
1
1.00002
0.999993
1
1
1
1
1
1
1
1
1
1
1
1
0.998043
1
1
1
1
1
1
0.999992
1
1
1
1
1
0.998412
1
1
1
1
1
1
1
1
1
1
1
1
1
1
1.00011
1
1
1
1
0.990481
1
1
1
1
0.999997
1
0.999966
1
1
1
1
1
1
1
1
1
1
1
0.999998
1
1
1
1
1
1
1
1
1
1
1
1
1
1
1
1
1
1
1
1
1
1.00007
1
1
1
1
1
1
1
1
1
1
1
1
1
1
0.999976
1
1
1
1
1
0.996394
0.999994
1
1
1
1
1
1
1.00002
1
1
1
1
1
1
1
1
0.998399
1
1
1
1
1
1
1
1
1
1
1
1
1
1
1
1
1
1
1
1
1
1
1
1
1
1
1
1
1
1
1
1
1
1
1
1
1
1
1
1
1
1
1
1
1
1
1
1
1
0.991427
1
1
0.999258
1
1
0.999996
1
1
1
1
1
1.00487
1
1
1
1
1
1
1
1
1
1
1
1
1
1
1
1
1.00002
1
0.999514
1
1
1
1
0.999999
1
1
1
1
1
1
1.00001
1
1
1.00003
1
1
0.999552
1
1
1
1
1
1
1
1
1
0.999999
1
1
1
1
0.999999
1
1
1
1
1
1
1
1
1
1
1
0.999997
1.00004
1
1
1.00002
1
1
1
1
1
1
1
1
1
1
1
0.999608
1.00001
1
1
1
0.998091
0.999987
1
1
1
1
1
1
1.00015
1
1
1
1
1
1
0.999361
1
1
0.999997
1
1
1
1
1
1
0.999999
1.00168
1
1
1
1
1
1
1
1
1
1
1
1
1
1
1
1
1
1
1
1
1
1
1
1
0.99863
1
0.998824
1
1
1
1
1
1
1
0.998337
1
1.00001
1
1
1
1
1
1
1
1
0.998536
1
1
1
1
1
1
1
1
1
1
1
1
1
0.999993
1
1
1.00003
1
1
1
1
1
1
1
1
1
1
1
1
1.0006
1
1
1
1
1
1
1
1
1
1
1
1
1
1
0.999991
0.999263
1
1
1
1
1
1
1
1.00123
1
1
1
1
1
1
1
1
1
1
1
1
1
1
1
1
0.999999
0.996611
1
1
1
1
1
1
1
1
0.99167
1
0.995553
1
1
1
1
1
1
1
1
1
1
1
0.999999
1
1
1
1
0.999897
1
1
1
1.00001
1
0.994763
1
1
1
1
0.999397
1
1.0012
1
1
1
1
1
1.00052
1.0004
1
1
1
1
1
0.999965
1
1
1
1
1
1
1
1
1
1
1
1
1
0.973661
1
1
1
1
1
1
1
1
1
1
1
1
1
1
1
1
1
1
1
1
1
1
1
1
1
1
1
1
0.999999
1
1
1
1
1
1
1
0.999996
0.991594
1
1
1
1
1
1
1
1.00041
1
1
1
1
1
1
1
1
1
1
1
1
1
1
1.00002
1
1
1.00004
1
1
0.999025
1
1
1
1
1
1
1
1
1
1
1
1
1
1
1
1
1
1
1
1
1.00001
1
1
1
1
1
1
1
1
1
1
1
1
1
1
1
1
1
1
1
1
1
1
1.00003
1
1
1
1
1
1
1
1
1.0009
1
1
1
1
0.986281
1
1
1
1
1
1
1
1
1
1
1
1
1
1
1
1
1
1
1
1
1
1
1
1
1
1
1
1.00004
1
1.00017
1
1
1
1.00001
1
1
1
1
0.999998
1
1
1
1
1
1
1
1
1.00104
1
1
1
1
0.999991
1
1
1
1
1
1
1
1
1
1
1
1
1
1
1
1
1
1
1
1
1
1.00031
1
0.999783
1
1
1
1
0.999473
1
1
1
1
1.00014
1.00003
1
1
1
1
1
1
1
1
1
1
1
1
0.999766
1
1
1
1
1
1
1
1
1
1
1
1
1
1
1
1
1
1
1
1
1
1
1
1
1.00061
1
1
1
1
1
1
1
1
1
1
1
1
1
1
1
1
1
1
1
1
1
1
1
1
1
0.999999
1
1
1
1
1
1
1
0.99923
1
1
1
1
1
0.999999
1
1
1
1
1
1
1
1
1.00032
1
1
0.999999
1
1
1
1
1
1
1
1
1
1
0.997366
1
1.00283
1
1
1
1
1
1
1
1
1
1
1
1
1
1
1
1
1
1
1
0.999461
1
1
1
1
1
1
1
1
1
1
1
1
1
1
1
1
1
1
1
1.00002
1
1
1
1
1
1
1.00001
1
1
1
1
1
1
1
1
1
0.985972
0.997641
1
0.999311
0.997112
1
1
1
1
1
1
1
1
1
1
1
1
1
1
0.999996
1
1
1
0.99995
1
1
1
1
1
1
1
1
1
1
1
1
1
1
1
1
1
1
1
1
0.999743
1
1
1
1
1
1
1
1
1.00002
1
1
0.999994
1
1
1
1
1
1
1
0.999998
1
1
1
1
1
1
1
1
0.999998
1
1
1
1
1
1
1
1
1.0003
1
1
0.999996
1
0.999997
1
1
1
0.999735
0.999995
0.99845
1
1
1
1
1
1
1
1
1
1
1
1
1
1
1
1
1
1
1
1
1
1
1
1
1
1
1
1
1
1
1
1
1
1
1
1
1
1
0.985744
1
1
1
1
1
1
1
1
1
1
1
1
1
1
1
1
1
1
1
1
1
1
1
1
0.999999
1
1
1
1
1
1.00003
1
1
1
1
1
1
1
1
0.999999
1
1
1
1
1
1
1
1
1
1
1
1
1
1
1
1
1
1
0.999999
1
1
0.995341
1
1
1
1
1
1
1
1
1
0.999203
1
1
1
1
1
1
1
1
1
1
1
1
1
1
1
1
0.999999
1
1
1
1
1
1
1
1
1
1
1
1
1
1
1
1
1
1
1
0.999998
1
1
1
1
0.996032
1
1
1
1
1
1
1
1
1
1
1
1
1
0.999855
0.999999
1
1
1
1
1
1
1
1
1
1
1
1
1
1
1
1
1
1
1
1
1
1
1
1
1
1
1
1
1
1
1
1
1
1
1
1
1
1
1
1
1
1
1
1
1
1
1
1
1
1
1
1
1
1
1
1
1
1
1
1
1
1
1
1
1.00028
1
1
1
1
1.00076
1
1
1
1
1
1
1
1
1
1
1
1
1
1
1
1
0.999983
1
0.999999
1
1
1
1
1
1
1
0.999981
1
1
1
1
1
1
1
1
1
1
1
1
1
1
1
1
1
1
1
1
1
1.00001
1
1
1
1
0.999999
1
1
1
1
1
1
1
1
1
1
1
1
1
1
1
1
1
1
1
1
1
1
1
1
1
1
0.999938
1
1
1
1
1
1
1
1
1
1
1
1
1
1
1
1
1
0.999999
1
1
1
1
1
1
1.00004
1
1
1
1
1
1
1
1
1
1
1
1
1
1
1
1
0.986841
1
1
1
1
1
1
1
1
1
1
1
1.00167
1
1
1
1
1.00029
0.999994
1
1
1
1
1.00006
1
1
0.999999
1
1.00002
1
1
1
1
1
1
1
1
1
1
1
1
1
1
1
1
1
1
1
1
1
1
1
1
1
0.999587
0.999194
1
1.00029
1
1
0.999998
1
1
1
0.999994
1
1
1
1
1
1
1
0.999999
1
1
1
1
1
1
1
1
1
1
1
1
1
1
1
1
1
1
1.00021
1
1
1
1
1
1
1
1
1.00001
1
1
1
)
;

boundaryField
{
    frontback
    {
        type            empty;
    }
    topbottom
    {
        type            zeroGradient;
    }
    outlet
    {
        type            zeroGradient;
    }
    inlet
    {
        type            fixedValue;
        value           uniform 1;
    }
    walls
    {
        type            zeroGradient;
    }
    procBoundary2to0
    {
        type            processor;
        value           nonuniform List<scalar> 
83
(
1
1
1
1
1
1
1
1
1
1
1
1
1
1
1
1
1
1
1
1
1
1
1
1
1
1
1
1
1
1
1
1
1
1
1
1
1
1
1
1
1
1
1
1
1
1
1
1
1
1
1
1
1
1
1
1
1
1
1
1
1
1
1.00003
1
1
1
1
1
1
1
1
1
1
1
1
1
1
1
1
1
1
1
1
)
;
    }
    procBoundary2to3
    {
        type            processor;
        value           nonuniform List<scalar> 
99
(
1
1
1
1
1
1
1
1
1
1.00001
1
1
1
1
1
1
1
1
1
1
1
0.999999
1
1
1
1
1
1
1.00001
0.998995
1
1
0.999999
0.995895
1
1
1.00016
1
1
1.00084
1
1
1
1
1
1
1
1
1
1
1
1
1
1
1
1
1
1
1
1
1
1
1
0.999675
1
1
1
1
1
1
1
1
1
1
1
1
1
1
1
1
1
1
1
1
1
1
1
1
1
1
1
1
1.00003
1
1
1
1
1
0.99998
)
;
    }
}


// ************************************************************************* //
