/*--------------------------------*- C++ -*----------------------------------*\
| =========                 |                                                 |
| \\      /  F ield         | OpenFOAM: The Open Source CFD Toolbox           |
|  \\    /   O peration     | Version:  v2012                                 |
|   \\  /    A nd           | Website:  www.openfoam.com                      |
|    \\/     M anipulation  |                                                 |
\*---------------------------------------------------------------------------*/
FoamFile
{
    version     2.0;
    format      ascii;
    class       labelList;
    location    "constant/polyMesh";
    object      cellProcAddressing;
}
// * * * * * * * * * * * * * * * * * * * * * * * * * * * * * * * * * * * * * //


14315
(
0
4
11
14
15
19
21
22
31
38
56
79
82
85
86
92
94
95
97
101
104
133
134
137
140
141
143
144
151
153
156
162
167
177
178
179
182
185
187
191
196
200
203
205
215
217
225
228
232
236
241
250
255
256
267
271
277
278
283
288
291
296
299
300
302
303
310
314
323
325
326
329
330
333
338
340
345
348
359
360
365
368
376
377
378
389
393
395
399
400
406
407
412
417
418
419
421
423
424
425
427
428
435
440
446
452
459
466
467
474
497
499
504
505
510
513
518
521
524
530
531
539
542
549
552
554
555
556
558
567
568
573
575
592
593
594
609
611
620
622
632
633
635
637
639
641
642
649
662
668
671
674
675
682
688
691
697
703
710
712
715
717
730
731
735
736
740
744
746
751
761
763
772
775
778
785
791
797
802
804
806
807
809
818
828
837
838
842
848
850
853
855
857
864
871
873
874
877
878
882
883
886
888
894
897
900
908
915
919
920
922
924
925
936
937
941
943
947
949
958
971
981
1001
1007
1009
1012
1014
1016
1021
1024
1027
1033
1035
1037
1038
1040
1045
1048
1053
1054
1057
1063
1065
1069
1070
1078
1085
1086
1088
1097
1111
1116
1117
1120
1132
1140
1142
1143
1144
1149
1150
1151
1152
1154
1157
1162
1164
1167
1168
1173
1190
1192
1193
1194
1198
1201
1203
1212
1224
1237
1239
1241
1242
1243
1245
1249
1251
1254
1265
1266
1267
1273
1274
1281
1286
1287
1291
1295
1303
1305
1319
1335
1337
1341
1345
1351
1352
1356
1360
1373
1376
1380
1381
1390
1393
1396
1400
1408
1409
1420
1426
1427
1435
1443
1448
1451
1459
1462
1466
1473
1474
1476
1477
1479
1483
1490
1492
1495
1496
1501
1502
1508
1509
1512
1521
1523
1524
1527
1528
1531
1536
1541
1543
1554
1560
1561
1568
1578
1582
1585
1586
1588
1591
1594
1595
1597
1601
1602
1608
1610
1615
1619
1622
1628
1632
1643
1645
1646
1653
1661
1663
1680
1681
1683
1685
1686
1687
1691
1698
1700
1707
1710
1715
1722
1723
1724
1743
1745
1749
1752
1756
1758
1770
1775
1776
1782
1792
1793
1797
1799
1800
1809
1814
1820
1824
1825
1826
1836
1840
1842
1846
1847
1852
1858
1872
1874
1883
1884
1888
1891
1895
1900
1901
1902
1904
1917
1918
1919
1922
1929
1934
1935
1941
1945
1948
1954
1964
1967
1972
1976
1978
1990
1993
1996
1998
2000
2001
2006
2009
2011
2018
2020
2022
2031
2032
2040
2048
2052
2060
2065
2069
2093
2094
2101
2105
2106
2107
2113
2116
2118
2121
2122
2137
2138
2139
2142
2147
2150
2158
2165
2167
2182
2185
2198
2205
2206
2213
2215
2221
2233
2237
2238
2242
2244
2248
2249
2252
2277
2281
2284
2286
2296
2298
2302
2307
2315
2322
2323
2325
2327
2329
2337
2340
2342
2356
2357
2359
2360
2365
2371
2372
2391
2400
2403
2411
2418
2430
2434
2435
2446
2451
2452
2461
2465
2467
2468
2479
2481
2486
2490
2499
2506
2511
2520
2523
2527
2530
2531
2537
2540
2543
2547
2550
2557
2562
2565
2567
2572
2577
2578
2580
2586
2591
2610
2611
2613
2621
2637
2646
2650
2653
2670
2671
2673
2682
2689
2692
2697
2698
2700
2702
2703
2709
2721
2722
2724
2731
2734
2735
2736
2739
2741
2750
2751
2752
2754
2759
2768
2772
2773
2776
2783
2787
2789
2799
2805
2820
2821
2823
2832
2836
2838
2848
2866
2869
2873
2880
2884
2886
2891
2895
2897
2900
2902
2909
2910
2916
2922
2940
2960
2963
2981
2983
2989
2991
2993
3000
3002
3007
3018
3024
3037
3039
3040
3052
3053
3058
3061
3067
3070
3073
3074
3076
3079
3080
3084
3086
3090
3095
3109
3110
3112
3125
3129
3130
3135
3138
3142
3144
3147
3148
3151
3157
3160
3161
3166
3171
3175
3176
3179
3181
3185
3196
3200
3201
3205
3207
3209
3215
3227
3232
3234
3236
3241
3253
3258
3260
3269
3271
3274
3284
3294
3302
3303
3307
3322
3328
3332
3336
3339
3351
3352
3357
3358
3362
3366
3369
3372
3375
3384
3389
3399
3407
3412
3413
3425
3434
3439
3446
3448
3453
3458
3462
3471
3474
3478
3479
3497
3499
3502
3504
3506
3507
3509
3514
3525
3527
3531
3532
3535
3538
3547
3550
3554
3561
3566
3572
3586
3591
3603
3616
3620
3626
3631
3632
3635
3641
3642
3643
3654
3657
3660
3661
3665
3668
3670
3672
3684
3690
3699
3704
3705
3711
3717
3728
3732
3733
3735
3736
3740
3741
3745
3749
3756
3769
3776
3777
3779
3782
3785
3787
3793
3808
3811
3818
3820
3821
3822
3825
3829
3831
3838
3841
3843
3846
3848
3850
3859
3865
3875
3876
3877
3881
3906
3914
3923
3931
3941
3947
3953
3956
3962
3966
3971
3976
3982
3988
3991
3995
4004
4008
4011
4017
4026
4037
4038
4043
4051
4052
4067
4072
4077
4086
4089
4090
4097
4098
4099
4101
4102
4106
4109
4111
4113
4117
4121
4123
4126
4128
4129
4130
4135
4136
4137
4138
4140
4144
4147
4151
4153
4157
4158
4166
4167
4173
4175
4179
4181
4184
4187
4190
4197
4202
4204
4208
4209
4216
4219
4220
4232
4234
4236
4240
4248
4249
4253
4254
4255
4258
4260
4261
4262
4267
4279
4280
4284
4289
4291
4312
4314
4316
4326
4330
4334
4339
4344
4347
4348
4352
4354
4355
4356
4358
4359
4366
4368
4369
4376
4381
4386
4398
4403
4404
4405
4406
4407
4414
4417
4418
4426
4427
4429
4442
4447
4452
4461
4462
4470
4481
4484
4491
4494
4502
4505
4510
4511
4516
4520
4523
4524
4528
4535
4546
4548
4550
4553
4573
4581
4586
4590
4596
4597
4601
4603
4609
4610
4617
4619
4622
4625
4626
4628
4629
4631
4636
4638
4641
4642
4643
4650
4651
4653
4657
4658
4662
4666
4667
4670
4672
4677
4695
4704
4705
4706
4708
4709
4710
4712
4713
4714
4715
4719
4721
4723
4728
4730
4735
4740
4741
4746
4747
4748
4758
4759
4762
4770
4771
4776
4777
4780
4781
4784
4785
4787
4790
4793
4794
4796
4802
4803
4811
4814
4817
4823
4824
4836
4839
4841
4846
4850
4865
4868
4869
4870
4872
4873
4874
4875
4892
4897
4899
4909
4910
4912
4914
4918
4919
4920
4926
4927
4933
4941
4946
4947
4949
4951
4954
4965
4970
4974
4975
4978
4979
4987
4990
4999
5000
5001
5014
5017
5026
5032
5035
5039
5041
5049
5066
5073
5075
5076
5080
5088
5093
5105
5112
5113
5116
5117
5121
5122
5124
5128
5129
5133
5136
5137
5143
5147
5158
5164
5170
5177
5183
5185
5189
5194
5200
5204
5211
5215
5221
5225
5235
5241
5243
5245
5247
5249
5254
5257
5260
5266
5291
5299
5302
5303
5307
5318
5333
5342
5369
5370
5380
5383
5386
5389
5395
5400
5405
5406
5414
5415
5417
5422
5427
5431
5434
5438
5439
5444
5446
5447
5452
5463
5464
5469
5470
5477
5479
5480
5481
5484
5486
5496
5503
5509
5514
5515
5517
5519
5521
5528
5529
5532
5535
5543
5545
5548
5552
5554
5559
5562
5572
5581
5587
5590
5592
5597
5613
5615
5616
5618
5622
5627
5634
5638
5645
5650
5654
5655
5658
5663
5664
5666
5674
5675
5677
5687
5690
5692
5700
5701
5702
5705
5706
5708
5710
5713
5715
5726
5729
5740
5743
5750
5751
5761
5762
5763
5767
5779
5786
5789
5793
5799
5817
5824
5828
5829
5830
5840
5846
5848
5853
5856
5857
5862
5864
5869
5878
5886
5896
5897
5900
5905
5909
5916
5917
5919
5922
5934
5937
5939
5942
5944
5948
5952
5953
5956
5965
5967
5969
5973
5976
5981
5983
5984
5988
5991
5992
5994
5995
5996
6003
6017
6018
6020
6021
6026
6029
6035
6039
6046
6049
6057
6059
6069
6070
6072
6073
6075
6079
6087
6091
6099
6108
6110
6115
6119
6133
6137
6139
6140
6142
6152
6165
6170
6181
6183
6185
6186
6190
6191
6203
6204
6206
6211
6212
6218
6226
6231
6239
6250
6254
6262
6266
6272
6282
6284
6292
6294
6299
6302
6303
6308
6318
6319
6323
6325
6330
6336
6337
6338
6341
6348
6355
6362
6364
6369
6374
6385
6389
6390
6391
6398
6400
6403
6409
6411
6413
6418
6421
6427
6432
6436
6437
6443
6445
6451
6466
6469
6473
6475
6483
6505
6513
6532
6534
6546
6550
6554
6562
6563
6565
6567
6576
6577
6578
6582
6589
6598
6600
6601
6604
6613
6626
6632
6634
6635
6642
6645
6651
6654
6659
6664
6665
6668
6675
6680
6681
6682
6685
6686
6695
6696
6701
6711
6713
6714
6726
6728
6730
6733
6740
6741
6754
6755
6756
6760
6765
6770
6775
6776
6791
6807
6816
6819
6822
6831
6849
6850
6853
6857
6862
6866
6873
6876
6877
6878
6879
6880
6883
6891
6902
6905
6914
6924
6929
6938
6943
6944
6946
6948
6950
6957
6961
6965
6968
6979
6980
6982
6994
6999
7003
7012
7013
7020
7032
7037
7040
7044
7048
7056
7059
7077
7080
7081
7088
7100
7109
7110
7112
7114
7127
7129
7132
7133
7134
7140
7146
7164
7165
7173
7175
7181
7183
7187
7189
7190
7191
7194
7198
7216
7220
7225
7228
7229
7236
7242
7243
7247
7250
7251
7255
7258
7260
7274
7277
7282
7287
7302
7307
7311
7318
7322
7327
7333
7334
7337
7340
7344
7351
7358
7364
7365
7367
7368
7370
7374
7376
7377
7378
7389
7399
7406
7415
7423
7440
7442
7443
7444
7445
7448
7449
7456
7466
7469
7471
7482
7484
7490
7501
7509
7511
7522
7523
7524
7528
7536
7542
7546
7552
7558
7560
7561
7567
7569
7570
7573
7577
7581
7594
7601
7605
7606
7608
7614
7617
7623
7628
7636
7639
7649
7655
7657
7662
7663
7667
7668
7672
7674
7677
7686
7705
7717
7723
7725
7728
7737
7742
7747
7748
7749
7752
7755
7756
7758
7761
7762
7763
7764
7765
7766
7767
7770
7778
7781
7792
7798
7799
7801
7806
7812
7816
7827
7831
7833
7836
7848
7851
7857
7869
7870
7871
7881
7894
7898
7899
7902
7903
7904
7908
7914
7919
7923
7926
7927
7931
7936
7944
7950
7951
7953
7962
7973
7974
7975
7980
7981
7987
8000
8001
8005
8007
8009
8016
8020
8029
8052
8055
8062
8066
8068
8071
8077
8081
8083
8085
8087
8089
8091
8094
8098
8099
8101
8109
8115
8123
8124
8127
8131
8132
8136
8137
8143
8144
8148
8156
8163
8167
8169
8177
8179
8191
8192
8200
8209
8215
8218
8221
8234
8236
8238
8241
8250
8259
8260
8261
8262
8272
8277
8286
8288
8293
8295
8297
8307
8308
8312
8316
8325
8327
8329
8339
8346
8348
8351
8355
8359
8363
8369
8394
8397
8403
8404
8406
8408
8411
8422
8424
8426
8429
8433
8434
8438
8441
8443
8445
8446
8447
8449
8450
8455
8457
8461
8469
8471
8473
8482
8484
8486
8490
8497
8501
8503
8506
8507
8511
8515
8532
8533
8537
8543
8546
8553
8556
8566
8572
8575
8579
8582
8584
8593
8596
8600
8601
8608
8611
8616
8628
8630
8634
8644
8647
8655
8668
8677
8680
8688
8694
8702
8703
8721
8723
8724
8725
8731
8733
8734
8737
8741
8747
8751
8754
8762
8767
8769
8770
8772
8774
8777
8782
8784
8785
8787
8793
8806
8808
8809
8823
8829
8838
8840
8850
8855
8876
8880
8881
8884
8885
8886
8894
8895
8902
8911
8917
8920
8930
8939
8940
8943
8945
8951
8952
8959
8970
8971
8972
8973
9009
9019
9021
9029
9031
9040
9042
9044
9048
9049
9053
9054
9055
9059
9063
9064
9070
9076
9080
9082
9092
9095
9097
9098
9112
9117
9121
9122
9131
9143
9148
9156
9164
9169
9170
9171
9175
9177
9185
9190
9191
9206
9207
9212
9213
9215
9217
9219
9220
9223
9226
9229
9243
9251
9254
9256
9260
9264
9266
9272
9274
9275
9277
9278
9283
9291
9297
9314
9315
9317
9321
9325
9337
9340
9341
9353
9354
9356
9358
9361
9364
9371
9374
9377
9378
9384
9387
9400
9405
9406
9411
9415
9418
9419
9427
9433
9439
9453
9455
9461
9462
9468
9478
9480
9485
9486
9489
9490
9514
9515
9517
9524
9527
9533
9537
9538
9540
9549
9557
9559
9560
9583
9584
9591
9593
9597
9601
9604
9606
9624
9638
9655
9661
9663
9665
9668
9669
9671
9678
9679
9680
9691
9697
9699
9721
9724
9733
9740
9750
9763
9767
9768
9779
9781
9782
9785
9787
9802
9808
9810
9812
9820
9821
9823
9827
9829
9833
9839
9854
9864
9871
9873
9882
9886
9889
9891
9893
9909
9911
9915
9929
9933
9936
9944
9946
9952
9960
9969
9970
9978
9987
9989
9997
10002
10003
10013
10014
10018
10019
10024
10031
10049
10051
10057
10067
10079
10083
10100
10110
10118
10119
10126
10127
10128
10130
10132
10135
10144
10155
10157
10160
10164
10167
10168
10170
10175
10177
10178
10184
10190
10193
10195
10197
10208
10210
10212
10213
10216
10226
10232
10236
10238
10243
10252
10259
10261
10267
10272
10277
10283
10290
10292
10295
10301
10303
10305
10317
10319
10323
10331
10333
10336
10337
10339
10346
10349
10353
10355
10358
10361
10363
10372
10375
10377
10381
10392
10394
10399
10403
10404
10406
10418
10420
10425
10428
10434
10440
10446
10460
10473
10480
10481
10482
10485
10494
10497
10505
10510
10515
10517
10522
10524
10537
10541
10542
10543
10555
10564
10570
10571
10585
10594
10605
10608
10609
10620
10621
10622
10627
10629
10632
10636
10640
10645
10651
10658
10660
10661
10665
10666
10668
10675
10702
10712
10721
10729
10733
10736
10746
10750
10760
10763
10775
10776
10783
10788
10789
10791
10802
10808
10809
10813
10815
10816
10818
10822
10826
10833
10835
10844
10846
10848
10863
10872
10880
10882
10895
10907
10926
10933
10936
10937
10938
10945
10949
10953
10958
10961
10963
10969
10970
10976
10977
10988
10994
11004
11011
11012
11015
11029
11035
11039
11043
11049
11051
11056
11057
11058
11082
11092
11094
11096
11108
11114
11116
11123
11126
11131
11133
11143
11144
11148
11152
11166
11167
11169
11178
11179
11182
11184
11204
11205
11209
11215
11225
11228
11242
11257
11258
11274
11275
11281
11286
11288
11290
11291
11292
11299
11305
11313
11314
11319
11320
11334
11341
11353
11355
11356
11368
11374
11375
11391
11400
11403
11409
11413
11416
11417
11419
11422
11428
11429
11442
11443
11445
11446
11449
11452
11454
11458
11472
11475
11477
11491
11494
11497
11500
11518
11521
11539
11549
11558
11559
11567
11574
11577
11580
11582
11585
11587
11592
11593
11594
11609
11611
11615
11627
11628
11640
11643
11647
11664
11671
11681
11687
11689
11690
11710
11714
11717
11722
11724
11729
11731
11740
11747
11754
11761
11776
11783
11784
11795
11807
11810
11812
11814
11818
11819
11834
11837
11848
11849
11864
11865
11867
11870
11881
11889
11898
11905
11907
11908
11912
11916
11921
11933
11934
11939
11942
11945
11947
11948
11954
11960
11961
11962
11972
11974
11975
11977
11978
11991
11993
11998
11999
12011
12016
12019
12041
12045
12058
12072
12073
12078
12079
12080
12096
12101
12103
12104
12105
12124
12135
12138
12139
12140
12141
12142
12143
12144
12145
12147
12150
12154
12156
12158
12171
12172
12175
12191
12197
12207
12210
12211
12216
12218
12220
12224
12226
12237
12239
12242
12271
12307
12317
12327
12331
12336
12352
12353
12358
12364
12365
12372
12380
12384
12385
12392
12416
12419
12425
12428
12429
12432
12434
12444
12448
12453
12455
12458
12460
12466
12469
12470
12472
12488
12492
12493
12498
12525
12529
12530
12533
12542
12545
12556
12557
12559
12569
12578
12580
12591
12608
12609
12621
12630
12639
12641
12642
12645
12647
12656
12676
12683
12695
12698
12702
12710
12712
12719
12720
12726
12746
12747
12750
12752
12753
12758
12767
12770
12775
12777
12778
12781
12810
12812
12814
12819
12822
12828
12829
12831
12836
12837
12839
12845
12851
12855
12869
12872
12873
12877
12878
12885
12893
12897
12913
12925
12943
12944
12945
12946
12947
12973
12980
12985
12988
12990
12991
12997
12999
13000
13004
13012
13015
13019
13031
13035
13038
13040
13044
13061
13069
13072
13077
13082
13085
13089
13096
13105
13114
13119
13120
13125
13127
13130
13134
13141
13145
13153
13158
13163
13164
13183
13193
13198
13199
13200
13203
13208
13209
13214
13218
13219
13228
13229
13233
13235
13245
13251
13258
13274
13276
13290
13293
13301
13302
13303
13307
13314
13317
13322
13328
13334
13335
13337
13340
13353
13357
13363
13365
13368
13373
13386
13387
13393
13394
13398
13399
13402
13407
13410
13411
13412
13417
13420
13421
13430
13433
13441
13448
13451
13459
13460
13470
13471
13481
13495
13513
13514
13523
13524
13526
13533
13536
13537
13543
13545
13554
13561
13563
13570
13575
13576
13582
13587
13590
13597
13613
13614
13618
13624
13625
13629
13645
13657
13658
13663
13675
13677
13682
13683
13687
13690
13693
13695
13696
13705
13717
13718
13720
13723
13728
13730
13731
13738
13740
13742
13748
13751
13752
13754
13755
13759
13761
13763
13764
13781
13782
13790
13797
13799
13802
13803
13820
13822
13827
13833
13835
13836
13839
13842
13846
13848
13852
13853
13860
13864
13874
13890
13894
13897
13900
13904
13907
13909
13915
13916
13927
13936
13940
13951
13954
13959
13967
13972
13979
13986
13989
13996
14003
14012
14016
14017
14019
14020
14035
14044
14054
14055
14058
14060
14061
14062
14065
14072
14073
14074
14077
14078
14079
14087
14088
14090
14093
14096
14098
14100
14103
14104
14107
14109
14110
14112
14132
14133
14135
14136
14137
14142
14143
14147
14155
14157
14165
14169
14182
14186
14193
14194
14199
14200
14207
14209
14210
14215
14217
14219
14220
14224
14228
14230
14233
14235
14240
14241
14243
14263
14266
14267
14269
14274
14284
14285
14293
14296
14299
14310
14312
14313
14314
14318
14319
14326
14329
14330
14335
14339
14343
14348
14351
14352
14355
14362
14363
14379
14380
14383
14389
14399
14402
14403
14405
14417
14419
14420
14425
14428
14440
14443
14455
14461
14463
14464
14465
14466
14470
14471
14474
14475
14479
14482
14485
14488
14489
14492
14499
14501
14509
14510
14516
14517
14518
14519
14527
14531
14535
14537
14539
14543
14556
14568
14573
14575
14579
14580
14581
14585
14588
14591
14593
14597
14598
14606
14607
14608
14632
14635
14641
14644
14655
14656
14657
14658
14661
14666
14668
14672
14676
14681
14687
14688
14689
14690
14694
14701
14702
14705
14710
14713
14714
14720
14730
14745
14754
14755
14764
14766
14771
14778
14780
14783
14792
14794
14800
14807
14816
14821
14828
14830
14833
14841
14843
14844
14846
14847
14848
14861
14866
14867
14874
14878
14883
14884
14885
14890
14892
14896
14901
14903
14904
14906
14907
14912
14916
14917
14920
14923
14932
14942
14950
14951
14954
14960
14963
14972
14973
14977
14982
14984
14986
14989
14992
14995
15006
15008
15010
15015
15018
15019
15022
15029
15032
15033
15034
15042
15048
15055
15056
15064
15065
15070
15073
15079
15082
15083
15085
15087
15089
15091
15096
15097
15107
15112
15113
15116
15127
15131
15132
15133
15139
15140
15142
15143
15147
15156
15165
15166
15172
15175
15176
15177
15186
15188
15193
15200
15204
15207
15209
15213
15215
15217
15219
15221
15224
15227
15230
15246
15247
15249
15250
15251
15256
15258
15269
15276
15278
15288
15297
15302
15303
15305
15308
15317
15319
15324
15333
15335
15336
15341
15342
15351
15358
15366
15370
15371
15374
15381
15382
15392
15399
15418
15425
15435
15436
15438
15439
15449
15453
15466
15467
15470
15471
15472
15481
15482
15490
15492
15495
15496
15498
15502
15504
15505
15509
15513
15520
15521
15523
15536
15541
15546
15550
15557
15560
15563
15565
15568
15576
15579
15581
15583
15600
15602
15603
15607
15609
15615
15621
15624
15640
15645
15653
15655
15663
15675
15677
15690
15691
15695
15701
15707
15709
15724
15725
15728
15729
15736
15737
15740
15742
15754
15759
15762
15764
15765
15775
15782
15785
15786
15789
15792
15797
15801
15804
15806
15810
15811
15812
15813
15814
15815
15821
15828
15841
15842
15843
15852
15857
15858
15864
15865
15872
15877
15885
15891
15897
15902
15909
15910
15912
15924
15926
15928
15930
15933
15941
15956
15957
15962
15966
15971
15979
15983
15992
15993
15997
15998
16002
16006
16008
16011
16012
16038
16039
16050
16053
16063
16067
16070
16074
16076
16081
16086
16088
16090
16101
16111
16120
16122
16126
16132
16133
16134
16135
16142
16144
16145
16150
16151
16152
16156
16161
16162
16163
16164
16165
16168
16172
16184
16186
16187
16188
16189
16194
16197
16200
16201
16203
16210
16211
16220
16221
16223
16226
16229
16230
16231
16234
16236
16240
16244
16245
16248
16256
16258
16260
16262
16264
16265
16267
16268
16271
16274
16280
16286
16287
16290
16291
16293
16294
16302
16303
16304
16305
16306
16312
16319
16321
16322
16327
16329
16343
16346
16351
16353
16366
16367
16368
16373
16376
16384
16388
16394
16400
16401
16403
16405
16409
16412
16422
16426
16428
16436
16444
16447
16449
16463
16466
16471
16476
16478
16481
16482
16483
16485
16486
16490
16493
16495
16498
16504
16505
16508
16512
16516
16521
16525
16527
16528
16529
16530
16535
16545
16546
16553
16558
16566
16568
16569
16572
16574
16577
16579
16580
16589
16599
16601
16602
16608
16615
16619
16627
16630
16638
16644
16652
16654
16662
16664
16665
16666
16671
16679
16687
16689
16690
16692
16696
16697
16701
16704
16708
16715
16720
16723
16727
16730
16731
16733
16738
16748
16759
16760
16767
16781
16788
16789
16790
16794
16798
16801
16802
16813
16814
16818
16821
16824
16842
16847
16849
16852
16856
16864
16867
16869
16871
16874
16875
16876
16891
16897
16899
16903
16909
16913
16914
16915
16919
16922
16924
16930
16934
16937
16938
16943
16945
16949
16950
16951
16952
16953
16968
16969
16972
16975
16977
16978
16980
16981
16983
16984
16986
16988
16990
16994
17002
17003
17009
17014
17015
17017
17018
17021
17023
17028
17029
17030
17031
17032
17040
17043
17047
17048
17051
17057
17058
17063
17069
17070
17071
17072
17076
17094
17098
17099
17103
17110
17114
17118
17126
17130
17133
17141
17147
17148
17149
17151
17153
17156
17160
17165
17166
17172
17175
17178
17189
17190
17191
17193
17200
17201
17204
17205
17208
17211
17212
17215
17217
17219
17221
17224
17225
17226
17228
17229
17234
17236
17238
17243
17248
17250
17251
17255
17256
17270
17273
17277
17280
17283
17286
17292
17294
17295
17297
17301
17305
17313
17315
17318
17325
17330
17337
17339
17343
17344
17346
17351
17352
17353
17355
17356
17357
17358
17359
17361
17367
17369
17370
17372
17376
17378
17380
17390
17392
17396
17402
17410
17411
17413
17416
17427
17429
17430
17436
17437
17440
17446
17447
17451
17460
17468
17469
17474
17476
17477
17486
17493
17496
17505
17510
17513
17517
17520
17522
17526
17529
17551
17555
17556
17558
17564
17566
17567
17570
17572
17581
17583
17592
17596
17601
17611
17612
17617
17619
17622
17628
17634
17635
17640
17641
17643
17654
17659
17663
17672
17673
17674
17678
17681
17691
17692
17698
17700
17707
17709
17710
17716
17733
17737
17740
17741
17748
17750
17760
17765
17769
17771
17777
17778
17780
17783
17785
17793
17796
17802
17803
17805
17813
17817
17819
17821
17822
17827
17829
17831
17833
17839
17840
17843
17846
17853
17857
17859
17861
17866
17869
17875
17882
17885
17895
17900
17901
17906
17916
17920
17921
17926
17930
17935
17937
17938
17941
17947
17948
17951
17953
17955
17965
17966
17970
17971
17973
17974
17978
17982
17984
17988
17991
17997
18000
18009
18011
18020
18023
18031
18040
18042
18047
18048
18050
18052
18064
18070
18082
18086
18087
18093
18109
18111
18117
18120
18123
18124
18128
18129
18133
18138
18141
18143
18145
18146
18148
18152
18153
18156
18160
18162
18164
18165
18185
18186
18187
18188
18194
18195
18198
18200
18201
18204
18209
18217
18222
18236
18238
18245
18248
18249
18253
18256
18259
18261
18264
18270
18272
18273
18278
18281
18283
18286
18287
18288
18290
18293
18294
18295
18297
18300
18303
18310
18313
18315
18320
18321
18322
18327
18330
18331
18339
18343
18354
18355
18360
18364
18367
18373
18377
18379
18385
18388
18393
18396
18400
18402
18406
18407
18408
18426
18440
18441
18446
18448
18449
18455
18473
18474
18481
18486
18493
18494
18498
18503
18509
18515
18520
18521
18523
18532
18533
18536
18539
18540
18552
18555
18558
18562
18565
18568
18569
18574
18576
18577
18580
18582
18593
18596
18605
18606
18611
18618
18620
18627
18632
18634
18646
18649
18650
18651
18659
18671
18672
18674
18678
18679
18683
18685
18688
18692
18694
18696
18700
18702
18705
18719
18727
18733
18741
18744
18746
18753
18755
18761
18779
18787
18793
18801
18803
18811
18819
18820
18827
18828
18836
18837
18839
18841
18843
18852
18867
18868
18872
18876
18883
18886
18890
18897
18910
18914
18915
18921
18923
18930
18931
18933
18936
18939
18943
18952
18958
18966
18968
18969
18970
18974
18975
18980
18984
18996
18997
18999
19004
19007
19018
19035
19050
19053
19067
19068
19072
19075
19082
19085
19087
19095
19099
19120
19124
19127
19128
19139
19140
19146
19147
19148
19149
19159
19160
19172
19183
19184
19191
19194
19198
19201
19202
19203
19205
19206
19212
19214
19224
19227
19229
19230
19231
19233
19236
19237
19242
19243
19244
19249
19250
19252
19255
19259
19267
19270
19274
19282
19283
19288
19292
19294
19297
19302
19304
19306
19307
19312
19329
19333
19334
19339
19340
19343
19357
19364
19368
19372
19380
19389
19391
19393
19395
19398
19399
19400
19407
19410
19413
19420
19423
19426
19430
19436
19438
19439
19445
19452
19454
19456
19457
19462
19463
19467
19468
19472
19475
19477
19486
19492
19494
19495
19496
19502
19503
19511
19512
19513
19514
19520
19524
19532
19534
19542
19550
19559
19561
19563
19564
19566
19567
19582
19584
19588
19591
19592
19593
19602
19606
19609
19613
19616
19625
19630
19634
19635
19638
19640
19642
19658
19662
19664
19667
19670
19673
19679
19680
19684
19690
19692
19694
19699
19700
19704
19705
19713
19715
19716
19719
19727
19732
19735
19742
19747
19750
19754
19755
19758
19761
19763
19764
19768
19769
19774
19777
19780
19781
19782
19786
19792
19793
19795
19797
19798
19820
19825
19828
19829
19831
19832
19833
19837
19843
19858
19859
19860
19861
19865
19866
19867
19870
19871
19883
19886
19890
19892
19895
19896
19899
19913
19918
19919
19924
19929
19931
19934
19937
19938
19948
19955
19960
19964
19976
19979
19981
19993
20001
20007
20015
20017
20018
20023
20030
20033
20038
20039
20050
20051
20052
20053
20061
20065
20068
20075
20082
20083
20088
20094
20101
20107
20109
20112
20124
20132
20135
20137
20138
20148
20152
20158
20160
20161
20165
20167
20178
20184
20191
20195
20208
20209
20219
20220
20221
20228
20229
20231
20237
20239
20245
20247
20249
20250
20255
20257
20261
20262
20263
20264
20265
20271
20272
20275
20281
20282
20283
20284
20287
20292
20294
20295
20296
20299
20307
20316
20317
20322
20326
20327
20330
20336
20337
20338
20341
20347
20349
20353
20354
20362
20363
20373
20374
20378
20393
20400
20404
20405
20410
20413
20416
20417
20418
20420
20422
20429
20432
20438
20439
20442
20445
20446
20447
20448
20450
20452
20463
20465
20474
20477
20479
20483
20488
20490
20493
20494
20500
20501
20503
20506
20509
20510
20521
20526
20527
20533
20534
20535
20536
20540
20543
20544
20547
20548
20550
20551
20553
20558
20561
20563
20569
20579
20580
20586
20587
20589
20590
20591
20593
20594
20598
20599
20602
20606
20608
20609
20618
20622
20623
20624
20629
20634
20642
20645
20657
20660
20662
20667
20669
20671
20681
20684
20698
20699
20700
20706
20707
20709
20713
20716
20719
20721
20722
20723
20729
20734
20740
20750
20752
20754
20760
20769
20770
20772
20774
20779
20780
20783
20784
20785
20787
20788
20789
20795
20797
20799
20802
20809
20812
20813
20818
20820
20823
20827
20832
20834
20835
20840
20843
20844
20853
20855
20859
20863
20866
20871
20878
20880
20890
20891
20893
20894
20898
20900
20901
20902
20906
20909
20913
20916
20917
20918
20922
20927
20930
20931
20932
20934
20936
20937
20939
20941
20948
20950
20952
20953
20956
20960
20967
20968
20971
20972
20976
20981
20982
20984
20991
20992
20996
20998
21005
21006
21011
21013
21017
21018
21020
21022
21025
21026
21028
21031
21033
21041
21049
21050
21054
21057
21058
21059
21060
21062
21064
21065
21066
21067
21068
21070
21076
21078
21079
21086
21089
21100
21102
21104
21105
21106
21107
21122
21125
21126
21134
21135
21146
21147
21150
21152
21155
21156
21157
21158
21160
21166
21168
21173
21178
21180
21183
21185
21187
21191
21194
21195
21196
21198
21199
21201
21203
21205
21215
21216
21217
21220
21221
21223
21228
21229
21230
21231
21232
21236
21238
21242
21243
21244
21245
21246
21247
21252
21254
21255
21256
21257
21258
21262
21268
21269
21270
21275
21276
21277
21285
21287
21288
21293
21298
21301
21303
21305
21306
21307
21309
21311
21313
21314
21318
21320
21322
21325
21330
21331
21335
21336
21337
21343
21361
21365
21368
21369
21371
21372
21374
21382
21383
21385
21386
21389
21392
21400
21401
21403
21408
21410
21417
21420
21421
21422
21426
21430
21445
21449
21463
21465
21466
21469
21474
21477
21480
21485
21491
21492
21494
21495
21499
21500
21507
21512
21514
21515
21516
21517
21519
21521
21523
21525
21526
21529
21531
21532
21537
21540
21546
21551
21552
21553
21556
21558
21568
21573
21580
21581
21582
21584
21585
21587
21592
21593
21597
21600
21603
21607
21608
21609
21610
21612
21614
21617
21623
21625
21630
21636
21637
21640
21641
21649
21656
21658
21660
21662
21663
21664
21665
21666
21668
21669
21671
21675
21676
21677
21678
21680
21682
21684
21687
21689
21692
21696
21698
21699
21700
21702
21706
21708
21711
21714
21722
21724
21725
21726
21727
21731
21735
21739
21742
21744
21755
21757
21758
21761
21763
21764
21766
21770
21776
21778
21779
21781
21784
21788
21791
21794
21795
21799
21802
21803
21805
21809
21810
21811
21817
21818
21821
21822
21825
21838
21840
21843
21844
21845
21848
21850
21856
21857
21858
21861
21862
21863
21864
21867
21868
21871
21877
21881
21883
21884
21887
21888
21897
21906
21909
21910
21911
21913
21918
21921
21927
21928
21929
21932
21935
21936
21938
21939
21952
21955
21958
21962
21964
21967
21969
21977
21983
21984
21985
21986
21991
21992
21996
22000
22003
22004
22007
22009
22010
22011
22012
22014
22015
22016
22018
22023
22024
22036
22039
22040
22043
22044
22045
22046
22049
22051
22055
22062
22067
22070
22080
22083
22084
22086
22090
22092
22093
22098
22103
22107
22108
22111
22112
22114
22122
22123
22126
22135
22136
22139
22140
22150
22161
22163
22169
22170
22171
22175
22176
22177
22181
22182
22184
22185
22189
22191
22193
22194
22196
22197
22199
22207
22210
22211
22212
22213
22216
22220
22221
22223
22228
22232
22233
22234
22236
22238
22241
22243
22250
22251
22253
22258
22266
22268
22270
22273
22274
22275
22278
22279
22283
22288
22289
22291
22292
22293
22295
22297
22298
22299
22300
22301
22303
22308
22310
22314
22320
22324
22325
22331
22332
22335
22338
22339
22340
22341
22343
22346
22347
22348
22350
22351
22352
22354
22355
22356
22358
22359
22362
22369
22372
22376
22377
22378
22381
22383
22385
22391
22396
22400
22403
22411
22412
22413
22414
22417
22421
22422
22424
22427
22429
22435
22437
22441
22445
22446
22447
22450
22454
22456
22457
22462
22468
22469
22470
22474
22489
22490
22492
22493
22497
22499
22500
22501
22503
22504
22507
22509
22519
22524
22526
22527
22529
22531
22534
22536
22544
22548
22550
22555
22561
22564
22570
22572
22574
22575
22580
22582
22585
22586
22587
22589
22594
22597
22599
22600
22603
22606
22609
22610
22611
22614
22617
22618
22620
22621
22624
22629
22630
22632
22637
22647
22656
22660
22663
22668
22672
22675
22676
22677
22678
22680
22682
22687
22693
22694
22696
22701
22704
22707
22708
22709
22719
22720
22721
22722
22726
22729
22731
22735
22736
22737
22738
22740
22741
22746
22749
22750
22751
22753
22755
22756
22757
22760
22761
22762
22763
22764
22766
22767
22768
22774
22780
22781
22783
22784
22786
22788
22792
22798
22799
22800
22802
22803
22809
22815
22817
22820
22823
22824
22826
22828
22832
22833
22834
22839
22840
22844
22852
22855
22857
22866
22867
22869
22872
22873
22881
22889
22892
22894
22895
22897
22901
22908
22910
22912
22914
22922
22929
22932
22934
22935
22936
22937
22940
22943
22947
22950
22951
22954
22956
22962
22964
22966
22967
22968
22977
22979
22981
22985
22990
22993
22996
22997
23000
23001
23002
23003
23004
23008
23015
23016
23017
23019
23020
23024
23025
23026
23027
23033
23035
23036
23038
23039
23041
23046
23047
23048
23054
23055
23056
23060
23062
23064
23070
23074
23075
23076
23078
23079
23081
23084
23086
23088
23090
23092
23095
23096
23097
23099
23100
23102
23104
23107
23108
23117
23118
23121
23122
23124
23125
23129
23132
23136
23139
23141
23142
23144
23145
23146
23147
23148
23149
23151
23152
23154
23155
23156
23157
23159
23162
23163
23164
23166
23167
23170
23174
23175
23178
23179
23181
23188
23192
23193
23195
23197
23198
23200
23203
23204
23216
23220
23221
23224
23227
23230
23231
23243
23248
23250
23253
23261
23265
23267
23271
23273
23275
23277
23280
23282
23285
23286
23287
23291
23293
23300
23301
23303
23307
23310
23314
23315
23316
23319
23320
23321
23323
23327
23331
23332
23333
23338
23340
23342
23343
23344
23345
23346
23348
23350
23351
23353
23355
23357
23360
23364
23366
23367
23369
23370
23374
23375
23376
23378
23380
23381
23388
23392
23394
23395
23396
23397
23399
23402
23403
23404
23405
23408
23409
23411
23413
23417
23419
23422
23423
23424
23426
23427
23428
23431
23437
23440
23442
23443
23445
23450
23454
23455
23463
23467
23469
23471
23472
23475
23483
23486
23487
23489
23490
23497
23498
23500
23502
23505
23506
23508
23509
23511
23512
23513
23514
23517
23519
23520
23521
23522
23523
23525
23527
23529
23531
23533
23535
23538
23542
23545
23549
23550
23551
23552
23555
23559
23562
23571
23572
23573
23576
23577
23584
23589
23592
23594
23598
23599
23602
23604
23609
23611
23613
23614
23616
23620
23621
23622
23623
23626
23627
23628
23630
23631
23633
23634
23639
23642
23643
23645
23646
23647
23649
23651
23654
23655
23657
23658
23661
23662
23667
23668
23671
23673
23674
23677
23680
23682
23684
23686
23688
23690
23691
23693
23697
23698
23700
23705
23706
23713
23714
23721
23722
23723
23725
23726
23729
23730
23735
23736
23738
23739
23740
23741
23742
23743
23755
23756
23763
23764
23766
23769
23772
23773
23777
23778
23779
23780
23784
23787
23794
23795
23797
23799
23800
23804
23808
23811
23815
23816
23820
23825
23828
23830
23833
23835
23838
23839
23842
23844
23845
23853
23856
23857
23858
23859
23861
23864
23866
23870
23872
23873
23874
23876
23878
23880
23881
23882
23883
23885
23887
23890
23894
23895
23898
23900
23901
23906
23909
23910
23914
23916
23917
23918
23920
23921
23926
23928
23930
23931
23934
23935
23939
23941
23946
23955
23956
23961
23964
23965
23969
23970
23971
23973
23976
23977
23978
23982
23983
23985
23990
23991
23992
23993
24003
24004
24005
24006
24009
24013
24015
24016
24017
24018
24025
24027
24028
24030
24037
24038
24039
24040
24043
24044
24051
24057
24062
24064
24065
24067
24068
24070
24071
24072
24075
24076
24077
24078
24079
24080
24082
24085
24088
24092
24094
24096
24097
24099
24102
24103
24104
24106
24108
24109
24110
24112
24113
24114
24115
24116
24119
24125
24126
24132
24133
24135
24137
24138
24146
24148
24150
24152
24154
24155
24156
24157
24158
24159
24160
24162
24165
24172
24180
24181
24182
24184
24185
24187
24188
24189
24194
24195
24198
24199
24200
24203
24206
24210
24212
24213
24214
24215
24220
24222
24223
24226
24231
24232
24237
24241
24243
24247
24250
24251
24252
24253
24255
24256
24258
24261
24262
24263
24270
24271
24274
24278
24282
24283
24284
24285
24289
24292
24294
24295
24301
24302
24303
24304
24308
24313
24315
24316
24320
24321
24322
24325
24326
24336
24339
24343
24346
24353
24357
24361
24363
24364
24367
24372
24376
24380
24388
24397
24403
24407
24417
24420
24421
24426
24429
24433
24434
24438
24440
24441
24444
24445
24454
24460
24461
24463
24464
24465
24466
24469
24470
24472
24474
24480
24481
24483
24484
24486
24489
24491
24494
24495
24496
24498
24502
24504
24511
24515
24519
24521
24522
24524
24525
24528
24529
24531
24532
24534
24535
24537
24539
24540
24541
24543
24544
24546
24548
24550
24555
24556
24558
24564
24565
24566
24568
24569
24570
24574
24575
24579
24581
24585
24603
24604
24605
24606
24607
24608
24609
24610
24611
24612
24613
24614
24615
24616
24617
24618
24621
24622
24623
24624
24627
24628
24630
24634
24635
24636
24637
24640
24641
24643
24645
24648
24649
24650
24652
24659
24665
24666
24672
24675
24676
24680
24681
24682
24683
24685
24687
24688
24689
24693
24694
24695
24696
24697
24700
24701
24704
24708
24709
24710
24711
24713
24715
24717
24718
24719
24720
24726
24729
24733
24735
24740
24742
24743
24745
24746
24748
24754
24756
24758
24760
24764
24765
24768
24775
24776
24777
24779
24784
24788
24795
24797
24800
24805
24812
24813
24815
24816
24820
24821
24822
24823
24825
24827
24829
24833
24837
24838
24840
24841
24842
24846
24847
24849
24850
24851
24852
24857
24858
24859
24860
24866
24868
24869
24871
24874
24879
24880
24881
24882
24884
24886
24887
24889
24890
24892
24894
24895
24900
24901
24902
24904
24906
24907
24909
24911
24912
24915
24916
24917
24918
24920
24924
24925
24926
24934
24935
24936
24938
24939
24942
24944
24945
24946
24948
24949
24955
24958
24959
24960
24963
24966
24967
24970
24973
24977
24978
24979
24981
24982
24984
24985
24989
24993
24994
24995
24996
25000
25004
25006
25010
25011
25012
25014
25015
25016
25021
25022
25025
25028
25030
25031
25033
25035
25036
25037
25038
25039
25043
25044
25045
25053
25057
25058
25059
25060
25063
25067
25068
25070
25071
25074
25076
25078
25079
25080
25081
25084
25086
25088
25090
25093
25095
25099
25100
25101
25104
25106
25108
25109
25111
25112
25113
25117
25118
25124
25126
25130
25135
25136
25138
25141
25146
25147
25148
25150
25151
25152
25153
25154
25158
25161
25163
25168
25169
25170
25174
25176
25182
25183
25184
25185
25186
25187
25188
25191
25193
25195
25196
25198
25199
25202
25203
25209
25214
25215
25221
25222
25223
25225
25226
25227
25229
25231
25233
25238
25239
25241
25242
25243
25245
25250
25251
25252
25255
25261
25263
25264
25267
25271
25277
25278
25279
25280
25281
25282
25283
25286
25287
25289
25294
25296
25297
25298
25302
25303
25305
25306
25309
25313
25317
25318
25320
25321
25323
25325
25333
25334
25336
25338
25339
25341
25343
25346
25348
25349
25350
25351
25352
25353
25355
25358
25359
25360
25361
25365
25367
25370
25373
25375
25377
25378
25379
25381
25385
25387
25390
25393
25394
25395
25397
25403
25405
25406
25407
25409
25411
25412
25413
25414
25416
25417
25420
25423
25426
25427
25429
25431
25435
25436
25437
25441
25443
25445
25448
25449
25450
25451
25455
25457
25459
25461
25462
25467
25469
25472
25474
25476
25477
25479
25481
25485
25486
25487
25488
25497
25498
25500
25503
25505
25509
25511
25512
25515
25516
25522
25524
25526
25528
25532
25533
25534
25538
25541
25546
25549
25554
25555
25559
25561
25566
25567
25568
25569
25572
25578
25581
25584
25586
25589
25592
25597
25599
25601
25602
25604
25605
25607
25608
25609
25616
25621
25623
25624
25625
25626
25629
25630
25632
25633
25634
25638
25639
25641
25642
25643
25645
25647
25649
25651
25654
25655
25656
25658
25662
25665
25666
25667
25670
25674
25675
25676
25677
25681
25682
25684
25685
25686
25690
25694
25695
25696
25697
25698
25700
25701
25703
25704
25706
25707
25708
25711
25712
25714
25720
25721
25722
25724
25726
25727
25732
25735
25738
25740
25741
25742
25746
25756
25757
25762
25763
25764
25767
25768
25770
25775
25776
25777
25778
25779
25780
25782
25783
25784
25785
25787
25788
25790
25792
25793
25796
25800
25801
25803
25806
25807
25809
25810
25812
25814
25816
25817
25820
25824
25830
25834
25840
25844
25850
25851
25852
25855
25858
25862
25863
25865
25866
25867
25870
25872
25875
25880
25881
25882
25890
25891
25896
25898
25899
25903
25907
25910
25913
25915
25918
25919
25920
25921
25926
25927
25929
25933
25934
25939
25940
25941
25942
25944
25946
25947
25953
25955
25957
25961
25962
25969
25971
25973
25977
25988
25990
25991
25998
26000
26001
26006
26007
26008
26016
26021
26023
26027
26030
26038
26040
26041
26042
26043
26047
26053
26054
26055
26059
26060
26061
26062
26063
26064
26065
26067
26070
26073
26076
26077
26081
26084
26085
26087
26092
26094
26095
26099
26104
26108
26111
26112
26113
26114
26116
26117
26118
26123
26127
26128
26137
26139
26141
26142
26143
26144
26146
26148
26151
26153
26156
26161
26162
26163
26164
26165
26167
26168
26179
26180
26182
26183
26184
26192
26193
26194
26197
26198
26199
26202
26204
26205
26210
26211
26212
26217
26218
26222
26224
26226
26227
26228
26231
26233
26234
26235
26236
26237
26239
26241
26243
26244
26246
26250
26251
26253
26256
26257
26258
26259
26261
26262
26266
26268
26269
26270
26271
26276
26277
26278
26279
26284
26285
26287
26289
26290
26291
26294
26297
26300
26302
26303
26305
26311
26315
26317
26319
26320
26321
26323
26324
26325
26327
26329
26336
26337
26340
26341
26344
26346
26347
26348
26351
26352
26354
26359
26360
26363
26364
26365
26366
26367
26372
26373
26374
26379
26380
26383
26384
26386
26387
26391
26392
26395
26396
26399
26402
26403
26405
26406
26408
26413
26419
26420
26422
26426
26427
26428
26430
26431
26433
26435
26440
26445
26447
26449
26451
26452
26454
26456
26457
26460
26461
26462
26464
26465
26468
26473
26475
26476
26477
26478
26481
26482
26489
26490
26503
26504
26506
26509
26510
26513
26515
26516
26518
26521
26522
26531
26532
26534
26535
26536
26539
26540
26546
26548
26549
26551
26552
26554
26557
26558
26562
26565
26567
26570
26571
26572
26576
26577
26578
26579
26582
26584
26594
26604
26608
26609
26610
26614
26616
26619
26624
26626
26630
26631
26636
26641
26644
26645
26650
26652
26654
26655
26656
26657
26658
26661
26662
26664
26665
26673
26677
26678
26681
26684
26685
26686
26687
26690
26691
26693
26698
26700
26704
26706
26711
26715
26716
26718
26719
26721
26723
26726
26735
26738
26743
26745
26748
26752
26753
26761
26762
26763
26764
26771
26772
26773
26774
26775
26779
26780
26783
26788
26789
26792
26795
26806
26810
26811
26817
26818
26822
26827
26828
26834
26836
26839
26842
26843
26844
26845
26853
26855
26859
26862
26866
26867
26870
26872
26875
26879
26880
26883
26886
26887
26889
26896
26897
26901
26902
26903
26906
26908
26910
26913
26916
26917
26919
26921
26925
26926
26935
26936
26937
26939
26942
26944
26949
26950
26954
26963
26964
26967
26969
26971
26973
26975
26976
26978
26979
26981
26982
26984
26985
26987
26990
26994
26997
26998
27003
27006
27008
27010
27013
27020
27021
27023
27024
27027
27028
27034
27038
27039
27041
27043
27044
27047
27050
27052
27054
27057
27060
27064
27071
27072
27073
27075
27077
27081
27083
27092
27095
27100
27102
27104
27105
27116
27119
27124
27126
27127
27129
27130
27131
27133
27146
27149
27150
27151
27152
27154
27156
27161
27163
27166
27168
27174
27175
27176
27177
27178
27179
27180
27182
27187
27189
27191
27195
27198
27199
27203
27205
27206
27209
27211
27214
27222
27223
27224
27225
27228
27229
27233
27235
27238
27246
27247
27248
27257
27261
27263
27273
27275
27279
27280
27282
27283
27284
27287
27292
27295
27297
27299
27301
27303
27305
27306
27307
27316
27319
27321
27324
27325
27327
27328
27329
27333
27337
27340
27342
27345
27346
27347
27348
27352
27353
27355
27357
27360
27361
27362
27363
27364
27369
27370
27371
27373
27374
27375
27376
27378
27381
27384
27388
27391
27394
27395
27403
27404
27405
27406
27408
27411
27417
27418
27419
27420
27421
27428
27433
27435
27437
27438
27440
27441
27442
27446
27447
27449
27455
27457
27459
27461
27462
27463
27471
27474
27475
27477
27486
27487
27489
27490
27492
27493
27495
27500
27504
27508
27509
27512
27514
27517
27519
27524
27526
27527
27529
27530
27531
27532
27537
27543
27544
27545
27546
27547
27549
27552
27554
27557
27560
27561
27562
27564
27565
27571
27572
27573
27574
27579
27580
27582
27585
27588
27589
27590
27593
27595
27596
27599
27604
27609
27615
27616
27619
27621
27622
27626
27629
27630
27634
27635
27637
27639
27642
27643
27647
27648
27653
27654
27657
27659
27662
27664
27665
27671
27672
27675
27678
27679
27681
27684
27688
27691
27692
27693
27695
27700
27702
27704
27705
27707
27711
27712
27713
27716
27720
27722
27723
27724
27725
27728
27735
27736
27740
27741
27742
27743
27747
27748
27750
27756
27757
27767
27768
27770
27772
27775
27781
27784
27786
27788
27789
27799
27800
27801
27803
27807
27809
27810
27812
27813
27820
27823
27826
27828
27830
27835
27840
27845
27846
27849
27850
27855
27864
27866
27869
27870
27871
27872
27874
27876
27878
27879
27880
27881
27887
27888
27889
27890
27893
27895
27897
27899
27900
27907
27908
27919
27920
27923
27927
27928
27932
27933
27934
27938
27941
27942
27943
27947
27951
27953
27956
27959
27961
27964
27972
27978
27979
27980
27985
27986
27993
27994
27995
27996
27999
28002
28009
28010
28011
28012
28014
28015
28017
28019
28020
28022
28023
28024
28029
28030
28032
28033
28039
28041
28042
28048
28050
28054
28055
28058
28059
28060
28071
28072
28074
28075
28076
28078
28086
28089
28091
28092
28093
28095
28096
28103
28105
28108
28109
28111
28112
28114
28115
28116
28117
28124
28125
28126
28130
28131
28133
28134
28136
28140
28142
28144
28145
28149
28151
28152
28159
28160
28164
28166
28168
28170
28174
28175
28177
28180
28182
28185
28188
28189
28193
28194
28195
28203
28205
28206
28211
28213
28214
28215
28216
28217
28219
28221
28222
28226
28229
28233
28239
28240
28242
28244
28250
28251
28253
28254
28255
28259
28261
28268
28269
28271
28272
28274
28277
28281
28285
28286
28287
28292
28293
28294
28296
28297
28302
28305
28307
28314
28315
28319
28322
28325
28326
28330
28332
28333
28335
28341
28344
28353
28355
28356
28359
28360
28362
28363
28370
28371
28374
28376
28380
28384
28385
28386
28389
28390
28393
28394
28395
28397
28398
28399
28400
28401
28405
28408
28409
28410
28415
28416
28422
28426
28431
28432
28435
28443
28444
28446
28447
28448
28455
28461
28462
28464
28466
28470
28481
28482
28486
28488
28492
28493
28494
28501
28502
28503
28508
28510
28513
28514
28517
28518
28519
28520
28526
28529
28530
28531
28532
28535
28536
28537
28544
28546
28547
28549
28558
28562
28563
28564
28566
28567
28569
28570
28575
28578
28579
28580
28581
28583
28584
28585
28590
28596
28597
28600
28602
28603
28606
28609
28610
28613
28618
28620
28624
28628
28631
28634
28636
28639
28641
28643
28644
28646
28649
28650
28652
28653
28654
28664
28668
28671
28673
28674
28678
28679
28680
28682
28685
28688
28689
28694
28699
28704
28706
28711
28712
28713
28714
28716
28717
28718
28719
28721
28723
28725
28729
28731
28734
28737
28738
28740
28743
28744
28745
28747
28748
28750
28751
28753
28759
28760
28761
28772
28773
28774
28778
28779
28783
28793
28797
28801
28803
28804
28806
28807
28810
28816
28817
28819
28822
28823
28824
28827
28829
28830
28831
28833
28842
28844
28847
28851
28852
28853
28854
28857
28860
28863
28867
28869
28870
28871
28874
28875
28884
28889
28890
28895
28897
28898
28904
28905
28906
28907
28910
28911
28917
28919
28922
28926
28933
28935
28936
28940
28942
28943
28944
28946
28947
28951
28953
28954
28955
28957
28964
28965
28967
28970
28972
28973
28977
28982
28984
28987
28992
28993
28999
29002
29006
29007
29008
29011
29013
29014
29017
29020
29022
29024
29025
29027
29029
29030
29032
29034
29036
29042
29046
29050
29053
29056
29060
29065
29070
29071
29072
29075
29076
29078
29081
29082
29089
29098
29103
29105
29107
29108
29111
29112
29113
29116
29120
29122
29124
29125
29133
29134
29140
29141
29145
29150
29154
29156
29159
29161
29162
29163
29164
29166
29169
29172
29175
29180
29186
29192
29201
29204
29205
29214
29215
29219
29222
29226
29227
29238
29240
29241
29247
29253
29257
29261
29264
29267
29268
29271
29272
29277
29285
29289
29291
29292
29293
29295
29296
29298
29308
29309
29310
29314
29321
29323
29324
29326
29332
29341
29344
29348
29353
29358
29360
29362
29367
29369
29378
29380
29382
29383
29389
29399
29402
29405
29409
29411
29415
29416
29424
29434
29442
29444
29446
29447
29449
29451
29455
29458
29463
29464
29466
29469
29470
29474
29479
29490
29493
29497
29504
29507
29510
29518
29522
29529
29534
29536
29539
29545
29546
29547
29553
29556
29562
29564
29565
29567
29568
29570
29571
29573
29574
29578
29579
29585
29588
29590
29591
29592
29594
29602
29609
29610
29616
29617
29620
29626
29627
29628
29630
29633
29636
29637
29639
29645
29646
29648
29651
29652
29653
29655
29671
29677
29678
29683
29686
29690
29695
29697
29701
29703
29705
29713
29718
29719
29723
29727
29728
29729
29731
29733
29735
29738
29743
29744
29745
29747
29752
29755
29756
29759
29764
29767
29769
29772
29773
29776
29777
29782
29784
29785
29794
29795
29796
29797
29804
29808
29814
29815
29816
29818
29825
29827
29828
29829
29833
29838
29841
29855
29859
29867
29868
29870
29872
29879
29884
29887
29893
29897
29900
29902
29904
29905
29915
29916
29919
29922
29929
29933
29935
29938
29943
29944
29945
29949
29955
29959
29960
29962
29969
29971
29972
29973
29984
29988
29991
29992
29996
29999
30007
30009
30012
30019
30020
30022
30023
30031
30034
30042
30045
30046
30050
30052
30056
30062
30064
30065
30067
30071
30072
30076
30078
30081
30083
30084
30086
30093
30094
30097
30099
30102
30103
30108
30112
30113
30118
30119
30127
30129
30133
30141
30142
30146
30147
30149
30152
30153
30158
30159
30160
30162
30173
30175
30178
30182
30184
30194
30195
30196
30199
30200
30201
30203
30206
30208
30218
30223
30228
30242
30243
30244
30245
30247
30249
30250
30251
30268
30270
30272
30275
30278
30286
30295
30296
30306
30309
30311
30315
30317
30320
30321
30328
30333
30334
30336
30342
30343
30349
30351
30353
30354
30357
30358
30365
30367
30368
30371
30373
30378
30383
30387
30388
30389
30390
30395
30396
30398
30399
30400
30404
30405
30408
30411
30412
30417
30418
30425
30428
30432
30436
30439
30442
30443
30451
30453
30462
30463
30467
30474
30479
30481
30485
30488
30489
30490
30491
30496
30499
30501
30504
30510
30511
30512
30523
30525
30528
30529
30532
30539
30541
30543
30552
30554
30555
30567
30568
30570
30571
30572
30575
30578
30581
30585
30586
30588
30589
30590
30594
30596
30600
30605
30609
30624
30626
30629
30630
30632
30633
30635
30639
30643
30644
30652
30654
30665
30668
30669
30674
30675
30677
30683
30685
30686
30687
30689
30696
30698
30699
30704
30720
30723
30725
30727
30731
30732
30738
30739
30741
30743
30744
30747
30748
30749
30751
30754
30755
30756
30760
30763
30764
30765
30766
30774
30777
30783
30784
30788
30794
30796
30807
30811
30818
30819
30821
30824
30826
30829
30830
30832
30833
30834
30842
30849
30850
30851
30855
30861
30866
30870
30872
30874
30886
30898
30900
30902
30904
30905
30907
30908
30909
30910
30913
30914
30915
30918
30919
30921
30926
30927
30928
30930
30938
30939
30943
30945
30947
30949
30951
30953
30954
30960
30964
30968
30971
30977
30979
30987
30988
30992
30994
30996
30998
31000
31001
31005
31006
31007
31009
31021
31023
31025
31030
31033
31034
31035
31041
31043
31046
31047
31050
31053
31054
31055
31056
31064
31065
31066
31067
31069
31071
31072
31081
31083
31087
31092
31093
31095
31098
31102
31103
31106
31114
31116
31119
31132
31133
31139
31141
31143
31144
31146
31153
31155
31156
31166
31170
31172
31175
31179
31180
31182
31184
31187
31191
31193
31199
31208
31214
31221
31222
31224
31226
31227
31228
31231
31237
31238
31239
31240
31241
31245
31247
31248
31251
31255
31258
31266
31270
31272
31276
31278
31281
31287
31290
31298
31303
31304
31308
31312
31316
31317
31318
31324
31327
31331
31332
31344
31348
31356
31357
31358
31363
31365
31366
31370
31371
31379
31383
31385
31387
31388
31397
31398
31400
31402
31406
31407
31409
31411
31416
31417
31418
31422
31426
31431
31432
31435
31436
31437
31445
31451
31453
31458
31462
31465
31475
31478
31484
31489
31497
31503
31504
31509
31513
31518
31521
31528
31529
31539
31540
31546
31547
31548
31549
31552
31555
31557
31559
31564
31569
31570
31575
31577
31581
31589
31591
31596
31608
31611
31619
31626
31629
31630
31631
31634
31635
31643
31645
31646
31650
31651
31653
31655
31658
31659
31661
31676
31677
31680
31681
31683
31684
31689
31691
31692
31695
31696
31697
31698
31705
31706
31709
31713
31718
31720
31724
31725
31730
31731
31739
31741
31744
31745
31749
31751
31752
31753
31755
31757
31758
31759
31766
31774
31776
31777
31784
31785
31790
31793
31794
31796
31800
31801
31802
31803
31806
31807
31809
31812
31813
31818
31824
31828
31830
31831
31832
31835
31840
31841
31843
31844
31845
31853
31854
31855
31856
31858
31859
31862
31870
31874
31876
31877
31879
31880
31883
31884
31886
31892
31897
31898
31903
31907
31909
31913
31918
31919
31925
31931
31932
31933
31934
31935
31938
31940
31942
31944
31945
31949
31950
31951
31953
31957
31961
31964
31965
31966
31968
31969
31970
31980
31982
31983
31988
31990
31994
31998
32000
32003
32005
32013
32015
32023
32024
32025
32026
32027
32031
32032
32035
32043
32044
32046
32047
32050
32054
32058
32060
32064
32067
32069
32078
32080
32082
32088
32094
32096
32097
32098
32104
32105
32106
32116
32117
32118
32126
32127
32129
32131
32134
32139
32141
32142
32143
32148
32152
32159
32160
32162
32168
32174
32175
32177
32178
32185
32189
32191
32195
32197
32205
32209
32215
32217
32218
32219
32221
32227
32229
32231
32233
32235
32247
32252
32253
32254
32256
32261
32262
32263
32264
32269
32271
32272
32274
32277
32283
32284
32289
32291
32293
32295
32296
32299
32300
32303
32306
32313
32317
32320
32324
32330
32333
32339
32350
32351
32356
32357
32361
32366
32367
32371
32374
32376
32378
32382
32383
32390
32393
32395
32398
32405
32406
32407
32413
32421
32422
32426
32428
32434
32441
32449
32465
32466
32477
32480
32482
32483
32489
32491
32496
32498
32501
32503
32505
32509
32515
32517
32519
32520
32522
32524
32526
32527
32530
32531
32535
32536
32537
32540
32541
32546
32548
32550
32551
32552
32556
32559
32560
32562
32564
32572
32574
32577
32578
32583
32590
32591
32592
32604
32605
32607
32622
32627
32629
32638
32639
32640
32647
32649
32651
32652
32654
32658
32665
32666
32667
32669
32671
32672
32677
32679
32681
32683
32688
32689
32690
32692
32697
32698
32700
32702
32706
32707
32708
32709
32716
32718
32719
32725
32726
32729
32730
32732
32734
32738
32741
32746
32747
32750
32754
32757
32759
32763
32768
32772
32774
32776
32777
32788
32790
32792
32793
32794
32795
32800
32801
32802
32803
32806
32811
32812
32817
32818
32821
32826
32828
32829
32834
32835
32836
32838
32843
32848
32849
32850
32852
32856
32866
32870
32871
32873
32879
32883
32885
32887
32888
32889
32892
32894
32898
32905
32907
32910
32915
32922
32923
32931
32932
32936
32939
32940
32942
32949
32959
32962
32969
32970
32975
32976
32977
32979
32980
32986
32992
32998
32999
33002
33003
33004
33005
33006
33013
33014
33015
33016
33019
33022
33026
33030
33034
33036
33043
33045
33046
33051
33054
33055
33057
33058
33062
33070
33075
33085
33088
33090
33095
33101
33104
33109
33118
33119
33125
33127
33131
33137
33141
33148
33152
33156
33161
33167
33169
33170
33181
33189
33191
33195
33196
33199
33203
33209
33212
33214
33217
33220
33221
33224
33227
33230
33233
33235
33245
33253
33255
33260
33261
33263
33264
33265
33266
33279
33284
33285
33292
33294
33295
33299
33300
33304
33310
33316
33323
33324
33326
33328
33329
33330
33331
33335
33336
33338
33348
33350
33354
33357
33358
33360
33362
33364
33368
33372
33376
33378
33382
33386
33387
33389
33390
33391
33392
33393
33412
33413
33415
33416
33419
33421
33422
33423
33427
33429
33435
33437
33438
33440
33452
33456
33459
33463
33464
33465
33466
33473
33474
33487
33489
33490
33492
33494
33495
33496
33497
33501
33502
33504
33505
33506
33507
33509
33511
33512
33513
33519
33527
33529
33532
33533
33534
33538
33542
33543
33550
33551
33553
33558
33559
33563
33570
33571
33572
33577
33578
33579
33583
33584
33590
33593
33594
33607
33609
33612
33614
33617
33618
33620
33622
33634
33640
33642
33645
33646
33651
33652
33656
33665
33668
33673
33676
33677
33678
33679
33680
33688
33689
33690
33694
33695
33696
33699
33705
33720
33726
33727
33728
33743
33744
33748
33753
33757
33758
33773
33776
33786
33794
33795
33804
33806
33816
33818
33826
33834
33837
33838
33843
33845
33846
33851
33853
33858
33863
33864
33881
33884
33887
33892
33917
33937
33938
33942
33944
33946
33949
33954
33957
33958
33962
33966
33967
33969
33970
33971
33973
33975
33977
33978
33984
33989
33990
33994
33998
34005
34006
34008
34010
34013
34017
34019
34020
34022
34024
34027
34029
34030
34033
34037
34038
34039
34041
34044
34045
34050
34052
34055
34056
34058
34062
34066
34067
34070
34073
34074
34080
34092
34093
34094
34095
34104
34107
34108
34109
34110
34114
34137
34140
34151
34152
34154
34158
34163
34165
34168
34169
34170
34174
34180
34184
34185
34190
34193
34194
34197
34200
34205
34206
34214
34215
34218
34219
34223
34230
34249
34251
34254
34255
34256
34259
34260
34261
34268
34269
34270
34275
34276
34279
34280
34283
34288
34289
34291
34292
34293
34294
34297
34302
34311
34312
34314
34325
34327
34329
34344
34347
34350
34352
34354
34356
34357
34362
34365
34366
34374
34376
34383
34384
34386
34388
34396
34398
34403
34412
34415
34417
34419
34425
34437
34440
34442
34450
34452
34455
34456
34461
34465
34469
34470
34471
34476
34478
34480
34481
34482
34491
34503
34507
34510
34512
34514
34516
34521
34522
34525
34526
34530
34531
34535
34538
34544
34545
34551
34553
34555
34561
34564
34565
34566
34568
34570
34582
34587
34591
34592
34603
34605
34618
34621
34631
34632
34634
34647
34649
34650
34654
34656
34662
34670
34673
34679
34680
34682
34683
34685
34686
34688
34690
34693
34694
34697
34707
34714
34715
34718
34721
34722
34726
34730
34732
34733
34739
34746
34747
34749
34751
34753
34755
34759
34762
34766
34767
34768
34774
34775
34778
34780
34784
34791
34795
34802
34804
34807
34813
34815
34816
34821
34823
34826
34832
34833
34834
34835
34846
34847
34851
34856
34859
34860
34872
34878
34879
34883
34885
34886
34892
34896
34900
34907
34910
34921
34922
34925
34928
34931
34937
34939
34940
34947
34949
34956
34961
34963
34966
34967
34968
34969
34979
34981
34985
34989
34992
34994
35000
35005
35006
35008
35009
35010
35014
35016
35017
35022
35023
35031
35033
35035
35037
35039
35043
35044
35045
35048
35049
35050
35054
35055
35058
35064
35065
35070
35071
35072
35073
35083
35087
35095
35096
35098
35104
35106
35110
35111
35113
35116
35122
35123
35131
35135
35136
35139
35140
35141
35142
35154
35158
35161
35167
35169
35192
35195
35197
35199
35205
35211
35214
35215
35218
35224
35225
35229
35235
35240
35242
35243
35244
35245
35253
35256
35258
35265
35269
35276
35280
35282
35292
35293
35299
35300
35301
35303
35304
35306
35309
35312
35321
35322
35325
35328
35330
35339
35342
35344
35346
35351
35352
35354
35356
35369
35371
35378
35379
35385
35396
35402
35405
35409
35411
35416
35419
35440
35441
35449
35454
35455
35462
35463
35464
35465
35467
35470
35477
35480
35482
35493
35497
35508
35518
35522
35525
35537
35538
35539
35541
35543
35545
35550
35555
35556
35558
35565
35571
35572
35580
35588
35592
35597
35598
35601
35603
35614
35617
35620
35625
35627
35630
35631
35640
35642
35643
35644
35647
35648
35649
35652
35654
35655
35657
35662
35669
35672
35681
35683
35685
35686
35693
35696
35702
35703
35705
35706
35713
35717
35724
35726
35727
35736
35739
35740
35741
35744
35748
35750
35751
35755
35758
35762
35763
35765
35771
35776
35779
35780
35782
35786
35792
35798
35805
35806
35821
35826
35831
35834
35837
35838
35839
35840
35842
35845
35848
35855
35860
35864
35866
35871
35872
35876
35879
35883
35884
35886
35887
35888
35893
35899
35901
35904
35907
35910
35911
35912
35913
35915
35922
35923
35924
35930
35939
35940
35942
35944
35945
35951
35952
35953
35955
35956
35960
35964
35967
35968
35974
35975
35980
35981
35986
35999
36000
36001
36002
36003
36004
36006
36008
36009
36012
36013
36014
36016
36020
36029
36032
36044
36048
36050
36065
36066
36068
36071
36078
36080
36086
36088
36092
36093
36094
36095
36096
36099
36103
36106
36108
36109
36111
36112
36123
36129
36134
36135
36137
36139
36144
36148
36150
36157
36158
36159
36171
36179
36182
36190
36197
36203
36209
36215
36218
36224
36228
36235
36239
36252
36259
36260
36268
36276
36278
36282
36287
36297
36298
36305
36306
36311
36313
36316
36321
36326
36331
36332
36336
36337
36341
36342
36344
36347
36354
36357
36372
36379
36384
36386
36390
36394
36397
36399
36400
36402
36405
36409
36413
36416
36418
36419
36427
36428
36429
36432
36435
36437
36440
36447
36451
36457
36465
36467
36475
36479
36484
36486
36488
36493
36494
36502
36506
36512
36521
36523
36525
36526
36527
36528
36531
36532
36533
36538
36543
36548
36560
36562
36566
36568
36572
36574
36575
36580
36592
36598
36602
36603
36604
36612
36613
36616
36623
36627
36635
36636
36637
36641
36643
36646
36654
36657
36662
36663
36664
36665
36668
36670
36679
36680
36683
36690
36695
36703
36710
36711
36719
36721
36723
36726
36727
36729
36734
36741
36744
36750
36756
36758
36764
36765
36774
36775
36789
36790
36792
36797
36798
36799
36802
36804
36805
36807
36808
36811
36818
36827
36833
36835
36839
36842
36845
36846
36850
36851
36853
36857
36858
36860
36863
36868
36870
36878
36880
36882
36903
36905
36908
36917
36919
36923
36924
36953
36958
36965
36967
36978
36984
36985
36986
36987
36988
36993
36994
37007
37008
37009
37010
37014
37021
37024
37029
37031
37037
37041
37045
37049
37059
37061
37062
37075
37076
37077
37079
37080
37081
37083
37087
37097
37098
37102
37105
37115
37118
37124
37140
37142
37146
37148
37152
37155
37164
37171
37179
37181
37182
37190
37195
37199
37203
37215
37222
37228
37230
37234
37235
37236
37239
37241
37244
37247
37250
37252
37270
37272
37275
37278
37280
37281
37287
37289
37293
37303
37306
37308
37311
37313
37314
37316
37317
37328
37329
37340
37344
37345
37357
37359
37362
37363
37367
37374
37386
37387
37391
37394
37396
37398
37403
37405
37406
37407
37413
37416
37417
37418
37425
37429
37447
37448
37449
37457
37464
37465
37466
37468
37472
37475
37478
37480
37482
37485
37514
37519
37520
37522
37527
37530
37536
37539
37547
37550
37551
37562
37564
37566
37569
37571
37573
37574
37575
37578
37581
37588
37589
37596
37612
37616
37626
37629
37634
37635
37637
37638
37643
37653
37656
37657
37659
37662
37667
37670
37671
37677
37678
37681
37682
37688
37690
37694
37695
37698
37700
37715
37730
37732
37735
37740
37741
37743
37746
37750
37753
37756
37764
37765
37783
37795
37798
37805
37806
37811
37813
37822
37823
37824
37826
37835
37838
37847
37848
37849
37851
37856
37857
37863
37881
37883
37885
37887
37893
37906
37907
37911
37913
37916
37917
37920
37928
37933
37938
37939
37941
37949
37957
37959
37961
37968
37971
37973
37974
37977
37980
37983
37984
37986
37991
37995
37996
37997
38014
38015
38024
38028
38030
38037
38041
38045
38047
38076
38081
38091
38094
38100
38109
38121
38128
38132
38134
38136
38139
38149
38150
38155
38159
38161
38167
38170
38172
38175
38176
38179
38183
38186
38191
38192
38193
38199
38204
38206
38208
38209
38213
38214
38216
38223
38224
38227
38232
38233
38235
38237
38240
38243
38249
38252
38258
38262
38271
38281
38284
38285
38287
38292
38294
38296
38299
38301
38308
38309
38311
38317
38320
38321
38322
38336
38338
38342
38344
38345
38346
38348
38349
38351
38352
38356
38359
38364
38365
38366
38367
38369
38373
38374
38375
38383
38384
38388
38393
38396
38398
38399
38402
38410
38413
38422
38424
38425
38429
38440
38449
38450
38451
38454
38461
38462
38465
38466
38470
38473
38475
38476
38477
38478
38485
38490
38494
38497
38512
38514
38517
38518
38521
38522
38526
38527
38530
38546
38547
38549
38551
38553
38554
38557
38558
38560
38563
38564
38565
38569
38570
38573
38575
38579
38585
38586
38589
38592
38595
38598
38599
38602
38612
38630
38636
38639
38640
38644
38650
38652
38656
38661
38663
38664
38668
38676
38680
38687
38688
38692
38694
38696
38698
38701
38702
38706
38707
38713
38720
38723
38730
38742
38752
38753
38754
38755
38760
38772
38782
38784
38793
38798
38810
38818
38819
38825
38827
38829
38843
38845
38846
38855
38862
38867
38871
38872
38880
38883
38884
38893
38895
38896
38914
38922
38926
38927
38930
38933
38934
38936
38938
38948
38949
38953
38961
38963
38969
38972
38978
38980
38985
38989
38991
38994
38995
38997
39006
39013
39014
39029
39037
39045
39047
39055
39059
39065
39067
39068
39069
39080
39084
39087
39092
39093
39098
39102
39124
39128
39132
39138
39146
39147
39148
39153
39162
39176
39180
39183
39185
39192
39196
39203
39206
39210
39213
39216
39227
39228
39241
39248
39251
39254
39258
39262
39265
39269
39275
39279
39283
39285
39290
39294
39300
39302
39320
39343
39349
39363
39364
39366
39389
39395
39396
39403
39405
39413
39415
39416
39417
39420
39422
39424
39434
39437
39443
39448
39450
39453
39455
39458
39466
39475
39479
39499
39512
39514
39515
39520
39524
39525
39539
39542
39551
39552
39555
39557
39558
39559
39560
39561
39570
39571
39572
39574
39584
39588
39600
39603
39605
39609
39626
39629
39632
39634
39636
39638
39639
39641
39643
39645
39656
39675
39677
39679
39681
39694
39695
39698
39699
39700
39707
39710
39716
39730
39732
39742
39744
39748
39760
39761
39768
39769
39774
39776
39783
39803
39804
39809
39812
39813
39815
39824
39826
39828
39833
39836
39842
39856
39858
39859
39862
39864
39866
39880
39881
39882
39885
39892
39896
39899
39902
39910
39917
39918
39921
39924
39931
39934
39939
39944
39945
39946
39949
39950
39952
39974
39977
39980
39981
39982
39986
39995
39997
39999
40003
40010
40023
40027
40028
40037
40042
40046
40050
40052
40056
40058
40060
40067
40079
40083
40094
40095
40100
40106
40107
40114
40117
40124
40139
40144
40148
40151
40152
40156
40158
40159
40173
40176
40188
40194
40200
40201
40203
40204
40205
40208
40209
40210
40214
40217
40235
40237
40246
40247
40248
40251
40256
40257
40261
40266
40268
40271
40272
40282
40287
40307
40312
40327
40336
40338
40344
40347
40349
40356
40363
40367
40369
40371
40372
40375
40377
40379
40382
40390
40397
40403
40411
40413
40416
40423
40433
40446
40452
40453
40454
40455
40463
40465
40472
40473
40474
40477
40479
40488
40489
40494
40497
40504
40511
40520
40529
40531
40533
40537
40544
40550
40555
40563
40564
40571
40573
40577
40579
40581
40588
40589
40591
40592
40598
40600
40613
40615
40616
40617
40621
40622
40623
40627
40637
40641
40644
40645
40652
40654
40656
40661
40672
40673
40677
40683
40685
40688
40700
40702
40703
40704
40707
40709
40715
40720
40721
40723
40727
40728
40736
40741
40743
40747
40748
40753
40756
40757
40768
40771
40774
40776
40778
40780
40784
40795
40796
40798
40802
40806
40809
40815
40817
40819
40827
40830
40838
40842
40845
40846
40851
40852
40856
40862
40877
40879
40884
40888
40894
40895
40906
40911
40915
40918
40921
40929
40943
40945
40947
40951
40958
40961
40964
40971
40979
40992
40995
40996
40999
41000
41003
41004
41016
41023
41028
41029
41033
41034
41037
41038
41039
41042
41043
41045
41049
41052
41064
41070
41078
41081
41087
41088
41089
41091
41096
41101
41102
41118
41119
41121
41124
41132
41133
41135
41136
41146
41149
41152
41155
41157
41162
41165
41170
41171
41184
41186
41187
41189
41192
41196
41199
41200
41203
41213
41214
41218
41222
41223
41224
41227
41236
41238
41239
41245
41247
41249
41254
41258
41262
41263
41277
41284
41293
41298
41310
41317
41319
41320
41324
41325
41326
41331
41336
41343
41350
41360
41365
41367
41369
41380
41387
41397
41401
41403
41404
41405
41413
41415
41417
41422
41424
41427
41433
41437
41439
41440
41441
41443
41445
41447
41458
41459
41461
41488
41492
41500
41501
41505
41506
41510
41524
41528
41530
41531
41540
41547
41552
41553
41556
41559
41569
41572
41573
41576
41579
41589
41590
41591
41592
41597
41606
41608
41619
41622
41636
41639
41642
41646
41647
41656
41657
41663
41669
41672
41682
41684
41687
41689
41692
41694
41697
41708
41709
41712
41714
41715
41726
41735
41738
41739
41741
41742
41743
41753
41756
41758
41761
41765
41766
41772
41778
41781
41786
41792
41793
41807
41810
41811
41813
41818
41825
41832
41853
41855
41858
41859
41862
41863
41873
41875
41881
41883
41887
41888
41889
41891
41896
41900
41901
41902
41910
41912
41928
41929
41932
41933
41946
41947
41950
41952
41954
41956
41963
41967
41974
41975
41978
41989
41995
42000
42009
42017
42020
42021
42022
42023
42028
42030
42031
42032
42035
42044
42046
42066
42070
42076
42077
42078
42091
42098
42099
42102
42105
42124
42132
42139
42141
42143
42145
42150
42152
42164
42166
42169
42172
42180
42183
42186
42187
42190
42200
42203
42204
42206
42214
42217
42231
42232
42239
42252
42253
42254
42266
42273
42274
42278
42280
42283
42287
42295
42303
42311
42315
42334
42343
42346
42350
42352
42354
42355
42358
42367
42371
42375
42380
42386
42388
42395
42397
42406
42422
42449
42451
42481
42483
42489
42505
42512
42521
42523
42525
42527
42529
42531
42535
42537
42539
42546
42548
42555
42556
42558
42562
42566
42568
42574
42576
42582
42589
42590
42599
42611
42613
42615
42616
42621
42622
42632
42633
42636
42638
42639
42663
42664
42667
42676
42678
42682
42686
42690
42694
42695
42696
42698
42699
42702
42704
42707
42708
42711
42712
42718
42727
42729
42737
42739
42742
42743
42754
42756
42757
42758
42759
42762
42764
42765
42778
42781
42782
42785
42790
42806
42808
42810
42824
42832
42833
42835
42836
42839
42844
42846
42851
42855
42859
42861
42864
42866
42870
42872
42873
42876
42881
42890
42891
42893
42894
42896
42897
42898
42901
42905
42908
42916
42924
42925
42930
42941
42946
42947
42950
42952
42960
42967
42979
42980
42987
42993
42994
42996
42997
42998
42999
43003
43005
43006
43007
43008
43014
43026
43029
43031
43044
43050
43062
43064
43074
43087
43088
43093
43099
43102
43104
43105
43107
43110
43118
43123
43126
43127
43128
43134
43140
43146
43147
43151
43157
43158
43161
43164
43173
43179
43181
43182
43183
43187
43189
43194
43195
43198
43200
43205
43207
43209
43210
43214
43215
43216
43219
43221
43232
43233
43237
43242
43247
43252
43262
43263
43267
43275
43276
43277
43290
43306
43307
43311
43313
43314
43319
43322
43329
43331
43334
43337
43338
43339
43341
43344
43353
43363
43366
43367
43379
43381
43384
43388
43397
43418
43421
43425
43426
43430
43436
43439
43441
43448
43450
43451
43452
43455
43456
43466
43468
43470
43480
43481
43483
43485
43488
43492
43493
43496
43498
43514
43515
43519
43520
43526
43530
43533
43540
43544
43547
43552
43563
43566
43569
43574
43576
43577
43580
43581
43583
43592
43593
43600
43607
43611
43617
43620
43622
43623
43640
43649
43654
43663
43684
43685
43689
43693
43703
43706
43711
43719
43726
43733
43745
43749
43750
43752
43771
43772
43778
43790
43794
43795
43796
43797
43798
43799
43809
43812
43813
43817
43819
43822
43825
43835
43850
43857
43863
43864
43866
43868
43883
43891
43892
43893
43895
43902
43915
43916
43930
43931
43934
43950
43955
43956
43957
43959
43963
43973
43981
43982
44006
44007
44011
44021
44027
44031
44033
44040
44043
44049
44059
44068
44069
44070
44073
44077
44081
44086
44095
44106
44107
44112
44115
44121
44123
44124
44126
44135
44138
44150
44155
44161
44168
44172
44182
44189
44195
44212
44213
44224
44230
44234
44235
44242
44254
44257
44269
44271
44278
44286
44292
44298
44301
44305
44307
44315
44320
44326
44337
44355
44361
44364
44366
44368
44370
44379
44380
44394
44398
44403
44407
44410
44415
44417
44424
44432
44438
44441
44442
44443
44444
44456
44463
44468
44472
44477
44487
44488
44492
44496
44497
44498
44502
44507
44509
44511
44513
44520
44521
44526
44531
44560
44561
44562
44564
44576
44577
44605
44606
44611
44613
44621
44624
44627
44628
44631
44640
44641
44644
44650
44651
44652
44659
44670
44681
44685
44691
44693
44697
44701
44702
44712
44715
44721
44722
44729
44742
44743
44747
44749
44761
44767
44769
44778
44781
44783
44787
44791
44797
44801
44810
44816
44820
44827
44831
44832
44839
44845
44851
44857
44858
44859
44865
44868
44874
44882
44883
44884
44886
44896
44901
44902
44905
44906
44908
44909
44915
44916
44917
44920
44923
44929
44930
44934
44940
44942
44948
44965
44967
44968
44976
44983
44989
44990
44991
44996
45006
45016
45017
45019
45024
45030
45036
45037
45038
45049
45050
45051
45055
45056
45060
45066
45083
45084
45089
45093
45094
45096
45097
45098
45100
45101
45103
45107
45110
45114
45116
45117
45122
45126
45127
45128
45130
45137
45140
45143
45144
45151
45152
45154
45159
45163
45165
45170
45171
45172
45175
45176
45181
45183
45186
45189
45190
45194
45201
45203
45208
45217
45220
45222
45225
45228
45230
45239
45244
45245
45246
45255
45264
45273
45274
45278
45280
45282
45285
45290
45294
45297
45306
45316
45317
45319
45320
45324
45325
45326
45327
45329
45330
45333
45341
45353
45354
45356
45361
45363
45364
45370
45372
45378
45381
45382
45388
45391
45393
45397
45406
45413
45417
45420
45421
45427
45431
45435
45444
45446
45449
45451
45452
45454
45456
45457
45465
45472
45477
45486
45487
45490
45492
45496
45498
45515
45516
45517
45519
45525
45531
45532
45537
45539
45544
45545
45549
45557
45562
45572
45577
45582
45584
45587
45589
45593
45594
45595
45597
45603
45611
45614
45619
45631
45637
45640
45644
45657
45670
45675
45685
45688
45712
45717
45722
45729
45740
45744
45745
45747
45748
45749
45755
45763
45769
45773
45775
45776
45779
45785
45786
45791
45792
45793
45803
45811
45815
45816
45823
45827
45830
45833
45838
45840
45841
45843
45844
45846
45856
45857
45859
45861
45862
45867
45869
45871
45875
45877
45878
45881
45891
45892
45893
45895
45897
45908
45912
45916
45919
45921
45929
45936
45938
45941
45943
45944
45948
45955
45957
45960
45969
45973
45974
45983
46002
46003
46006
46012
46013
46040
46043
46059
46060
46061
46073
46094
46098
46104
46107
46110
46111
46115
46122
46129
46131
46134
46135
46137
46143
46144
46145
46146
46147
46149
46155
46160
46162
46164
46165
46173
46181
46188
46189
46192
46195
46204
46205
46208
46210
46211
46215
46216
46218
46229
46232
46238
46239
46240
46247
46248
46249
46250
46251
46252
46253
46256
46257
46261
46272
46278
46281
46286
46304
46312
46314
46316
46321
46331
46347
46351
46352
46361
46363
46375
46376
46377
46378
46380
46387
46389
46394
46395
46396
46402
46404
46405
46413
46414
46417
46422
46425
46426
46432
46436
46439
46445
46450
46455
46457
46462
46463
46468
46471
46484
46486
46495
46496
46510
46513
46515
46519
46523
46524
46531
46532
46536
46537
46539
46541
46543
46548
46557
46558
46566
46573
46574
46577
46589
46595
46602
46607
46611
46615
46616
46618
46621
46622
46627
46633
46636
46641
46643
46649
46655
46657
46664
46668
46674
46677
46682
46684
46685
46686
46690
46691
46692
46703
46706
46708
46716
46721
46723
46732
46734
46735
46736
46740
46741
46744
46745
46746
46747
46752
46757
46758
46762
46763
46774
46777
46779
46780
46791
46801
46802
46809
46813
46817
46818
46819
46823
46824
46827
46839
46841
46846
46853
46856
46858
46860
46863
46864
46874
46875
46879
46880
46881
46887
46909
46911
46912
46917
46919
46928
46931
46934
46936
46940
46943
46944
46946
46951
46954
46957
46967
46969
46975
46984
46986
46995
47002
47010
47012
47014
47016
47017
47019
47021
47023
47031
47033
47034
47035
47038
47043
47051
47055
47057
47058
47060
47061
47062
47064
47068
47072
47090
47091
47095
47096
47106
47107
47110
47112
47113
47114
47116
47117
47118
47119
47120
47121
47129
47131
47133
47138
47148
47151
47156
47158
47168
47170
47175
47177
47180
47184
47185
47188
47198
47200
47204
47209
47213
47216
47221
47222
47223
47225
47229
47233
47237
47238
47243
47245
47249
47251
47253
47256
47266
47274
47276
47277
47284
47285
47286
47292
47293
47300
47301
47307
47312
47319
47322
47323
47324
47327
47329
47334
47336
47339
47348
47349
47358
47362
47363
47364
47365
47371
47372
47373
47377
47378
47381
47384
47389
47394
47401
47412
47418
47420
47422
47438
47444
47445
47447
47449
47459
47465
47468
47475
47476
47480
47485
47486
47488
47489
47494
47499
47504
47508
47510
47511
47517
47523
47524
47530
47531
47532
47545
47556
47557
47559
47560
47567
47570
47571
47577
47583
47596
47598
47604
47605
47606
47613
47615
47618
47625
47636
47637
47646
47656
47657
47658
47659
47663
47664
47674
47675
47683
47686
47688
47689
47691
47697
47702
47703
47704
47707
47710
47716
47722
47724
47736
47742
47744
47746
47747
47756
47759
47760
47762
47772
47774
47781
47782
47799
47800
47805
47811
47813
47825
47827
47831
47834
47837
47842
47844
47861
47865
47871
47877
47880
47883
47884
47888
47889
47892
47894
47895
47899
47901
47906
47908
47921
47925
47927
47929
47935
47936
47938
47944
47947
47948
47959
47963
47964
47966
47969
47974
47981
47986
47990
47991
47994
47995
48004
48011
48012
48016
48018
48019
48025
48028
48029
48032
48033
48038
48039
48047
48055
48058
48064
48076
48083
48091
48092
48097
48102
48105
48108
48119
48124
48132
48146
48151
48152
48154
48157
48161
48165
48181
48185
48198
48204
48205
48206
48212
48213
48220
48236
48237
48239
48241
48250
48252
48255
48263
48264
48266
48267
48269
48271
48273
48277
48282
48288
48291
48292
48299
48304
48305
48308
48309
48310
48313
48331
48332
48344
48350
48353
48361
48369
48370
48375
48376
48379
48383
48389
48390
48391
48392
48393
48404
48409
48413
48414
48416
48421
48426
48431
48435
48440
48448
48453
48454
48461
48464
48468
48469
48473
48481
48486
48489
48492
48503
48506
48511
48514
48526
48533
48536
48541
48544
48548
48549
48550
48553
48554
48558
48562
48566
48576
48577
48578
48580
48587
48588
48591
48598
48599
48603
48620
48621
48624
48635
48640
48645
48656
48657
48658
48660
48668
48675
48682
48686
48700
48708
48724
48725
48729
48732
48733
48741
48743
48746
48751
48752
48757
48761
48765
48767
48776
48797
48808
48809
48810
48823
48827
48831
48832
48834
48841
48848
48849
48850
48851
48855
48857
48863
48865
48870
48878
48879
48881
48884
48895
48897
48899
48902
48905
48913
48915
48917
48921
48937
48960
48964
48974
48986
48991
48992
48993
48996
49002
49006
49016
49017
49025
49028
49029
49031
49037
49044
49047
49048
49050
49051
49057
49058
49075
49076
49082
49083
49088
49089
49104
49107
49114
49128
49131
49134
49139
49141
49147
49154
49162
49168
49169
49174
49175
49176
49182
49186
49187
49189
49190
49193
49201
49204
49208
49212
49213
49227
49232
49235
49236
49240
49242
49247
49248
49250
49255
49259
49263
49269
49270
49273
49287
49289
49292
49301
49302
49309
49314
49325
49327
49329
49331
49336
49340
49348
49360
49363
49364
49365
49366
49373
49376
49386
49396
49398
49399
49401
49404
49408
49421
49425
49454
49460
49466
49467
49469
49475
49481
49489
49490
49491
49492
49496
49503
49505
49507
49514
49515
49516
49519
49522
49526
49531
49536
49537
49539
49543
49545
49557
49558
49561
49567
49569
49580
49583
49586
49587
49590
49592
49602
49607
49609
49613
49615
49623
49624
49638
49655
49670
49671
49672
49676
49686
49696
49698
49701
49702
49705
49706
49722
49726
49732
49737
49741
49750
49754
49767
49769
49778
49780
49781
49782
49784
49789
49791
49799
49804
49807
49809
49811
49812
49815
49818
49825
49841
49853
49857
49859
49866
49876
49881
49885
49887
49889
49894
49901
49904
49906
49909
49910
49911
49912
49922
49930
49931
49932
49935
49943
49944
49948
49950
49956
49962
49963
49967
49977
49978
49980
49986
49989
49993
49997
49999
50001
50010
50014
50020
50022
50024
50035
50038
50045
50048
50049
50052
50053
50059
50068
50073
50075
50079
50081
50087
50092
50094
50099
50103
50109
50111
50119
50122
50130
50134
50139
50145
50151
50152
50154
50155
50158
50168
50169
50174
50191
50195
50196
50202
50219
50220
50226
50227
50228
50231
50253
50255
50270
50273
50274
50277
50278
50282
50283
50284
50288
50289
50294
50309
50310
50313
50320
50321
50323
50324
50325
50329
50332
50337
50338
50339
50341
50344
50351
50354
50355
50358
50362
50364
50365
50367
50368
50379
50382
50383
50393
50398
50414
50416
50418
50421
50425
50426
50428
50431
50432
50434
50438
50439
50440
50444
50447
50456
50458
50462
50470
50474
50480
50482
50485
50489
50490
50493
50494
50496
50499
50507
50512
50526
50531
50533
50558
50559
50568
50569
50576
50577
50579
50585
50590
50594
50595
50605
50612
50616
50621
50623
50624
50631
50633
50636
50640
50642
50654
50663
50664
50668
50679
50680
50682
50691
50693
50706
50707
50709
50713
50726
50736
50746
50760
50763
50765
50768
50776
50781
50785
50787
50790
50792
50793
50799
50800
50804
50808
50810
50811
50819
50839
50841
50842
50844
50849
50852
50854
50855
50862
50867
50874
50875
50876
50877
50880
50882
50883
50885
50891
50897
50906
50910
50912
50916
50917
50923
50927
50935
50937
50940
50941
50944
50947
50953
50957
50960
50966
50972
50975
50976
50979
50984
50986
50988
50990
50991
50999
51002
51006
51013
51018
51024
51026
51030
51032
51034
51036
51041
51042
51045
51049
51052
51057
51059
51060
51061
51065
51072
51077
51078
51084
51088
51093
51098
51099
51100
51104
51105
51106
51107
51111
51113
51121
51124
51125
51130
51132
51135
51138
51139
51143
51149
51150
51155
51161
51162
51166
51168
51172
51182
51185
51189
51199
51205
51210
51213
51216
51217
51220
51223
51224
51227
51229
51236
51237
51243
51245
51252
51258
51261
51263
51266
51280
51285
51286
51288
51290
51309
51310
51320
51323
51330
51342
51345
51352
51355
51358
51360
51367
51371
51375
51380
51387
51394
51398
51411
51417
51420
51421
51425
51430
51434
51437
51438
51439
51441
51442
51443
51451
51461
51462
51468
51476
51509
51522
51528
51531
51536
51540
51542
51544
51546
51551
51553
51559
51561
51562
51570
51575
51580
51588
51590
51598
51599
51601
51617
51619
51626
51628
51636
51638
51641
51646
51648
51658
51659
51671
51682
51685
51687
51694
51695
51697
51705
51710
51711
51716
51718
51724
51728
51730
51733
51735
51738
51744
51745
51747
51750
51758
51760
51762
51768
51769
51778
51780
51781
51790
51792
51802
51808
51814
51815
51819
51826
51829
51832
51833
51836
51841
51843
51844
51848
51850
51853
51854
51857
51867
51868
51872
51874
51882
51890
51896
51899
51900
51902
51912
51923
51925
51929
51933
51943
51953
51954
51955
51962
51963
51966
51968
51971
51975
51983
51984
51985
51986
51988
51991
51992
51996
51998
52009
52010
52012
52019
52021
52022
52023
52029
52040
52046
52048
52054
52064
52069
52074
52078
52082
52084
52086
52092
52102
52105
52107
52109
52110
52118
52128
52130
52131
52134
52136
52137
52138
52142
52143
52144
52150
52153
52154
52157
52162
52165
52167
52168
52175
52176
52180
52181
52191
52196
52198
52201
52203
52208
52209
52211
52212
52218
52229
52231
52232
52238
52248
52249
52258
52271
52276
52282
52284
52293
52294
52295
52296
52304
52309
52316
52319
52334
52335
52348
52350
52351
52356
52357
52358
52367
52378
52379
52393
52394
52395
52401
52402
52405
52416
52424
52435
52439
52449
52457
52461
52469
52470
52473
52479
52486
52495
52498
52500
52507
52510
52513
52516
52520
52522
52525
52530
52532
52537
52541
52544
52545
52549
52561
52562
52567
52572
52576
52582
52583
52590
52591
52595
52616
52617
52624
52625
52626
52628
52629
52630
52631
52636
52643
52646
52655
52673
52674
52675
52680
52681
52682
52684
52692
52701
52705
52706
52728
52731
52732
52734
52751
52755
52756
52757
52759
52761
52762
52769
52773
52778
52785
52786
52798
52800
52805
52812
52823
52827
52828
52832
52840
52841
52842
52845
52848
52851
52856
52862
52865
52869
52872
52884
52890
52891
52892
52893
52897
52898
52902
52905
52914
52920
52921
52925
52928
52932
52934
52939
52941
52943
52944
52946
52947
52950
52951
52953
52960
52965
52968
52970
52972
52974
52978
52993
52995
52997
53002
53008
53021
53022
53029
53030
53033
53034
53036
53042
53044
53045
53046
53056
53058
53059
53075
53077
53078
53097
53100
53108
53112
53128
53131
53151
53157
53159
53172
53174
53176
53184
53186
53188
53190
53197
53218
53222
53224
53228
53234
53242
53245
53247
53249
53251
53256
53259
53262
53269
53271
53279
53282
53283
53285
53293
53299
53300
53308
53313
53315
53321
53330
53339
53344
53352
53360
53361
53362
53368
53381
53387
53390
53393
53398
53400
53405
53408
53411
53413
53418
53419
53427
53433
53438
53440
53444
53455
53456
53462
53467
53472
53476
53480
53486
53495
53498
53508
53518
53527
53536
53539
53542
53543
53549
53553
53563
53567
53569
53571
53572
53573
53575
53581
53583
53585
53604
53613
53620
53622
53630
53632
53648
53668
53670
53674
53675
53676
53682
53684
53686
53688
53692
53698
53704
53705
53706
53711
53717
53718
53721
53724
53725
53726
53727
53729
53730
53731
53736
53748
53749
53753
53759
53761
53763
53770
53772
53776
53780
53782
53783
53784
53787
53793
53794
53806
53811
53813
53819
53828
53832
53834
53838
53842
53847
53849
53853
53857
53873
53874
53881
53882
53883
53886
53896
53898
53901
53904
53906
53912
53914
53917
53919
53920
53924
53928
53937
53938
53941
53945
53946
53947
53954
53958
53962
53965
53966
53969
53973
53976
53980
53986
53987
53989
53996
53997
54002
54004
54005
54006
54008
54021
54024
54025
54030
54034
54035
54039
54040
54046
54047
54055
54058
54061
54064
54078
54080
54081
54082
54093
54098
54100
54104
54105
54107
54108
54115
54118
54129
54132
54137
54146
54152
54159
54161
54164
54166
54168
54174
54177
54183
54184
54185
54188
54190
54192
54193
54200
54205
54207
54210
54213
54220
54223
54238
54241
54242
54244
54249
54253
54254
54255
54256
54260
54273
54277
54281
54286
54292
54293
54297
54304
54305
54307
54312
54316
54320
54323
54328
54329
54332
54339
54342
54343
54344
54347
54352
54353
54357
54359
54366
54378
54389
54394
54400
54401
54402
54404
54405
54407
54416
54418
54420
54421
54424
54425
54432
54435
54436
54438
54445
54447
54449
54453
54455
54458
54459
54462
54466
54470
54473
54475
54478
54479
54484
54486
54488
54490
54495
54497
54499
54501
54503
54504
54508
54509
54510
54511
54512
54516
54518
54525
54529
54532
54533
54540
54541
54543
54549
54551
54555
54556
54560
54561
54564
54565
54566
54567
54592
54595
54597
54602
54603
54604
54606
54619
54625
54639
54642
54643
54645
54648
54655
54664
54673
54674
54675
54680
54681
54683
54685
54689
54691
54692
54695
54710
54711
54713
54714
54725
54726
54729
54740
54750
54751
54755
54757
54760
54764
54766
54767
54772
54774
54777
54781
54782
54784
54789
54801
54804
54808
54811
54812
54814
54815
54817
54827
54830
54834
54840
54844
54845
54852
54854
54856
54858
54860
54867
54869
54870
54874
54879
54893
54894
54895
54900
54903
54925
54930
54936
54944
54951
54958
54961
54965
54967
54971
54972
54977
54980
54981
54991
54996
55005
55010
55012
55029
55034
55046
55049
55061
55065
55066
55087
55091
55095
55099
55105
55112
55114
55117
55118
55123
55126
55139
55146
55147
55148
55155
55156
55162
55170
55178
55184
55186
55195
55196
55199
55206
55209
55227
55232
55241
55242
55256
55263
55264
55273
55275
55283
55286
55288
55289
55294
55314
55321
55323
55324
55329
55340
55342
55343
55353
55362
55380
55384
55408
55414
55419
55429
55430
55435
55443
55445
55447
55448
55449
55453
55460
55464
55478
55479
55484
55493
55495
55496
55500
55511
55513
55517
55518
55523
55530
55532
55540
55547
55556
55560
55563
55568
55571
55581
55583
55595
55604
55605
55621
55626
55634
55641
55644
55648
55653
55657
55658
55663
55676
55684
55687
55691
55692
55693
55694
55695
55698
55703
55704
55705
55710
55711
55712
55713
55717
55726
55728
55733
55734
55740
55742
55758
55759
55762
55764
55768
55774
55780
55781
55782
55783
55789
55793
55795
55802
55805
55807
55810
55812
55816
55817
55821
55826
55829
55832
55833
55834
55840
55841
55842
55851
55867
55872
55873
55878
55882
55889
55890
55897
55901
55909
55913
55914
55917
55931
55950
55953
55961
55967
55972
55974
55978
55980
55982
55983
55991
55998
55999
56000
56010
56015
56016
56017
56019
56020
56025
56035
56037
56038
56048
56056
56057
56059
56063
56068
56069
56074
56075
56076
)


// ************************************************************************* //
