/*--------------------------------*- C++ -*----------------------------------*\
| =========                 |                                                 |
| \\      /  F ield         | OpenFOAM: The Open Source CFD Toolbox           |
|  \\    /   O peration     | Version:  v2012                                 |
|   \\  /    A nd           | Website:  www.openfoam.com                      |
|    \\/     M anipulation  |                                                 |
\*---------------------------------------------------------------------------*/
FoamFile
{
    version     2.0;
    format      ascii;
    class       labelList;
    location    "constant/polyMesh";
    object      pointProcAddressing;
}
// * * * * * * * * * * * * * * * * * * * * * * * * * * * * * * * * * * * * * //


14782
(
2
6
11
15
182
183
184
185
186
187
188
189
190
191
192
193
194
195
196
197
198
199
200
201
202
203
204
205
206
207
208
209
210
211
212
213
214
252
253
254
255
256
257
258
259
260
261
262
263
264
265
266
267
268
269
270
271
272
273
274
275
276
277
278
279
280
281
282
283
284
285
286
287
288
289
290
291
292
293
294
295
296
297
298
299
300
301
302
303
304
305
306
307
308
309
310
311
312
313
314
315
316
317
318
319
320
321
322
323
324
325
326
327
328
329
330
331
332
333
334
335
336
337
338
339
340
341
342
343
344
345
346
347
582
583
584
585
586
587
588
589
590
591
592
593
594
595
596
597
598
599
600
601
602
603
604
605
606
607
608
609
610
611
612
613
614
615
616
936
937
938
939
940
941
942
943
944
945
946
947
948
949
950
951
952
953
954
955
956
957
958
959
960
961
962
963
964
965
966
967
968
1006
1007
1008
1009
1010
1011
1012
1013
1014
1015
1016
1017
1018
1019
1020
1021
1022
1023
1024
1025
1026
1027
1028
1029
1030
1031
1032
1033
1034
1035
1036
1037
1038
1039
1040
1041
1042
1043
1044
1045
1046
1047
1048
1049
1050
1051
1052
1053
1054
1055
1056
1057
1058
1059
1060
1061
1062
1063
1064
1065
1066
1067
1068
1069
1070
1071
1072
1073
1074
1075
1076
1077
1078
1079
1080
1081
1082
1083
1084
1085
1086
1087
1088
1089
1090
1091
1092
1093
1094
1095
1096
1097
1098
1099
1100
1101
1336
1337
1338
1339
1340
1341
1342
1343
1344
1345
1346
1347
1348
1349
1350
1351
1352
1353
1354
1355
1356
1357
1358
1359
1360
1361
1362
1363
1364
1365
1366
1367
1368
1369
1370
1525
1526
1536
1537
1545
1564
1571
1572
1573
1574
1576
1577
1581
1582
1588
1592
1599
1601
1605
1607
1610
1613
1616
1620
1624
1625
1642
1660
1663
1667
1671
1673
1674
1675
1678
1689
1691
1694
1696
1699
1700
1701
1704
1707
1710
1718
1721
1724
1739
1740
1741
1742
1746
1747
1748
1750
1751
1752
1759
1760
1921
1922
1923
1924
1925
1926
1927
1928
1929
1930
1931
1932
1933
1934
1935
1936
1937
1938
1939
1940
1941
1942
1943
1944
1945
1946
1947
1948
1949
1950
1951
1952
1953
1954
1955
1956
1957
1958
1959
1960
1961
1962
1963
1964
1965
1966
1967
1968
1969
1970
1971
1972
1973
1974
1975
1976
1977
1978
1979
1980
1981
1982
1983
1984
1985
1986
1987
1988
1989
1990
1991
1992
1993
1994
1995
1996
1997
1998
1999
2000
2001
2002
2003
2004
2005
2006
2007
2008
2009
2010
2011
2012
2013
2014
2015
2016
2017
2018
2019
2020
2021
2022
2023
2024
2025
2026
2027
2028
2029
2030
2031
2032
2033
2034
2035
2036
2037
2038
2039
2040
2041
2042
2043
2044
2045
2046
2047
2048
2049
2050
2051
2052
2053
2054
2055
2056
2057
2058
2059
2060
2061
2062
2063
2064
2065
2066
2067
2068
2069
2070
2071
2072
2073
2074
2075
2076
2077
2078
2079
2080
2081
2082
2083
2084
2085
2086
2087
2088
2089
2090
2091
2092
2093
2094
2095
2096
2097
2098
2099
2100
2101
2102
2103
2104
2105
2106
2107
2108
2109
2110
2111
2112
2113
2114
2115
2116
2117
2118
2119
2120
2121
2122
2123
2124
2125
2126
2127
2128
2129
2130
2131
2132
2133
2134
2135
2136
2137
2138
2139
2140
2141
2142
2143
2144
2145
2146
2147
2148
2149
2150
2151
2152
2153
2154
2155
2156
2157
2158
2159
2160
2161
2162
2163
2164
2165
2166
2167
2168
2169
2175
2176
2179
2189
2190
2195
2196
2197
2198
2401
2428
2465
2773
2774
2775
2777
2778
2780
2781
2782
2792
2793
2796
2797
2799
2800
2804
2805
2806
2807
2808
2809
2810
2811
2812
2813
2814
2815
2816
2817
2818
2819
2820
2821
2823
2824
2825
2826
2827
2828
2829
2830
2831
2832
2833
2834
2835
2836
2837
2838
2839
2840
2841
2842
2843
2844
2845
2846
2847
2848
2849
2850
2851
2852
2853
2854
2855
2856
2857
2858
2859
2860
2861
2862
2863
2864
2865
2866
2867
2868
2869
2870
2871
2872
2873
2874
2875
2876
2898
2899
2905
2909
2917
2930
2953
2954
2957
2962
2964
3167
3168
3180
3186
3187
3193
3205
3206
3213
3222
3229
3239
3240
3241
3254
3262
3273
3274
3293
3306
3307
3318
3319
3325
3340
3341
3352
3353
3442
3443
3458
3459
3466
3467
3490
3491
3506
3507
3520
3521
3534
3535
3536
3537
3538
3539
3540
3541
3542
3543
3544
3545
3546
3547
3548
3549
3550
3551
3552
3553
3554
3555
3556
3557
3558
3559
3560
3561
3562
3563
3564
3565
3566
3567
3568
3569
3570
3571
3572
3573
3574
3575
3576
3577
3578
3579
3580
3581
3582
3583
3584
3585
3586
3587
3588
3589
3590
3591
3592
3593
3594
3595
3596
3597
3598
3599
3600
3601
3602
3603
3604
3605
3606
3607
3608
3609
3610
3611
3612
3613
3614
3615
3616
3617
3618
3619
3620
3621
3622
3623
3624
3625
3626
3627
3628
3629
3630
3631
3632
3633
3634
3635
3636
3637
3638
3639
3640
3641
3642
3643
3644
3645
3646
3647
3648
3649
3650
3651
3652
3653
3654
3655
3656
3657
3658
3659
3660
3661
3662
3663
3664
3665
3666
3667
3668
3669
3670
3671
3672
3673
3674
3675
3676
3677
3678
3679
3680
3681
3682
3683
3684
3685
3686
3687
3688
3689
3690
3691
3692
3693
3694
3695
3696
3697
3698
3699
3700
3701
3702
3703
3704
3705
3706
3707
3708
3709
3710
3711
3712
3713
3714
3715
3716
3717
3718
3719
3720
3721
3722
3723
3724
3725
3726
3727
3728
3729
3730
3731
3732
3733
3734
3735
3736
3737
3738
3739
3740
3741
3742
3743
3744
3745
3746
3747
3748
3749
3750
3751
3752
3753
3754
3755
3756
3757
3758
3759
3760
3761
3762
3763
3764
3765
3766
3767
3768
3769
3770
3771
3772
3773
3774
3775
3776
3777
3778
3779
3780
3781
3782
3783
3784
3785
3786
3787
3788
3789
3790
3791
3792
3793
3794
3795
3796
3797
3798
3799
3800
3801
3802
3803
3804
3805
3806
3807
3808
3809
3810
3811
3812
3813
3814
3815
3816
3817
3895
3898
3901
3904
3905
3906
3907
3910
4026
4028
4045
4046
4052
4053
4080
4081
4099
4142
4143
4144
4145
4146
4147
4155
4162
4163
4164
4165
4166
4167
4168
4169
4170
4171
4172
4173
4174
4175
4176
4177
4178
4179
4180
4181
4182
4183
4184
4187
4188
4189
4190
4191
4192
4193
4194
4195
4196
4197
4198
4199
4200
4229
4231
4232
4233
4238
4262
4272
4273
4274
4286
4289
4293
4294
4299
4300
4311
4312
4316
4317
4323
4324
4325
4326
4327
4333
4334
4340
4354
4355
4365
4366
4367
4368
4369
4370
4371
4372
4373
4374
4375
4376
4377
4378
4379
4380
4381
4382
4383
4384
4385
4386
4387
4388
4389
4390
4391
4392
4393
4394
4395
4396
4397
4398
4399
4400
4401
4402
4404
4514
4710
4711
4712
4713
4714
4715
4716
4717
4718
4719
4720
4721
4722
4723
4724
4725
4726
4727
4728
4729
4730
4731
4732
4733
4734
4735
4736
4737
4738
4739
4740
4741
4742
4743
4744
4745
4746
4747
4748
4751
4752
4753
4754
4755
4756
4757
4758
4759
4760
4761
4762
4763
4764
4765
4766
4767
4768
4769
4770
4771
4774
4775
4776
4777
4778
4779
4780
4795
4796
4811
4812
4813
4814
4815
4816
4817
4818
4819
4820
4821
4822
4823
4824
4825
4826
4827
4828
4829
4868
4869
4891
4892
4902
4903
4908
4909
4910
4911
4912
4913
4914
4915
4916
4917
4918
4919
4920
4921
4922
4923
4924
4925
4926
4927
4928
4929
4930
4931
4932
4933
4934
4935
4936
4937
4938
4939
4940
4941
4944
4945
4948
4949
4962
4963
4964
4965
4966
4967
4968
4969
4970
4971
4972
4973
4974
4975
4976
4977
4978
4979
4980
4981
4982
4983
4984
4985
4986
4987
4988
4989
4990
4991
4992
4993
4994
4995
4996
4997
4998
4999
5000
5001
5002
5003
5004
5005
5006
5007
5008
5009
5010
5011
5012
5013
5014
5015
5016
5017
5018
5019
5020
5021
5022
5023
5024
5025
5026
5035
5036
5037
5038
5039
5040
5041
5045
5046
5047
5048
5049
5050
5051
5052
5053
5054
5055
5385
5386
5387
5388
5398
5399
5400
5401
5402
5408
5409
5410
5411
5412
5413
5416
5417
5418
5419
5420
5421
5442
5443
5450
5452
5453
5454
5455
5458
5466
5467
5484
5489
5494
5495
5496
5530
5531
5534
5544
5545
5547
5548
5556
5558
5561
5582
5583
5593
5594
5595
5596
5597
5598
5599
5600
5601
5602
5603
5604
5605
5606
5607
5608
5609
5610
5611
5616
5617
5618
5619
5620
5621
5622
5650
5651
5652
5657
5663
5665
5666
5667
5668
5669
5670
5671
5672
5673
5674
5675
5676
5677
5678
5679
5680
5681
5693
5694
5695
5697
5698
5699
5701
5702
5703
5706
5707
5708
5717
5720
5721
5722
5723
5724
5725
5726
5727
5728
5729
5730
5731
5732
5733
5734
5735
5736
5737
5738
5739
5740
5741
5742
5743
5744
5745
5746
5747
5748
5749
5750
5751
5752
5753
5754
5755
5756
5757
5758
5759
5760
5761
5762
5763
5764
5765
5766
5767
5768
5769
5770
5771
5772
5773
5774
5775
5776
5777
5778
5779
5780
5781
5782
5783
5784
5785
5786
5787
5788
5789
5790
5791
5792
5793
5794
5795
5796
5797
5798
5799
5800
5801
5802
5803
5804
5805
5806
5807
5808
5809
5817
5826
5827
5828
5833
5834
5835
5836
5837
5842
5843
5845
5847
5854
5855
5858
5859
5860
5861
5862
5863
5864
5865
5866
5867
5879
5892
5893
5894
5895
5897
5898
5899
5900
5905
5906
5907
5908
5909
5910
5924
5925
5927
5938
5939
5940
5941
5948
5949
5950
5951
5952
5965
5983
5984
5985
5986
5987
5988
5989
5990
5991
5992
5993
5994
5995
6012
6013
6014
6015
6016
6017
6019
6023
6024
6025
6026
6027
6028
6030
6031
6032
6033
6034
6035
6036
6040
6041
6042
6043
6044
6045
6048
6049
6051
6058
6059
6064
6066
6067
6073
6074
6075
6076
6077
6078
6079
6080
6081
6082
6100
6101
6102
6103
6104
6105
6112
6113
6114
6115
6116
6117
6118
6119
6120
6121
6122
6123
6124
6125
6126
6127
6134
6135
6136
6137
6138
6139
6153
6154
6155
6160
6161
6162
6163
6164
6183
6211
6212
6215
6216
6217
6218
6219
6220
6223
6224
6225
6234
6237
6238
6247
6249
6253
6266
6267
6268
6271
6272
6273
6274
6275
6276
6277
6278
6279
6280
6281
6282
6283
6284
6285
6339
6340
6341
6344
6346
6347
6348
6349
6350
6352
6353
6381
6393
6450
6451
6461
6462
6463
6464
6465
6468
6469
6470
6471
6472
6473
6489
6500
6502
6503
6504
6505
6506
6507
6508
6509
6510
6511
6512
6513
6514
6540
6581
6605
6606
6626
6631
6632
6670
6671
6673
6677
6691
6692
6696
6703
6704
6712
6713
6714
6715
6716
6719
6720
6723
6724
6728
6729
6730
6741
6748
6749
6750
6753
6754
6755
6757
6761
6769
6770
6771
6777
6778
6793
6798
6799
6800
6801
6802
6806
6807
6808
6809
6839
6840
6841
6842
6845
6846
6850
6866
6871
6878
6879
6880
6881
6893
6894
6897
6898
6920
6921
6922
6931
6933
6934
6935
6936
6937
6938
6939
6940
6941
6947
6951
6952
6953
6954
6955
6956
6960
6961
6962
6963
6964
7128
7129
7131
7132
7139
7140
7148
7149
7152
7153
7159
7167
7168
7172
7173
7174
7180
7181
7191
7196
7201
7202
7212
7213
7214
7215
7216
7217
7218
7219
7221
7222
7223
7224
7225
7226
7227
7228
7229
7230
7231
7232
7233
7380
7681
7693
7704
7705
7706
7707
7708
7709
7710
7711
7712
7713
7714
7715
7725
7728
7730
7731
7732
7733
7734
7740
7741
7742
7743
7744
7745
7746
7747
7748
7754
7755
7758
7759
7766
7770
7771
7807
7808
7870
7881
7882
7907
7908
7909
7910
7919
7920
7921
7922
7923
7924
7942
7943
7944
7945
7946
7947
7948
7949
7953
7954
7955
7956
7972
7973
7998
7999
8026
8049
8050
8051
8052
8053
8054
8055
8069
8070
8071
8072
8073
8074
8075
8084
8085
8086
8087
8097
8100
8101
8102
8103
8104
8105
8106
8107
8108
8109
8110
8111
8112
8113
8114
8115
8116
8117
8118
8119
8120
8147
8152
8153
8158
8176
8189
8197
8201
8202
8204
8208
8209
8210
8211
8212
8213
8214
8215
8216
8217
8218
8219
8220
8221
8222
8223
8224
8234
8239
8240
8249
8261
8262
8275
8283
8284
8285
8286
8320
8325
8326
8327
8328
8329
8330
8331
8341
8342
8343
8344
8352
8353
8354
8356
8357
8358
8359
8360
8361
8362
8363
8365
8366
8367
8368
8369
8379
8382
8384
8385
8386
8419
8420
8421
8422
8423
8424
8425
8453
8458
8469
8471
8478
8482
8501
8502
8518
8519
8520
8521
8522
8523
8524
8525
8526
8527
8528
8529
8530
8549
8550
8551
8552
8577
8578
8584
8585
8586
8589
8593
8594
8595
8596
8598
8599
8600
8601
8602
8603
8608
8618
8638
8642
8643
8647
8656
8658
8663
8664
8665
8669
8682
8683
8684
8696
8697
8698
8699
8700
8711
8712
8724
8725
8726
8727
8728
8729
8730
8794
8796
8797
8798
8806
8807
8808
8812
8840
8856
8875
8882
8883
8889
8890
8894
8895
8900
8903
8906
8936
8937
8938
8948
8955
8956
8957
8963
8976
8977
8978
8979
8980
8981
8988
8989
8995
8996
9002
9005
9010
9011
9012
9013
9017
9026
9027
9028
9030
9031
9037
9038
9039
9055
9056
9057
9058
9059
9060
9061
9062
9063
9064
9065
9066
9067
9076
9077
9078
9081
9083
9091
9096
9097
9098
9099
9100
9101
9102
9103
9104
9117
9129
9130
9133
9143
9153
9155
9156
9157
9158
9159
9160
9161
9162
9163
9164
9165
9166
9169
9172
9177
9178
9180
9181
9183
9187
9188
9193
9198
9205
9208
9209
9213
9214
9215
9262
9263
9267
9268
9269
9270
9320
9321
9322
9323
9324
9327
9336
9351
9357
9359
9393
9394
9407
9420
9428
9429
9430
9440
9441
9442
9443
9444
9445
9446
9453
9454
9460
9467
9477
9478
9479
9480
9481
9482
9483
9484
9485
9486
9500
9501
9502
9510
9518
9521
9524
9525
9526
9527
9536
9538
9539
9541
9542
9543
9544
9553
9565
9566
9568
9569
9570
9571
9572
9573
9574
9575
9576
9577
9578
9579
9580
9581
9582
9583
9584
9585
9586
9587
9588
9589
9590
9591
9592
9593
9594
9595
9596
9597
9598
9599
9600
9601
9602
9603
9604
9605
9606
9607
9608
9615
9616
9620
9621
9622
9623
9624
9625
9628
9630
9632
9634
9646
9662
9663
9664
9665
9676
9677
9678
9684
9685
9686
9688
9691
9693
9694
9695
9696
9697
9698
9699
9700
9701
9702
9703
9704
9705
9706
9707
9708
9709
9710
9711
9712
9713
9714
9715
9716
9717
9718
9719
9720
9721
9722
9723
9724
9725
9726
9727
9728
9729
9730
9731
9732
9733
9734
9735
9736
9737
9738
9739
9749
9755
9756
9762
9795
9796
9799
9801
9802
9811
9816
9819
9832
9833
9834
9835
9841
9853
9859
9861
9863
9864
9867
9868
9869
9870
9871
9876
9880
9893
9904
9905
9906
9907
9909
9917
9918
9919
9920
9921
9922
9923
9937
9938
9939
9940
9941
9942
9943
9944
9954
9955
9956
9960
9961
9962
9963
9964
9986
9987
9994
9995
9996
9997
10008
10011
10018
10019
10020
10022
10023
10024
10026
10027
10028
10029
10030
10031
10032
10033
10034
10041
10044
10054
10055
10059
10060
10061
10062
10063
10064
10065
10066
10067
10068
10069
10070
10071
10072
10073
10074
10075
10076
10077
10081
10086
10087
10088
10089
10090
10091
10099
10101
10106
10112
10113
10122
10124
10128
10131
10136
10137
10138
10139
10142
10145
10146
10147
10148
10152
10153
10154
10192
10196
10197
10221
10235
10244
10245
10246
10247
10248
10265
10268
10272
10273
10277
10286
10287
10288
10289
10290
10291
10304
10307
10308
10315
10316
10317
10336
10337
10338
10339
10340
10341
10342
10343
10344
10345
10346
10347
10348
10349
10350
10351
10352
10353
10354
10355
10356
10357
10358
10360
10367
10379
10385
10388
10391
10392
10393
10394
10395
10396
10402
10444
10466
10467
10475
10477
10485
10495
10496
10497
10498
10502
10503
10504
10505
10506
10507
10508
10509
10510
10511
10512
10513
10514
10515
10516
10517
10518
10519
10520
10521
10522
10523
10524
10525
10526
10527
10542
10543
10545
10558
10564
10573
10575
10576
10577
10578
10579
10581
10583
10589
10590
10591
10592
10602
10624
10625
10626
10627
10634
10643
10644
10645
10676
10681
10684
10685
10686
10689
10706
10707
10709
10710
10711
10727
10728
10749
10750
10758
10768
10842
10843
10844
10845
10846
10855
10857
10860
10861
10862
10863
10864
10866
10867
10869
10870
10871
10872
10930
10931
10949
10950
10981
10991
10992
11009
11010
11017
11028
11029
11030
11031
11032
11033
11034
11037
11038
11045
11046
11047
11051
11052
11053
11054
11059
11062
11065
11066
11067
11068
11069
11070
11071
11072
11073
11074
11075
11076
11077
11078
11079
11080
11081
11082
11083
11088
11094
11095
11096
11097
11098
11102
11104
11105
11106
11107
11108
11109
11117
11118
11119
11120
11121
11122
11123
11127
11130
11140
11142
11143
11148
11158
11159
11165
11166
11168
11170
11174
11175
11176
11177
11178
11179
11180
11181
11182
11183
11184
11185
11186
11187
11189
11197
11210
11213
11219
11220
11222
11223
11227
11228
11229
11234
11236
11240
11241
11242
11245
11246
11255
11256
11257
11258
11262
11264
11272
11273
11274
11275
11276
11277
11278
11279
11280
11281
11283
11284
11285
11287
11291
11295
11298
11301
11302
11311
11314
11315
11317
11330
11331
11332
11339
11343
11344
11345
11347
11351
11352
11354
11355
11356
11358
11359
11360
11361
11369
11370
11371
11374
11381
11394
11404
11407
11413
11414
11419
11420
11424
11425
11434
11448
11449
11450
11451
11452
11453
11461
11462
11467
11474
11477
11479
11489
11493
11495
11496
11497
11498
11499
11500
11505
11506
11507
11508
11509
11515
11522
11523
11528
11531
11547
11565
11566
11567
11568
11573
11575
11577
11579
11597
11598
11609
11610
11615
11620
11627
11628
11629
11632
11633
11637
11642
11648
11653
11654
11660
11661
11662
11665
11666
11672
11673
11674
11675
11676
11679
11684
11685
11686
11707
11708
11710
11711
11712
11714
11715
11717
11721
11722
11728
11729
11737
11738
11741
11743
11745
11746
11768
11788
11793
11798
11801
11807
11811
11817
11821
11828
11851
11854
11855
11866
11867
11868
11869
11876
11878
11889
11891
11895
11898
11900
11901
11902
11905
11906
11907
11923
11924
11931
11934
11938
11953
11955
11956
11957
11959
11960
11982
11983
11984
11985
11986
11987
11988
11989
11990
11991
11992
11993
11994
11995
11996
11997
11998
11999
12000
12001
12002
12003
12004
12005
12006
12007
12008
12009
12010
12011
12012
12013
12014
12015
12016
12017
12018
12019
12020
12021
12022
12023
12024
12025
12026
12027
12028
12029
12030
12031
12032
12033
12034
12035
12036
12037
12038
12039
12040
12041
12042
12043
12044
12045
12053
12054
12063
12064
12069
12074
12075
12087
12091
12092
12093
12094
12095
12096
12097
12098
12101
12102
12103
12104
12105
12106
12112
12113
12120
12125
12127
12131
12132
12134
12135
12139
12146
12151
12152
12154
12182
12185
12186
12187
12191
12192
12193
12198
12210
12223
12224
12228
12229
12234
12236
12237
12240
12242
12243
12244
12254
12255
12264
12273
12278
12280
12281
12282
12283
12286
12287
12292
12293
12301
12302
12306
12307
12309
12310
12321
12322
12323
12324
12325
12326
12327
12328
12329
12330
12331
12332
12333
12334
12340
12343
12344
12345
12349
12351
12352
12353
12354
12355
12356
12357
12358
12362
12364
12368
12372
12375
12376
12379
12381
12382
12391
12393
12406
12409
12413
12415
12416
12417
12418
12419
12420
12421
12423
12424
12425
12426
12427
12435
12436
12438
12446
12447
12449
12450
12451
12464
12480
12481
12482
12488
12489
12499
12500
12501
12502
12503
12504
12505
12523
12526
12538
12546
12550
12553
12555
12565
12566
12567
12568
12569
12579
12580
12581
12582
12584
12585
12587
12588
12602
12608
12625
12626
12627
12636
12645
12674
12678
12685
12686
12689
12690
12691
12695
12711
12712
12720
12721
12730
12734
12735
12736
12737
12741
12742
12745
12746
12750
12752
12755
12760
12764
12765
12768
12769
12770
12773
12780
12791
12794
12795
12800
12808
12809
12810
12811
12815
12818
12825
12827
12828
12838
12839
12840
12841
12842
12843
12865
12870
12955
12956
12957
12959
12960
12984
12989
12990
12991
12993
13002
13003
13008
13009
13032
13040
13041
13072
13074
13075
13095
13097
13100
13101
13102
13103
13104
13110
13112
13144
13146
13147
13148
13154
13156
13164
13165
13168
13178
13179
13180
13189
13190
13197
13199
13200
13201
13202
13203
13205
13210
13211
13212
13213
13214
13216
13217
13237
13242
13243
13244
13245
13246
13253
13257
13258
13259
13260
13263
13271
13279
13280
13288
13289
13290
13299
13301
13302
13303
13304
13332
13333
13334
13335
13336
13337
13338
13339
13340
13341
13342
13347
13348
13350
13365
13366
13367
13369
13370
13389
13390
13391
13394
13397
13398
13399
13400
13401
13402
13423
13424
13445
13467
13479
13489
13490
13498
13500
13502
13503
13504
13505
13506
13507
13508
13520
13521
13522
13523
13570
13572
13573
13574
13575
13589
13590
13593
13600
13601
13602
13603
13604
13605
13607
13608
13614
13615
13625
13629
13630
13631
13673
13674
13682
13690
13691
13697
13698
13708
13719
13726
13731
13732
13733
13735
13736
13741
13742
13743
13755
13757
13767
13768
13769
13770
13771
13772
13773
13774
13775
13776
13777
13783
13784
13794
13796
13802
13804
13806
13807
13808
13809
13810
13817
13836
13837
13838
13846
13847
13848
13854
13855
13860
13861
13862
13863
13864
13865
13866
13867
13868
13869
13870
13871
13872
13873
13874
13875
13876
13877
13878
13879
13880
13881
13882
13883
13885
13902
13915
13916
13917
13918
13919
13920
13921
13922
13928
13930
13934
13935
13945
13946
13947
13948
13950
13961
13964
13965
13967
13973
13977
13978
13979
13981
13982
13983
13984
13987
13992
13993
14005
14006
14007
14008
14021
14033
14034
14035
14037
14043
14045
14046
14048
14049
14054
14055
14056
14059
14077
14078
14079
14088
14096
14097
14098
14099
14101
14104
14107
14109
14110
14112
14113
14114
14116
14119
14120
14127
14129
14130
14134
14138
14142
14148
14149
14151
14160
14161
14165
14166
14170
14173
14174
14175
14189
14195
14207
14208
14209
14232
14233
14236
14261
14263
14273
14274
14275
14289
14290
14296
14297
14299
14300
14302
14303
14304
14305
14307
14308
14309
14310
14330
14338
14339
14344
14345
14353
14354
14355
14359
14360
14363
14366
14377
14379
14383
14384
14391
14395
14396
14397
14398
14399
14401
14402
14405
14406
14418
14419
14421
14423
14424
14426
14427
14438
14439
14440
14448
14449
14463
14464
14466
14467
14475
14476
14477
14489
14492
14493
14498
14499
14507
14508
14530
14531
14550
14551
14552
14553
14567
14568
14570
14571
14581
14585
14586
14587
14589
14590
14600
14612
14613
14643
14644
14645
14646
14648
14654
14655
14656
14661
14671
14678
14692
14706
14712
14719
14733
14765
14766
14767
14768
14769
14770
14771
14772
14773
14774
14775
14776
14777
14778
14779
14780
14781
14782
14783
14784
14785
14786
14787
14788
14789
14790
14791
14792
14793
14794
14795
14796
14797
14798
14799
14803
14821
14822
14824
14825
14842
14844
14850
14851
14852
14865
14871
14872
14873
14874
14881
14883
14884
14886
14901
14902
14908
14909
14928
14935
14936
14938
14939
14941
14950
14956
14976
14979
15003
15006
15008
15014
15015
15016
15020
15023
15025
15027
15028
15030
15031
15036
15037
15038
15039
15040
15042
15043
15044
15045
15050
15056
15059
15060
15067
15091
15096
15097
15098
15099
15104
15106
15107
15108
15109
15110
15122
15146
15148
15156
15162
15163
15176
15177
15188
15189
15192
15193
15195
15196
15198
15199
15203
15204
15208
15220
15225
15226
15232
15233
15234
15235
15241
15242
15246
15247
15248
15249
15250
15251
15252
15253
15271
15282
15283
15284
15295
15297
15303
15306
15307
15308
15309
15314
15315
15320
15322
15323
15324
15326
15330
15331
15336
15337
15349
15359
15364
15365
15367
15369
15376
15377
15378
15379
15380
15381
15382
15392
15404
15410
15425
15435
15436
15437
15442
15443
15444
15445
15446
15447
15448
15449
15450
15451
15452
15457
15459
15460
15481
15482
15483
15487
15488
15490
15491
15492
15493
15494
15495
15496
15497
15501
15504
15513
15516
15518
15546
15547
15550
15551
15554
15555
15556
15559
15560
15569
15575
15576
15577
15578
15591
15593
15604
15607
15608
15609
15622
15623
15624
15625
15626
15627
15628
15629
15630
15631
15640
15643
15644
15647
15648
15652
15654
15655
15656
15666
15667
15672
15674
15678
15679
15681
15688
15689
15690
15693
15694
15696
15697
15698
15699
15701
15702
15703
15706
15707
15708
15713
15720
15726
15732
15733
15735
15740
15741
15750
15762
15763
15777
15778
15780
15791
15792
15793
15794
15795
15796
15797
15798
15814
15815
15816
15819
15828
15829
15867
15868
15870
15871
15902
15907
15919
15930
15931
15937
15938
15940
15942
15943
15946
15947
15960
15963
15966
15977
15984
15985
15989
15990
15994
15995
16002
16006
16013
16014
16042
16043
16049
16050
16051
16052
16053
16056
16057
16069
16076
16077
16078
16084
16086
16087
16094
16097
16099
16100
16101
16110
16111
16112
16113
16114
16120
16127
16132
16133
16143
16144
16148
16155
16159
16160
16189
16190
16191
16194
16195
16211
16215
16216
16217
16218
16219
16220
16221
16222
16223
16229
16230
16239
16241
16248
16250
16251
16252
16276
16279
16280
16281
16282
16284
16285
16287
16301
16302
16307
16308
16315
16316
16351
16352
16356
16361
16362
16363
16364
16366
16367
16389
16392
16393
16394
16402
16410
16411
16413
16414
16418
16421
16422
16431
16432
16439
16440
16441
16442
16443
16465
16466
16477
16478
16479
16480
16493
16506
16507
16521
16522
16523
16526
16530
16534
16537
16538
16539
16540
16550
16551
16557
16559
16560
16574
16575
16576
16577
16578
16580
16585
16586
16587
16599
16600
16601
16602
16604
16606
16612
16613
16628
16629
16631
16645
16646
16647
16648
16649
16650
16655
16656
16661
16682
16696
16697
16699
16700
16701
16703
16704
16712
16735
16736
16738
16739
16740
16755
16756
16757
16762
16763
16764
16775
16776
16781
16785
16787
16788
16794
16797
16801
16802
16803
16804
16805
16806
16807
16808
16809
16815
16816
16817
16825
16835
16905
16906
16910
16914
16929
16943
16949
16950
16951
16953
16956
16957
16961
16963
16972
16974
16975
16995
16996
16997
17004
17005
17007
17008
17019
17020
17032
17034
17035
17036
17037
17038
17039
17040
17041
17042
17043
17044
17045
17046
17047
17048
17049
17060
17061
17067
17072
17076
17080
17082
17090
17091
17092
17093
17094
17103
17106
17107
17110
17111
17112
17113
17115
17116
17120
17121
17122
17123
17124
17133
17139
17140
17141
17143
17144
17146
17147
17149
17152
17153
17155
17168
17180
17186
17187
17190
17191
17234
17238
17239
17240
17241
17242
17243
17244
17245
17246
17247
17253
17255
17267
17268
17269
17271
17275
17277
17280
17282
17289
17290
17305
17322
17323
17324
17330
17337
17350
17357
17358
17362
17363
17365
17372
17399
17406
17407
17408
17421
17434
17435
17442
17446
17447
17460
17462
17463
17467
17472
17473
17474
17475
17479
17485
17486
17487
17488
17497
17506
17519
17521
17525
17526
17527
17530
17531
17536
17544
17548
17549
17550
17551
17552
17553
17554
17555
17556
17557
17559
17564
17576
17577
17585
17586
17587
17588
17589
17590
17591
17592
17593
17594
17595
17596
17597
17598
17599
17600
17601
17602
17603
17604
17605
17606
17607
17608
17609
17610
17611
17612
17613
17614
17615
17616
17617
17618
17621
17622
17628
17639
17640
17657
17666
17674
17678
17679
17683
17684
17686
17691
17706
17707
17709
17710
17715
17716
17717
17719
17720
17721
17723
17731
17733
17738
17749
17752
17756
17761
17762
17771
17774
17776
17777
17778
17779
17783
17784
17788
17794
17795
17801
17810
17883
17884
17885
17886
17887
17888
17889
17894
17906
17907
17908
17910
17917
17919
17920
17921
17931
17936
17948
17967
17970
17972
17980
17981
17982
17990
17991
18009
18010
18011
18017
18018
18019
18027
18028
18035
18037
18045
18046
18050
18051
18052
18053
18054
18055
18058
18072
18084
18085
18086
18087
18094
18095
18105
18106
18110
18120
18121
18128
18129
18136
18137
18142
18143
18158
18159
18160
18197
18203
18210
18211
18212
18215
18216
18217
18218
18219
18222
18223
18227
18243
18251
18258
18259
18260
18269
18270
18338
18347
18389
18395
18396
18404
18405
18413
18414
18425
18462
18463
18474
18504
18505
18508
18511
18512
18513
18520
18521
18522
18533
18534
18535
18536
18537
18538
18539
18540
18541
18542
18543
18544
18545
18546
18547
18548
18549
18550
18551
18668
18682
18683
18686
18687
18688
18689
18690
18691
18692
18706
18707
18708
18709
18736
18737
18766
18767
18768
18769
18770
18792
18793
18799
18800
18801
18807
18821
18822
18823
18824
18825
18830
18843
18844
18845
18846
18851
18852
18866
18882
18885
18916
18917
18918
18919
18920
18962
18963
18998
19009
19010
19011
19012
19013
19014
19015
19016
19017
19021
19022
19023
19044
19049
19057
19058
19059
19060
19063
19064
19065
19066
19067
19068
19085
19102
19103
19127
19147
19164
19229
19265
19280
19282
19285
19321
19334
19335
19339
19340
19388
19389
19390
19391
19392
19393
19394
19395
19396
19397
19398
19403
19409
19420
19421
19422
19423
19426
19428
19435
19441
19452
19459
19460
19461
19462
19464
19465
19466
19473
19474
19488
19503
19514
19519
19545
19552
19604
19619
19621
19625
19626
19627
19628
19629
19630
19631
19632
19633
19634
19635
19636
19637
19638
19639
19640
19641
19642
19643
19644
19648
19649
19650
19651
19652
19655
19676
19677
19678
19682
19684
19685
19689
19690
19699
19700
19701
19713
19714
19739
19768
19788
19789
19790
19791
19792
19793
19794
19795
19796
19797
19807
19808
19809
19810
19811
19812
19819
19820
19821
19822
19823
19824
19825
19826
19827
19828
19829
19830
19831
19832
19840
19841
19842
19843
19844
19845
19846
19847
19848
19849
19850
19851
19852
19858
19862
19863
19891
19892
19909
19918
19927
19928
19929
19930
19931
19932
19933
19934
19935
19936
19937
19938
19939
19940
19941
19942
19943
19944
19946
19975
19978
19979
19980
20003
20004
20021
20022
20023
20027
20029
20030
20047
20048
20066
20067
20071
20072
20073
20074
20075
20076
20077
20078
20079
20080
20081
20082
20083
20084
20085
20086
20087
20092
20099
20109
20112
20113
20114
20115
20116
20117
20118
20119
20120
20121
20122
20123
20124
20125
20130
20131
20133
20137
20139
20140
20151
20152
20153
20154
20175
20176
20177
20178
20179
20188
20189
20192
20194
20199
20200
20201
20202
20203
20204
20205
20206
20207
20208
20209
20210
20226
20227
20229
20230
20252
20253
20258
20259
20264
20271
20273
20274
20291
20292
20293
20311
20315
20316
20317
20318
20322
20323
20324
20325
20326
20331
20332
20350
20351
20352
20353
20355
20358
20360
20369
20370
20371
20372
20383
20388
20396
20397
20398
20399
20401
20404
20464
20465
20468
20469
20470
20471
20472
20473
20474
20475
20476
20477
20478
20485
20486
20487
20488
20500
20501
20502
20505
20506
20507
20508
20512
20520
20521
20522
20533
20549
20550
20557
20558
20560
20568
20570
20575
20576
20577
20578
20579
20588
20591
20605
20607
20624
20625
20631
20632
20633
20635
20647
20648
20652
20653
20683
20684
20691
20692
20698
20699
20700
20701
20702
20703
20704
20705
20706
20707
20709
20710
20711
20715
20721
20725
20730
20740
20743
20744
20745
20747
20750
20751
20752
20763
20764
20765
20771
20772
20778
20780
20781
20782
20786
20787
20788
20789
20790
20791
20792
20806
20808
20809
20810
20812
20814
20815
20816
20817
20825
20826
20828
20830
20831
20837
20840
20841
20846
20848
20858
20860
20861
20862
20874
20879
20880
20884
20885
20886
20887
20888
20889
20896
20897
20898
20899
20900
20902
20913
20915
20922
20924
20929
20930
20934
20935
20936
20937
20938
20939
20940
20941
20952
20953
20954
20955
20962
20963
20964
20967
20968
20969
20972
20978
20987
20993
20996
20998
21002
21003
21006
21007
21008
21009
21010
21011
21012
21018
21020
21024
21026
21027
21028
21029
21034
21051
21052
21053
21054
21063
21064
21065
21066
21067
21080
21085
21086
21087
21088
21096
21098
21105
21106
21107
21108
21109
21115
21118
21120
21127
21136
21137
21138
21139
21141
21142
21143
21146
21147
21155
21156
21157
21167
21185
21192
21197
21198
21199
21203
21204
21205
21206
21213
21215
21224
21225
21228
21231
21232
21236
21237
21238
21239
21240
21241
21242
21243
21254
21264
21269
21270
21271
21275
21278
21280
21286
21287
21298
21303
21304
21305
21307
21315
21319
21340
21341
21342
21343
21344
21345
21346
21347
21354
21355
21356
21378
21379
21386
21393
21394
21401
21402
21403
21404
21405
21406
21415
21417
21418
21419
21420
21421
21422
21423
21424
21425
21430
21435
21436
21437
21438
21439
21444
21445
21448
21458
21459
21460
21461
21462
21463
21464
21465
21466
21467
21468
21469
21470
21471
21473
21474
21479
21482
21484
21485
21486
21487
21488
21497
21501
21502
21503
21504
21505
21506
21507
21508
21509
21510
21511
21512
21517
21520
21521
21531
21532
21533
21535
21536
21537
21538
21539
21545
21547
21550
21551
21552
21553
21554
21555
21556
21560
21569
21574
21575
21576
21577
21578
21581
21583
21584
21588
21589
21590
21591
21592
21593
21594
21595
21596
21597
21598
21599
21600
21602
21603
21604
21605
21607
21608
21614
21615
21619
21620
21621
21622
21623
21624
21625
21626
21627
21628
21629
21630
21631
21632
21633
21634
21635
21636
21637
21641
21642
21652
21653
21654
21655
21656
21657
21658
21659
21675
21676
21677
21678
21679
21680
21681
21682
21683
21684
21685
21686
21687
21688
21689
21690
21698
21699
21700
21701
21702
21703
21704
21705
21714
21717
21718
21719
21720
21721
21726
21732
21733
21734
21735
21737
21743
21751
21754
21755
21756
21757
21758
21759
21760
21763
21773
21775
21777
21778
21779
21780
21781
21783
21784
21785
21799
21801
21806
21820
21821
21828
21829
21830
21831
21836
21837
21838
21842
21843
21844
21850
21852
21855
21857
21858
21862
21863
21865
21867
21870
21876
21884
21885
21891
21892
21893
21894
21895
21896
21897
21898
21899
21900
21901
21913
21914
21915
21916
21917
21918
21919
21922
21928
21929
21930
21934
21935
21936
21939
21940
21950
21954
21955
21974
21983
21985
21986
21988
21989
21990
21991
21992
21993
22009
22010
22011
22012
22013
22014
22015
22016
22017
22018
22027
22028
22029
22030
22031
22032
22033
22034
22036
22037
22038
22039
22040
22041
22042
22044
22045
22046
22047
22048
22049
22050
22051
22053
22054
22060
22071
22075
22081
22082
22088
22094
22097
22099
22100
22102
22108
22111
22112
22115
22117
22119
22120
22125
22128
22129
22131
22132
22138
22139
22140
22147
22148
22155
22159
22162
22163
22164
22166
22168
22169
22171
22172
22174
22175
22176
22178
22179
22181
22183
22185
22187
22190
22192
22193
22197
22201
22203
22204
22207
22211
22212
22213
22218
22219
22221
22222
22224
22226
22228
22230
22231
22232
22233
22237
22239
22241
22243
22245
22247
22248
22250
22253
22256
22258
22260
22263
22265
22266
22268
22269
22270
22271
22272
22276
22277
22278
22284
22285
22286
22287
22289
22290
22293
22294
22297
22299
22302
22303
22306
22311
22312
22313
22318
22321
22323
22324
22325
22326
22328
22335
22336
22337
22339
22340
22341
22343
22351
22353
22356
22358
22361
22365
22366
22370
22372
22381
22386
22392
22393
22397
22401
22404
22405
22407
22408
22409
22410
22413
22416
22418
22422
22423
22424
22425
22430
22431
22433
22434
22437
22440
22444
22447
22455
22456
22457
22458
22460
22463
22464
22465
22466
22470
22471
22472
22477
22479
22480
22481
22482
22483
22484
22486
22488
22494
22496
22497
22500
22501
22505
22508
22509
22514
22523
22525
22526
22528
22531
22533
22535
22536
22537
22540
22541
22543
22548
22552
22554
22556
22558
22560
22564
22565
22566
22567
22568
22570
22572
22574
22578
22579
22580
22589
22592
22596
22600
22601
22602
22603
22605
22606
22609
22613
22614
22615
22619
22620
22621
22627
22630
22632
22638
22639
22642
22645
22648
22649
22651
22657
22661
22662
22666
22668
22672
22673
22674
22679
22682
22685
22687
22688
22690
22692
22693
22697
22698
22701
22703
22714
22716
22720
22722
22736
22737
22739
22742
22743
22748
22749
22755
22756
22759
22765
22766
22767
22770
22775
22779
22783
22789
22791
22793
22798
22802
22803
22806
22809
22811
22814
22819
22820
22822
22824
22831
22832
22837
22841
22842
22852
22853
22859
22860
22863
22864
22868
22876
22877
22885
22889
22890
22894
22896
22904
22905
22907
22909
22911
22914
22917
22922
22925
22926
22928
22930
22931
22932
22936
22940
22941
22942
22943
22944
22945
22950
22951
22956
22959
22961
22965
22966
22970
22973
22977
22981
22982
22984
22990
22992
22993
22994
22995
22998
22999
23001
23002
23003
23005
23006
23010
23055
23058
23061
23062
23068
23069
23073
23078
23080
23083
23084
23086
23093
23094
23096
23101
23103
23107
23112
23114
23116
23118
23121
23125
23127
23128
23129
23133
23139
23142
23150
23151
23155
23173
23176
23180
23186
23191
23208
23213
23215
23216
23222
23228
23231
23233
23234
23238
23240
23266
23267
23271
23277
23286
23288
23289
23291
23292
23295
23297
23301
23302
23309
23313
23316
23317
23320
23321
23331
23333
23334
23340
23342
23346
23347
23348
23356
23358
23361
23363
23365
23366
23368
23373
23375
23376
23377
23378
23380
23384
23385
23388
23391
23393
23395
23397
23401
23405
23406
23408
23409
23410
23412
23415
23416
23417
23419
23422
23424
23429
23431
23433
23440
23445
23447
23448
23451
23458
23462
23464
23466
23467
23468
23473
23476
23480
23483
23486
23487
23493
23499
23500
23501
23502
23504
23507
23510
23512
23516
23518
23519
23520
23521
23525
23527
23528
23530
23531
23532
23534
23537
23539
23545
23548
23550
23556
23561
23562
23565
23571
23573
23581
23585
23588
23591
23593
23594
23597
23599
23601
23604
23605
23607
23608
23609
23610
23611
23613
23614
23616
23617
23620
23621
23631
23633
23634
23645
23648
23649
23656
23658
23662
23664
23673
23677
23684
23685
23689
23692
23693
23696
23698
23699
23702
23703
23704
23708
23711
23713
23715
23720
23722
23725
23727
23728
23735
23737
23738
23739
23740
23744
23745
23746
23747
23748
23752
23757
23765
23766
23767
23768
23771
23779
23784
23785
23786
23787
23789
23791
23792
23794
23796
23803
23806
23807
23814
23815
23816
23827
23832
23834
23837
23839
23841
23846
23848
23850
23853
23854
23855
23856
23867
23870
23872
23877
23881
23882
23887
23889
23890
23891
23894
23896
23897
23898
23906
23910
23913
23914
23915
23917
23923
23927
23929
23930
23936
23939
23942
23943
23947
23955
23959
23961
23970
23975
23977
23978
23979
23986
23998
24000
24004
24008
24011
24012
24016
24019
24026
24031
24033
24035
24040
24042
24044
24045
24053
24061
24062
24063
24065
24073
24075
24081
24085
24090
24100
24111
24113
24116
24121
24124
24143
24145
24146
24148
24152
24153
24156
24172
24188
24198
24212
24217
24221
24237
24243
24246
24264
24269
24278
24280
24298
24301
24309
24320
24322
24326
24331
24338
24339
24344
24356
24359
24361
24365
24376
24383
24390
24395
24411
24414
24417
24419
24433
24440
24441
24446
24447
24451
24454
24455
24462
24473
24482
24487
24491
24492
24498
24499
24503
24504
24505
24506
24507
24510
24518
24519
24520
24527
24547
24551
24553
24554
24555
24563
24565
24566
24572
24574
24585
24590
24599
24603
24608
24614
24618
24625
24633
24640
24650
24654
24655
24656
24660
24663
24674
24676
24683
24686
24688
24694
24699
24700
24701
24708
24709
24720
24726
24728
24730
24731
24739
24744
24749
24757
24758
24761
24762
24769
24771
24773
24775
24776
24779
24782
24789
24798
24800
24812
24822
24825
24827
24829
24831
24838
24843
24844
24846
24847
24854
24858
24865
24872
24874
24875
24876
24878
24889
24890
24893
24897
24899
24900
24901
24911
24912
24915
24917
24920
24921
24922
24924
24925
24928
24931
24938
24944
24945
24949
24952
24954
24960
24964
24966
24970
24971
24973
24974
24975
24976
24983
24984
24987
24988
24989
24993
24994
25007
25009
25015
25016
25018
25022
25027
25029
25037
25042
25048
25050
25056
25064
25066
25069
25070
25075
25076
25079
25086
25099
25104
25106
25109
25112
25117
25119
25121
25122
25124
25126
25127
25131
25133
25134
25137
25138
25147
25149
25152
25155
25156
25158
25163
25166
25179
25180
25181
25186
25187
25189
25191
25203
25204
25208
25214
25215
25216
25222
25231
25240
25241
25242
25244
25246
25247
25248
25254
25255
25267
25268
25279
25280
25281
25288
25291
25292
25299
25314
25318
25325
25329
25332
25333
25335
25336
25339
25342
25347
25348
25349
25356
25358
25359
25364
25368
25374
25376
25379
25385
25390
25392
25396
25399
25404
25408
25412
25418
25419
25423
25425
25431
25432
25434
25437
25438
25439
25447
25451
25453
25454
25463
25469
25471
25475
25480
25482
25490
25493
25494
25498
25502
25503
25508
25513
25520
25525
25527
25529
25541
25543
25548
25549
25555
25556
25565
25566
25567
25571
25572
25574
25586
25589
25593
25594
25596
25606
25610
25612
25619
25620
25621
25624
25628
25630
25634
25635
25638
25639
25642
25646
25648
25660
25661
25665
25674
25678
25680
25681
25684
25685
25689
25695
25696
25703
25707
25712
25717
25720
25721
25722
25727
25731
25732
25738
25751
25756
25764
25765
25772
25776
25778
25781
25792
25793
25796
25797
25801
25802
25809
25811
25813
25819
25820
25823
25828
25839
25849
25851
25864
25868
25869
25875
25876
25877
25889
25890
25897
25902
25903
25910
25912
25917
25919
25921
25923
25929
25930
25933
25936
25938
25947
25948
25950
25960
25964
25975
25978
25979
25980
25991
25995
25997
26007
26023
26024
26029
26037
26056
26066
26074
26099
26100
26115
26119
26120
26124
26132
26136
26149
26150
26151
26158
26160
26162
26166
26169
26174
26175
26178
26182
26183
26185
26188
26189
26191
26194
26196
26197
26198
26200
26203
26212
26214
26218
26224
26231
26237
26238
26249
26253
26255
26256
26263
26266
26269
26271
26272
26274
26290
26299
26304
26307
26315
26317
26318
26323
26324
26327
26331
26338
26339
26356
26359
26362
26367
26372
26373
26376
26378
26379
26384
26387
26391
26392
26395
26405
26411
26412
26418
26427
26432
26442
26443
26444
26447
26457
26458
26460
26473
26484
26485
26493
26503
26504
26505
26514
26519
26522
26524
26525
26526
26533
26543
26552
26557
26560
26562
26566
26568
26569
26573
26580
26585
26587
26590
26591
26594
26599
26600
26608
26615
26631
26634
26635
26648
26649
26651
26652
26654
26657
26659
26662
26663
26667
26669
26681
26688
26691
26697
26698
26708
26713
26717
26720
26722
26735
26742
26744
26753
26756
26757
26758
26761
26771
26775
26778
26787
26790
26795
26800
26801
26803
26805
26807
26813
26815
26817
26823
26830
26837
26841
26845
26850
26856
26857
26866
26874
26875
26883
26885
26886
26890
26897
26901
26908
26910
26915
26916
26918
26920
26921
26922
26923
26931
26936
26937
26942
26943
26944
26950
26955
26959
26961
26968
26969
26973
26975
26985
26997
27001
27003
27007
27008
27009
27010
27011
27013
27016
27021
27023
27028
27033
27039
27049
27052
27053
27062
27072
27076
27081
27085
27087
27088
27093
27098
27104
27106
27115
27118
27119
27125
27126
27131
27134
27138
27140
27148
27151
27153
27161
27163
27164
27165
27170
27171
27175
27176
27199
27208
27213
27221
27225
27231
27237
27239
27247
27250
27254
27255
27258
27264
27266
27267
27269
27273
27275
27282
27288
27289
27292
27296
27304
27310
27313
27321
27330
27340
27343
27347
27349
27363
27365
27369
27373
27384
27386
27390
27391
27396
27398
27402
27403
27404
27406
27407
27408
27411
27412
27416
27419
27420
27435
27439
27441
27442
27445
27446
27451
27460
27469
27471
27476
27477
27478
27479
27485
27492
27493
27495
27507
27508
27509
27513
27514
27519
27524
27535
27551
27552
27558
27563
27577
27578
27583
27585
27587
27590
27592
27593
27604
27605
27606
27611
27618
27619
27620
27627
27632
27644
27649
27665
27692
27696
27703
27704
27705
27711
27716
27725
27726
27727
27731
27734
27735
27749
27750
27757
27764
27771
27774
27790
27791
27792
27793
27800
27802
27803
27808
27816
27821
27822
27824
27825
27826
27836
27849
27850
27852
27853
27854
27855
27858
27859
27864
27868
27874
27881
27889
27892
27897
27907
27908
27909
27912
27923
27930
27931
27932
27934
27935
27936
27940
27944
27948
27949
27956
27957
27960
27961
27968
27979
27986
27990
27992
27993
27995
27996
28007
28008
28012
28015
28017
28019
28023
28029
28031
28033
28042
28052
28055
28058
28062
28063
28065
28067
28069
28072
28074
28076
28077
28078
28081
28083
28084
28087
28091
28094
28101
28106
28116
28124
28129
28133
28140
28153
28155
28157
28167
28171
28176
28181
28183
28185
28189
28192
28198
28203
28204
28213
28226
28228
28229
28233
28236
28239
28241
28242
28244
28245
28251
28252
28262
28265
28266
28268
28284
28287
28294
28296
28303
28309
28314
28315
28319
28321
28322
28324
28326
28330
28331
28335
28347
28348
28349
28351
28362
28363
28370
28375
28380
28387
28396
28398
28401
28403
28405
28406
28413
28416
28420
28421
28423
28426
28437
28441
28444
28445
28456
28459
28460
28463
28468
28469
28473
28491
28492
28497
28507
28512
28518
28525
28545
28546
28548
28555
28556
28557
28564
28568
28569
28572
28574
28579
28588
28595
28600
28604
28607
28611
28612
28613
28626
28631
28637
28638
28639
28645
28654
28664
28665
28666
28672
28673
28675
28678
28679
28680
28685
28687
28689
28696
28704
28717
28718
28721
28722
28725
28727
28729
28733
28734
28742
28744
28745
28748
28749
28751
28757
28761
28766
28774
28775
28786
28788
28795
28798
28800
28802
28812
28815
28817
28824
28825
28827
28831
28841
28842
28843
28854
28856
28859
28864
28867
28868
28869
28873
28877
28886
28887
28889
28890
28892
28897
28903
28905
28913
28914
28915
28921
28922
28926
28929
28930
28935
28949
28953
28957
28961
28964
28968
28975
28978
28979
28980
28990
28991
28992
29004
29006
29008
29021
29023
29024
29025
29028
29033
29037
29051
29053
29060
29061
29062
29063
29066
29067
29068
29085
29087
29088
29089
29093
29097
29100
29119
29121
29122
29127
29133
29140
29143
29147
29149
29152
29161
29168
29181
29183
29185
29186
29196
29197
29205
29224
29231
29232
29233
29234
29236
29237
29241
29242
29248
29252
29259
29261
29265
29267
29270
29273
29276
29280
29284
29285
29302
29320
29323
29327
29331
29333
29334
29335
29338
29349
29351
29354
29356
29359
29360
29361
29364
29367
29370
29378
29381
29384
29399
29400
29401
29402
29406
29407
29408
29410
29411
29412
29419
29420
29581
29582
29583
29584
29585
29586
29587
29588
29589
29590
29591
29592
29593
29594
29595
29596
29597
29598
29599
29600
29601
29602
29603
29604
29605
29606
29607
29608
29609
29610
29611
29612
29613
29614
29615
29616
29617
29618
29619
29620
29621
29622
29623
29624
29625
29626
29627
29628
29629
29630
29631
29632
29633
29634
29635
29636
29637
29638
29639
29640
29641
29642
29643
29644
29645
29646
29647
29648
29649
29650
29651
29652
29653
29654
29655
29656
29657
29658
29659
29660
29661
29662
29663
29664
29665
29666
29667
29668
29669
29670
29671
29672
29673
29674
29675
29676
29677
29678
29679
29680
29681
29682
29683
29684
29685
29686
29687
29688
29689
29690
29691
29692
29693
29694
29695
29696
29697
29698
29699
29700
29701
29702
29703
29704
29705
29706
29707
29708
29709
29710
29711
29712
29713
29714
29715
29716
29717
29718
29719
29720
29721
29722
29723
29724
29725
29726
29727
29728
29729
29730
29731
29732
29733
29734
29735
29736
29737
29738
29739
29740
29741
29742
29743
29744
29745
29746
29747
29748
29749
29750
29751
29752
29753
29754
29755
29756
29757
29758
29759
29760
29761
29762
29763
29764
29765
29766
29767
29768
29769
29770
29771
29772
29773
29774
29775
29776
29777
29778
29779
29780
29781
29782
29783
29784
29785
29786
29787
29788
29789
29790
29791
29792
29793
29794
29795
29796
29797
29798
29799
29800
29801
29802
29803
29804
29805
29806
29807
29808
29809
29810
29811
29812
29813
29814
29815
29816
29817
29818
29819
29820
29821
29822
29823
29824
29825
29826
29827
29828
29829
29835
29836
29839
29849
29850
29855
29856
29857
29858
30061
30088
30125
30433
30434
30435
30437
30438
30440
30441
30442
30452
30453
30456
30457
30459
30460
30464
30465
30466
30467
30468
30469
30470
30471
30472
30473
30474
30475
30476
30477
30478
30479
30480
30481
30483
30484
30485
30486
30487
30488
30489
30490
30491
30492
30493
30494
30495
30496
30497
30498
30499
30500
30501
30502
30503
30504
30505
30506
30507
30508
30509
30510
30511
30512
30513
30514
30515
30516
30517
30518
30519
30520
30521
30522
30523
30524
30525
30526
30527
30528
30529
30530
30531
30532
30533
30534
30535
30536
30558
30559
30565
30569
30577
30590
30613
30614
30617
30622
30624
30827
30828
30840
30846
30847
30853
30865
30866
30873
30882
30889
30899
30900
30901
30914
30922
30933
30934
30953
30966
30967
30978
30979
30985
31000
31001
31012
31013
31102
31103
31118
31119
31126
31127
31150
31151
31166
31167
31180
31181
31194
31195
31196
31197
31198
31199
31200
31201
31202
31203
31204
31205
31206
31207
31208
31209
31210
31211
31212
31213
31214
31215
31216
31217
31218
31219
31220
31221
31222
31223
31224
31225
31226
31227
31228
31229
31230
31231
31232
31233
31234
31235
31236
31237
31238
31239
31240
31241
31242
31243
31244
31245
31246
31247
31248
31249
31250
31251
31252
31253
31254
31255
31256
31257
31258
31259
31260
31261
31262
31263
31264
31265
31266
31267
31268
31269
31270
31271
31272
31273
31274
31275
31276
31277
31278
31279
31280
31281
31282
31283
31284
31285
31286
31287
31288
31289
31290
31291
31292
31293
31294
31295
31296
31297
31298
31299
31300
31301
31302
31303
31304
31305
31306
31307
31308
31309
31310
31311
31312
31313
31314
31315
31316
31317
31318
31319
31320
31321
31322
31323
31324
31325
31326
31327
31328
31329
31330
31331
31332
31333
31334
31335
31336
31337
31338
31339
31340
31341
31342
31343
31344
31345
31346
31347
31348
31349
31350
31351
31352
31353
31354
31355
31356
31357
31358
31359
31360
31361
31362
31363
31364
31365
31366
31367
31368
31369
31370
31371
31372
31373
31374
31375
31376
31377
31378
31379
31380
31381
31382
31383
31384
31385
31386
31387
31388
31389
31390
31391
31392
31393
31394
31395
31396
31397
31398
31399
31400
31401
31402
31403
31404
31405
31406
31407
31408
31409
31410
31411
31412
31413
31414
31415
31416
31417
31418
31419
31420
31421
31422
31423
31424
31425
31426
31427
31428
31429
31430
31431
31432
31433
31434
31435
31436
31437
31438
31439
31440
31441
31442
31443
31444
31445
31446
31447
31448
31449
31450
31451
31452
31453
31454
31455
31456
31457
31458
31459
31460
31461
31462
31463
31464
31465
31466
31467
31468
31469
31470
31471
31472
31473
31474
31475
31476
31477
31555
31558
31561
31564
31565
31566
31567
31570
31686
31688
31705
31706
31712
31713
31740
31741
31759
31802
31803
31804
31805
31806
31807
31815
31822
31823
31824
31825
31826
31827
31828
31829
31830
31831
31832
31833
31834
31835
31836
31837
31838
31839
31840
31841
31842
31843
31844
31847
31848
31849
31850
31851
31852
31853
31854
31855
31856
31857
31858
31859
31860
31889
31891
31892
31893
31898
31922
31932
31933
31934
31946
31949
31953
31954
31959
31960
31971
31972
31976
31977
31983
31984
31985
31986
31987
31993
31994
32000
32014
32015
32025
32026
32027
32028
32029
32030
32031
32032
32033
32034
32035
32036
32037
32038
32039
32040
32041
32042
32043
32044
32045
32046
32047
32048
32049
32050
32051
32052
32053
32054
32055
32056
32057
32058
32059
32060
32061
32062
32064
32174
32370
32371
32372
32373
32374
32375
32376
32377
32378
32379
32380
32381
32382
32383
32384
32385
32386
32387
32388
32389
32390
32391
32392
32393
32394
32395
32396
32397
32398
32399
32400
32401
32402
32403
32404
32405
32406
32407
32408
32411
32412
32413
32414
32415
32416
32417
32418
32419
32420
32421
32422
32423
32424
32425
32426
32427
32428
32429
32430
32431
32434
32435
32436
32437
32438
32439
32440
32455
32456
32471
32472
32473
32474
32475
32476
32477
32478
32479
32480
32481
32482
32483
32484
32485
32486
32487
32488
32489
32528
32529
32551
32552
32562
32563
32568
32569
32570
32571
32572
32573
32574
32575
32576
32577
32578
32579
32580
32581
32582
32583
32584
32585
32586
32587
32588
32589
32590
32591
32592
32593
32594
32595
32596
32597
32598
32599
32600
32601
32604
32605
32608
32609
32622
32623
32624
32625
32626
32627
32628
32629
32630
32631
32632
32633
32634
32635
32636
32637
32638
32639
32640
32641
32642
32643
32644
32645
32646
32647
32648
32649
32650
32651
32652
32653
32654
32655
32656
32657
32658
32659
32660
32661
32662
32663
32664
32665
32666
32667
32668
32669
32670
32671
32672
32673
32674
32675
32676
32677
32678
32679
32680
32681
32682
32683
32684
32685
32686
32695
32696
32697
32698
32699
32700
32701
32705
32706
32707
32708
32709
32710
32711
32712
32713
32714
32715
33045
33046
33047
33048
33058
33059
33060
33061
33062
33068
33069
33070
33071
33072
33073
33076
33077
33078
33079
33080
33081
33102
33103
33110
33112
33113
33114
33115
33118
33126
33127
33144
33149
33154
33155
33156
33190
33191
33194
33204
33205
33207
33208
33216
33218
33221
33242
33243
33253
33254
33255
33256
33257
33258
33259
33260
33261
33262
33263
33264
33265
33266
33267
33268
33269
33270
33271
33276
33277
33278
33279
33280
33281
33282
33310
33311
33312
33317
33323
33325
33326
33327
33328
33329
33330
33331
33332
33333
33334
33335
33336
33337
33338
33339
33340
33341
33353
33354
33355
33357
33358
33359
33361
33362
33363
33366
33367
33368
33377
33380
33381
33382
33383
33384
33385
33386
33387
33388
33389
33390
33391
33392
33393
33394
33395
33396
33397
33398
33399
33400
33401
33402
33403
33404
33405
33406
33407
33408
33409
33410
33411
33412
33413
33414
33415
33416
33417
33418
33419
33420
33421
33422
33423
33424
33425
33426
33427
33428
33429
33430
33431
33432
33433
33434
33435
33436
33437
33438
33439
33440
33441
33442
33443
33444
33445
33446
33447
33448
33449
33450
33451
33452
33453
33454
33455
33456
33457
33458
33459
33460
33461
33462
33463
33464
33465
33466
33467
33468
33469
33477
33486
33487
33488
33493
33494
33495
33496
33497
33502
33503
33505
33507
33514
33515
33518
33519
33520
33521
33522
33523
33524
33525
33526
33527
33539
33552
33553
33554
33555
33557
33558
33559
33560
33565
33566
33567
33568
33569
33570
33584
33585
33587
33598
33599
33600
33601
33608
33609
33610
33611
33612
33625
33643
33644
33645
33646
33647
33648
33649
33650
33651
33652
33653
33654
33655
33672
33673
33674
33675
33676
33677
33679
33683
33684
33685
33686
33687
33688
33690
33691
33692
33693
33694
33695
33696
33700
33701
33702
33703
33704
33705
33708
33709
33711
33718
33719
33724
33726
33727
33733
33734
33735
33736
33737
33738
33739
33740
33741
33742
33760
33761
33762
33763
33764
33765
33772
33773
33774
33775
33776
33777
33778
33779
33780
33781
33782
33783
33784
33785
33786
33787
33794
33795
33796
33797
33798
33799
33813
33814
33815
33820
33821
33822
33823
33824
33843
33871
33872
33875
33876
33877
33878
33879
33880
33883
33884
33885
33894
33897
33898
33907
33909
33913
33926
33927
33928
33931
33932
33933
33934
33935
33936
33937
33938
33939
33940
33941
33942
33943
33944
33945
33999
34000
34001
34004
34006
34007
34008
34009
34010
34012
34013
34041
34053
34110
34111
34121
34122
34123
34124
34125
34128
34129
34130
34131
34132
34133
34149
34160
34162
34163
34164
34165
34166
34167
34168
34169
34170
34171
34172
34173
34174
34200
34241
34265
34266
34286
34291
34292
34330
34331
34333
34337
34351
34352
34356
34363
34364
34372
34373
34374
34375
34376
34379
34380
34383
34384
34388
34389
34390
34401
34408
34409
34410
34413
34414
34415
34417
34421
34429
34430
34431
34437
34438
34453
34458
34459
34460
34461
34462
34466
34467
34468
34469
34499
34500
34501
34502
34505
34506
34510
34526
34531
34538
34539
34540
34541
34553
34554
34557
34558
34580
34581
34582
34591
34593
34594
34595
34596
34597
34598
34599
34600
34601
34607
34611
34612
34613
34614
34615
34616
34620
34621
34622
34623
34624
34788
34789
34791
34792
34799
34800
34808
34809
34812
34813
34819
34827
34828
34832
34833
34834
34840
34841
34851
34856
34861
34862
34872
34873
34874
34875
34876
34877
34878
34879
34881
34882
34883
34884
34885
34886
34887
34888
34889
34890
34891
34892
34893
35040
35341
35353
35364
35365
35366
35367
35368
35369
35370
35371
35372
35373
35374
35375
35385
35388
35390
35391
35392
35393
35394
35400
35401
35402
35403
35404
35405
35406
35407
35408
35414
35415
35418
35419
35426
35430
35431
35467
35468
35530
35541
35542
35567
35568
35569
35570
35579
35580
35581
35582
35583
35584
35602
35603
35604
35605
35606
35607
35608
35609
35613
35614
35615
35616
35632
35633
35658
35659
35686
35709
35710
35711
35712
35713
35714
35715
35729
35730
35731
35732
35733
35734
35735
35744
35745
35746
35747
35757
35760
35761
35762
35763
35764
35765
35766
35767
35768
35769
35770
35771
35772
35773
35774
35775
35776
35777
35778
35779
35780
35807
35812
35813
35818
35836
35849
35857
35861
35862
35864
35868
35869
35870
35871
35872
35873
35874
35875
35876
35877
35878
35879
35880
35881
35882
35883
35884
35894
35899
35900
35909
35921
35922
35935
35943
35944
35945
35946
35980
35985
35986
35987
35988
35989
35990
35991
36001
36002
36003
36004
36012
36013
36014
36016
36017
36018
36019
36020
36021
36022
36023
36025
36026
36027
36028
36029
36039
36042
36044
36045
36046
36079
36080
36081
36082
36083
36084
36085
36113
36118
36129
36131
36138
36142
36161
36162
36178
36179
36180
36181
36182
36183
36184
36185
36186
36187
36188
36189
36190
36209
36210
36211
36212
36237
36238
36244
36245
36246
36249
36253
36254
36255
36256
36258
36259
36260
36261
36262
36263
36268
36278
36298
36302
36303
36307
36316
36318
36323
36324
36325
36329
36342
36343
36344
36356
36357
36358
36359
36360
36371
36372
36384
36385
36386
36387
36388
36389
36390
36454
36456
36457
36458
36466
36467
36468
36472
36500
36516
36535
36542
36543
36549
36550
36554
36555
36560
36563
36566
36596
36597
36598
36608
36615
36616
36617
36623
36636
36637
36638
36639
36640
36641
36648
36649
36655
36656
36662
36665
36670
36671
36672
36673
36677
36686
36687
36688
36690
36691
36697
36698
36699
36715
36716
36717
36718
36719
36720
36721
36722
36723
36724
36725
36726
36727
36736
36737
36738
36741
36743
36751
36756
36757
36758
36759
36760
36761
36762
36763
36764
36777
36789
36790
36793
36803
36813
36815
36816
36817
36818
36819
36820
36821
36822
36823
36824
36825
36826
36829
36832
36837
36838
36840
36841
36843
36847
36848
36853
36858
36865
36868
36869
36873
36874
36875
36922
36923
36927
36928
36929
36930
36980
36981
36982
36983
36984
36987
36996
37011
37017
37019
37053
37054
37067
37080
37088
37089
37090
37100
37101
37102
37103
37104
37105
37106
37113
37114
37120
37127
37137
37138
37139
37140
37141
37142
37143
37144
37145
37146
37160
37161
37162
37170
37178
37181
37184
37185
37186
37187
37196
37198
37199
37201
37202
37203
37204
37213
37225
37226
37228
37229
37230
37231
37232
37233
37234
37235
37236
37237
37238
37239
37240
37241
37242
37243
37244
37245
37246
37247
37248
37249
37250
37251
37252
37253
37254
37255
37256
37257
37258
37259
37260
37261
37262
37263
37264
37265
37266
37267
37268
37275
37276
37280
37281
37282
37283
37284
37285
37288
37290
37292
37294
37306
37322
37323
37324
37325
37336
37337
37338
37344
37345
37346
37348
37351
37353
37354
37355
37356
37357
37358
37359
37360
37361
37362
37363
37364
37365
37366
37367
37368
37369
37370
37371
37372
37373
37374
37375
37376
37377
37378
37379
37380
37381
37382
37383
37384
37385
37386
37387
37388
37389
37390
37391
37392
37393
37394
37395
37396
37397
37398
37399
37409
37415
37416
37422
37455
37456
37459
37461
37462
37471
37476
37479
37492
37493
37494
37495
37501
37513
37519
37521
37523
37524
37527
37528
37529
37530
37531
37536
37540
37553
37564
37565
37566
37567
37569
37577
37578
37579
37580
37581
37582
37583
37597
37598
37599
37600
37601
37602
37603
37604
37614
37615
37616
37620
37621
37622
37623
37624
37646
37647
37654
37655
37656
37657
37668
37671
37678
37679
37680
37682
37683
37684
37686
37687
37688
37689
37690
37691
37692
37693
37694
37701
37704
37714
37715
37719
37720
37721
37722
37723
37724
37725
37726
37727
37728
37729
37730
37731
37732
37733
37734
37735
37736
37737
37741
37746
37747
37748
37749
37750
37751
37759
37761
37766
37772
37773
37782
37784
37788
37791
37796
37797
37798
37799
37802
37805
37806
37807
37808
37812
37813
37814
37852
37856
37857
37881
37895
37904
37905
37906
37907
37908
37925
37928
37932
37933
37937
37946
37947
37948
37949
37950
37951
37964
37967
37968
37975
37976
37977
37996
37997
37998
37999
38000
38001
38002
38003
38004
38005
38006
38007
38008
38009
38010
38011
38012
38013
38014
38015
38016
38017
38018
38020
38027
38039
38045
38048
38051
38052
38053
38054
38055
38056
38062
38104
38126
38127
38135
38137
38145
38155
38156
38157
38158
38162
38163
38164
38165
38166
38167
38168
38169
38170
38171
38172
38173
38174
38175
38176
38177
38178
38179
38180
38181
38182
38183
38184
38185
38186
38187
38202
38203
38205
38218
38224
38233
38235
38236
38237
38238
38239
38241
38243
38249
38250
38251
38252
38262
38284
38285
38286
38287
38294
38303
38304
38305
38336
38341
38344
38345
38346
38349
38366
38367
38369
38370
38371
38387
38388
38409
38410
38418
38428
38502
38503
38504
38505
38506
38515
38517
38520
38521
38522
38523
38524
38526
38527
38529
38530
38531
38532
38590
38591
38609
38610
38641
38651
38652
38669
38670
38677
38688
38689
38690
38691
38692
38693
38694
38697
38698
38705
38706
38707
38711
38712
38713
38714
38719
38722
38725
38726
38727
38728
38729
38730
38731
38732
38733
38734
38735
38736
38737
38738
38739
38740
38741
38742
38743
38748
38754
38755
38756
38757
38758
38762
38764
38765
38766
38767
38768
38769
38777
38778
38779
38780
38781
38782
38783
38787
38790
38800
38802
38803
38808
38818
38819
38825
38826
38828
38830
38834
38835
38836
38837
38838
38839
38840
38841
38842
38843
38844
38845
38846
38847
38849
38857
38870
38873
38879
38880
38882
38883
38887
38888
38889
38894
38896
38900
38901
38902
38905
38906
38915
38916
38917
38918
38922
38924
38932
38933
38934
38935
38936
38937
38938
38939
38940
38941
38943
38944
38945
38947
38951
38955
38958
38961
38962
38971
38974
38975
38977
38990
38991
38992
38999
39003
39004
39005
39007
39011
39012
39014
39015
39016
39018
39019
39020
39021
39029
39030
39031
39034
39041
39054
39064
39067
39073
39074
39079
39080
39084
39085
39094
39108
39109
39110
39111
39112
39113
39121
39122
39127
39134
39137
39139
39149
39153
39155
39156
39157
39158
39159
39160
39165
39166
39167
39168
39169
39175
39182
39183
39188
39191
39207
39225
39226
39227
39228
39233
39235
39237
39239
39257
39258
39269
39270
39275
39280
39287
39288
39289
39292
39293
39297
39302
39308
39313
39314
39320
39321
39322
39325
39326
39332
39333
39334
39335
39336
39339
39344
39345
39346
39367
39368
39370
39371
39372
39374
39375
39377
39381
39382
39388
39389
39397
39398
39401
39403
39405
39406
39428
39448
39453
39458
39461
39467
39471
39477
39481
39488
39511
39514
39515
39526
39527
39528
39529
39536
39538
39549
39551
39555
39558
39560
39561
39562
39565
39566
39567
39583
39584
39591
39594
39598
39613
39615
39616
39617
39619
39620
39642
39643
39644
39645
39646
39647
39648
39649
39650
39651
39652
39653
39654
39655
39656
39657
39658
39659
39660
39661
39662
39663
39664
39665
39666
39667
39668
39669
39670
39671
39672
39673
39674
39675
39676
39677
39678
39679
39680
39681
39682
39683
39684
39685
39686
39687
39688
39689
39690
39691
39692
39693
39694
39695
39696
39697
39698
39699
39700
39701
39702
39703
39704
39705
39713
39714
39723
39724
39729
39734
39735
39747
39751
39752
39753
39754
39755
39756
39757
39758
39761
39762
39763
39764
39765
39766
39772
39773
39780
39785
39787
39791
39792
39794
39795
39799
39806
39811
39812
39814
39842
39845
39846
39847
39851
39852
39853
39858
39870
39883
39884
39888
39889
39894
39896
39897
39900
39902
39903
39904
39914
39915
39924
39933
39938
39940
39941
39942
39943
39946
39947
39952
39953
39961
39962
39966
39967
39969
39970
39981
39982
39983
39984
39985
39986
39987
39988
39989
39990
39991
39992
39993
39994
40000
40003
40004
40005
40009
40011
40012
40013
40014
40015
40016
40017
40018
40022
40024
40028
40032
40035
40036
40039
40041
40042
40051
40053
40066
40069
40073
40075
40076
40077
40078
40079
40080
40081
40083
40084
40085
40086
40087
40095
40096
40098
40106
40107
40109
40110
40111
40124
40140
40141
40142
40148
40149
40159
40160
40161
40162
40163
40164
40165
40183
40186
40198
40206
40210
40213
40215
40225
40226
40227
40228
40229
40239
40240
40241
40242
40244
40245
40247
40248
40262
40268
40285
40286
40287
40296
40305
40334
40338
40345
40346
40349
40350
40351
40355
40371
40372
40380
40381
40390
40394
40395
40396
40397
40401
40402
40405
40406
40410
40412
40415
40420
40424
40425
40428
40429
40430
40433
40440
40451
40454
40455
40460
40468
40469
40470
40471
40475
40478
40485
40487
40488
40498
40499
40500
40501
40502
40503
40525
40530
40615
40616
40617
40619
40620
40644
40649
40650
40651
40653
40662
40663
40668
40669
40692
40700
40701
40732
40734
40735
40755
40757
40760
40761
40762
40763
40764
40770
40772
40804
40806
40807
40808
40814
40816
40824
40825
40828
40838
40839
40840
40849
40850
40857
40859
40860
40861
40862
40863
40865
40870
40871
40872
40873
40874
40876
40877
40897
40902
40903
40904
40905
40906
40913
40917
40918
40919
40920
40923
40931
40939
40940
40948
40949
40950
40959
40961
40962
40963
40964
40992
40993
40994
40995
40996
40997
40998
40999
41000
41001
41002
41007
41008
41010
41025
41026
41027
41029
41030
41049
41050
41051
41054
41057
41058
41059
41060
41061
41062
41083
41084
41105
41127
41139
41149
41150
41158
41160
41162
41163
41164
41165
41166
41167
41168
41180
41181
41182
41183
41230
41232
41233
41234
41235
41249
41250
41253
41260
41261
41262
41263
41264
41265
41267
41268
41274
41275
41285
41289
41290
41291
41333
41334
41342
41350
41351
41357
41358
41368
41379
41386
41391
41392
41393
41395
41396
41401
41402
41403
41415
41417
41427
41428
41429
41430
41431
41432
41433
41434
41435
41436
41437
41443
41444
41454
41456
41462
41464
41466
41467
41468
41469
41470
41477
41496
41497
41498
41506
41507
41508
41514
41515
41520
41521
41522
41523
41524
41525
41526
41527
41528
41529
41530
41531
41532
41533
41534
41535
41536
41537
41538
41539
41540
41541
41542
41543
41545
41562
41575
41576
41577
41578
41579
41580
41581
41582
41588
41590
41594
41595
41605
41606
41607
41608
41610
41621
41624
41625
41627
41633
41637
41638
41639
41641
41642
41643
41644
41647
41652
41653
41665
41666
41667
41668
41681
41693
41694
41695
41697
41703
41705
41706
41708
41709
41714
41715
41716
41719
41737
41738
41739
41748
41756
41757
41758
41759
41761
41764
41767
41769
41770
41772
41773
41774
41776
41779
41780
41787
41789
41790
41794
41798
41802
41808
41809
41811
41820
41821
41825
41826
41830
41833
41834
41835
41849
41855
41867
41868
41869
41892
41893
41896
41921
41923
41933
41934
41935
41949
41950
41956
41957
41959
41960
41962
41963
41964
41965
41967
41968
41969
41970
41990
41998
41999
42004
42005
42013
42014
42015
42019
42020
42023
42026
42037
42039
42043
42044
42051
42055
42056
42057
42058
42059
42061
42062
42065
42066
42078
42079
42081
42083
42084
42086
42087
42098
42099
42100
42108
42109
42123
42124
42126
42127
42135
42136
42137
42149
42152
42153
42158
42159
42167
42168
42190
42191
42210
42211
42212
42213
42227
42228
42230
42231
42241
42245
42246
42247
42249
42250
42260
42272
42273
42303
42304
42305
42306
42308
42314
42315
42316
42321
42331
42338
42352
42366
42372
42379
42393
42425
42426
42427
42428
42429
42430
42431
42432
42433
42434
42435
42436
42437
42438
42439
42440
42441
42442
42443
42444
42445
42446
42447
42448
42449
42450
42451
42452
42453
42454
42455
42456
42457
42458
42459
42463
42481
42482
42484
42485
42502
42504
42510
42511
42512
42525
42531
42532
42533
42534
42541
42543
42544
42546
42561
42562
42568
42569
42588
42595
42596
42598
42599
42601
42610
42616
42636
42639
42663
42666
42668
42674
42675
42676
42680
42683
42685
42687
42688
42690
42691
42696
42697
42698
42699
42700
42702
42703
42704
42705
42710
42716
42719
42720
42727
42751
42756
42757
42758
42759
42764
42766
42767
42768
42769
42770
42782
42806
42808
42816
42822
42823
42836
42837
42848
42849
42852
42853
42855
42856
42858
42859
42863
42864
42868
42880
42885
42886
42892
42893
42894
42895
42901
42902
42906
42907
42908
42909
42910
42911
42912
42913
42931
42942
42943
42944
42955
42957
42963
42966
42967
42968
42969
42974
42975
42980
42982
42983
42984
42986
42990
42991
42996
42997
43009
43019
43024
43025
43027
43029
43036
43037
43038
43039
43040
43041
43042
43052
43064
43070
43085
43095
43096
43097
43102
43103
43104
43105
43106
43107
43108
43109
43110
43111
43112
43117
43119
43120
43141
43142
43143
43147
43148
43150
43151
43152
43153
43154
43155
43156
43157
43161
43164
43173
43176
43178
43206
43207
43210
43211
43214
43215
43216
43219
43220
43229
43235
43236
43237
43238
43251
43253
43264
43267
43268
43269
43282
43283
43284
43285
43286
43287
43288
43289
43290
43291
43300
43303
43304
43307
43308
43312
43314
43315
43316
43326
43327
43332
43334
43338
43339
43341
43348
43349
43350
43353
43354
43356
43357
43358
43359
43361
43362
43363
43366
43367
43368
43373
43380
43386
43392
43393
43395
43400
43401
43410
43422
43423
43437
43438
43440
43451
43452
43453
43454
43455
43456
43457
43458
43474
43475
43476
43479
43488
43489
43527
43528
43530
43531
43562
43567
43579
43590
43591
43597
43598
43600
43602
43603
43606
43607
43620
43623
43626
43637
43644
43645
43649
43650
43654
43655
43662
43666
43673
43674
43702
43703
43709
43710
43711
43712
43713
43716
43717
43729
43736
43737
43738
43744
43746
43747
43754
43757
43759
43760
43761
43770
43771
43772
43773
43774
43780
43787
43792
43793
43803
43804
43808
43815
43819
43820
43849
43850
43851
43854
43855
43871
43875
43876
43877
43878
43879
43880
43881
43882
43883
43889
43890
43899
43901
43908
43910
43911
43912
43936
43939
43940
43941
43942
43944
43945
43947
43961
43962
43967
43968
43975
43976
44011
44012
44016
44021
44022
44023
44024
44026
44027
44049
44052
44053
44054
44062
44070
44071
44073
44074
44078
44081
44082
44091
44092
44099
44100
44101
44102
44103
44125
44126
44137
44138
44139
44140
44153
44166
44167
44181
44182
44183
44186
44190
44194
44197
44198
44199
44200
44210
44211
44217
44219
44220
44234
44235
44236
44237
44238
44240
44245
44246
44247
44259
44260
44261
44262
44264
44266
44272
44273
44288
44289
44291
44305
44306
44307
44308
44309
44310
44315
44316
44321
44342
44356
44357
44359
44360
44361
44363
44364
44372
44395
44396
44398
44399
44400
44415
44416
44417
44422
44423
44424
44435
44436
44441
44445
44447
44448
44454
44457
44461
44462
44463
44464
44465
44466
44467
44468
44469
44475
44476
44477
44485
44495
44565
44566
44570
44574
44589
44603
44609
44610
44611
44613
44616
44617
44621
44623
44632
44634
44635
44655
44656
44657
44664
44665
44667
44668
44679
44680
44692
44694
44695
44696
44697
44698
44699
44700
44701
44702
44703
44704
44705
44706
44707
44708
44709
44720
44721
44727
44732
44736
44740
44742
44750
44751
44752
44753
44754
44763
44766
44767
44770
44771
44772
44773
44775
44776
44780
44781
44782
44783
44784
44793
44799
44800
44801
44803
44804
44806
44807
44809
44812
44813
44815
44828
44840
44846
44847
44850
44851
44894
44898
44899
44900
44901
44902
44903
44904
44905
44906
44907
44913
44915
44927
44928
44929
44931
44935
44937
44940
44942
44949
44950
44965
44982
44983
44984
44990
44997
45010
45017
45018
45022
45023
45025
45032
45059
45066
45067
45068
45081
45094
45095
45102
45106
45107
45120
45122
45123
45127
45132
45133
45134
45135
45139
45145
45146
45147
45148
45157
45166
45179
45181
45185
45186
45187
45190
45191
45196
45204
45208
45209
45210
45211
45212
45213
45214
45215
45216
45217
45219
45224
45236
45237
45245
45246
45247
45248
45249
45250
45251
45252
45253
45254
45255
45256
45257
45258
45259
45260
45261
45262
45263
45264
45265
45266
45267
45268
45269
45270
45271
45272
45273
45274
45275
45276
45277
45278
45281
45282
45288
45299
45300
45317
45326
45334
45338
45339
45343
45344
45346
45351
45366
45367
45369
45370
45375
45376
45377
45379
45380
45381
45383
45391
45393
45398
45409
45412
45416
45421
45422
45431
45434
45436
45437
45438
45439
45443
45444
45448
45454
45455
45461
45470
45543
45544
45545
45546
45547
45548
45549
45554
45566
45567
45568
45570
45577
45579
45580
45581
45591
45596
45608
45627
45630
45632
45640
45641
45642
45650
45651
45669
45670
45671
45677
45678
45679
45687
45688
45695
45697
45705
45706
45710
45711
45712
45713
45714
45715
45718
45732
45744
45745
45746
45747
45754
45755
45765
45766
45770
45780
45781
45788
45789
45796
45797
45802
45803
45818
45819
45820
45857
45863
45870
45871
45872
45875
45876
45877
45878
45879
45882
45883
45887
45903
45911
45918
45919
45920
45929
45930
45998
46007
46049
46055
46056
46064
46065
46073
46074
46085
46122
46123
46134
46164
46165
46168
46171
46172
46173
46180
46181
46182
46193
46194
46195
46196
46197
46198
46199
46200
46201
46202
46203
46204
46205
46206
46207
46208
46209
46210
46211
46328
46342
46343
46346
46347
46348
46349
46350
46351
46352
46366
46367
46368
46369
46396
46397
46426
46427
46428
46429
46430
46452
46453
46459
46460
46461
46467
46481
46482
46483
46484
46485
46490
46503
46504
46505
46506
46511
46512
46526
46542
46545
46576
46577
46578
46579
46580
46622
46623
46658
46669
46670
46671
46672
46673
46674
46675
46676
46677
46681
46682
46683
46704
46709
46717
46718
46719
46720
46723
46724
46725
46726
46727
46728
46745
46762
46763
46787
46807
46824
46889
46925
46940
46942
46945
46981
46994
46995
46999
47000
47048
47049
47050
47051
47052
47053
47054
47055
47056
47057
47058
47063
47069
47080
47081
47082
47083
47086
47088
47095
47101
47112
47119
47120
47121
47122
47124
47125
47126
47133
47134
47148
47163
47174
47179
47205
47212
47264
47279
47281
47285
47286
47287
47288
47289
47290
47291
47292
47293
47294
47295
47296
47297
47298
47299
47300
47301
47302
47303
47304
47308
47309
47310
47311
47312
47315
47336
47337
47338
47342
47344
47345
47349
47350
47359
47360
47361
47373
47374
47399
47428
47448
47449
47450
47451
47452
47453
47454
47455
47456
47457
47467
47468
47469
47470
47471
47472
47479
47480
47481
47482
47483
47484
47485
47486
47487
47488
47489
47490
47491
47492
47500
47501
47502
47503
47504
47505
47506
47507
47508
47509
47510
47511
47512
47518
47522
47523
47551
47552
47569
47578
47587
47588
47589
47590
47591
47592
47593
47594
47595
47596
47597
47598
47599
47600
47601
47602
47603
47604
47606
47635
47638
47639
47640
47663
47664
47681
47682
47683
47687
47689
47690
47707
47708
47726
47727
47731
47732
47733
47734
47735
47736
47737
47738
47739
47740
47741
47742
47743
47744
47745
47746
47747
47752
47759
47769
47772
47773
47774
47775
47776
47777
47778
47779
47780
47781
47782
47783
47784
47785
47790
47791
47793
47797
47799
47800
47811
47812
47813
47814
47835
47836
47837
47838
47839
47848
47849
47852
47854
47859
47860
47861
47862
47863
47864
47865
47866
47867
47868
47869
47870
47886
47887
47889
47890
47912
47913
47918
47919
47924
47931
47933
47934
47951
47952
47953
47971
47975
47976
47977
47978
47982
47983
47984
47985
47986
47991
47992
48010
48011
48012
48013
48015
48018
48020
48029
48030
48031
48032
48043
48048
48056
48057
48058
48059
48061
48064
48124
48125
48128
48129
48130
48131
48132
48133
48134
48135
48136
48137
48138
48145
48146
48147
48148
48160
48161
48162
48165
48166
48167
48168
48172
48180
48181
48182
48193
48209
48210
48217
48218
48220
48228
48230
48235
48236
48237
48238
48239
48248
48251
48265
48267
48284
48285
48291
48292
48293
48295
48307
48308
48312
48313
48343
48344
48351
48352
48358
48359
48360
48361
48362
48363
48364
48365
48366
48367
48369
48370
48371
48375
48381
48385
48390
48400
48403
48404
48405
48407
48410
48411
48412
48423
48424
48425
48431
48432
48438
48440
48441
48442
48446
48447
48448
48449
48450
48451
48452
48466
48468
48469
48470
48472
48474
48475
48476
48477
48485
48486
48488
48490
48491
48497
48500
48501
48506
48508
48518
48520
48521
48522
48534
48539
48540
48544
48545
48546
48547
48548
48549
48556
48557
48558
48559
48560
48562
48573
48575
48582
48584
48589
48590
48594
48595
48596
48597
48598
48599
48600
48601
48612
48613
48614
48615
48622
48623
48624
48627
48628
48629
48632
48638
48647
48653
48656
48658
48662
48663
48666
48667
48668
48669
48670
48671
48672
48678
48680
48684
48686
48687
48688
48689
48694
48711
48712
48713
48714
48723
48724
48725
48726
48727
48740
48745
48746
48747
48748
48756
48758
48765
48766
48767
48768
48769
48775
48778
48780
48787
48796
48797
48798
48799
48801
48802
48803
48806
48807
48815
48816
48817
48827
48845
48852
48857
48858
48859
48863
48864
48865
48866
48873
48875
48884
48885
48888
48891
48892
48896
48897
48898
48899
48900
48901
48902
48903
48914
48924
48929
48930
48931
48935
48938
48940
48946
48947
48958
48963
48964
48965
48967
48975
48979
49000
49001
49002
49003
49004
49005
49006
49007
49014
49015
49016
49038
49039
49046
49053
49054
49061
49062
49063
49064
49065
49066
49075
49077
49078
49079
49080
49081
49082
49083
49084
49085
49090
49095
49096
49097
49098
49099
49104
49105
49108
49118
49119
49120
49121
49122
49123
49124
49125
49126
49127
49128
49129
49130
49131
49133
49134
49139
49142
49144
49145
49146
49147
49148
49157
49161
49162
49163
49164
49165
49166
49167
49168
49169
49170
49171
49172
49177
49180
49181
49191
49192
49193
49195
49196
49197
49198
49199
49205
49207
49210
49211
49212
49213
49214
49215
49216
49220
49229
49234
49235
49236
49237
49238
49241
49243
49244
49248
49249
49250
49251
49252
49253
49254
49255
49256
49257
49258
49259
49260
49262
49263
49264
49265
49267
49268
49274
49275
49279
49280
49281
49282
49283
49284
49285
49286
49287
49288
49289
49290
49291
49292
49293
49294
49295
49296
49297
49301
49302
49312
49313
49314
49315
49316
49317
49318
49319
49335
49336
49337
49338
49339
49340
49341
49342
49343
49344
49345
49346
49347
49348
49349
49350
49358
49359
49360
49361
49362
49363
49364
49365
49374
49377
49378
49379
49380
49381
49386
49392
49393
49394
49395
49397
49403
49411
49414
49415
49416
49417
49418
49419
49420
49423
49433
49435
49437
49438
49439
49440
49441
49443
49444
49445
49459
49461
49466
49480
49481
49488
49489
49490
49491
49496
49497
49498
49502
49503
49504
49510
49512
49515
49517
49518
49522
49523
49525
49527
49530
49536
49544
49545
49551
49552
49553
49554
49555
49556
49557
49558
49559
49560
49561
49573
49574
49575
49576
49577
49578
49579
49582
49588
49589
49590
49594
49595
49596
49599
49600
49610
49614
49615
49634
49643
49645
49646
49648
49649
49650
49651
49652
49653
49669
49670
49671
49672
49673
49674
49675
49676
49677
49678
49687
49688
49689
49690
49691
49692
49693
49694
49696
49697
49698
49699
49700
49701
49702
49704
49705
49706
49707
49708
49709
49710
49711
49713
49714
49720
49731
49735
49741
49742
49748
49754
49757
49759
49760
49762
49768
49771
49772
49775
49777
49779
49780
49785
49788
49789
49791
49792
49798
49799
49800
49807
49808
49815
49819
49822
49823
49824
49826
49828
49829
49831
49832
49834
49835
49836
49838
49839
49841
49843
49845
49847
49850
49852
49853
49857
49861
49863
49864
49867
49871
49872
49873
49878
49879
49881
49882
49884
49886
49888
49890
49891
49892
49893
49897
49899
49901
49903
49905
49907
49908
49910
49913
49916
49918
49920
49923
49925
49926
49928
49929
49930
49931
49932
49936
49937
49938
49944
49945
49946
49947
49949
49950
49953
49954
49957
49959
49962
49963
49966
49971
49972
49973
49978
49981
49983
49984
49985
49986
49988
49995
49996
49997
49999
50000
50001
50003
50011
50013
50016
50018
50021
50025
50026
50030
50032
50041
50046
50052
50053
50057
50061
50064
50065
50067
50068
50069
50070
50073
50076
50078
50082
50083
50084
50085
50090
50091
50093
50094
50097
50100
50104
50107
50115
50116
50117
50118
50120
50123
50124
50125
50126
50130
50131
50132
50137
50139
50140
50141
50142
50143
50144
50146
50148
50154
50156
50157
50160
50161
50165
50168
50169
50174
50183
50185
50186
50188
50191
50193
50195
50196
50197
50200
50201
50203
50208
50212
50214
50216
50218
50220
50224
50225
50226
50227
50228
50230
50232
50234
50238
50239
50240
50249
50252
50256
50260
50261
50262
50263
50265
50266
50269
50273
50274
50275
50279
50280
50281
50287
50290
50292
50298
50299
50302
50305
50308
50309
50311
50317
50321
50322
50326
50328
50332
50333
50334
50339
50342
50345
50347
50348
50350
50352
50353
50357
50358
50361
50363
50374
50376
50380
50382
50396
50397
50399
50402
50403
50408
50409
50415
50416
50419
50425
50426
50427
50430
50435
50439
50443
50449
50451
50453
50458
50462
50463
50466
50469
50471
50474
50479
50480
50482
50484
50491
50492
50497
50501
50502
50512
50513
50519
50520
50523
50524
50528
50536
50537
50545
50549
50550
50554
50556
50564
50565
50567
50569
50571
50574
50577
50582
50585
50586
50588
50590
50591
50592
50596
50600
50601
50602
50603
50604
50605
50610
50611
50616
50619
50621
50625
50626
50630
50633
50637
50641
50642
50644
50650
50652
50653
50654
50655
50658
50659
50661
50662
50663
50665
50666
50670
50715
50718
50721
50722
50728
50729
50733
50738
50740
50743
50744
50746
50753
50754
50756
50761
50763
50767
50772
50774
50776
50778
50781
50785
50787
50788
50789
50793
50799
50802
50810
50811
50815
50833
50836
50840
50846
50851
50868
50873
50875
50876
50882
50888
50891
50893
50894
50898
50900
50926
50927
50931
50937
50946
50948
50949
50951
50952
50955
50957
50961
50962
50969
50973
50976
50977
50980
50981
50991
50993
50994
51000
51002
51006
51007
51008
51016
51018
51021
51023
51025
51026
51028
51033
51035
51036
51037
51038
51040
51044
51045
51048
51051
51053
51055
51057
51061
51065
51066
51068
51069
51070
51072
51075
51076
51077
51079
51082
51084
51089
51091
51093
51100
51105
51107
51108
51111
51118
51122
51124
51126
51127
51128
51133
51136
51140
51143
51146
51147
51153
51159
51160
51161
51162
51164
51167
51170
51172
51176
51178
51179
51180
51181
51185
51187
51188
51190
51191
51192
51194
51197
51199
51205
51208
51210
51216
51221
51222
51225
51231
51233
51241
51245
51248
51251
51253
51254
51257
51259
51261
51264
51265
51267
51268
51269
51270
51271
51273
51274
51276
51277
51280
51281
51291
51293
51294
51305
51308
51309
51316
51318
51322
51324
51333
51337
51344
51345
51349
51352
51353
51356
51358
51359
51362
51363
51364
51368
51371
51373
51375
51380
51382
51385
51387
51388
51395
51397
51398
51399
51400
51404
51405
51406
51407
51408
51412
51417
51425
51426
51427
51428
51431
51439
51444
51445
51446
51447
51449
51451
51452
51454
51456
51463
51466
51467
51474
51475
51476
51487
51492
51494
51497
51499
51501
51506
51508
51510
51513
51514
51515
51516
51527
51530
51532
51537
51541
51542
51547
51549
51550
51551
51554
51556
51557
51558
51566
51570
51573
51574
51575
51577
51583
51587
51589
51590
51596
51599
51602
51603
51607
51615
51619
51621
51630
51635
51637
51638
51639
51646
51658
51660
51664
51668
51671
51672
51676
51679
51686
51691
51693
51695
51700
51702
51704
51705
51713
51721
51722
51723
51725
51733
51735
51741
51745
51750
51760
51771
51773
51776
51781
51784
51803
51805
51806
51808
51812
51813
51816
51832
51848
51858
51872
51877
51881
51897
51903
51906
51924
51929
51938
51940
51958
51961
51969
51980
51982
51986
51991
51998
51999
52004
52016
52019
52021
52025
52036
52043
52050
52055
52071
52074
52077
52079
52093
52100
52101
52106
52107
52111
52114
52115
52122
52133
52142
52147
52151
52152
52158
52159
52163
52164
52165
52166
52167
52170
52178
52179
52180
52187
52207
52211
52213
52214
52215
52223
52225
52226
52232
52234
52245
52250
52259
52263
52268
52274
52278
52285
52293
52300
52310
52314
52315
52316
52320
52323
52334
52336
52343
52346
52348
52354
52359
52360
52361
52368
52369
52380
52386
52388
52390
52391
52399
52404
52409
52417
52418
52421
52422
52429
52431
52433
52435
52436
52439
52442
52449
52458
52460
52472
52482
52485
52487
52489
52491
52498
52503
52504
52506
52507
52514
52518
52525
52532
52534
52535
52536
52538
52549
52550
52553
52557
52559
52560
52561
52571
52572
52575
52577
52580
52581
52582
52584
52585
52588
52591
52598
52604
52605
52609
52612
52614
52620
52624
52626
52630
52631
52633
52634
52635
52636
52643
52644
52647
52648
52649
52653
52654
52667
52669
52675
52676
52678
52682
52687
52689
52697
52702
52708
52710
52716
52724
52726
52729
52730
52735
52736
52739
52746
52759
52764
52766
52769
52772
52777
52779
52781
52782
52784
52786
52787
52791
52793
52794
52797
52798
52807
52809
52812
52815
52816
52818
52823
52826
52839
52840
52841
52846
52847
52849
52851
52863
52864
52868
52874
52875
52876
52882
52891
52900
52901
52902
52904
52906
52907
52908
52914
52915
52927
52928
52939
52940
52941
52948
52951
52952
52959
52974
52978
52985
52989
52992
52993
52995
52996
52999
53002
53007
53008
53009
53016
53018
53019
53024
53028
53034
53036
53039
53045
53050
53052
53056
53059
53064
53068
53072
53078
53079
53083
53085
53091
53092
53094
53097
53098
53099
53107
53111
53113
53114
53123
53129
53131
53135
53140
53142
53150
53153
53154
53158
53162
53163
53168
53173
53180
53185
53187
53189
53201
53203
53208
53209
53215
53216
53225
53226
53227
53231
53232
53234
53246
53249
53253
53254
53256
53266
53270
53272
53279
53280
53281
53284
53288
53290
53294
53295
53298
53299
53302
53306
53308
53320
53321
53325
53334
53338
53340
53341
53344
53345
53349
53355
53356
53363
53367
53372
53377
53380
53381
53382
53387
53391
53392
53398
53411
53416
53424
53425
53432
53436
53438
53441
53452
53453
53456
53457
53461
53462
53469
53471
53473
53479
53480
53483
53488
53499
53509
53511
53524
53528
53529
53535
53536
53537
53549
53550
53557
53562
53563
53570
53572
53577
53579
53581
53583
53589
53590
53593
53596
53598
53607
53608
53610
53620
53624
53635
53638
53639
53640
53651
53655
53657
53667
53683
53684
53689
53697
53716
53726
53734
53759
53760
53775
53779
53780
53784
53792
53796
53809
53810
53811
53818
53820
53822
53826
53829
53834
53835
53838
53842
53843
53845
53848
53849
53851
53854
53856
53857
53858
53860
53863
53872
53874
53878
53884
53891
53897
53898
53909
53913
53915
53916
53923
53926
53929
53931
53932
53934
53950
53959
53964
53967
53975
53977
53978
53983
53984
53987
53991
53998
53999
54016
54019
54022
54027
54032
54033
54036
54038
54039
54044
54047
54051
54052
54055
54065
54071
54072
54078
54087
54092
54102
54103
54104
54107
54117
54118
54120
54133
54144
54145
54153
54163
54164
54165
54174
54179
54182
54184
54185
54186
54193
54203
54212
54217
54220
54222
54226
54228
54229
54233
54240
54245
54247
54250
54251
54254
54259
54260
54268
54275
54291
54294
54295
54308
54309
54311
54312
54314
54317
54319
54322
54323
54327
54329
54341
54348
54351
54357
54358
54368
54373
54377
54380
54382
54395
54402
54404
54413
54416
54417
54418
54421
54431
54435
54438
54447
54450
54455
54460
54461
54463
54465
54467
54473
54475
54477
54483
54490
54497
54501
54505
54510
54516
54517
54526
54534
54535
54543
54545
54546
54550
54557
54561
54568
54570
54575
54576
54578
54580
54581
54582
54583
54591
54596
54597
54602
54603
54604
54610
54615
54619
54621
54628
54629
54633
54635
54645
54657
54661
54663
54667
54668
54669
54670
54671
54673
54676
54681
54683
54688
54693
54699
54709
54712
54713
54722
54732
54736
54741
54745
54747
54748
54753
54758
54764
54766
54775
54778
54779
54785
54786
54791
54794
54798
54800
54808
54811
54813
54821
54823
54824
54825
54830
54831
54835
54836
54859
54868
54873
54881
54885
54891
54897
54899
54907
54910
54914
54915
54918
54924
54926
54927
54929
54933
54935
54942
54948
54949
54952
54956
54964
54970
54973
54981
54990
55000
55003
55007
55009
55023
55025
55029
55033
55044
55046
55050
55051
55056
55058
55062
55063
55064
55066
55067
55068
55071
55072
55076
55079
55080
55095
55099
55101
55102
55105
55106
55111
55120
55129
55131
55136
55137
55138
55139
55145
55152
55153
55155
55167
55168
55169
55173
55174
55179
55184
55195
55211
55212
55218
55223
55237
55238
55243
55245
55247
55250
55252
55253
55264
55265
55266
55271
55278
55279
55280
55287
55292
55304
55309
55325
55352
55356
55363
55364
55365
55371
55376
55385
55386
55387
55391
55394
55395
55409
55410
55417
55424
55431
55434
55450
55451
55452
55453
55460
55462
55463
55468
55476
55481
55482
55484
55485
55486
55496
55509
55510
55512
55513
55514
55515
55518
55519
55524
55528
55534
55541
55549
55552
55557
55567
55568
55569
55572
55583
55590
55591
55592
55594
55595
55596
55600
55604
55608
55609
55616
55617
55620
55621
55628
55639
55646
55650
55652
55653
55655
55656
55667
55668
55672
55675
55677
55679
55683
55689
55691
55693
55702
55712
55715
55718
55722
55723
55725
55727
55729
55732
55734
55736
55737
55738
55741
55743
55744
55747
55751
55754
55761
55766
55776
55784
55789
55793
55800
55813
55815
55817
55827
55831
55836
55841
55843
55845
55849
55852
55858
55863
55864
55873
55886
55888
55889
55893
55896
55899
55901
55902
55904
55905
55911
55912
55922
55925
55926
55928
55944
55947
55954
55956
55963
55969
55974
55975
55979
55981
55982
55984
55986
55990
55991
55995
56007
56008
56009
56011
56022
56023
56030
56035
56040
56047
56056
56058
56061
56063
56065
56066
56073
56076
56080
56081
56083
56086
56097
56101
56104
56105
56116
56119
56120
56123
56128
56129
56133
56151
56152
56157
56167
56172
56178
56185
56205
56206
56208
56215
56216
56217
56224
56228
56229
56232
56234
56239
56248
56255
56260
56264
56267
56271
56272
56273
56286
56291
56297
56298
56299
56305
56314
56324
56325
56326
56332
56333
56335
56338
56339
56340
56345
56347
56349
56356
56364
56377
56378
56381
56382
56385
56387
56389
56393
56394
56402
56404
56405
56408
56409
56411
56417
56421
56426
56434
56435
56446
56448
56455
56458
56460
56462
56472
56475
56477
56484
56485
56487
56491
56501
56502
56503
56514
56516
56519
56524
56527
56528
56529
56533
56537
56546
56547
56549
56550
56552
56557
56563
56565
56573
56574
56575
56581
56582
56586
56589
56590
56595
56609
56613
56617
56621
56624
56628
56635
56638
56639
56640
56650
56651
56652
56664
56666
56668
56681
56683
56684
56685
56688
56693
56697
56711
56713
56720
56721
56722
56723
56726
56727
56728
56745
56747
56748
56749
56753
56757
56760
56779
56781
56782
56787
56793
56800
56803
56807
56809
56812
56821
56828
56841
56843
)


// ************************************************************************* //
