/*--------------------------------*- C++ -*----------------------------------*\
| =========                 |                                                 |
| \\      /  F ield         | OpenFOAM: The Open Source CFD Toolbox           |
|  \\    /   O peration     | Version:  v2012                                 |
|   \\  /    A nd           | Website:  www.openfoam.com                      |
|    \\/     M anipulation  |                                                 |
\*---------------------------------------------------------------------------*/
FoamFile
{
    version     2.0;
    format      ascii;
    class       volScalarField;
    location    "400";
    object      gammaInt_0;
}
// * * * * * * * * * * * * * * * * * * * * * * * * * * * * * * * * * * * * * //

dimensions      [0 0 0 0 0 0 0];


internalField   nonuniform List<scalar> 
13917
(
1
1
0.999988
1
1
1
1
1
1
1
0.999999
1
1
1
1
1
1
0.999999
1
1
1
1
1
1
1
1
0.999999
1
1
1
1
1
1
1
1
1
1
1
1
1
1
1
1
1
1
0.998219
1
1
1
1
1
1
1
1
1
1
0.999999
1
1
0.998289
1
0.999996
1
1
1
1
1
1
0.999998
1
1.00009
1
1
1
1
1
1
1
1
1
1
1
1
1.00001
1
1
1
1
1
1
1
1
1
1
1
1
0.999998
1
1
1
1
1
1
1
1
1
1
0.999999
1
1
1
1
1
1
1
1
1
1
1
1
1
1
1
1
1
1
1
1
1
1
1
0.999862
1
1
1
1
1
1
1
1
1
1
1
1
1
1
1.00012
1
1
1
1
1
1
1
0.999983
1
1
1
1
1
1
1
1
1
1
1
1
1
1
1
1
1
1
1
1
1
1
1
1
1
1
1
1
0.999998
1
0.999894
1
1
1
1
1
1
1
1
1
1
1
1
1
1
1
1
1
1
1
1
1
1
0.999999
1
1
0.999842
0.999627
1
1
1
1
1
1
1
1
1
0.999994
1
1
1
1
1
1
1
1
1
1
1
1
1
1
1
1
1
1
1
1
1
1
1
1
1
1
1
1
1
1
1
1
1
1
1
0.999992
1
1
1
1
1
1
1
1
1
1
1
1
1
1
1
1.00001
1
1
1
1
1
1
1
1
1
1
1
1
1
1.00001
1
1
1
0.999998
1
1
1
0.999993
1
1
1
1
1
1
1
1
1
1
1
1
1
0.999815
1
1
1
1
1
0.999999
1.00005
0.999999
0.999904
1
0.999978
1
1
1
1
1
1
1
1
1
1
1
1
1
1
1
0.999994
1
1
1.00007
1
1
1
1.00001
1
1
1
1
1
1.00005
1
0.999997
1
1
1
1
1
1
1
1
1
1
1.00001
1
1
1
1
1
1
0.999994
0.999881
1
1
1.00001
0.999831
1
1
0.997465
1
1
0.999999
1
1
1
1
1
1
1
1
1
1
1
1
0.999912
1
1
1
1
0.999984
1
1
1
1
1
1
1
1
1
1
1
1
1
1
1
1
0.999993
1
1
1
1
1
1
0.999495
1
1
1
1
1
1
1
1
1
1
1
1
1
1
1
1
1
1
1
1
0.999998
1
1
1
1
0.999779
1
1
1
0.999866
1
1
1
1
1
1
1
1
1
1
1
1
1
1
1
1
1
1
1
1
1
1
1
1
1
0.999995
0.999898
1
1
1
1
1
1
1
1
1
1
1
1
1
1
1
1
1
1
1
1
1
1
1
1
1
1
1
1
1.00001
1
1
1
1
1.00001
0.999999
1
1
1
1
1
1
1
1
1
1
0.999999
1
1
1
1
1
1
1
1
1
1
1
1
1
1
1
1
1
1
1
1
1
1
0.999999
1
0.999999
1
1
1
1
1
1
1
1
1
1
1
1
1
0.999989
1
1
1
1
1
1
1
1
1
0.999634
1
1
1
1
1
1
1
1
0.999918
1
1
1
1
1
1
0.991161
1
1
1
1
1
1.00014
1
1
1
1
0.999521
1
1
1
1
1
1
0.997381
1
0.999999
1
1
1
1
1
1
1
1
1
1
1
1
1
1
1
1
1
0.99999
1
1
1
1
1
1
1
1
1
1
1
0.999981
1
0.999995
1
1
1
1.0001
1
1
1
1
1
1
1
1
1
1
1
1
1.00001
1
1
1
1
1
1
1
1
1
1.00001
1
1
1
1
1
1
1
1
1
1
1
1
1
0.999999
1
1
1
1
1
1
1
1
1
1
1
1
1
1
1
1
1
1
1
1
1
0.999999
1
1
1
1
1
1
1
1
1
1
1
1
1
1.00039
1
1.00008
1
1.00001
1
1
1
1
0.999977
1
1
1
1
1
1
1
1
1
1
0.999826
1.00012
1
1
1.0004
1
1
1
1
1
0.999983
1
1
1
1
1
1
1
1
1
1
1
1
1
1
1
1
1
1
1
1
1
1.00006
1
1
1
1
1
1
1
1
1
1
1
1
1
1
1
1
1
1
1
1
1
1
1
1
1
1
1
1
1
0.999999
1
1
1
1
0.999999
1
1
1
1
1
1
1
1
1
0.999999
1
1
1
1
1
1
1
1
1
1
1
1
1
1
1
1
1
1
1
1
1
1
1
1
0.997117
1
1
1
1
1
1
1
1
1
1
1
1
1
1
1
1
1
1
1
1
1
1
1
1
0.999989
1
1
1
1
1
1
1
1
1
1
1
1
1
1
1
1
0.999566
1
1
1
0.998597
1
1
1
1
1
1
1
1
1
1
1.00003
1
1
1
1
1
1
1
1
1
1
1
1.00001
1
1
1
1
1
1
1
1
1
1
1
0.999998
1
1
1
1
1
1
1
1
1
1
1
1
1
1.00013
1
1
1
1
1
1
1
0.999999
1
1
1
1
1
1
1
1
1
1
1
1
1
1
1
1
0.998514
1
0.999999
1
1
1
1
1
1
1
1
0.999267
1
1
1
1
1
1
1
1
1
1
1
1
1
1
1
1
1
1
1
1
0.999577
0.99999
1
0.999998
1
1
1
1
0.999997
1
1
1
1
1
1
1
1
1
1
1
1
1
1
1
1
1
0.999999
1
1
0.999784
1
1
1
0.999951
1
1
0.999857
1
1
1
1
1
0.999925
1
1
1
1
1
1
1
0.999664
1
1
1
1
0.999796
1
1
1
1
1
1
1
1
1
1
1
1
1
1
1
1
1
0.999977
1
1
1
1
0.999959
1
1
1
1
1
1
1
1
1
1
1.00001
1
1
1
1
1
1
1
1
1
1
1
1
1
1
1
0.999688
1
1
1
1
1
1
1
1
1
1
1
1.00038
1
1
1
1
1
1
1
1
1
1
1
1
1
1
1
1
1
1
1
0.999999
1
1
1.00002
1
0.99955
1
1
1
1
1
1
1
1
1.00001
1
1
1
1
0.998886
0.999911
1
1
0.99986
1
1
1
1
1
1
1
1
0.999933
1
1
1
0.999842
1
1
1
1
1
1
1
1
1
1
1
1
1
1
0.999987
1
1
1
1
0.999959
1
1
1
1
0.999999
1
1.00001
1
0.999991
1
1
1
1
1
1
1
1
1
1
1
1
1
1
1
1
1
1
1
1
1
1
1.00004
0.999915
1
1
1
1
1
0.999998
1
1
1
1
1.00024
1
1
1
1
1.00015
1
1
1
1
1
1
0.999999
1
1
1
1
1.00029
1
1
1
1
0.9999
1
1
1
1
1
0.999996
1
1
1
1
1
1
1
0.99992
1
1
0.999986
0.999989
1
0.999975
1
1
1
1
1
1
1
1
1
1
0.999999
1
1
1
1
0.99995
1
1
1
1
1
1
1
1
1
1
1
1
1
0.999999
1
1.00001
1
1
1
1
1
1
1
1
1
1
1
1
0.999451
1
1
1
1.00001
0.999997
1
1
1
1
1
1
1
1
1
1
1
1
1
1
1
1
1
0.999998
1
1
1
1
1
1
1
1
1
1
1
1
1
1
1
1
1
1
1
1
1
1
1
1
1
1
1
1
1
1
1
0.999997
1
1
1
1
1
1
0.999916
1
1
1
1
1
1
1
1
1
1
1
1
1
1
1
1
1
1
1
0.999958
1
1
1
1
1
1
1
1
1
1
1
1
1
1
0.992889
1
1
1
1
1
1
1
1
1
1
1
1
1
1
1
1
1
1
1
1
1
1
1
1
1
1
1
1
1
1
1
1
1
1
1.00001
1
1
1
1
1.00053
1
1
1
1
1
1
1
1
1
1
1
1
1
1
1
1
1
1
1
0.99602
1
1
1
1
1
1
1
1
1
0.999997
1
1
1
1
1
1.00001
1
1
1
1
1
1
0.998848
1
1
1
1
1
1
1
0.999868
1
1
1
1
1
1
1
1
1
1
1.00015
1
1
1
0.999708
1
0.998828
1
1
0.999999
1
1
1
0.999941
1
1
1
1
1
1
1
1
1
1
1
1
1
1
1
1
1
1
1
1
1
1
1
1
1.00003
0.999959
0.999995
1
1
1
1
1
0.99999
1
1
1
1.0002
0.999998
1
1
1
1
1
1
1
1
1
1
1
1
1
1
1
1
1.00001
1
1
1
1.00002
1
0.999964
1
1
1
1
1.00001
1
1
0.999892
1
1
1
1
1
1
1
1
1
1
1
1
1
1
1
0.999999
1
0.999997
1
1
1
1
1
1
1
1
1
1.00079
1
1
1
1
1
1
1
1
1
1
1
1
1
1
1
1
1
1
1
1
1
1
1
1
1
1
1
1
1
1
1
1
1
1
1
1
1
1
1
1
1
1
1.00025
1
1
1
1
0.999998
1
1
1
1
1
1
1
1
1
1
0.999994
1
1
1
1
0.999698
1
1
1
1
1
1
1
1
1
1
1
1
1
1
1
1
1
1
1
1
0.999999
1
1
1
1
1
1
1
0.996281
1
1
1.0001
1
1
1
1
1
1
0.999998
1
1
1
1
1
1
1
1
0.999712
1
1
1
1
1
1
1
1
1
1
1
1
1
1
1
1
1
1
1
1
1
0.999425
1
0.99811
1
1
1
1.00001
1
1
1
1
1
1.00002
1
1
1
1
1
1
1
0.999964
1
1
1
1
1
1
1
1
1
1
1
1
1
0.999997
1
1
1
0.999969
1
1
1
1
0.999994
1
1
1
0.999929
1.00001
1
1
1
1
1
1
1
0.998876
1
0.997453
1
1
1
1
1
1
1
1
1
1
1
1
1
1
1
1
1
0.999354
1
1
1
0.999874
1
1
1
1
1
1
1
1
1
0.999964
1
1
1
1
1
1
1
1
1
1
1
1
1
1
1
1
1
1
1
1
1
1
1
1
1
1
1
1
1
1
1
1
1
1
1
1
1
1
1
1
1
1
1.00003
1
1
1
1
0.999995
1
1
1
1
1
1
1
1
1
1
1
1
1
0.999999
1
1
1
1
0.999997
1
0.999984
0.999977
1
1.00001
1
1
1
1
1
1
1
1.00059
1
1
1
1
1
1
1
1
1
1
1
1
1.00013
1.0037
1
1
1
1
1
1
1
1
1
1
1
1
1
0.999931
1
1
1
1
1
1
1
1
1
1
1
1
0.99999
1
1
1
1
1
1
1
1
1
1
1
1
1
1
1
1
0.999752
1
1
1.00001
1
1
1
1
1
1
1
1
1
1
1
1
1
1
1
1
1.00001
1
1.00001
1
1
0.997463
1
1
1
1
1
1
1
1
0.996412
1
1
1
1
1
1
1
1
1
0.999959
1
1
1
1
1
0.999972
1
1
0.999496
1
1
1
1
1
1
1
1
1
1
0.999904
1
1
1
1
1
1
1
1
1
1
1
1
1
1
1
1
1
1
1
1
1
1
1
1
1
1
1
0.999951
1
1
1
0.999998
1
0.999261
0.995796
1
1
1
1
0.998538
1
0.99997
0.999991
1
1
1
1
1
1
1
1
1
1
1
0.999956
1
1
1
1
1
1
1
1
1
1.00022
1
1
1
1
1
1
1
1
1
1
1
1
0.999914
1
1
1
1
1
1
1
0.999987
1
1
1
1
1
1
1
1
1
1
1
1
1
1
1
1
1
1
1
1
0.999999
1
1
1
0.999987
1
1
0.999909
1
1
1
1
1
1
1
1
0.999999
1
1
1
1
1
1
1
1
1
0.999422
1
0.999982
1
1
1
1
1.00001
1
1
1
1
1
1
1
1
1
1
1
1.00005
1
1
1
1
1
1
1
1
1
1
1
1
1
1
1
1
1
1
1
0.995655
1
1
0.999927
1
1
1
1
1
1
1
1
1
1
1
1.00031
1
1
1
1
1
1
1
1
1
1
1
1
1
1
1
1
1
0.999997
1
0.999982
1
1
1
1
1
1
1
1
0.999991
1
0.999538
1.00003
1
1
1
1
0.999998
1
1
1
1
1
1
1
1
1
1
1
1.00001
1
0.999996
1
1.00018
1
1
0.999966
1.00003
0.998104
1
1
1
1
1
1
1
1
1
0.99998
1
1
1
1
1
1
1
1
1
1
1
1
1
1
1
1
1
0.999999
1
1
1
1
1
1
1
0.999996
1.00008
1
1
1
1
1
1
1
1
1
1
1
0.999999
1
0.998227
1
0.999679
1
1
1
0.994279
1
1
1
1
0.999964
0.997313
1
1
1
1
1
0.998548
1
1
1
1.00003
1.00028
1
1
1
1
1
1
0.999983
1
1
1
1
1
1
1
1
1
1
0.999774
1
1
1
1
1
1
1
0.997579
1
1
1
1
1
0.998602
1
1
1
1
1
1
1
1
1.00001
0.999707
1
0.998216
1
1
1
1
1
1
1
0.999994
0.999945
1
1
1
1
1
1
1.00001
1.00001
1
1
1
1
1
1
1
1
1
1
1
1
1
1
1
1
1
1
1
1
1
1
1
1
1
1
1
1
1
1
1
1
1
1
1
1
1
1
1
1
1
1
1
1
1
1
1
1
1
1
1
1
1
1
1
1
1
1
0.99995
1
1
1
1
1
1
1
0.999992
1
0.998611
1
1
1
1
1
1
1
1
1
1
1
1
1
1
1
1
1
1
1
1
1
0.999881
1
0.999996
1
1.00004
1
1.00002
1
1
1
1
1
1
1
0.999998
1
1
1
1
1
1
1
1
1
1
1
1
1
1
1
1
1
1
1
1
1
1
1
1.00002
1
1
1
0.999164
1
1
1
0.999936
1
1
1
1
1
1
1
1
1
1
1
1
1
1
1
1
1
1
1
1
0.999831
1
1
1
1
1
1
1
0.999995
1
1
1
1
1
1
1
1
1
1
1
1
1
1
1
1
1
1
1
0.999999
1
1
1
1
1
1
1
1
1
1
1
1
1
1
1
1
1
1
1
1
1
1
1
1
1
1
1
1
1
1
1
1
1
1
1
1
1
1
1
1
1
1
1
1
1
1
1
1
1
1
1
1
1
1
1
1
1
1
1
1
1
1.00001
1
1
1
1
1
1
0.998434
1
1
1
1
1
1
1
1
1
1
1
1
1
1
1
1
1
1
1
1
1
1
1
1
1
1
1
1
1
1
1
1.00001
1
1
1
1
1
1
1
1
1
1
1
1
1
1
1
1
1
1
1
1
1
1
1
1
1
1
1
1
1
1
1
1
1
1
1
1
1
1
1
1
1
1
1
1
1
1.00001
1
1
1
1
1
1
1
1
1
1
1
1
1
1
1
1
1
1
1
1
1
1
1
1
1
1
1
1
1
1
1.00001
1
0.999867
0.999997
1
1
1
1
1
1
1
1
1
1
1
1
1
1
1
1
1
1
1
1
1
1
1
0.999903
1
0.999971
1
1
1
1
1
1
1
1
1
1.00008
1
1
1
1
1
1
1
1
1
1
1
1
1
1
1
1
1
1
1
1
1
1
1.00003
1
1
1
1
1
1
1
1
1
1
1
1
1
1
0.999991
1.00004
1
1
1
1
1
1
1
1
1
1
0.999991
0.995183
1
1
1
1
1
1
1
1
1
1
1
1
1
1
1
1
1
1
1
1
1
1
1
1
1
1
1.00007
1
1
1
1
1
1
1
1
1
1
1
1
1
1
1
1
1
1
1
1
1
1
1
1
1
1
1.00001
1
1
1
1
1
1
1
1
0.999992
1
1
1
1
1
1
1
1
1
1
1
1
1
1
1
1
1
1
1
1
1
1
1
1
1.00003
1
1
1
1
1
1
1
1
0.999616
1
1
1
1
1
1
1
1
1
1
1
1
1
1
1
1
1
1
1
1
1
1
1.00009
1
1
1
1
1
1.00001
1
1
1
1.00032
1
1
1
1
1
1
1
1
1
1
1
1
1.00002
1
1
1.00001
1
1
1
1
1
1
1
1
1
1
1
1
1.00001
1
1
1
1
1
1
1
1
1
1
1
1
1
0.999505
1
1
1
1
1
1
1
1
1
1
1
1
1
1
1
1
1
1
1.00001
1
1
1
1
1
1
1
1
1
1
1
1
1
1
1
1
1
1
1
1
1
1
1.00001
1
1
1
1
1
1
1
1
1
0.999992
1
1
1
1
1
0.999979
1
1
1
1
1
1
1
0.99996
1
1
0.999976
1
1
1
1
1
0.999995
1
1
1
1
1.00003
0.998737
1
1
1
1
1
1
1
1
1
1
1
1
1
1
1
1
1
0.996244
1
1
1
1
1
1
1
1
1
1
0.999994
1
1
1
1
1
1
1
1
1
1
1
1
0.999999
1
1
1
1
1
1
1
1
1
1
1
1
1
1
1
1
1
1
1
1
1
1
1
1
1
1
1
1
1
1
1
1
1
1
1
1
1
1
1
1
1
1
1
0.997623
1
1
1
1
1
1
1
1
1
1
1
1
1
1
1
1
1
1
1
1
1
1
1
1
1
1
1
1
1
1
1
1
1
1
1
1
1
1
1
1
1
1
1
1
1.00014
1
0.999978
1
1
1
1
1
1
1
1
1
1
1
1
1
1
1
1
1
1
1
1
1
1
1
1
1
1
1
1
1
1
1
1
1
1
1
1
1
1
1
1
1
1
1
1
1
1
1
1
1
1
1
1
1.00002
1
1
1
1
1
1
1
1
1
1
1
1
1
1
1
1
0.999886
1
1
1
1
1
1
1
1
1
1
1
0.999983
1.00002
1
1
1
1
1
1
1
1
1
1
1
1
1
1
1
1
1
1
1
1
1
1
1
1
1
1
1
1
1
1
1
1
1
1
1
1
1
1
1
1
1
1
1
1
1
1
1
1
1
1
1
0.999985
1
0.999998
1
1
1
1
1
1
1
1
1
1
1
1
1
1
0.999999
1
1
1
1
1
1.00001
1
1
1
1
1
1
1
1
1
1
1
1
1
1
1
1
0.999946
1
1
1
1
1
1
1
1
0.999904
1.00004
1
1
1
1
1
1
1
1
1
1
1.00002
1
1
1
1
1
1
0.999972
1
1
1
1
1
0.999997
1
1
1
1
1
0.995808
1
1
1
1
1
1
1
1
1
1
1
1
1
1
1
1
1
1
1
1
1
1
1
1
0.995409
1
0.999975
0.999999
1
1
1
1
1
1
1
1
1
1
1
1
1
1
0.999974
1
1
1
0.999759
0.999979
1
1
1
1
1
1
0.996875
1
1
1
1
1
1
1
1
1.00004
1
1
1
1
1
1
1
1
1
0.996271
1
1
1
1
1
1
1
1
1
1
1
1
1
1
1.00005
0.999995
0.999322
1
1
1
1
1
1
1
0.999953
1
1
1
1
1
1
1
1
1
1
1
1
1.00006
1
1
1
1
1
1
1
1
1
0.999999
1
1
1
1
1
1
1
1
1.00006
1
1
1
1
1
0.999804
1
1
1
1
1
1
1
1
1
0.999999
1
1
1
1
1
1
1
1
1
1
1
1
1
1
1
0.999999
1
1
1
1
1
1
1
1
1
1
1
1
1
1
1.00005
1
1.00001
1
1
1
0.999963
1
1
1
1
1
1
1
1
1
1
1
1
1
1
1
1
1
1
1
1
1
1
1
1
0.999997
1
1
1
1
1
1
1
1
1
1
1.00003
1
1
0.999973
1
1
1
1
1.00001
1
1
1
1
1
1
1
0.999929
1
1
1
1
1
1
1
1
1
1
1
1
1
1
1
1
1
1
1
1
1
0.999999
1
1
1
1
1
1
1
1
1
1
1
1
1
1
0.999939
1
1
1
1
1
1
1
1.00007
1
1
1
1
1
1
1
1
0.999999
1
1
1
1
1
1
1.00001
1
0.998983
1
0.999999
1
1
1
1
1
1
1
1
1
1
1
1
1
1
1
1
1
1
1
1
1
1
1
1.00002
1
1
1
1
1
1
0.998413
1
1
1
1
1
1
1
1
1
0.999997
1
1
1
0.999959
1.00001
1
1
0.999789
1
1
0.999998
1
1
1
1
1
1
1
1
0.999935
1
1
1
1
1
1
1
1
1
1
1
1
1.00016
1
0.996473
1
1
1
1
1
1
1
1
1
0.999998
1
1
1
1
1
1
1.00001
1
1
1
1
0.999999
1
1
1
1
1
1
1
0.999906
1
1
1
1
1
1
1
1
1
1
1.00001
1
0.999999
1
1
1
1
1
1
1
1
1
1
0.999984
1
1
1
1
1
0.999999
1
1
1
1
1
1
1
1
1
1
1
1
1
1
1
1
1
1
1
1
1
1
1
1
1
1
1.00001
1
1
1
1
1
1
1
1
1
1
1
1.00001
1
1
1
1
1
1
1
1
1
1
1
1.00001
1
1
1
1
1
1
1
0.999998
1
0.999526
1.00001
1
1
1.00002
0.999997
1
1
0.999911
1
1
1
0.999818
1
1
1
0.996644
1
1
1
1
1
1
1
1
1
1
1
1
1
1
1
1
1
1
1
1
1
1
1
1
1
1
1
1
1
0.999431
1
1
1
1
1
1
1
1
1
1
1
1
0.999732
1
1
1
1
1.00002
1
1
1
1
1
1.00001
1
1
1
1
1
1
1
1.00001
1
1
1
1
1
1
0.999962
1
1
1
1
1
1
1
1
1
0.999962
1
1
0.999996
1
1
1
0.999888
1
0.999997
1
1
1
1
1
1
1
1
1
1
1
0.999999
1
1
1
1
1
1
1
1
1
1
1
1
1
1
1
1
0.999999
1
1
1
1
0.999845
1
1
0.999996
1
1
1
1
1
1
1
1
1
1
1
1
1
1
1
1
1
1
1
1
1
1
1
1
1
1
1
1
1
1
1
1
1
1
1
1
1
1
1
0.999977
1
1
1
1
1
1
1
1
1
1
1
1
1
1
1
1
1
1
0.999997
1
1
1
1
1
1
1
1
1
1
1
1
1
1
1
1
1
1
1
1
1
1
1
1
1
1.00001
1
1
1
1
1
1
1
1.00006
1
1
1
1
1
1
1
1
1
1
1
0.999999
1
1
1
1
1
1
1
1
1
1
1
1
1
1
1
1
1
1
1
1
1
1
1
1
1
1
1
1
1
1
1
0.999999
1
1
0.999998
1
1
1
1
1
1
1
1
1
1
1
1
1
1
1
1
1
1
1
1
1.00003
1
1
1
1
1.00001
1
1
1
1
1
1
1
1
1
1
1
1
1
1
1
1.00005
1
1
1
1
0.9999
1
1
0.999701
1
1.00003
1
1
1
1.00006
1
1
1
1
1
1
1
1
1
1
1
1
1
1
1
0.999994
1
1
1
1
1
0.999998
1
1
1
1
1
1
1
1
1
1
1
1
1
1
1
1
1
1
1
1
1
1
1
1
1
1
1
1
1
1
1
1
1
1
1
1
1
1
1
1
1.00001
1
1
1
1
1
1
1
1
1
1
1
1
1
1
1
0.999992
1
1
1
1
1
1
1
1
1
1
0.999988
1
1
1
1
1
1
1
1
1
1
0.999977
1
1
1
1
1.00003
1
1
1
0.999875
1
1
1
1
1
1
1
1
1
1
1
1
1.00001
1
1
1
1
1
1
1
1
1
1
1
1
1
1.00001
1
1
1
1
1
0.999994
1
1
1
1
1
1
0.999107
1
0.999999
1
1
1
0.999962
1
1
1
1
1
1
1
1
0.999972
1
1
1
1
1
1
0.999967
1
1
1
1.00001
1
1
1
1
1
1
1
1
1
1
1
1
1
1
1
0.999986
1
1
1
1
1
1
0.999999
1
1
1
1
1
1
1
1
1
1
1
1
1
1
1
1
1
1
1
1
1
0.999951
1
1
1
1
1
0.999999
0.999943
1
1
1
1
1
1
1
1
1
1
1
1
1
1
1
0.999482
1
1
1
0.999992
1
1
1
0.998558
1
1
0.999884
1
1
1
1
1
1
1
1
1
1
1
1
1
1
1
1
0.999961
1
1
1
1
1
1
1
1
1
1
1
1
1
1
0.999999
1
1.00001
0.999937
1
1
0.999977
1
1
1
1
1
1
0.999993
1
1
1
1
1
1
1
1
1
1.00001
1
1
1
1
1
1
1
1
1
1
1
1
1
1.00002
1
1
1
1
1
1
1
1
1
1
1
1
1
1
1
1
1
1
1
1
1
1
1
1
1
1
1.00001
1
0.999999
1
1
1
0.999995
1
1
1
1
1
1
0.99985
1
0.999997
1
1
1
1
1
1
1
1
1
1
0.999997
1
1
1
1
1
1
0.999999
1
1
1.00001
1
1
1
1
1
1
0.99998
1
1
1
1
1
1
1
1
1
1
1.00001
1
1
1
1
1
1
1
1
1
1
1
1
1
1
0.999919
1
0.999833
1
1
1
1
1
1
1
1
1
1
1
1
1
1
1
1
1
1
1
1
1
1
1
1
1
1
0.99677
1
1
1
1
1
1
1
1
1
1
1
0.999998
1
1
1
1
1
1
0.999888
1
1
1
1
1
1
0.990353
1
0.999746
0.999998
1
1
1
1
1
1
1
1
1
1
1
1
1
1
1
1
0.999982
0.999817
1
1
1
1
1
1
1
1
1
1
1
1
1
1
1
1
1
1
0.999993
1
1
1.00001
1.00001
1
1
1
1
0.999989
0.999992
1
1
1
1
1
0.999963
1
1
1
1
1
1
1
1
1
0.999994
1
1
1
1
1
1
1
1
1
1
1
0.999997
1
1
1
0.999479
1
1
1
1
1
1
1
1
0.999987
1
1
0.999999
1
0.999976
1
1.00026
1
1
1
1
1
1
1
1
1
1
1
1
1
1
1
1
0.99994
1
1
1
1
1
1
1
1
1
0.996726
1
1
1
0.999997
1
1
0.999996
0.999956
1
1
1
1
1
1
0.999981
1
1
1
1
1
1
1
1
1
1
1
1
1
0.999814
1
1
0.999963
1
1
1
0.999884
1
1
1
1
1
1
1
1
1
1
1
1
1
1
0.999985
1
1
1
1
1
1
1
1
1
1
0.999779
1
1
1
1
1
0.999963
1
1
1
0.999999
1
1
1
1
1
1
1
1
1
1
1
1
1
1
1
1
1
1
1
1
1
1
1
1
1
1
1
0.999803
1
0.999935
1
1
1
1
1
1
1
1
1
1
1
1
1
1
1
1
1
1
1
1
1
1
1
1
1
1
1
1
1
1
1
1
1
1
1
1
1
1
1
1
1
0.999997
1
1
1
0.999992
1
1
1
1
1
1
1
1
1
0.999995
1
1
1
1
1
1
1
0.999994
1
1
1
1
1
1
1
1
1
1
1
1
1
1
1
1
1
0.999984
1
1
1
1
1
1
1
1
1
1
1
1
1
1
1
1
1.00002
0.999999
1
1
1
0.999996
1
0.999996
1.00002
0.99999
1
0.999965
1
1
0.999993
1
1
1
1
1
1
1
0.999993
1
1
1
1
1
1
0.999999
1
1
1
1
1
1
1
1
0.999999
1
1
1
1
1
1
1
1
1
1
1
1
1
1
1
1
1
1
1
1
1.00001
1
1
0.999995
1
0.999998
1
0.999994
1
0.999994
1
1
0.999819
1
1
1
0.999999
1
1
1.00001
1
1
1
0.999999
1
1
0.999994
1
1
1
0.999996
1
1
1
1
0.999948
0.999999
1
0.999912
1
1
0.999985
1
1
1
1
1
1
1
1
1
1
0.999995
1
0.999906
0.999998
0.999993
1
1
1
1
1
1
1
1
1
0.999907
1
1
1
1
1
0.999968
0.999999
1
1
1
1
1
1
1
1
1
1
1
1
1
1
1
1
1
1
1
0.999996
1
1
1
1
1
1
1
1.00001
1
1
0.999987
0.999987
1
0.999994
1
1
1
1
1
1
1
1
1
1.00003
1
1
1
1
1
1
1
1
1
1
1
1
0.999995
1
1
1
1
1
1
1
1
1
1
1
0.99997
1
1
1
1
1
1
1
1
1
1
1
0.999826
1
1
1
1.00001
1
1
1
1
1
1
1
1
1
1
0.999854
1
0.999993
1
1
0.999994
1
1
1
0.999963
1
1
1
1
1
1
1
1
1
1
1
0.999985
1
1
0.999934
1
1
1
0.999999
1
1
1
1
0.999997
1
1
1
1
1
1
0.999998
1
0.999982
1
1
1
1
1
1
1
1
1
1
1
1
1
1
1
1
1
1
1
1
1
1
1.00001
1
1
1
0.99993
0.999999
1
1
1
1
1
1
1
1
1
0.999999
1.00001
1
1
1
1
1
1
1
0.99999
0.999998
1
1
1
1
1
1
0.999995
1
1
1
1
1
1
1
1
1
1
1
1
1
1
1
1
0.999999
1
1
1
1
1
1
1
1
0.999986
1.00003
0.999995
1
0.999999
1
1
0.999997
1
0.999998
1
1
1
1
1
1
1
1
0.999998
0.999999
1
1
1
0.99994
1
1
1
1
0.999987
1
1
1
1
1
1
1
1
1
1
1
0.999999
1
1
1
1
1
1
1
1
0.999998
1
1
1
0.999994
1
0.999996
1
1
1
1
1
1.00001
1
1
1.00003
1
1
1
1
1.00003
1
1.00006
1
1.00004
1
0.999998
1
1
1
1
1
1
1
1
1
1
1
1
1
1
1
1
1
1
1
1
1
1
1
1
1
1
1
1
1
1
1
1
0.999999
1
1
1
1
1
1
1
1
1
1
0.999992
0.999939
1
1
1
1
1
1
1
0.999883
1
1
1
1.00001
1
1
1
1
1
1
1
1
1
1
1
1
1
1
1
0.999852
1
1
0.999996
1
1
0.999982
1.00004
1
1
1
1
0.999993
1
1.00006
0.999998
0.999954
0.999897
1
1
1
1
1
1
1
0.999996
1
1
1
1
1
1
1
0.999973
1
1
1
1
1
1
0.999998
1
1
1
1
1
1
1
1
1
1
1
1
1
1
1
1
1
0.999956
1
1
1
1
1
1
0.999979
1
1
1
1
1
1
1
1
1
0.999999
1
0.999998
1
1
0.999998
1
1
1
0.999995
1
1
1
1
1
1
1
1
0.999984
1
1
1
1
1
1
0.999996
1
1
1
1
1
1
1
1
1
1
1
1
1
1
0.999998
1
1.00001
1
1
1
1
1
1
1
1
1
1
1
1
1
1
1
1
1
1
1
1
1
1
1
1
1
1
1.00003
1
1
1
1
1
1.00001
0.999972
1
1
1
1
1
1
1
0.999994
1
1
1
1
1
1
1
1.00001
1
1
1.00001
1
1
1
1
1
1
1
1
1
1
1
1
1
1
1
1
1
1
1
1
1
1
1
1
1
1
1
1
1
1
1
1
1
1
1
1
1
1
1
1
1
1
1
1
1
1
1
1.00001
1
1
0.999997
1
1
0.999979
1
1
1
1
1
1
1
1
1
1
1
1
1
1
1
1
1
1
1
1
1
1
1
1
0.999956
1
1
1
1
0.999998
1
1.00002
1
1
0.999974
1
1
1.00001
1
1
1
1
1
1
1
0.999808
1
1
1
1
1
0.999999
1
1
1
1
1
1
1
1
1
1
1
0.999992
1
0.999997
1
1
1
1
1
1
1
0.999982
1
1
0.999994
1
1
1
1
1
1
1
1
1
1.00002
1
1
1.00014
1
1
1
1
0.99986
1
1
1
1
1
1
1
1
1
0.999861
1
1.00001
1
1
1
0.999948
0.999949
1
1
0.999993
1
1
1
1
1
0.999999
1
0.999994
1
1
1
1
1
1
1
1
1
1
1
0.999984
1
1
1
1
1
1
1
1
1
1
1
1
1
1
1
1
1
1
1
1
1
1
1
1
1
1
1
1
1
1
1
1
1
1
0.999904
1
1
1
1.00001
1
1
0.999993
0.999917
1
1
1
1
1
1
1
1
1
1
1
0.999996
1
1
1
1.00003
1
1
1
1
1
0.999999
1
1
1
1
0.999954
1
1
1
1
1
1
1
1
1.00002
1
1
1
1
1
1
1
1
1
1.00003
1
1
1
1
1
1
1
1
1
1
1
1
0.999992
1
1
1
1
1
1
1
1
0.999997
1
1
1
1
1
1
0.999958
0.999992
1
1
1
1
1
1
0.999866
1
1
1
1
1
1
1
1
1.00002
0.999997
0.999999
1
1
1
1
1
1
1
1
1
1
1
1
1
0.999979
1
1
1
1
1
1
1
1
1
1
1
1
1
1
1.00001
1
1
1
1
1
1
1
1
1
1
0.999999
1
1
1
0.999894
1
1
1
1
1
1
1
1
1
1
1
1
1
1
1
1
1
1
1
0.999998
1
1
1
1
1
1
1
1
1
0.999998
1
1
1
1
0.999842
1
1
1
1
1
1
1
0.999989
1
1
1.00003
1
1
1
0.999995
1
1
1
1
1
1
1
1
1
1
1
1.00001
1
1
1
1
1
1
1
1
1
1
1
1
1
1
0.999997
1
1
1
1
1
1
1
1
1
0.999961
1
1
1
1
1
1
1
1
1
0.999981
1
1
1
1
1
1
1
1
0.99999
1
1
1
1
1
1
1
1
1
1
1
1
1
1
1
1
1
0.999859
0.999995
1
1
1
1
1
1
1
0.999999
1
1
0.999975
1
1
1
1
1
1
1
1
1
1
1
1
1
1
1
1
1
1
1
1
0.999998
0.999896
1
1
1
1
1
1
1
1
1
0.999936
1
0.999995
1
1
1
1
1
1
1
1
1
1
1
1
1
1
1
1
1
1
1
1
1
0.999998
1
1
1
1
1
1
1
1.00001
0.999994
1
1
1
1
1
1
1
1
1
1
1
1
1
1
1
1
1
1
1
1
1
1
1
1
0.999999
1
1
1
1
1
1
1
1
1
1
1
1
1
1
1
1
1
1
1
0.999999
1
1
1
1
1.00002
1
1
1
1
1
1
1
1
1
1
1
1
0.999847
1
1
0.999997
1
1
1
1
1
1
1
1
1
1
1
1
1
1
1
1
1
0.999998
1
0.999887
1
1
1
1
1
1
1
1
1
0.99999
1
1
1
0.999891
1
1
1
1
1
1
1
0.999997
1
1
0.999998
1
1
0.999995
1
1
1
1
1
0.999999
0.999997
1
0.999988
1
1
1
1
1
1
0.999994
0.999911
1
0.999824
1
1
1
0.999965
1
1
1
1
1
1
1
1
1
1
1
1
1
0.999999
1
1
1
0.999977
0.999985
0.999956
1
0.999999
0.999878
1
1
1
1
0.999999
1
1
0.999997
0.999985
1
1
0.999846
1
1
1
1
1
1
1
1
0.999993
1
0.999929
1
1.00001
1
1
1
1
1
0.999828
1
1
1
1
0.999865
1
1
1
1
1
1
1
1
1
1
1
1
0.999863
1
1
1
1
1
1
1
1
1
1
1
0.999947
1
1
1
1
1
1
1
1
1
1
1
1
1
1
1
1
1
0.999996
1
1
1
1
1
1
1
1
0.999975
1
1
1
1
1
1
1
1
1
1
1
1
1
1
1
1
1
1
1
0.99999
1
1
1
1
1
0.999884
1
1
1
0.99982
1
1
1
0.999898
1
1
1
1
1
1
1
1
1
1
1
1
1
1
1
0.999996
1
1
1
1
1
1
1
1
1
1
1
0.999999
1
1
1
1
1
1
1
1
1
1
1
1
1
1
1
1
1
1
1
1
1
1
1
1
1
0.999995
1
1
1
1
1
1
1
1
1
1
1.00002
1
1
1
0.999998
1
1
1
1
1
0.996628
1
1
0.999997
1
1
1
1
1
1
1
1
1.00002
1
1
1
1
1
1
1
1
1
1
1
1
1
1
1
1
1
1
1
1
1
0.99994
1
1
1
1
1
1
1
1
1
1
1
1
1
1
0.999913
1
1
1
1
1
1
1
1
1
1
1
1
1
1
1
1
0.999994
1
1
1
0.999999
1
1
1.00004
1
1
1
1
1
1
1
1
1.00001
0.999998
1
1
0.999997
1
1
1
1
1
1
1
1
1
1
1
1
1
1
1
1
1
1
1
1
1
1.00003
0.999999
1
1
1
0.999996
1
1
1
1
1
1
1
1
1
1
1
1
1
1
1
1
1
0.996639
1
1
1
1
1
1
1
1
1
1
1
1
1
1
1
1
1
1
1
1
1
1
1
1
1
1
1
1
1
1
1
0.999997
1
1
1
1
1.00023
0.999996
1
0.999997
1
1
1
1
0.999917
1
1
1
1
0.999903
1.00001
1
1
1
1
1
1
1
1
1
1
1
1
1
1
1
1
1
1
1
1
1
1
1
1.00005
1
1
1
1
1
1
1
1
0.999993
1
1
1
1
1
1
1
1
1
1
1
1
1
1
1
1
0.999806
1
1
1
1
1
1
1
1
1
0.999999
1
1
0.999979
1
1
1
0.999999
1
1
1
1
1
1
0.999993
0.9962
1
0.999999
1
1
1
0.999874
1
1.00004
1
1
1
1
1
1
1
1
1
1
1
1
1
1
1
1
1.00003
1
1
1
1
1
1
1
1
0.999948
0.999987
1
1
1
1.00005
1
1
0.999843
1
1
1
1
0.996412
1
0.999998
1
1
1
1
0.999884
1
1
1
1
1
1
1
1
1
1
1
0.999996
1
1
1
1
1
1
1
1
1
1
1
1
1.00004
1
0.999995
1
1
0.999996
1
1
0.999889
1
0.999997
1
0.999998
1
1
1
1
1
1
0.999974
1
1
1
0.997455
1
1
1
1
1
1
1
0.999996
1
1.00001
1
1
1
1
1
1
1
1
0.999992
1
1
1
1
1
1
1.00006
1
1
1
1
1
1
1
1
1
1
1
1
1
1
1.00001
1
1
1
1
1
1
1
1
1
1
1
0.999827
1
1
1
1
1
0.999993
1
1
1
1
1
1
1
1
1.00001
1
1
1
1
1
1
1
1
1
1
1
1
1
1
1
0.999906
1
0.999999
1
1.00003
0.999993
1
1
1
1
1
1
1
1
0.999992
0.999997
1
1
1
0.999996
1
1
1
1
1
0.999988
1
1
1
1
1
1
1
0.999996
1
1
1
1
1
1
1
1
1
1
1
0.999998
1
1
1
1
1
1
1
1
1
1
1
1
1
1
1
1
1
1
1
1
1
1
1
1
1
1
1
1
0.999999
1
1
1
1
1
1
1
1
1
1
1
1
1
1
1
1
1
1
1
1
1
1
1
0.999997
0.999995
1
1
1
1
1
1
1
1
1
1
1
1
1
1
1
1
1
1
1
1
1
1
1
1
1
1
1
1
1
1
1
1
1
1
1
1
0.999996
1
1
1
1
1
1
1
1
1
1
1
1
1
1
1
1
1
1
1
0.999997
1
1
1
1
1
0.999997
1
1
1
1
1
1
1
1
1
1
1
1
1
1
1
1
1
1
1
1
0.999998
0.999999
1
1
1
0.999998
1
1
1
1
0.999988
1
0.999999
1
1
0.999997
1
1
1
1.00001
1
1
1
1.00004
1
1
1
1
1
1
1
1
1
1
1
1
1
1
0.999998
1
0.999986
1
1
1
1
1
1
1
1
1
1
1
1
1
1
1
0.999999
1
1
1
1
1
1
1
1
1
0.99999
1
1
1
1
1
1
1
1
1
1
1
1
1
1
1
1
1
1
1
1
0.999987
1
1
1
1
1
1.00001
1
1
1
1
1
0.999999
1
1
1
1
1
1
1
1
1
1
1
1
1
1
1
1
1
1
1
1
1
1
1
1
1
1
1
0.999992
1
1
1.00001
1
0.999861
1
0.999991
1
0.999996
1
1
1
1
1
1
1
1
1
1
1
1
1
1
1
1
1
1
1
1
1
1
1
1
1
1
1
1
1.00001
1
1
1
1
1
1
1
0.999989
1
1
1
1
1
1
1
1
1
0.999999
1
1
1
1.00001
1
1
1
1
1
1.00002
1
1
1
1
1
1
1
0.999949
1
1
1
0.999996
1
1
1
1
1
1
0.999997
1
1
1
1
1
1
1
1
0.999996
1
1
1
1
1
1
0.999951
1
1
1
1
1
1
1
1
1
1
1
1
1
1
1
1.00002
1
1
1
1
1
1
1
1
1
1
1
1
1
1
1
0.999995
1
1
1
1
1
1
1
1
1
1
1
1
0.999886
1
1
1
0.999873
1
1
1
1
0.999964
1
0.999994
1
1
1
0.999999
1
1
1
1
1
1
1.00001
1
1
0.999999
1
1
1
1
1
1
1
1
1
1
0.998544
0.999999
1
1
1
1.00001
0.999994
1
1
1
1.00002
0.999995
1
1
1
1
1
1
1
1
1
1
1
1
1
1
1
1
0.999999
1
1
1
1
1
1
1
1
0.999996
1
1
1
1
1
1
1
1
1
1.00004
1
1
1
1
1
1
1
1.00001
1
1
1
1
1
1
1
1
1.00001
1
1
1
0.999999
1
1
1
1.00001
1
1
1
0.999999
1
1.00002
1
1
1
1
1
0.999998
1
1
1
1
1
1
0.999993
1
1
1
1
0.999992
1
1
1
1
1
1
1
1
1
1
1
1
1
1
1
1
1
1
1
1
1
1
1
1
1
1
1
1
1
1.00002
1
1
1
1
1
1
0.999999
1
1
1
1
1
1
0.999996
1
1
0.999999
1
0.999973
1
1
1
1
1
1
1
1
1
1
1
1
1
1
1
1
1
1
1
1
1
1
1
1
1
1
0.999909
1
1
0.999994
1
1
1
1
1
1
1
1
1
1
1
1
1
1
1
1
0.999998
1
1
1
1
1
1
1
1
1
1
0.999999
1
1
1
1
1
1
1
1
1
1
1
1
1
1
1
0.999983
1
1
1
1
1
1
1
1
1
0.999999
1
1
1
1
1
1
1
1
1
1
1
1
1
1
1
1
1
1
1
0.999994
1
1
1
1
0.999979
1
1
1
0.999999
1
1
1
1
1
1
1
0.999999
0.999999
1
1
1
1
1
1
1
1
1
1
1
1
1
1
1
1
1
1
1
0.999999
1
1
1
1
1
1
1
1
1
1.00003
1
1
1
1
1
1
1
1
1
1
1
1
0.999961
1
1
1
1
1
1
1
1
1
1
0.999946
1
1
1
1
1
1
1
1
1
0.999965
1
0.999978
1
0.999998
1
1
1
1.00003
1
1
1
1
1
1
1
1
1
1
1
1
1
1
1
1
1
1
1
1
1
1
1
1
1
0.999984
1
1
1
1
1
1
1
1
1
1
1
1
1
1
1
1
1
1
0.999993
1
0.999993
1
1
1
1
1
0.999996
1
1
1
1
1
1
1
1
1
1
1
1
1
1
1
1
0.999997
1
1
1.00001
0.999993
0.999998
1
1
1
1
1
1
1
1
1
1
1
1
0.999992
1
1
1
1
1
1
1
1
1
1
1
1
1
1
1
1
0.999998
1
1
1
1
1
1
1
1
0.999993
1
1
1
1
1
1
1
0.999997
1
0.999999
0.99999
1
1
1
1
1
1
1
1
1
1
1
1
1
1
1
1
1
0.999997
1
1
1
1
1
0.999986
1
0.999999
1
1
1
1
1
1
1
1
1
1
1
1
1
1
1
1
1
1
1
0.999964
1
1
1
1
1
1
1
1
1
1
1
1.00001
1
1
1
1
1
1
1
1
1
0.999553
1
1
0.999992
1
1
1
1
1
1
1
1
1
1
1
1
1
1
1
1
1
1
1
1
1
1
1
1
1
1
1
1
0.999984
1
1
1
1
1
1
1
1
1
1
1
1
0.999999
1
1
1
1
1
1
1
1
1
1
1
1
0.999999
1
1
1
1
1.00001
1
1
1.00006
1
1
1
1
1
1
1
1
0.999998
1
1
1
1
1
1
1
0.999949
0.99995
1
1
1
1
1
0.999987
1
0.999999
0.999992
1
1
1
1
1
1
1
1
1
1
1
1
1
0.999941
1
1
0.999901
1
1
1
1
1
0.999997
1
1
1
0.999991
1
1
1
1
0.999995
1
1
1
1
1
1
1
1
1
1
1
1
1
1
1
1
1
1
1
1
1
1
1
1
1
1
1
1
1
1
1
0.999986
1
1
1
1
1
1
0.999994
1
1
0.999761
1
1
1
1
1
1
1
1
1
1
1
0.999986
1
1
1
1
1
1
0.999999
1
1
1
1
1
1
1
1
1
1
0.999996
1
1
1
1
1
1
1
1
1
1.00001
1
1
1
1
1
0.999967
1
1
1
0.999984
1
1
1
1
1
1
0.999989
1
1
1
1
1
1
1
1
1
1
1
1
1
1
1
1
1
1
1
1
1
1
1
1
1
1
1
1
1
1
1
1
1
1
1
1
1
1
1
1
1
1
1
1
1
1
1
1
1
0.999972
1
1
1
1
1
1
1
1
1
1
1
0.999988
1
1
1
1
1
1
0.999997
0.999999
1
1.00002
1
1
1
1
1
1
1
1
1
1
1
1
1
1
1
1
1
1
1
1
1
1
1
1
1
0.999996
0.999997
1
1
1
1
1
1
1
1.00004
1
1
1
1
1
1
1
1
1
1
1
1
1
1
1
1
1
1
1
1
1
1
1
1
1
1
1
1
1
1
1
1
1
1
1
1
1
1
1
1
1
1
1
1
1
1
1
1
1
1
1
1
1
1
1
1
0.999903
1
1
1
1
1
1
1
1
1
1
1
1
1
0.999999
1
1
1
1
1
1
1
1
1
1
1
1
1
1
1
1
1
1
1
1
1
1
1
1
1
1
1
1
1
1
1
1
1
1
1
1
1
1
1
1
1
1
1
1
1
1
1
1
1
1
1
1
1
1
1
1
1
1
1
1
1
0.999999
1
1
1
1
1
1
1
1
1
1
1
1
1
1
1
1
1
1
1
0.999995
1
1
1
1
1
1
1
1
1
1
1
1
1
1
1
1
1
1
1
1
1
1
1
1
1
1
1
1
1
1
1
1
1
1
1
1
1
0.999997
1
1
1
1
1
1
1
1
1
1
1
1
1
1
1
1
1
1
1
1
1
1
1
1
1
1
1
1
1
1
1
1
1
1
1
1
1
1
1
1
1
1
1.00005
1
1
1
1
1
1
1
1
1
1
1
1
1
1
1
1
1.00002
0.999987
1
1
1
1
1
1
1
1
1
1
1
1
0.999997
1
1
1
1
1
1
1
1
1
1
1
1
0.999999
1
1
1
1
1
1
1
1
1
1
1
1
1
1
1
1
1
1
1
1
1
1
1
1
1
1
1
1
1
1
1
1
1
1
1
1
1
1
0.999998
1.00001
1
1
1
1
1
1
1
1
1
1
1
1
1
1
1
1
1
1
1.0001
1.00001
1
1
1
1
1
1
1
1
1
1
1
1
1
1
1
1
0.999582
1
1
1
1
1
1
1.00002
1
1
1
1
1
1
1
1
1
1
1
1
1
1
1
1
1
0.999999
1
1
1
1.00001
1
1
1
1
1
1
0.999898
1
1
1
1
1
0.999998
1.00003
1
1
1
1
1
1
1
1
1
1
1
1
1
0.998754
1
1
1
0.999999
1
0.999998
1
1
1
1
1
0.99994
1
1
1
1
1
1
1
1
1
1
1
1
1.00002
1
1
0.999987
1
1
1
1
1
1
1
1
1
1
1
1
1
1
0.999997
1
1
1
1
1
1
1
1.00001
0.999988
1
1
1
1
1
1
1
1
1
1
1
1
1
1
1
1
1
0.999996
1
1
1
1.00012
1
1
1
1
1
1
1.00002
1
1
1
1
1
1
1
1
1
1
1
1.00002
1
1
1
1
1
0.999994
1
1
1
1
0.999993
1
1
1
1
1
1
1
1
1
1
1
1
1
1
1
1
1
1
1
1
1
1
1
1
1
1
1
1
1
1
1
1.00001
1
1
1
1
1
0.999997
1
0.99998
1
1
1
1
1
1
1
1
1
1
1
1
1
1
1
1
1
1
1
1
1
0.999945
1
1
0.999879
1
1
1
1
1.00005
0.999997
1
1
1
1
0.999996
1
1
1
1
1
1
1
0.999992
1
1
1
1
1
1
1
1
1
1
1
1
1
1
1
1
1
1
1.00001
1
1
1
1
1
1
1
1
1
1.00001
1.00006
1
1
1
1
1
1
1
1
1
1
1
1
0.999999
1
1
1
1
1
1
1
1
1
1
1
1
1
1
1
1
1
1
1
1
1
1
1
1
1
1
1
1
1
1
0.999894
0.999998
1
1
1
1
1
1
1
1
1
1
1
1
1
1
1
1
1
1
1
1
1
1
1
1
1
1
1
1
1
1
1
1
1
1
1
1
1
1
1
1
1
1
1
1
1
1
1
0.999999
1
1
1
1
1
1
1
1
1
1
1
1
1
1
1
1
1
1
1
1
1
1
1
1
1
1
0.999999
0.999971
1
1
1
1
1
1
1
1
1
1
1
1
1
1
1
1
1
1.00001
1
1
0.999999
1
1
1
1
1
1
0.999996
1
1
1
1
1
1
1
1
1
1
1
1
1
1
1
1
1
1
1
1
1
1
1
1
1
1
1
1
1
1
1
1
1
1
0.999999
1
1
1
1
1
0.999997
1
1
1
1
1
0.999981
1
1
1
1
1
1
1
0.998727
1
1
1
1
1
1
1
1
1
1
1
1
1
1
1
1
1
1
1
1
1
1
1
1
1
1
1
1
1
1
1
1
1
1
1
1
1
1
1
1
1
1
1
1
1
1
0.99999
1
0.999998
1.00002
1
1
1
1
1
1
1
1
1
1
1
1
1
1
1
1
1
1
1
1
1
1
1
1
1
1
1
1
1
1
1
1
1
1
1
1
0.999997
1
1
1
1
1
1
1
1
1
1
1
1
1
1
1
1
1
1
1
1
1
1
1
1
1
1
1
1
1
1
1
1
1
0.999119
1
1
1
1
1
1
1
1
1
0.999996
1
1
0.999998
1
1
1
1
1
1
1
1
1
1
1
1
1
0.995187
0.99994
1
1
1
1
1
1
1
1
1
1
1
1.00001
1
1
1
1
1
1
1
1
1
1
1
1
1
1
1
1
0.983679
1
1
1
1
1
1
1
1
1
1
1
1
1
0.999832
1
1
1
1
1
1
1
1
1
1
1
1.00005
1
1
1
1
1
1
0.997082
1
1
1
1
1
1
1
1
1
1
1
1
1
1
1
1
1
1
1
1
1
1
1
1
1
1
1
1
1
1
1
1
1
1
1
1
1
1
1
1
1
1
1
1
1
1
1
1
1
1
1
1
1
1.00011
1
1
1
1
1
1
1
1
1
1
1
1
1
1
1
1
1
1
1
1
1
1
1
1
1
1
1
1
1
1
1
1
1
1
1
1
1
1
1
1
1
1
1
1
1
1
1
1
1
1
1
1
1
1
1
1
1
1
1
1
1
1.00001
1
0.999999
1
1
1
1
1
1
1
1
0.999999
1.00001
1
1
1
1
1
1
1
1
1
1
1
1
1
1
1
1
1
1
1.00003
1
1
1
1
1
1
1
1
1
1
1
1
1
1
1
1
1
1
0.999999
1
1
1
1
1
1
1
0.999945
1
1
1
1
1
1
1
1
0.999991
1
1
1
1
1
1
1
1
1
1
0.999996
1
1
1
1
1
1
1
1
1
1
1
1
1
1
1
1
1
1
1
1
1
1
1
1
1
1
1
1
1
1
1
1
1
0.999929
1
0.999999
1
1
1
1
1
1
1
1
1
1
1
1
1
1
1
1
1
1
1
1
1
1
1
1
1
1
1
1
1
1
1
1
1
1
1
1
1
1
1
1
1
1
1.00022
1
1
1
1
1
1
0.999978
1
1
1
1
1
1
1
1
1
1
1
1
1
1
1
0.999999
1
1
1
1
1
1
1
1
0.999939
1
1
1.00001
1
0.999996
1
1
1
1
1
1
1
1
1
1
1
1
1
1
1
1
1
1
1
1
1
1
1
1
1
1
1
1
1
1
1
1
1
1
1
1
1
1
1
1
1
1
1
1
1
1
1
1
1
1
1
1
1
1
1
1
1
1
1
1
1
1
1
1.00001
1
1
1
1
1
1
0.999999
0.999998
1
1
1
1
1
1
1
1
1
1
1
1
1
1
1
1
1
1
1
1
1
1
1
1
1
1
1
1
1
1
1.00001
1
1
1
1
1
1
1
1
0.999998
1
1
1
1
1
1
1
1
1
1
1
1
1
1
1
1
0.999986
1
1
1
1
1
1
1
1
1
1
1
1
1
1
1
1
1
0.999021
1
1
1
1
1
1
1
1
0.999999
1
1
1
1
1
1
1
1
1
1
0.999986
1
1
1
1
1
1
1
1
1
1
1
1
1
1
1
1
1
1
1
1
1
1
1
1
1
1
1
1
1
1
1
1
1
1
1
1
1
0.999922
1
1
0.999995
1
1
1
1
1
0.999995
1
1
1
1
1.00001
1
1
1
1
1
1
1
1
1
1
1
0.999413
1
1
1
1
1
1
1
1
1
1
1
1
1
1
1
1.00003
1
1
0.999999
1
1
0.999125
1
1
1
1
1
1
1
0.999977
1
1
1
1
1
1
1
1
1
1
1
1
1
1
1
1
1
1
0.999935
1
0.995188
1
1
1
1
1
1
1
1
1
1
1
1
1
1
1
1
1
1
1
1
1
1
1
1
1
1
1
1
1
1
1
1
1
1
1
1
1
1
1
1
1
1
1
1
1
1
1
1
1
1
1
1
1
1
1
1
1
1
1
1.00001
1
1
1
1
1
1.00002
1
1
1
1
1
1
1
1
0.999999
1
1
1
1
1
1
1
1
1
1
1
1
1.0001
1
1
1
1
1
1
1
1
1
1
1
1
1
1
1
1
1
1.00042
1
1
0.999998
1
1
1
1
1
1
1
1
1
1
1
1
0.99998
1
1
1
1
1
1
1
0.999991
1
1
1
1
0.999942
1
1
0.986927
1
1
1
1
1
1
1
1
1
1
1
1
1
1
1
0.999999
1
1
1
1
0.999999
1
1
1
1
1
1
0.999981
1.00003
1
1
0.998698
1
1
1
1
1
1
1
1
1
1
1
0.999996
1
1
1
1
1
1
1
1
1
1
0.99757
1
1
1
1
0.99995
1
0.99978
1
1
1
1
1
0.999992
1
1
1
1
1
1
1
1
1
1
1
1
0.999999
1
0.999278
1
0.999982
1
1
1
1
1
1
1
1
1
1
1
1
0.979941
1
0.999993
1
1.00018
1
1.00024
1
1
1
1
1
1.00008
1
1
1
1
0.999996
0.995626
1.00001
1
1
1
1
1
1
0.999752
1
1
1
1
1
1
1
1
1
1.00001
1
1
1
1
1
1
1
1
0.999954
1
1
1
1
0.999848
0.99975
1
1
1
1
1
1
1
1
1
1
1
1
1
1
1
1
1
1
1
1
1
1
1
1
1
1
1
0.999996
1
1
1
1
1
1
1
0.99999
1
1
1
0.999988
1
1
1
0.999999
1
1
1
1
1
1
1
1
1
1
1
1
1
1
1
1
1
1
1
1
1
1
1
1
1
1
1
1
1
1
1
1
1
1
1
1
1
1
1
1
1
0.999964
1
1
1
1
1
1
1
1
1
1
1
0.99999
0.999975
1
1
1
1
1
1
1
1
1
1
1
1
1
1
0.999837
0.999955
1
1
1
1
1
1
1
1
1
1
1
1
1
1
1.00004
1
1
1
1
1
1
1
0.999767
1
1
1.00012
1.00002
0.999999
1
1
1
1
1
1
1
1
1
1
0.999995
1
1
1
1
1
1
1
0.999956
1
1
1
1
1
1
0.99998
1
1
1
1
1
1
1
1
1
1
1
1
1
1
1
1
1
1
1
1
1
1
1
1
1
1
1
1
1
1
1
0.999979
1
0.999593
1
1
1
1
1
1
1
1
1
0.999995
1
1
1
1
1
1
1
1
1
1
1
1
1
0.999973
1
1
0.999998
1
1
1
1
1
1
1
0.999997
1
0.999996
1
1
1
1
1
1
1
1
1
1
1
1
1
1
0.999985
1
1
1
1
1
1
1
1
1
0.999811
1
1
1
1
1
1
1
1
1
1
1
1
1
0.999968
1
1
1
1
1
1
1
1
1
1
1
1
1
1
1
1
1
1
1
1
1
0.999996
1
1
1
1
1
1
1
1
1
1
1
1
1
1
1
1
1
1
1
1
1
1
1
1
1
1
1
1
1
1
0.999617
1
1
1
1
1
1
1
1
1
1
1
1
0.999817
1
1
1
1
1
1
1
1
1
1
1
1
1
1
1.00025
1
1
1
1
0.999984
0.99999
1
1
1
1
1
1
1
1
1
1
1
0.99999
1
1
1
1
1
1
1
1
1
0.998579
0.999832
1
1
0.999448
1
1
1
1
1
1
1.00001
1
1
1
1
1
1
1
1
1
0.999918
1
1
1
0.999961
1
1
1
1
1
0.999995
0.999965
1
1
1
1
1
1
1
1
1
1
1
1
1
1
1
1
1
1
1
1
1
1
1
1
1
1
1
1
1.00006
1
1
1
1
1
1
1
1
1
1
1
1
1
1
1
1
1
1
1
1
1
1
1
1
1
1
1.00007
1
1
1
1
1
1
1
1
1
1
1
1
1
1
1
1
1
1
1
1
1
1
1
1
1
1
1
1
1
1
1
1
1
1
1
1
1.00001
1
1
1
1
1
1
1
1
1
1
1
1
1
1
1
1
1
1
1
1
1
1
1
0.999988
1
1
1
1
1
1
1
1
1.0001
1
1
1
1
1
1
1
1
1
1
1
1
1
1
1
1
1
1
1
1
1
1
1
1
0.99999
1
1
1
0.999904
1
1
1.00002
1
1
0.999997
1
1
1
1
1
1
1
1
1
1
1
1
1
0.999747
1
1
1
1
1
1
1
1
1
1
1
1
1
1
1
1.00002
1
1
1.00001
1
1
1
1
1
1
1
1
1
1
1
1
1
1
0.999997
1
1
1
1
1
1
1
1
1
1
1
1
1
1
1
1
1
1
1
1.00001
1
1
1
1
1
1
0.999996
1
1
1
0.999985
1
1
1
1
1
1
1
0.999983
1
1
1
1
1
1
1
1
0.999982
1
1
1
1
1
1
0.999989
1
1
1
1
1
1
1
1
1
1
1
1
1
1
1
1
1
1
1
1
1
1.00002
1
1
1
1
1
1
1
0.999994
1
1
1
1
1
1
1
1
1
1
1
1
1
0.999795
1
1
1
1
1
0.999938
1
0.999997
1
1
1
1
1
1
1
1
1
1
1
1
1
1
1
1
1
1
1
1
1
1
1
1
1
1
1
1
1
1
1
1
0.999846
1
1
1
1
1
1
1
1
1
1
1
1
0.999949
1
1
1
1
1
1
1
0.999999
1
1
1
1
1
1
1
1
1
1
1
1
1
1
0.999998
0.999994
1
1
1
1
1
0.999519
0.999997
1
1
0.999999
1
1
1
1
1
1
1
1
1
1
1
1
1
1
1
1.00001
1
1
1
1
1
1
1
0.999997
1
1
1
1
1
1
1
1
1
1
1
1
1
1
1.00007
0.999999
1
1
0.999998
1
1
1
1
1
1
1
1
1
1
1
1
1
1
1
1
1
1
1
1
1
1
1.00034
1
0.999953
1
1
1
1
1
1
1
1
1
1
1
0.999999
1
1
1
1
1
1
1
1
1
1
1
1
1
1
0.999999
1
1
1
1
1
1
1
1
1
1
1
1
1
1
1
1
1
1
1
1
1
1
1
1
1
1
1
1
1
1
1
1
1
1
0.999946
1
1
1
1
1
1
1
1
1
1
0.999115
1
1
1
1
1
1
1
1
1
1
1
1
1
1
1
1
1
1
1
1
1
1
1
1
1
1
1
1.00012
1
1
1
1
1
1
1
1
1
1
1
1
1
1
1
1
1
1
1
1
1
1
1
1
1
1
1
1
1
0.999985
1.00001
1
1
1
1
1
1
1
1.00004
0.999962
1
1
1
0.999998
1
1
1
1
1
1
1
1
1
1
1
1
1
1
1
1
1
1
1
1
1
1
1
1
1
1
1
1
1
1
1
1
1
0.999383
1
0.999966
1
1
1
1
1
1
0.99998
1
1
1
1
1
1
1
1
1
1
1
1
1.00001
1
1
1
1
1
0.999996
1
1
1
1
1
0.999972
1
1
1
1
1
1
1
1
1
1
1
1
0.999852
1
0.99999
1
1
1
1
1
1
1
1
1
1
1
1
1
1
1
1
1
1
1
1
1
0.999873
1
1
1
1
1
1
1
1
1
1
1
1
1
1.00001
1
1
1.00001
1
1
1
1
1
1
1
1
1
0.999987
1
1
1
1
1
1
1
1
1
1
1
1
1
1
0.999941
1
1
1
1
1
1
1
1.00004
1
1
1
1
1
1.00002
1
1
1
1
1
1
1
1
1
1
1
1
1
1
1
1
1
1
1
1
1
1
1
1
1
1
1
1
0.999928
1
1
1
1
1
1
1
0.999986
1
1
1
1
1
1
1
1.00008
1
1
1
1
0.999828
1
1
1
1
1
1
1
1
1
1
1
1
1
1
1
1
1.00006
1
1
1
1
1
1
1
1
1
1
1
1
1
1
1
1
1
1
1
1
1
0.999999
1
1
0.998242
1
0.999985
1
1
1
1
1.00001
1
1
1
1
0.999853
1
1
1
0.999999
1
1
1
1
0.999988
1
1
1
1
1
1
1
0.999995
1.00001
0.999993
1
1
1
1
1
1
1
0.999752
1
0.999988
1
0.999995
1
0.999998
1
1
1
1
1
1
1
1
1
1
1
1
1
1
1
1
0.999999
1
1
1
1
1
1
1
0.999823
1
1
1
1
1
1
1
1
1
1
1
1
1
1
1
1
1
1
1
1
1
1
1
1
1
1
1
1
1
1
1
1
1
0.999965
1
1
1
1
1
1
1
1
1
1
1
1
1
1
1
1
1
1.00026
0.999996
1
1
1
1
1
1
1
1
1
1
1
1
1
1
1
1
1
1
1
1
1
1
1
1
0.999988
1
1
1
1
1
1
1
1
1
1
1
1
1
1
1
1
1
1
1
1
1
1
1
0.991709
1
0.999419
0.999996
1
1
1
1
1
1
1
0.997534
1
1
1
1
1
1
1
1
1
1
1
1
1
1
1
1
0.999996
1
0.999995
1
1
1
1
1
1
1
1
1
1
1
1
1
1
1
1
1
0.999998
1
1
1
1
1
1
1
1
1
1
1
1
1
1
1
1
0.999999
1
1
1
0.999893
1
1
1
1.00002
1
0.999962
1
1
1
0.998097
1
1
1
1
1
0.999999
1
1
1
1
1
0.999934
1
1
1
1
0.999995
1
1
1
1
1
1
1
1
1
1
1
1
1
1
1
1
1
1
1
1
1
1
1
1
1
1
1
1
1
1
1
1
1
1
1
1
1
1
1
1
0.999962
1
1
1
1
1
0.999993
1
1
1
1
1
1
1
1
1
1
1
0.999997
1
1
1
1
1
1
1
1
1
1
1.0001
1
1
0.999999
1
1
1
1
1
1
1
1.00003
1
1
1
1
1
0.999949
1
1
1
1
1
1
1
1
1
1
1
1
1
1
1
1
1
1
1
1
1
1
1
1
0.999999
1
1
1
1
1
1
1
1
1
1
1
0.999848
1
1
1
1
1
1
1
1
1
1
1
1
1
1
1
1
1
1.00005
1
1
1
1
1.00001
1
1
0.999999
1
1
1
1
1
1
0.998965
1
1
1
1
1
1
1
1
1
1
1
1
1
1.00006
1
1
1
1
1
1
1
1
1
1
1
1
1
1
1
1
1
1
1
1
1
1
1
1
1
1
1
1
1
1
1
0.999992
0.997404
1
1
0.997403
1
0.999978
1
1
1
1
1
1
1
1
1
1
1
1
1
0.999963
1
1
1
1
1
1
1
1
1
1
1
1
1
1
1
0.999831
1
1
1
0.997406
1
1
1
1
1
1
1
0.999439
1
1
1
1
1
1
1
1
1
1
1
1
1
0.999625
1
1
0.999996
1
1
1
1.00001
1
1
1
1
0.999999
1
1
1
0.999389
1
1
1
1
0.999996
1
1
1
1
1
0.998917
1
1
1
1
1
1
1
1
1
1
0.999982
1
1
0.999999
0.999567
1
0.999923
1
1
1.00009
1
1
1
1
1
1
1
1
1
1
1
0.999788
1
1
1
1
1
1
1
1
1
0.998294
1
1
1
1
1
1
1
1.00001
1
1
1
1
1
1
0.995605
1
1
1
1
1
1
1
1
1.00176
1
1
1
1
1
0.99995
1
1
1
1
1
1
1
0.999999
1
1
1
1
0.999632
1
1
1
1
1
1
1
1
1
0.999977
1
1
1
1
1
1
1
1
1
1
1
1
0.999997
1
1
1
1
1
1
1
0.999997
1
1
1
1
1
0.999959
1
1
1
1
1
1
1
1
1
1
1
1
1
1
1
1
1
1
1
1
1
1
1
1
1
1
1
1
1
1
1
1
1
1
1
1
1
1
1
0.999986
1
1
1
1.00002
1
1
1.00001
1
1
1
1
1
1
1
1
1
1
1
1
1
1
1
1
1
0.999998
1
1
1
1
1
1
1
1
1
1
1
1
1
1
1
1
1
1
1
1
1
1
1
1
1
1
1
1
1
1
1
1
1
1
1
1
1
1
1
1
1
1
1
1
1
1
1
1
1
1
1
1
1
1
1
0.999999
0.999984
1
1
1
1
1
1
1
1
1
1
1
1
1
1
1
1
1
1
1
1
1
0.999999
1
1
1
1
1
1
1
1
1
1
1
1
1
1
1
0.997733
1
1
1
1
1
1
1
1
1
1
1
1
1
1
1
1
1
0.999999
1
1
1
1
0.998008
1
1
1
1
1
1
1
0.999992
1
1
1
1
1
1
1
1
1
1
1
0.999999
1
1
0.998814
1
1
1
1
1
1
0.999988
1
1
1
1
0.999932
1
1
1
1
1
1
1
1
1
1
1
1
1
1
1
1
1
1
1
1
1
1
1
1
1
1
1
1
1
1
1
1
1
1
1
1
1
1
1
1
1
1
1
1
1
1.00004
0.999974
1
1
1
1
1
1
1
1
1
1
1
1
1
1
1
1
1
1
1
1
1
1
1
1
1
1
1
1
1
1
1
0.999993
1
0.999991
1
1
1
1
1
1
1
1
1
1
1
1
1
1
1
1
1
1
1
1
1
1
1
0.999974
1
1
1
1
1
1
1
1
1.00005
1
1
1
1
0.999449
1
1
1
1
1
1
1
1
1
1
1
1
0.989704
1
1
0.999931
1
1
1
1
1
1
1
1.00002
1
1
1
1
1
1
0.999991
1
1
1
1.00002
1
1
1
1
1
1
1
1
1
1
1
1
1
1
0.995386
1
1.00024
1
1
1
1
1
1
1.00023
1
1
1
1
1
1
1
1
1
1
1
1
1
1
1
1
1
1
0.999906
1
1
1
1
1
1
1
1
1
1
1
1
1
1
1
1
1
1
1
1
1
1
1
1
0.999719
1
1
1
1
1
1
1
1
1
1
1
1
1
1
1
1
1
1
1
1
1
1
1
1
1
0.996352
1
0.996603
1
1
1.00032
1
1.00001
1
1
1
1
0.999999
1
1
1
1
1
1
1
1
1
1
0.999985
1
1
1
0.999293
1
1
1
1
0.999995
1
1
1
1
1
1
1
1
1
1
1.00003
0.99981
1
1
1
1
1
1
1
1
1
1
1
1
0.999995
0.999999
1
1
1
1
1
1
1
1
1
1
1
1
1
1
1
1
1
1
1
1
1
1
1
1
0.999966
1
1
1
1
1
0.99985
1
1
1
1
1
1
1
1
1
0.99986
1
1
1
1
1
1
1
1
1
1
1
1
1
0.999989
0.999999
1
1
1
1
1
1
1
1
1
0.999999
1
1
1
1
1
1
1
1
0.999848
1
1
1
1
1
1
1
1
1
1
1
1
1
1
1
1
1
1
1
1
1
1
1
1
1
1
1
1
1
1
0.999997
1
1
1
1
1
1
1
1
1
1
1
1
1
1
1
1
1
1.00003
1
1
1
1
0.999923
1
1
1
1
1
1
1.00008
1
1
1
1
1
1
1
1
1
1
1
1
1
1
1
1
1
0.999999
1
1
1
1
1
1
1
1
1
1
1
1
1
1
1
1
1
1
1
1
1
1
0.999905
1
1
1
1
1
1
1
1
1.00016
1
1
1
1
1
1
1
1
1
1
1
1
1
1
0.999939
1
1
1
1
1
1
0.999795
1
1
1
1
1
1
1
1
1.00015
1
1
1
1
1
1
1
1
1
1
1
1
1
1
1
0.997365
1
1
1.00001
1
1
1
0.999994
1
0.999794
1
1
1
1
1
1
1
1
1
1
1
1
1
1
1
1
1
1
1
1
1
1.00003
1
1
1
1
1
1
1.00001
1
1
1
1
1
1
1
1
1
1
1
1.00001
1
1
0.999955
1
0.999993
1
1
1
1
1
1
1
1
1
1
1
0.999999
1
1
1
1
1
0.999605
1.00003
1
1
1.00017
0.999963
1
1
1
0.999929
1
1
1
1
1
1
1
1
0.999914
1
1
1
1
1
1
1
1
1
1
1
1
1
1
1
1
1.0001
1
1
1
1.00006
1
1
1
1
1
1
1
1
1
1
1
1
1
1
0.999985
1.00016
1
1
1
1
1
1
1
1
1
1
1
1
1
1
1
1
1.00016
1
1
0.999997
1
0.999947
1
0.999998
1
1
1.00002
1
1
0.999984
1
1
0.999776
1
1
1
1
1
0.999938
1
1
1
0.999999
1
0.999999
1
1
1
1.00008
1
1
1
0.999944
1
1
1
1
1
1
1
1
1
1
1
1
1
1
1
1
1
1
1.00003
1
0.999875
1.00004
1
1
1
1
1
1
1
1
1
1
1
0.999928
1
1
1
1
1
1
1
1
1
1
1
1
1
1
1
1
1
1
1
1
1
1
1
1
1
1
1
1
1
1
0.99997
1
1
1
1
1
1
1
1
1
1
1
1
1
1
1
0.999912
1
0.999998
1.00002
1.00003
1
1
1
1
1
1
1
1.00001
1
1
1
1
1
1
1
1
1
1
1
1
1
1
1
1
1
1
1
1
1
1
1
1
0.999983
1
1
1
1
0.997628
0.997242
1
1
0.999938
1
0.999905
0.999916
0.999976
1
1
1
1
0.99997
1
1
1
1
1
1
1
0.999896
1
1
1
1
1
1
1
1
1
0.999953
1
1
1
0.999999
1
1
1
1
0.99999
1
1
1
1
1
1
1
1
0.999663
1
0.999997
1.00001
1
1
0.999879
1
0.99997
1
1
1
1
1.00031
1
1
1
1
1
0.99983
1
1
1
1
1
1
1
1
1
1
1
1
1
1
1
1
1
1
1
1
1
1
1
1
1
1
1
1
1
1
1
1
1
1
1
1
1
1
1
1
1
1
1
1
1.00002
1
1
1
1
0.999975
1
1
1
1
1
1
1
1
1
1
0.999989
1
0.999931
1
1
1
1
1
1
1
1
1
1
1
1
1
1
1
1
1
1
1
1
1
0.999995
1
1
1
1
0.999999
1
1
1
1
1
1
1
1
1
0.999961
1
1
1
1
1
1
1
1
1
1
1
1
1
1
1
1
1
1
1
1
1
1
1
1
1
1
1
1
1
1
1
1
1
1
1
1
1
1
1
1
1
1
0.999923
1
1
1
1
1
1
1
1
1
1
1
1
1
1
1
1
1
1
1
1
1.0003
1
1
1
1
1
1
0.999743
1
1
1
1
0.999995
0.999999
1
1
1
1
1
0.999975
1
1
1
1
1
1
1
1
1
1
1
1
1
1
1
1
1
1
1
1
1
1
1
1
1
1
1
1
1
1
1
1
1
1
1
1
1
1
1
1.00023
1
1
1
1
1
1
1
1
1
1
1
1
0.999933
1
1
1
1
1
1
1
1
1
1
1
1
0.998932
1
1
1
1
1
1
1
1
1
1
1
1
1
1
0.997269
1
1
1
1
1
1
1
0.99983
1
1
1
1
0.999999
1
1
1
1
1
1
1
1
1
1
1
1
1
1
1
1
1
1
1
1
1
1
1
0.999889
0.999816
1
1
1
1
1
1
1
1
1
1
0.999781
1
0.999713
1
1
1
1
1
1
1
1.00001
1
1
1
1
1
1
1
1
1
1
1
1
1
0.999959
1
0.99999
1.00001
1
1
1
1
1
1
0.999999
1
1
1
1
1
1
1
1
1
1
0.999975
1
1
0.99813
1
1
1
1
1
1
1
1
1
1
1
1
1
0.999933
1
1
1
0.99999
)
;

boundaryField
{
    frontback
    {
        type            empty;
    }
    topbottom
    {
        type            zeroGradient;
    }
    outlet
    {
        type            zeroGradient;
    }
    inlet
    {
        type            fixedValue;
        value           nonuniform List<scalar> 0();
    }
    walls
    {
        type            zeroGradient;
    }
    procBoundary1to0
    {
        type            processor;
        value           nonuniform List<scalar> 
104
(
1
1
1
1
1
1
1
1
1
0.9998
1
1
1
1.0007
1.00049
1
1
1
0.999886
1
1
1
1
1
1
1
1
1
1
1
1
1
1
1
1
0.999997
1
1
1
1
1
1
0.999747
1
1
1
1
1
1
1
1
1
1
1
0.999458
1
1.00007
1
1
1
1
1
1
1
1
1
1
1
1
1
1
1
1
1
1
1
1
1
1
1
1
0.995387
1
1
1
1
1
1
1
1
1
1
0.999983
1
1
1
1
1
1
1
1
1
1
1
)
;
    }
    procBoundary1to3
    {
        type            processor;
        value           nonuniform List<scalar> 
205
(
1
1
1
1
1
1
1
1
1
1
1
1
1
1
1
1
1
1
1
1
1
1
1
1
1
1
1
1
1
1
1
1
1
1
1
1
1
1
1
1
1
1
1
1
1
1
1
1
1
1
1
1
1
1
1
1
1
1
1
1
1
1
1
1
1
1
1
1
1
1
1
1
1
1
1
1
1
1
1
1
1
1
1
1
1
1
1
1
1
1
1
1
1
1
1
1
1
1
1
1
1
1
1
1
1
1
1
1
1
1
1
1
1
1
1
1
1
1
1
1
1
1
1
1
1
1
1
1
1
1
1
1
1
1
1
1
1
1
1
1
1
1
1
1
1
1
1
1
1
1
1
1
1
1
1
1
1
1
1
1
1
1
1
1
1
1
1
1
1
1
1
1
1
1
1
1
1
1
1
1
1
1
1
1
1
1
1
1
1
1
1
1
1
1
1
1
1
1
1
1
1
1
1
1
1
)
;
    }
}


// ************************************************************************* //
