/*--------------------------------*- C++ -*----------------------------------*\
| =========                 |                                                 |
| \\      /  F ield         | OpenFOAM: The Open Source CFD Toolbox           |
|  \\    /   O peration     | Version:  v2012                                 |
|   \\  /    A nd           | Website:  www.openfoam.com                      |
|    \\/     M anipulation  |                                                 |
\*---------------------------------------------------------------------------*/
FoamFile
{
    version     2.0;
    format      ascii;
    class       volScalarField;
    location    "300";
    object      gammaInt;
}
// * * * * * * * * * * * * * * * * * * * * * * * * * * * * * * * * * * * * * //

dimensions      [0 0 0 0 0 0 0];


internalField   nonuniform List<scalar> 
13917
(
1
1
1
1
1
1
1
1
1
1
1
1
1
1
1
1
1
1
1
1
1
1
1
1
1
1
1
1
1
1
1
1
1
1
1
0.995745
1
1
1
1
1
1
1
1
1
1
1
1
1
1
1
1
1
1
1
1
1
1
1
1
1
1
1
1
1
0.999976
1
1
1.00001
1
1
1
1
1
1
1
1
1
1
1
1
1
1
1
1
1
1
0.998598
1
1
1
1
1
1
0.997576
1
1
1
1
1
1
1
1
1
1
1
1
1
1
1
1
1
1
1
1
1
1
1
1
1
1
1.00001
1
1
1
1
1
1
1
1
1
1
1
1
0.998384
1
1
1
1
1
0.998731
1
1
1
1
1
1
1
1
1
1
1
1
1
1
1
1
0.999746
1
0.999903
1
1
1
1
1
1
1
1
1
1
1
1
1
1
1
1
1
1
1
1
1
1
1
1
1
1
0.999999
1
1
1
0.994751
1
0.999997
1
1
1
1
1
1
1.00103
1
1
1
1
1
0.998286
1
1
1
1
1
1
1
1
1
1
1
1
1
1
1
1
1
1
1
1
0.999919
1
1
0.995577
1
1
1
1
1
1
1
1
1
1
1
0.999996
1
1.0003
1
1
1
1
1
1
1
1
1
1
1
1
1
1
1
1
1
1
1
0.999853
1
1
1
1.00003
1
1
1
1
1
1
1
1
0.998582
1
1
1
1
1
1
1
1
1
1
0.999777
1
1
1.00005
1
1
1
1
1
1
1
1
1
1
1
1
1
1
1
1
1
1
1
1
1
1
1
1
1
1
1
1
1
1
1
1
1
0.998069
1
1
0.999995
1
1
1
1
1
1
1
1
1
1
1
1
1
1
1
1
1
1
1
1
1
1.00024
1
1
1
0.997364
1
1
1
1
0.999969
1
1
1
1
1
1
1
1
1
1
1
1.00037
1
1
1
1
1
1
1
1
1
1
1
1
1
1
1
1
1
1
1
0.999859
1
0.999986
1
1
1
1
1
1
1
0.999999
1
1
1
1
1
1
1
1
1
1
1
1
0.999999
1
1
1
1
0.999983
1
1
1
1
1.00001
1
1
1
1
1
1
1
1
1
1
1
1
0.999863
1
1
1
1
1
1
1
1
1
1
1
1
1
1
0.999761
1
1
1
1
1
1
1
1
0.999914
1
1
1
1
1
1
1
1
1
1
1
1
1
1
0.999998
0.998915
1
1
1
1
0.999999
1
1
1
1
0.999173
1
1
1
1
1
1
1
1
1
1
1
1
1
0.99999
1
1
1.00016
1
1
1
1.00001
1
1
1
1
0.999999
1
1
1
1
1
1
1
1.00005
1
1
1
1
1
0.999363
1
1.00004
1
1
1
1
1
1
1
1
1
1
1
1
1.00039
1
1
1
1
1
1
1
0.999964
1
1
0.997294
1
1
1
1
1
1
1.0016
1
1
0.999979
1
1
1
1
1
1
1
1.00007
1
1
1
0.999988
1
1
1
1
1
1
1
1
1
1
1
1
1
1
1
1
0.997616
1
1
1
1
1
1.00004
1
1
1
1
1
1
1
1
1
1
1
1
1
1
1
1
1
1
1
1
1
1
1
1
1
1
1
1
1
0.999961
1
1
1
1
1
1
1
1
1
1
1
1
1
1
0.999937
1
1
1
1
1
0.998907
1
1
1
1
1
1
1
0.999362
1
1.00001
1
1
1
1
1
1
1
1
0.999971
0.999996
1
1
1
1
1
1
1
1
1
1
1
1
1
1
1
1
1
1
1
1
1
1
1
1
1
1
1
1
1
1
1
1
1
1
1
1
1
1
1
1
1
1.0001
0.999991
1
1
1
1
0.999995
1
1
1
1
1
1
1
1
1
1
1
1
1
1
1
1
1
1
1
1
1
1
1
1
1
1
1
1
1
1
1
1
1
1.00001
1
0.999999
1
1
1
1
1
1
0.999936
1
1
1
1
1
1
1
1
1
1
1
1
1
1
1
1
1
1
1
1
1
1
1
1
1
1
1
0.994791
1
1
1
1
1
1
1
1.00051
1
1
1
1
1
1
1
1
1
1
1
1
1
1
1
1
1
1
0.999196
1
0.998275
1
1
1
1
1.00017
1
1.00012
1
1
1
1
1
1
1
1
1
1
1
1
1
1
1
1
1
1
1
1
1
1
1
1
1
1
1
1
1
1
1
1
1
1
1
1
1
1
1
1
1.00007
1
0.999982
1
1
1
1
1
1
1
1
1
1
1
1
1
1
0.99736
1
1
1
1
1
1
1
1
1
1
1
1
1
1
1
1
1
1
1
1
1
1
1
1
1
1
1
1
1
1
1
1
1
1
1
1
1.00001
1
1
1
1
1
1
1
1
1
1
1
1
1
1
1
1
1
1
1
1
1
1
1
1
1
1
1
1.00045
0.995482
1
0.997933
1
1
1
1
1
1
1
1
1
1
0.984231
1
1
1
1
1
1
1
1
1
1
1
1
1
1
1
1
1
1
1
1
1
1
1
1
1
0.999582
1
1
1
0.999866
1
1
1
1
1
1
1
1
1
1
1
1
1
1
1
1
1
1
1
1
1
1
1
1
1
1
0.99996
1
1
1
1
1
1
1
1
1
1
1
1
1
1
1
1
1
1
1
1
1
1
1
1
1
1
1
1
1
1
1
1
1
1
1
1
0.999937
1
1
1
1
1
1
1
1
1
1
1
1
1
1
1.00031
1
0.999379
1
1
1
1
1
1
1
1
1
1
1
1
1
1
1
0.999947
1
1
1
1
1
1
1
1
1
1
1
1
1
1
1
1
1
1
0.99945
1
1
1
1
1
1
1
1
1
1
1
1
1
1
1
1
1
1.00005
1
1.00002
1
1
1
1
1
1
1
1
1
1
1
1
1
1
1
1
1
0.999212
1
1
1
1
1
1
1
1
1
1
1
1
1
1
1
1
1
1
0.996897
1
0.998242
1
1
1
0.999152
1
1
1
1
1
1
1
1
1
1
1
1
1
1
1
1
0.999604
1
1.00002
1
1
1
1
1
1.00019
1
0.999999
1
1
1
1
1
1
1
1
1
1
1
1
1
1
1
1
1
1
1
1
0.99888
1
1
1
1
1
1
1
1
1
1
0.981575
1
1
1
1
1
1
1
1
1
1
1
1
1
1
1
1
1
1
1.00005
1
1
1
1
1
1
1
1
1
1
1
1
1
1
1
1
1
1
1
1
1
1
1
1
1
1
1
1
1
1
1
1
1
1
1
1
1
1
1
1
1
1
1
1
1
1
1
1
1
1
1
1
1
1
1
1
1.00001
1.00012
0.999228
1
1
1
1
1
1
1
1
1
1
1
1
1
1
1
1
1
1
1
1
1
1
1
1
1
1
1
1
1
1
1
1
1
1
1
1
1
1
1
1
1
1.00008
1
1
1
1
1
1
1
1.00001
1
1
1
1
1
1
1
1
1
1
1
1.00043
1
1
1
1
1
1
1
1
1
1
1
1
1
1
1
1
1
1
1
1
1
1
1
1
1
1
1
1
1
1
1
1
1
1
1
1
1
1
1
1
1
1
1
1
1
0.999551
1
1
1.00023
1
1
1
1
1
1
1
1
1
1
0.998219
1
1
0.998186
1
1
1
1
1
1
1.00007
1
1.00005
1
1
1
1
1
1
1
1
1
0.999844
1
1
1
1
1.00001
1
1
1
1
1
1
1
1
1
0.999948
1
1
1
1
1
1
1
1
1
1.00001
1
1
1
1
1
1
1.00006
1
1
1
1
1
1
0.996735
1
1
0.998887
0.99961
1
1
1
1
1
1
1
1
1
1
1
0.998864
0.996416
1
1
1
1
1
1
0.996746
0.999726
1
1
1
1
1
1
1
1
1
1
1
1
1
1
1
1
1
1
1
1
1
1
1
1
1
1
1
1
1
1
1
1
1
1
1
1
1
0.999999
1
1.00001
1
1
1
1.00015
1
1
1
0.998906
1.00032
1
1
1
1
1
1
1
1
1
1
1
1
1
1
1
1
1
1
1
1
1
1
1
1
1
1
1
1
1
1
1
1
1
1
1
1.00001
1
0.994335
1
1
1
1
1
1
1
1
1
1
1
1
1
1
1.00034
1
1
1
1
1
1
1
1
1
1
1
1
1
1
1
1
1
1
1
1
1
1
1
1.00068
1
1
1
1
1
1
1
1
1
1
1
1
1
0.99989
1
1
1
1
1
1
1
1
1
1
1.00103
1
1
1
1
1
1
0.999994
1
1
1
1
1
1
1
1
1
1
1
1
1
1
1.00001
1
1
1
1
0.999935
1
1
1
1
1
1
1
1
1
1
1
1
1
1
1
1
1
1
1
1
1
1
1
0.999996
1
1
1
0.999996
0.999999
1
1
1
0.999993
1
1
0.999999
1
0.999861
1
1.00001
1
1
1
1
1
1
1
1
1
1
1
1
1
1
1
1.00001
1
1
1
1
1
1
1
1
1
1
1
1
1
1
1
1
1
1
1
1
1
1
1
0.999461
1.00005
1.00001
1
1
1
1
1
1
1
1
1
1
1
1
1
1
1
1
1
1
1
1
1.0002
0.999002
0.999479
1
1
0.999992
1
1
1
1
1
1
1
1
1
1
1
1
1
1
1
1
1
1
1
1
1
1
1
1
1
1
1
1
1
1
1
1
1
1
1
1
1
1
1
1
1
0.986414
0.999569
1
1
1.00001
1
1
1
1
1
1
1
1
1
1
1
1
1
1
1
1
1
1
1
1
1
1
1.00029
1
1
1
0.998916
1
1
1
1
1
1
1
0.996926
0.999175
1
0.999989
1
1
1
1
1
1
1
1
1
1
1
1
1
1
1
1
1
1
1
1
1
1
0.999999
1
1
1
0.999888
1
1
1
1
1
1
1
1
1
1
1
1
1
1
1
1
1
1
1
1
1
1
1
1
1
1
1
1
1
1
1
1.00002
1
1
1
1
1
1
1
1
1
1
1
1
1
1
1
1
1
1
1
1
1
1
1
1
1
1
0.999997
1
1
1
1
1
1
1.00003
0.999998
1
1
1
1
1
1
1
1
1
1
1
1
1
1
1
1
1
1
1
1
1
1
1
1
1
1
1
1
1
1
1
1
1.00002
0.999603
1
1
1
0.996328
1
1
1
1
1
0.999625
1
1
1
1
1
0.999958
1
1
1
1
1
1
1
1
1
1
1
1
1
1
1
1
1
1
1
1
1
1
1
0.999958
1
1
1
1
1
1
1
1
1
1
1
1
1
0.998494
1
1
1
1
1
1
1
1
0.999956
1
1
1
1
1
1
0.999985
1
1
1
1
1
1
1
1
1
1
1
1
1.00009
1
1
1
1
1
1
1
1
1
0.998253
1
1
1
1
1
1
1
1
1
1
1
1
1
0.999937
1
1
1
1
1
1
1
1
1
1
1
1
0.999979
1
1
1
1
1
1
1
1
1
1
1
1
1
0.999815
1
1
1
0.995769
1
1
1
1
1
1
0.999379
1
1
1
1
1
1.00001
1
1
1
1
1
0.999984
1
1
1
1
1
1
1
1
1
1
1
1
1
1
1
0.999999
1
1
1
1
1
1
1
1
1.00001
1
1
1
1
1
1
1
1
1
1
1
1
1
1
1
1
1
1
1
1
1
1
1
1
1
1
1
1
1
1
1
1
1
0.999024
1
1
1
1
1
1
1
1
1
1
1
1
1
1
0.999973
1
1
1
1
1
1
1
1
1
1
1
0.998464
1
1
1.00012
1
1
1
1
1
1
1
1
1
1.00002
1
1
1
1
1
1
1
1
1
1
1
1
1
1
1
1
1
1
1
1
1
1.00023
1.00027
1
1
1
0.99424
1
1
1
1
1
1
1
1
1
1
1
1
1.00003
1
1
1
1
1
1
1
1
1
1
1
1
1
1
1
0.999615
1
1
1
1
1
1
1
1.00044
1
1
1
1
1
1
1
1
1
1
0.99901
1
1
1
1
1
1
1
1
1
1
1
1
1
1
1
1
1
1
1
1
1
1
1
1
1
0.999996
1
1
1
1.0003
1
1.00001
0.999994
1
1
1
1
1
1
1
0.99967
1
0.996466
1
1
1
1
1
1
1
1
1
1
1
0.99887
1
1
1
1
0.999566
1
1
0.98614
1
1
1
1
1
1
1
1
1
1
1
1
1
1
1
1
1
1
1
1
1
0.999878
0.999535
1
1
1
1
1
1
1
1
1
1
1
1
1
1
1
1
1
1
1
1
1
1
1
1
1
1
1
1
1
1
1
1
1
1
1
1
1
1
1
0.999753
1
0.999994
1
1
1
0.998909
1
1
1
1
1
1.00007
1
1
1
1
1
1
1
1
1
1
1
1
1
1
1
1
1
1
1
1
1
0.99997
1
1
1
1
1
1
1
1
1
1
1.00035
1
1
1
1
1
1
1
1
1
1
1
1
1
1.0002
1
1
1
1
1
1
1
1
1
1
1
1
1
1
0.996414
1
1
1
1
1
1
1
1
1
1
1
1
1
1
1
1
1
1
1
1
1
1
1
1
1
1
1
1.00026
1
1
0.995319
1
1
1
0.995749
1
1
1
1.00036
1
1
1
0.99994
1
1
1
1
1
1.00031
1
1
1
1
1
1
1
1
1
1
1
1
1
1
1
1
1
1
1
1
1
1
1
1
1
1
1
1
1
1
1
1
1
1
1
1
1
1
1
1
1
1
1
1
1
1
1
1
1
1
1
0.995288
1
1
1
1
1
1
1
1
1
1
1
1
1
1
1
1
1
1
1
1
1
1
1.00009
1
1
1
0.990001
1
1
1
1
1
1
0.998812
1
1
1
1
1
0.999978
1
0.998112
1
1
1
1
1
1
0.999964
1
1
1
1
1
1
1
1
1
1
1
1
1
1
1
1
1
1
1
1
1
1
1.00002
1
1
1
1
1
1
1
1
1
1
1
1
1
1
1
1
1
1
1.00068
0.999997
1
1
1
1
1
1
1
1
1
1
1
0.9914
1
1
1
1
1
1
1
1
1
1
1
1
1
1
1.00017
1
1.00053
1
1
1
1
1
1
1
1
1
1
1
1
1
1
1
1
1
1
1
1
1
1
1
1
1
1
1
1
1
0.999998
1
1
1
1
1
1
1
0.999999
0.997478
1
1
1
1
1
1
1
1
1
1
1
1
1
1
1
1
1
1
1
1
1
1
1
1
1
1
1
0.999984
1
1
1
1
1
1
1
1
1
1
1
0.999995
1
1
0.998045
1
1
1
1
1
1
1
1
1
1
0.999727
1
1
1
1
1
1
1
1
1
1
1
1
1
1
1
0.99617
1
1
1
1
1
1
1
0.994521
1
1
1.00002
1
0.998395
1
1
0.999981
1
1
1
1
1
1
1
1
1
1
1
1
0.999267
1
1
1
1
1
1
1
1
1
1
1
1
1
1
1
1
1
1
1
1
1
1
1
1
1.00001
1
1
1.00009
1
1
1
1
0.998551
1
1
1
1
1
1
1
1
1
1
1
1
1
1
1
1
1
1
1
1
1
1
0.997217
1
1
1
1
1
1
1
1
1.00063
1
1
1
1
1
1
1
1
0.999999
1.00009
1
1
0.999382
1
0.999999
1
1
1
1
1
1
1
1
1
1.00037
1
0.999999
1
1
1
1
1
1
1
1
1
1
1
1
1
1
1
1
0.994234
1
1
1
1
1.00025
1
1
1
1
1
1
1
1
1
1
1
1
1
1
1
1
1
1
1
1
1
1
1
1
1
1
1
1
1
1
1
1
1
1
1
1
1
1
1
1
1
1
1
1
0.999689
1
0.991613
1
1
1
1
1
1
1
1
1
0.999999
1
1
1
1
1
1
1
1
0.999178
1
1
1
1
1
1
1
1
0.999992
1
1
1
1
1
1
1
1
1
1
1
1
1
1
1
1
1
1
1
1
1.00001
1
1
1
1
1
1
1
1
1
1
1
1
1
1
1
1
1
1
0.999654
1
1
1
1
1
1
1
1
1
1
1
1
1
1
1
1
1.00041
1
1
1
1
1
1
1
1
1
1
1
1
1
1
1
1
1
1
1
1
1
1
1
1
1
1
1
1
1
1.00014
0.998755
1
1
1
1
1
0.999687
1
1
1
1
1
1
1
1
1
1
1.00009
1
1
1
1.00034
1
1
1
1
1
0.996182
1
1
1
1
1
1.00055
1
1
1
1.00014
1
1
1
1
1
1
1
1
1
1
1.00018
1
1
1
1
1
1
1
1
1
1
1
0.999971
1.00001
1
1
1
1
1
1
1
1
1
1
1
1
1
1
1
1
1
1
1
1
1
1
1
1.00062
1
1
1
0.999962
1
1
1
1
1.00035
1
1.00006
1
1
1
1
0.999998
1
0.999999
1
1
1
1
0.999986
1
1
1
1
1
1
1
1
1.00012
1
1
1
1
1
1
0.990473
1
1
1
1
1
1
1
1
1
1
1
1
1
1
1.00003
1
1
1
1
1
1
1
1
1
1
1
1
1
1
1
1
1
1
1
1
1
1
1.00001
1
1
1
1
1
1
1
1
1
1
1
1
1
1
1
1
1
1.00284
1
1
1
1
1
1.00022
1
1
1
1
1
1
1
1
1
1
1
1
1
1
1
1
1
1
1
1
1
1
1
1
1
1
1
1
1
1
1.00012
1
1
1
1
1
1
1
1
1
1
1
1
0.999998
1
1
1
1
1
1
1
1
1
1
1
1
1
1
1
1
1
1.00002
1
1
1.00057
1
1
1
1
1
1
1
1
1
1
1
1
1
1
1
1
1
1
1
1
1
1
0.995047
0.999998
1
0.999948
1.00017
1
1
1
1
1
1
1
1
1
1
1
1
1
1
1
1
1
1
1
1
1
1
1
1
1
1
1
1
1
1
1
1
1
1
0.999468
1
1
1
1
1
1
1
1
1.00013
1
1
1
1
1
1
1
1
1
1
1
1
1
1
1
1
1
1
1
1
1
1
1
1
1
1
1
1
1
1
1
1
1
1
0.999999
1
1.00011
1.00001
1
1
1
1
1
1
0.997355
1.00001
1
1
1
1
1
1
1
1
1
1
1
1
1
1.00002
1
1
1
0.998887
1
1
1
0.999974
1
1
0.998137
1
1
1
1.00001
1
1
1
1
1
1
1
1
1
1
1
1
1
1
1
1
1
1
1
1
1
1
1
1
1
1
1
1.00006
1
1
1
1
1
1
1
1
1
1
0.999992
1
1
1.00006
1
1
1
1
1
1
1
1
1
1
1
1
1
0.999998
1
1
1
1
1.00018
1
1
1
1
0.999999
1
1
1
1
1
1
1
1
1
1
1
1
1
1
1
1
1
1
1.00011
1
1
1
1
1
1
1
1
1
1
1
1
1
1.00021
1
1
1
1
0.998834
1
1
1
1.00017
1
1
1
1
1
1
1.00001
1
1
1
1
1
1
1
1
1
1
1
1
1
1
1
1
1
1
1
1
1
1
1
0.998559
1
1
1
1
1
1
1
0.999971
1
1
0.999996
1
1
1
1
1
1
1
1
1
1
1
1
1
1
1
1
0.99999
1
1
1
1
1
1
1
1
1
1
1
1
1
1
1
1
1
1
1
1
1
1
1.00014
1
1
1
1
1
1
1
1
1
1
0.999986
1
1
1
1
1
1
0.999976
1
1
1
1
1.0001
1
1
1
1
1
1
1
1
1
1
1.00001
1
1
1
1
1
1
1
1
1
1.00001
1
1
1
1
1
1
1
1
1
1
1
1
1
1
1
1
1.00001
1
1
1
1
1.00029
1
1
1
1
1
1
1
1
1
0.999998
1
1
1.00005
1
1
1
0.999979
0.999997
1
1
1
1
1
1
1
1
1
1
0.999999
1
1
1
1
1
1
1
1
1
1
1
1
1
1
0.997598
1
1
1
1
1
1
1
1
1
1
1
1
1
1
1
1.00002
1
1
1
1
1
1
1
1
1.00025
1
1
1
1
1
1
1
1
1
0.997902
1
1
1
1
1
1
1
1
1
1
1
1
1
1
1
1
0.997707
1
1
1
1
1
1
1
1
1
1
1
1
1
1
1
1
1
1
1
1
1
1
1
1
1
1
1
1
1
1
1
1
1
1
1
1
1
1
1
1
1
1
1
1
1.00002
1
1
1
1
1
1
1
1
0.999997
1
1
1
1
1
1
1
1
1
1
1
1
1
1
1
1
1
1
1
0.999999
1
1
1
1
1
1
1
1
1
1
1
1
1
0.99997
1
1
1
1
1
1
1
1
1
1
1
1
1
1.00002
1
1
1
1
1
1
1
1
1
1
1
1
1
1
1
1
1
1
1
1
1
1
1
1
1
1
1
1
1
1
1.00001
1
1
1
1
1
1
1
1
1
1
1
1
1
1
1
1
1
1
1
1
1
1
1
1
1
1
1
1
1
1
1
0.999958
1
1
1
1
1
1
1
1
1
1
1
1
0.999999
1
1
0.99999
1
1
1
1
1
1
1
1
1
1
1
1
1
1
1
1
1
1
1.00015
1
1
1
1
1
1
1.00027
1
1
1
1
1
1
1
1
1
1
1
1
1
1
1
0.999996
1
1
1
1
1
1
1
1
1
1
1
1
1
1
1
1
0.999997
1
1
1
1
1
1
1
1
1
1
1
1
1
1
1
1
1
1
1
1
1
1
1
1
1
1
1
1
1
1
1
1
1
1
1
1
1
1
1
1
1
1
1
1
1
1
1
1
1
1
1
1
1
1
1
1
1
1
1
1
1
1
1
1
0.997161
1
1
1
1
1
1.00001
1
0.996814
1
1
1
1
1
1
1
1
1
1
1
1
1
1
1
1
1
1
1
1
1
1
1
1
1
1
1
1
0.999913
1
1
1
1
1
1
1
1
1
1
1
1
1.00001
1
1
1
1
1
1
1
1
1
1
1
0.999979
1.00003
1
1
1
1
1
1
1
1
1
1
1
1
1
1
1
1
1
1
1
1
1
1
1
1
1
1
1
1
1
1
1
1
1
1
0.99998
1
1
1
1
1
1
1
1
1
1
1
1
1
0.999912
1
1
1
1
1
1
1
1
1
1
1
1
1
1
1
1
1
1.00017
1.00011
1
1
1
1
1
1
1
1
1
1
1
1
1
1
1
1
1.00004
1
1.00003
1
1
1
1
1
1
1
1
1
1
0.999998
1
1
0.999902
1
1
1.00002
1
1
1
1
1
1
1
1
1
0.999891
1
1
1
1
1
1.00002
1
1
1
1.00014
1
1
1
1
1
1
1
1
1
1
1
1
1
1
1
1
1
1
1
1
1
1
1
1
1
0.999999
1
1
1
1
1
1.00001
1
0.999505
1
1
1
1.00004
1
1
1
1
1
1
1
1
1
1
1
1
1
1
1
0.998317
1
1
1
1
1
1
0.998041
1
1
1
1
1
0.999973
1
1
1
1.00011
1
1
1
1
1
1
1
1
0.997399
1.00001
1
1
1
1
0.999994
1
1
1
1
1
1
1
1
0.999455
1
1
1
1
1
1
1
1
1
1
1
1
1
0.996957
1
1
0.996593
1
1
1
1
1
1
1
1
1
1
1
1
1
1
1
1
1
1
1
1
1
1
1
1
0.999995
1
1
1
1
1
1
1
1
1
1
1
1
1
1
1
1
1
1
1
1
1
1
1
1
1.00001
1
1
1
1
1
1
1
1
1.00014
1
1
1
1
1.00001
1
1
1
1
1
1
1
1
1
1
1
1
1
1
1
1
1
1
1
1
1
1
1
1
1
1.00001
1
1
1
1
1
1
1
1
1
1
1
1
1
1
1
1
1
1.0002
1
1
1
1
1
1
1
1
1
1
1
1
1
1
1
1
1
1
1
1
1
1
1
1
1
1
0.999999
1
1
1
0.999904
1
1
1.00002
1
1
1
1
1
1
1
1
1.00001
1
1
1
1
1
1
1
1
1
1
1
1
1
1
1
1
1
1
1
1
1
1
1
1
1
1
1
1
1
1
1
1
1
1
1
1
1
1
1
1
1
1
1
1
1
1
1
1
1
1
1
0.999917
1
1
1
1
1
1
1
1
1
1
1
1.0001
1
1
1
1
1
1
1
1
1
1
1
1
1
1
1
1
1
1
1
1
1
1
1
1
1
1
1
1
1
1
1
1
1
1
1
1
1
1
1.00014
1
1.00202
1
1
1
1
1
1
1
1
1.00051
1
1
1
1
1
1.00022
1
1
1
1
1
1
0.999996
1
1
1
1
1
0.999955
1
1
1
1
1
1
1
1
1
1.00001
1
1
1
1
1
1
1
1
1
1
1
1
1
1
1
1
1
1
1
1
1
1
1
1
1
1
1
1
1
1
1
1
1
1
1
1
1
0.999187
1
1
1
1
1
1
1
1
1
1
1
1
1
1
0.998057
1
1
1
1
1
1
1
1
1
1
1
1
1
1
1
1
1
1
1
1
1
1
1
1
1
1
0.999995
1
0.999976
1
1
1
0.999762
1
1
1
1
1
1
0.999965
1
1
1
1
1
1
1
1
0.999999
1.00004
1
1
1
1
1
1
1
1
1
0.999999
1
1
1
1
1
1
1
1
1
1
0.998881
1
1
1
1
1
1
1.00007
1
1
1
1
1
1
1
1
1
1
1
1
1
1
1
1
1
1
1
1
1
1
1
1
1
1
1
1
1
1
1
1
1
0.99718
1
1
0.999999
1
1
1
1
1
1
1
1
1
1
1
1
0.999951
1
1
0.999999
0.995837
1
1
1
1
1
1
1
1
1
1
1
1
1
1
1
1
1
1
0.999999
1
0.999996
1
1
1
1
1
1
1
1
1
1
0.993843
1
1
0.999732
1
1
1
1
1
1
1
1
0.999995
1
1
1
1
1
1
1
1
1
1
0.999957
1
1
1
1
1
1
1
1
1
1
1.00011
1
1
1
0.99978
1
1
1
1
1
1
1
1
1
1
1
1
1
1.00004
1
1
1
1
1
1
1
1
1
1
1
1
1
1
1
1
1
1
1
1
1
1
1
1
1
1
1
1
1
1
1
1
1
1
0.996072
1
1
1
1
1
1
1
1
1
1
1
1
1
1
1
1
1
0.999999
1
1
1
1
1
1.00004
1
1
1
1
1
1
1
1
1
1
1
1
1
1
1
1
1
1
1
1
1
1
1
1
1
1
1
1
1
1
1
1
1
1
1
1
1
1
0.998997
1
1
1
1
1
1
1
1
1
1
1
1
1
1
1
1
1
1
1
1
1
1
1
0.999954
1
1
1
1
1
1
1
1
1
1
1
1
1
1
1
1
1
1
1
1
1
1
1
1
1
1
1
1
1
1
1
1
1
1
1
1
1
1
1
1
1
1.00008
1
1
1
1
1
1
1
1
1
1
1
1
1
1
1
1
1
1
1
1
1
1
1
1
0.999929
1
1
1
1
1
1
1
1
1
1
1
0.999996
1
1
1
1
1
1
1
1
1
1
1
1
1
1
1
1
1
1
1
1
0.999958
1
1
1
1
1
1
0.999972
1.00004
1
0.999895
1
1
1
1
1
1
1
1
1
1
1
1
1
1
1
1
1
1
1
1
1
1
1
1
1
1
1
1
1
1
1
1
1
1
1
1
1
1
1
1
1
1
1
1
1
1
1
1
1
1
1
1
1
1
1
1
1
1
1
1
1
1
1
1
1
1
1
1
1
1
1
1
1
1.00001
1
1
1
1
1
1
1
1
1
1
1
1
1
1
1
1
1
1
1
1
1
1
1
1
1
1
1
1
1
1
1
1
1
1
1
1
1
1.00011
1
1
1
1
1
1
1
1
1
1
1
1
1
1
1
0.999997
1
1
1
1
1
1
1
1
1
1
1
1
1
1
1
1
1
1
1
1
1.00022
1
1
1
1
1
1
1
1
1
1
1
1
1
1
1
1
1
1
1
1
1
1
1
1
1
1
1
1
1
1
1
1
1
1
1
1
1
1
1
1
1
1
1
1
1
1
1
1
1
1
1
1
1
1
1
1
1
1
0.999972
1
1
1
1
1
1
1
1
0.999995
1.00006
1
1
1
1
1
1
1
1
1
0.999843
1
1
1
1
1
1
1
1
1
1
1
1
1
1
1
1
1
1
1
1
1
1
1
0.999995
0.999989
1
1
1
1
1
1
1
1
1
1
1
1
1
1
1
1
1
1
0.997956
1
1
1
1
1
1
1
1
1
1
1
1
1
1
1
1
1
1
0.99124
1
1
1
1
1
1
1
1
1
0.999432
1
1
1
1
1
1
1
1
1
1
1
1
1
1
0.998976
1
1
1
1
1
1
1
1
1
0.999958
1
1
1
1
1
1
1
1
1
1
1
1
1
1
1
1
1
1
1
1
1
1
0.999993
1
1
0.999997
1
1
1
1
1
1
1
1
1
1
1
1
1
1
0.999998
1
1
1
1
1
1
1
1
1
1
1
1
1
1
1
1
1
1
1
1
1
1
0.998556
1
1
1
1
1
0.999996
1
1
0.994712
1
1
1
1
1
1
1
1
1
1
1
1
1
1
1
1
1
1
1.00004
1
1
1
1.00001
1
1
1
1
1
1
1
1
0.998583
1
1
1
1
1
1
0.996667
1
1
1
1
1
1
1
1.00002
1
1
1
1
1
1
1
1
0.999989
1
1
1
1
1
1
1
1
1
1
1
1
1
1
1
1
1
1
1
1
1
1
1
1
1
1
1
1
1
1
1
1
1
1
0.999998
1
1
1
1
1
1
1
1
1
0.999975
1
1
1
1
0.999503
1
1
1
1
1
1.00031
1
1
1
1
1
1
1
1
1
1
1
1
1
1
1
1
1
1
1
1
1
1
1
1
1
1
1
1
1
1
1
1
1
1
1
1
1
1
1
1
1
1
1
1
1
1
1
1
1
1
1
1
1
1
1
1
1
1
1
1
1
0.999878
1
1
1
1
1
1
1
1
1
1
1
1
0.998075
1
1
1
1
1
1
1
1
1
1
1
1
1
1
1
1
1
1
1
0.999983
1
1.00006
0.997922
1
1
1
1
1
1
1
1
1.00002
1
1
1
1
1
1
1
1
0.999944
1
1
1
1
1
0.999976
1
1.00026
1
1
1
1
1
1
1
1
1
1
1
0.999918
1
1
1
1
1
1
1
1
1
1
0.998891
1
1
1
1
0.999962
1
1
1
1
1
1
1
1
1
1
1
1
1
1
1
0.999999
1
1
0.999909
1
1
1
1
1
1
1
1
1
0.99996
1
1
1
1
1.00002
0.999978
1
1
1
1
1
0.999905
0.999994
1
1
1
1
1.00037
0.999956
1
1
0.999964
1
1
0.999973
1
1
1
1.00001
1.00024
0.999893
1.00002
1
1
1
1
1
1
0.999989
1
1
1
0.999945
1
1
1
1
1
1.00005
1
1
1
1
1
1
1
0.999965
0.999996
1
1
1
1
1
1
1
1.00001
1
1
1.00001
1
1
1
1
1
1
1
0.996416
1
1
1
0.999994
0.999972
1
1
0.999998
1
1
1
1
1
1
1
1
1
1
1
1
1
1
1
1
1
0.99999
1
0.996689
0.999999
1
1
1
1
1
1.00034
1
1
1
1
0.998488
1
1
1.00016
1
1
1
1
1
1
1
1
1
1
1
1
1
1
1
1
1
1
1
1
1
1
1
1
1
1
1
1
1
1
1
1
1
1
1
1
1
1
1
1
1
1
1
1
0.999971
1
1.00007
1
1
1
1
1
1
1
1
1
1
1
1
1
1
1
1
1
1
0.999991
1
1
1
1.00167
1
1
1
1
1
1
1
1
1
1
1
1
1
1
1
1
1
1
1
1
1
1
1
1
1
1
1
1
1
1
1
1
1
1
1
1
1
1
1
1
1
1
1.00001
1
1
1
1
1.00011
1
1
1
1
1
1
1
0.998979
1
0.99827
1
1
1
1
1
1
1
0.99852
1
1
0.999998
1
1
1
1
1
1
1
1
1
1
1
1
1
1
1
1
1
0.999772
1
1
1
1
1
1
1
1
1.00005
1
1
1
1
1
1
1
1
1
1
1
1
1
1
1
1
1
1
1
1
0.999979
1
1
1
1
1
1
1
0.999164
1
1
0.99947
0.997231
1
1
1
0.998013
1
1
1
1
1
1
1
1
1
1
1
1
1
1.0002
0.999958
1
1
1.00009
1
1
1
1
1
1
1
1
1
1
1
1
1
1
0.999962
0.997359
1.00018
1
1
0.999561
1
1
1
1
1
1
1
1
1
1
1
1
1
1
1
1
1
0.999931
1
1
1
1
1
0.999999
1
0.999318
0.999381
1
1
1
1.00011
1
1
0.994355
1
1
1
1
1.00001
1
1
1
1
1
1
1
1
1
1
1
1
1
0.999599
1
1
1
0.999904
1
1
1
0.999999
1
1
1
1
1
0.999965
1
1
1
1
1
1
1
1
1.00001
1
1
0.999996
1
1
1
0.999999
1
1
1
1
1
1
0.999999
1
1
1
1
1
1
1
0.999999
1
0.999817
1
1
1
1
1
1
1
1
0.999875
1.00002
1
1
1
1
1
1
1
1
1
0.998691
1
1
1
1
1
1
1
1
1.00002
1
1
1
1.00005
1
1
1
1
1
1
0.999999
1
1
1
1
1.00001
1
1
1.00018
1
1
1
1
1
1
1
1
1
1
1
1
1
1
1
1
1
1
1
1
1
1.00019
1
1
1
1
1.00002
1
1
1.00003
1
1
1
1
1
0.999955
1
1
1
0.999957
1
1
1
1
1
1
1
1
1
1.00001
1
1
1
1
1
1
1
1
1
1
1
1.00001
1
1
1
1
1
1
1
1
1
1
1
1
1
1
1
1
1
1
1
1
1
1
1
1
1
1
0.999999
1
0.999998
1
0.999994
1
1
0.999997
1
1
1
1
1
1
1
1
1
1
1
1
1
1
1
1
1
1
1
0.996876
1
1
1
1
1
1
1
1.00001
1
1
1
1
1
1
1
1
1
1
1.00003
1
1.00001
1
0.999939
1
1
1
1
1
1
1
1
1
1
1
1
1
1
1
1
1
1
1
1
1
1
1
1
1
1
1
0.999658
1
1
1
1
1
1
1
1
1
1
1
1
1
1
1
1
1
1
1
1
1
1
1
1
1
1
1
1
1
1
1
0.993223
1
1
0.999603
1.00017
1
1.00001
1
1
1
1
0.999999
1
1
1
1
1
1
1
1
1
1
0.999995
1
1
1
1
1
1
1
1
1
1
1
1
1
1
1
1
1.00004
1
1
1
1
1
1
1
1
1
1
1
1
1
1
1
1
1
1
1
1
1
1
1
1
1
1
1
1
1
1
1
1
1
1
1
1
1
1
1
1
1
1
1
1
1
1
1
1
1
1
1
1
1
1
1
1
1
1
1
1
1
1
1
1
1
1
1
1
1
1
1
1
1
1
1
1
1
1
1
1
1
1
1
1
1
0.999996
1
1
1
1
1
1
1
1
1
1
1
1
1
1
1
1
1
1
1
1
1
1
1
1
1
1
1
1
1
1
0.999992
1
0.999975
1
1.00002
1
1
1
1
1
1
1
1
1
1
1
1
1
1
1
1
1
1
1
1
1
1
1
1
1
1
1
1
1
1
1
1
1
1
1
1
1
1
1.00043
1
1
1
1
1
1
1
1
1
1
1
1
1
1
1
1
1
1
1
0.999997
1
1
1
1
1
1
1
1
1
1
1
1
1
1
1
1
1
1
1
1
1
1
1
1
1
1
1
1
1
1
1
1
1
1
1
1
1
1
1
1
1
1
1
1
1
1
1
1
1
1
1
1
1
1
1
1
1
1
1
1
1
1
1
1
1
1
1
1
1
1
1
1
1
1
1
1
1
1
1
1
1
1
1
1
1
1
1
1
1
1
1
1
1
1
1
1
1
1
1
1
1
1
1
1
1
1
1
1
1
1
1
1
1
1
1
1
1
1
1
1
1
1
1
1
1
1
1
1
1
1
1
1
1
1
1
1
1
1
1
1
1
1
1
1
1
1
1
1
1
1
1
1
1
1
1
1
1
1
1
1
1
1
1
1
1
1
1
1
1
1
1
1
1
1
1
1
1
1
1
1
1
1
1
1
1
1
1
1
1
1
1
1
1
1
1
1
1
1
1
1
1
1
1
1
1
0.997241
1
1
1
1
1
1
1
1
1
1
1
1
1
1
1
1
1
1
1
1
1
1
1
0.999952
1
1
1
1
1
1
1
1
1
1
1
1
1
1
1
1
1
1
1
1
1
1
1
1
1
1
1
0.998886
1
1
0.999999
1
1
1.00009
1
1
1
1
1
1
1
1
1
1
1
1
1
1
1
1
1
1
1
1
1
1
1
1
1
1
0.999881
1
1
1.00013
1
1
1
0.998419
1
1
1
1
1
1
1
1
1
1
1
1
1
1
1
1
1
1.00015
1
1
1
1
1
1
1
1
1
1
1
1
1
1
1
1
1
1
1
1
1
1
1
1
1
1
1
1
1
1
1
1
1
1
1.00016
1
1
1
1
1
1
1
1
1
1
1
1
1
1
0.999942
1
1
1
1
1
1
1
1
1
1
1
1
1
1
1
1
1
1
1
1
1
1
1
1
1
1
1
1
1
1
1
1
1
1
1
1
1
1
1
1
1
1
1
1
1.00004
1
1
1
1
1
1
1
1
1
1
1
1
1
0.99998
1
1
1
1
1
1
1
1
1.00006
1
1
1
1
1
1
1
1
1
1
1
1
1
1
1
1
1
1
1
1
1
1
1
1
1
1
1
1
1
1
1
1
1
1
1
1
1.00002
1
1
1
1
1
1
1
1
1
1
1
1
1
1
1
1
1
1
1
1
1
1
1
1
1
1
1
1
1
1
1
1
1
1
1
1
1
1
1
0.998147
1
1
1
1
1
1
1
1
1
0.992695
1
1
1
1
1
1
1
1
1
1
1
0.998613
1
1
1
1
1
1
1
1
1
1
1
1
1
1
1
1
1
1
1
1
1
1
1
1
1
1
1
1
1
1
1
1
1
1
1
1
1
1
1
1
1
1
1
1
1
1
1
1
1
1
1
1
1
1
1
1
1
1
1
1
1
1
1
1
1
0.999855
1
1
1
1
1
1
1
1
1
1
1
1
1
1
1
1
1
1
1
1
1
0.983708
1
1
1
1
1
1
1
1
1
1
1
1
1
1
1
1
1
1
1
1
1
1
1
1
1
1
1
1
1
1
1
1
1
1
1
1
1
1
1
0.999164
1
1
1
1
0.999975
1
1
1
1
1
1
1
1
1
1
1
1
1
1
1
1
1
1
1.00001
1
1
1
1
1
1
1
1
1
1
1
1
1
1
0.999876
1
1
1
1
1
1
1
1
1
1
1
0.999954
1
1
1
1
1
1
1
1
1
1
1
1
0.999903
1
1
1
1
0.999999
1
1
1
1
1.00039
1
1
0.999943
1
1
1
1
1
1
1
1
1
1
1
1
0.993224
1
1
1
1
1
1
1
0.999962
1
1
1
1
1
1
1
1
1
1
1
0.998973
1
1
0.999971
1
1
1
1
0.999999
1
1
1
1
1
1
1
1.00027
1
1
1
1
0.999933
1
1
1
0.99997
1
1
0.999897
1
0.999999
1
1
1
1
1
1
1
1
1
1
1
1
0.999943
1
1
1
1
1
1
1
1
1
1
1
1
1
1
1
1
1
1
1
1
1
1
1
1
1
1
1
1
1
0.999955
1
1
1
0.997223
1
1
1
1
1
1
1
1
1
1
1
1
1
0.999956
1
1
1
1
1
1
1
1
1
1
1
1
0.999992
1
1
1
1
1
1
1
1
1
1
1
1
1
1
1
1
1
1
1
1
1
1
1
1
1
1
1
1
1
1
1
1
1
1
1
0.999992
1
1
1
1
1
1
1
1
1
1
1
1
1
1.00002
1
1
1
1
1
1
1
1
1
1
1
1
1
1
1
1
1
1
1
1
0.999997
1
1
0.998778
1
1
1
1
1
1
1
1
1
1
1
1
1
1
1
1
1
1
1
1
1
1
1
1
1
1
1
1
0.999957
1
1
1
1
1
1
1
1
1
1
1.00001
1
1
1
1
1
1
1
1
1
0.995384
1
1
1
1
1
1
1
1
1
1
1
1
0.999961
1
1
1
1
1
0.999997
1
1
1
1
1
1
1
1
1
1
1
1
1
1
1
1
1
1
1
1
1
1
1
1
1
1
1.00001
1
1
1
1
1
1
1
1
0.999999
1
1
1
1
1
1
0.99998
1
1
1
1
1
1
1
1
1.00244
1
1
1
1
1
1
1
1
1
1
1
1
1.00001
1.00009
1
1
1
1
1
0.999994
1
1
1
1.00001
1
1
1
1
1
1
1
1
1
1
1
1
1
1
1
1
1
1
1
1
1
1
0.996198
1
1
1
1
1
1
1
1
1
1
1
1
1
1
1
1
1
1
1
1
1
1
1
1
1
1
1
0.999994
1.00061
1
0.999998
1
1
1
0.999709
1
0.999765
1
1.00001
1
1
1
1.00001
0.999994
1
1
1
1
1
1
1
1.00001
0.999654
1
1
1
0.999998
1
1
0.999942
1
1
1
1
1
1
1
1
1.00015
1
1
1
1
1
1
1
1
1
1
1
1
1
1
1
1.00053
1
1
1
1
1
1
1
1
1
1
1
1
1
1
1
1
1
1
1
1
1
1
1
0.999916
1
1
1
1
0.988007
0.999998
1
1
1
1
1
1
1
1
1
1
1
1
1
1
1
1
0.995098
1
1
1
1
1.00003
0.999988
1
1
0.999999
1
1
1
1
1
1
1
1
1
1
1
1
1
1
1
1
1
1
1
1
1
1
1
0.99931
1
1
1
1
1
1
1
0.998668
1
1
1
1
1
1
1
1
1
1
1
1
1
1
1
1
1
1
1
1
1
1
1
1
1
1
1
1
1
1
1
1.00236
1
1
1
1
1
1
1
1
1
1
1
1
1
1
1
1
1
1
0.997371
1
1
1
1.00006
1
1
1
1
1
0.997543
1
0.999987
1
1
1
1
1
1
1
1
1
1
1
1
1
1
1
1
1
1
1
1
1
1
1
1
0.999494
1
1
1
1
1
1
1
1
1
1
1
1
1
1
1
1
1
1
1
1
0.999308
1
1
1
1
0.999992
1
1
1
1
1
1
1
1
1
1
1
1
1
1
1
1
1
1
1.00034
1
1
1
1
1
1
1
1
1
1
1
1
1
1.00001
1
1
1
1
0.999777
1.00023
1
1
1
1
1
1
1
1
1
1
0.99083
1
1
1
1
1
1.00019
1
1.00012
1
1
0.999486
1
1
1
1
1
1.00076
1
1
1
1
1
1
0.999943
1
1
1
1
1
1
1
1
1
1
0.998456
0.999958
1
1
1
1
1
1
0.99998
1
1
1
1
1
1
1
1
1
1
1
1
1
1
1
1
1
1
1
1
1
1
1
1
1
1
1
1
1
1
1
1
1
1
1
1
1
1
1
1
1
1
1
1
1.00011
1
1
1
1
1
1
0.998574
1
1
1
1
1
1
0.999999
1
1
1
1
1
1
1
1.00001
1
1
1
1
1
1
1
0.999999
1
1
1
1
1
1
1
1
1
1
1
1
1
1
1
1
1.00002
1
1
1
1
1
1
0.999665
1
1
1
1
1
0.999952
1
1
0.999991
1
1
1
1
1
1
1
1
1
1
1
1
1
1
1
1
1
1
1
1
1
1
1
1
1
1
1
1
1
1
1
1
1
1
1
1
1
1
1
1
1
1
1
1
1
1
1
1
1
1
1
1
1
1
1
1
1
1
1
1
1
1
1
1
1
1
1.00001
1
1
1
1
1
1
1
1
1
1
1
1
1
1
1
1
1
1
1
1
1
1
1
1
1
1
1
1
1
1
1
1
1
1
1
1
1
1
1
1
1
1
1
1
1
1
1
1
1
1
1
1
1
0.999985
1
1
1
1
1
1
1
1
1
1
1
1
1
1
1
1
1
1
1
1
1
1
1
1.00003
1
1
1
1
1
1
0.999568
1
1
1
1
1
1
1
1
1
1
1
1
1
1
1
1
1.00001
1.00025
0.999464
0.999983
1.00036
1
1
1
0.999992
1
1.00016
1
1
1
1
1
0.999999
1
1
1
1
1
1
1
1
0.999997
1
1
1
1
1
1
1
1
1
1
1
1
1
1
1
1.00003
1
1
1
1
1
1
1
1
1
1
1
1
1
1
1
1
1
1
1
1
1
1
1
1
1
1
1
1
1
1
1
1
1.00009
1
1
1
1
1
1
1
1
1
1
1
1
1
1
1
1
1
1
1
1
0.998366
1
1
1.00001
1
1
1
0.999989
0.999998
1
1
1
1
1
1
1
1
1
1
1.00001
1
1
1
1
1
1
1
1
1
1
1
1
1
1
1
1
1
1
1
1
1
1
1
1
1
1
1
1
1
0.999999
1
1
1
1
1
1
1
1
1.00001
1
1
1
1
1
1
1
1
1
1
1
1
1
1
1
1
1
1
1
1
1
1
0.999351
1.00027
1
0.998856
1
1
1
1
1
1
1
1
1
0.999894
0.997003
0.983993
1
1
1
1
1
1
1
1
1.00002
1
0.991802
1
0.996573
1
1
1
1
1
1
1
1
1
1
1
1
1
1
1
1
1
1.00001
1
1
1
1
1
1
1
1
1
1
1
1
1.00002
1
1.00001
1
1
1
1
1
0.999997
1
1
1
1
1
1
0.993901
1
1
1
1
1
1
1
1
1
0.998232
1
1
1
1
1.0002
1
1
1.00021
1
1
1
1
1
1
1
1
1
1
1
1
1
1
0.998107
1
0.999558
1
1
1
0.995927
1
1.00002
1
1
1
1
1
1
1
1
1.00154
1
1
1.00017
1
0.999484
1.00008
1
0.999916
1
1
1
1
1
1
1
0.99784
1
1
1
1
1
1
1
1
1
1
1
1
1
1
1
1
1
1
1
1
1
1.00001
1
1
1
1
0.999901
1
1
1
1
1
0.999996
1
1
1
0.999948
0.999995
1
1
1
1
1
1
1
1
1
1
1
1
1
1.00001
0.999927
1.00018
1
1
1
1.00064
1.00002
0.999994
1
1
1
1
1
1
1
1
1
1
1
1
1
1
1
1
1
1
1
1.00004
1
1
1
1
1
1.00003
1
1
1
1
1
1
1
1
1
1
1
1
1
1
1
1
1
1
1
1
1
1
1
1
1
1
1
1
1
1
1.00001
1
1
1
1
1
1
1
1
1
1
1
1
1
0.999997
1
1
1
1
1
1
1
1
1
1
1
1
1
1
1
1.00001
1.00001
0.999973
1.00012
1
0.999994
1.00002
1
1
1
1
1
1
1
1
1
0.999991
1
0.999988
1
0.999924
1
1
1
1
1.00027
1
1
1
1
1
1
1.00002
1
1
1.00001
1
1
1
1
1
1
1
1
0.999973
1
1
0.999995
1
0.99986
0.999997
1
1
1.00001
0.998242
1
1
1
1
1
1
1.00069
0.999989
0.99948
1
1
0.999997
1
1
1
1
1
1
1
1
1
1
1
1
1
1
1
1
1
1
1
1
1
1
1
0.998264
1
1
1
1
1
1
0.999999
1
1
1.00001
1
1
1
1
1
1
1
1
1.00036
1
1.00001
1
1
1
1
1
1
1
1
1
1
1
1
1
1
1.00006
1
1
1
0.99968
1
1
1
1
1
1
1
1
1
0.999998
1
1
1
1
1
1
1
1
1
0.999855
1
1
1
1
0.999999
1
1.00194
0.998817
1
1
1
1
1
1
1
1
1
1
1
0.996478
1
1
0.999996
1
1
1
1
1.00046
1
0.999994
1
1
1
1
1
1
1
1
1
1
1
1
0.99999
1
1
1
1
0.999657
1
1
1
1
1
1
1
1
1
1
1
1
1
1
1
1
0.99244
1
1
1
1
1
1
1
1
1
1
1
1
1
1
1
1
1
1
1
1
1
1
1
1
0.998868
1.00083
1
1.00024
0.999166
1
0.999929
1.00001
1
1
1
1
1
1
1
1
0.99721
1
1
1
1
1
1
1.00002
1
1
1
1
1
1
1
1
1
1
1
1
1
1
1
1
1
1
1
1
1
0.999388
1
1
1
1
1
1
1
1
1
1
1
1
1
1
1
1
0.999999
1.00001
1
1
1
0.999999
1
1
1
1
1
0.996589
1
1
1
1
1
1
1
1
1
1
1
1
0.999343
1
1
0.999706
1.00001
1
1
1
1
1
1
1
1
1
1
1
1
1
1
1
1
1
1
0.999817
1
1
1
1
1
1
1
0.99996
1
1
1
1
1
1
0.999778
1
0.99995
1
1
1
1
1
1.00006
1
1
1
1
1
1
1
0.992321
1.00001
1
1
1
0.999911
0.999066
1
0.996045
0.998739
1
1
1
1
1.00001
1
1
1
1.0014
1
1
1
0.999921
0.999999
1
1.00001
1
1
1
1
1
1
1
0.999989
0.999996
1
1
1
1
1
1
1
1
1
1
0.999998
1
1
1
1.00005
0.999959
0.999999
1
1
1
1
1
1
1
1
1
1
1
1
1
1
1
1
1
1
1
1
1
1
1
1
1
0.999999
0.997818
1
1
1
0.998092
1
1
1
1
1
1
0.999911
1
1
1
1
1
1
1
1.00003
1
0.999997
0.997722
1
1
1.00001
1
1
1
0.999923
1
1
1
0.999995
1
1
1
1.00019
0.999999
1
1
1
1
1
1
1
1
1
1
1
1.00001
0.999983
1
1
1
0.999981
1
1
1
1
1
1
1
1
1
1
1
1
1
1
1
1
1
1
1
1
1
1
0.999996
1
1
1
1
0.999893
1
1
1
1
1
1
1
0.999782
1
1
1
1
1
0.999992
0.999829
1
1
1
1
1
1
1
1
1
1
1.00001
1
1
1
1
1
1
1
1
1.00005
1
1
1
1.00004
1
1.00003
0.999764
1
1
1.00069
1.00005
1
1
1
0.999974
1
1
1
1
1
0.999484
1
1
1
1
1
1
1
1
1
1
1
0.996675
1
1
1
1
1
1.00001
1
1
1
1
1
1
1
1.00001
1
1
1.00081
1
1
1.0001
1
1
1
1
1
1
1
1
1
1
1
1
1
1
1
1
1
1
1.00007
1
1
1
1
1
1
1
0.99997
1
1
1
1
1
1
1
1
1
1
1.00004
1
1
1
0.9998
1
1
1
1
1
1
1
1
1.00001
1
1
1
1
1
1
1
0.998506
1
1
1
1
1
1
0.9997
1
1
1
1
1
1
1
1
1
1
1
1
0.999998
1
1
1
1
1
1
1
1
1
1
1
1
1
1
1
1.00001
1
1
1
1
1
1
1
1
0.999803
1
1.00001
1
1
1
1
1
1
1
1
1
1
1
1
1
1
1
1
1
0.999736
1
0.999999
1.00003
0.999999
1
1
1
1
1
1
1
1
1
1
1
1
1
1
1
1
1
1
1
1
1
1
1
0.997461
1
1
1
1
1
1
1
1
1
1
1
1.00001
1
1
1
1
1
1
1
1
1
1.00001
0.999999
1
1
1
1
1
1
1
1
1
1
1
1
1
1
1
1
1.00014
1
1
1
1
1.00001
1
1
1
1
1
0.999997
1
1
1
1
1
1
1
0.989501
1
1
1
1
1
1
1
1
1
1
1
1
1
1
1
1
1
1
1
1
1
0.999988
1
1
1
0.998462
1
1
1
1
1
1
1
1
1
1
1
1
1
1
1
1
1
1
1
1
1
1
0.999999
1
1
1
1
1
1.00004
1
1
1
1
1
1
1
1
1.00058
1
1
1
1
1
1
1
1
1.00001
1
1
1.00001
1
1
1
1
1
1
1
1
1
1
1
1
1
1
1
1
1.00003
1
1
1
1
1
1
1
1
1
1
1
1
1
1
0.998806
1
1
1
1
1
1
0.999999
1
1
0.999995
1
1
1
1
1
1
0.999405
1
1.00031
1
1
1
1
0.999981
1
1
1
1
0.996304
0.999986
1
1
1
1
1
0.999999
1
1
0.999927
1
1
1
1
1
1
1
1
1
0.999998
1
1
1
1
1
1
1
1
1
1
1
1
1
1
1
1
1
1
1
1
1
1
1.00005
1
1
1
1
1
0.999999
1
1
1
0.999697
1
1
1
1
1
1
1.00004
1.00001
1
1
1
1
1
1
1
1
1
1
1
1
1
1
1
1
0.999996
1
1
1
1
1
1
1
1
1
1
1
1
1
1
1
1
1
1
1
0.999909
1
1
1
1
1
1
1
0.997484
1
1.00001
1
1
1
1
1.00059
1
0.999995
1
1
1
1
1
1
1
1
0.999942
1
1
1
1
1
1
1.00001
1
1.00032
1
1
0.999599
0.999337
1
1
1
1
1
1
1
1
1
1
1
1
1
1
1
1
1
1
1
0.999938
0.999829
1.00019
1.00002
1
1
1
1
1
0.999693
1
1
1
1
1
1
1
1
1
1.00004
1
1.00001
1
1
1
1
1.00001
1
1
1
1
1.00006
1
1
1
0.99859
1
1
1
1
1
1
1
1
1
1
1
1
1
1
1
1
1
1.00005
1
1
1
1
1
1
1
1
1
1
1
1
0.999999
1
1
1
1
1
1
1
1
1
1
1
1
1
1
1
1
1
1
1
1
1
1
1
1
1
1
1
1
0.998501
1
1
1
1
1
1
1
1
0.999205
1
0.999944
1
1
1
1
1
1
1
1
0.999927
1
0.998932
1.00001
1
1.00012
1
1
1.00001
1
1
1
1
1
1
0.999957
1
1
1
1
1
1
1
1
1
0.999862
1
0.999772
1
1
1.00001
0.999989
1
0.999773
1
1
1.00001
0.999998
1
0.999951
1
1
1
1
1
1
1
1
1
1
1.00001
1
1
1
1
1
1
0.999941
1
1
1
1
1
1
1
1
1
1
1
1
1
1
1
1
1
1
1.00085
1
1
1
1
1
0.99848
1
1
1
1
1
1
1
1
1
1
1
1
1
1
1
1
1
1
1
1
1
1
1
1
1
1
1
1
1
1
1
1
1
1
1
1
1
1
1
1
1.00025
1
0.999986
1
1
1
1
0.999998
1
1
1
1
1
1
1
1
1
1
1
1
1
1
1
1.00006
1
1
1
1
1
1
1
1
0.999998
1
1
1
1
1
1
1
1
1
1
1
1
1
1
1.00001
1
1
1
1
1
1
1
1
0.998463
1
1
1
1
1
1
1
1
1
1
1
1
1
1
1
1
1
1
1
1
1.00028
1
1
1
1
1
1
1
1
1
1
1
1.00001
1
1.00035
1.00002
1
1.00001
1
1
1
1
1
1
1
1
1
1
1
1
1
1
1
1
1
1
1
0.993993
1
1
1
1
1
1
1
1
1
1
1
1
1
1
1
1
1
0.996341
1
1
1.00001
1.00001
1
1
1
1
1
1
1
1
1
1
1
1
1
1
1
1
1
1
1
1
1
1
1
1
1
1
1
1
1
1
1
1
1
0.999977
1
1
1
1
1
1
1.00071
1
1.00001
1
1
1
1
1
1
1.00001
1
1
1
1
1
1
1
1
1
1
1
0.999994
1
1
1
1
1
1
1
1
1
1
1
1
1
1
1
1
1
1.00001
1
1
1
1
0.999772
1
0.999997
1
1
1
1
1
0.999993
1
1
0.999555
1
1
1
1
1
1
1
1
1
1
1
1
1
1
1
1
1
1
1.00016
1.00043
1
1
1
1
1
1
1.00169
1
1
1
1.00001
1
1
1
1
1
1
1
1
1.00001
1
0.999922
1
1
1
1
1
1
0.999939
1
1
1
1
1
1
1
1
1
1
1
1
1
1
1.00001
1
1
1.00058
1
1
1
1
1
1
1.00001
1
1
1
1
1
1
1
1
1
1
1
1
1
1
1
1
1
1
0.99988
0.999999
1
1
1
1
1
1
1
1
1
1
1
1
1
1
1
0.99751
1
0.999988
1
1
1
1
1
1
1
1
1
1
1
1
1
1
1
1
1
1
1
1
1
0.999999
1
1
1
1
1
1
1
1
1
1
0.999999
1
1
1
1
1
1
1
1
0.999989
0.998194
1
1
1.00034
1
1
1.00006
0.99997
1
1
1
1
1
1
1.00113
1
1
1
1
1
1
1
1
1
1
1.00001
1
1
1
1.00001
1
1
1
1
1
1
1
0.999343
1
1
1
1
0.992587
1
1
1
0.990787
1
1
1
1
1.00024
1
1
1
1
1
1
0.999986
1
1
1
1
1
1
1.00037
1
1
1
1
1
1
1
1
1
1
1
1
1
1
1
1
1
0.999999
1
1
1
1
1
1
1
1
1
1
1
1
1
1
1
1.00004
1
1
1
1
1
1
1
1
1
1
1
1
1
1
1
1
1
1
1.00001
1.00042
1
1
1
1
1
1
0.999998
1
1
1
1
1
1
1
1
1
1
1
1
1
1
1
0.999994
1.0012
1
0.998565
1
1
1
1
1.00061
1
1.00076
1
1
1
1
1
1
1
1
1
1
1
1
0.999999
1
1
1
1
1
1
1
1
1
0.99987
1
1
1
1.00084
1
0.999959
1
1
1
1
1
1
1
1
1.00001
0.99094
0.99998
1
1
1
1
1
1
1
1
1
1
1
1
1
1
1
1
1
0.990597
1
1
1
1
1
1
1
1
0.999956
1
1
1
1
1
1
1
1
1
1
1
1
1
0.999965
1
1
1
1
1
1
1
1.00023
1
0.999368
1
1
1.00082
1
1
1
1
1
1
1
1
1
1
1
1
1
1
1.00002
1
1
1
1
1
1
1
0.999996
1
1
1
1
1
1
0.99959
1
1
1
1
1
1
1
1
1
1
1
1
1
0.999988
1
1
1
1
1
1
1
1
1
1
1
1
1
1
1
1
1
1
1
1
1
1
1
0.999999
1
1
1
1
1
1
1
1
1
1
1
1
1
1.00002
1
1
1
1
1.00001
1
1
1
1
1
1
1
1
1
1
0.998087
1
1
1
1
1
0.997899
1
1
1
1
1
1
1
1
1
1
1
1
1
1
0.999994
1
1
0.999665
1
1
1
1
1
1
1
1
1
1
1
1
1
1
1
0.999989
1
1
1
1
1
1
1
1
1
1
0.999257
1
1
1
1.00002
1
1
1
1
1
1
0.999991
1
1.00124
1
1
1
1
1
0.999976
1
0.999981
1
1
1
1
1
1
1
1
1
1
1
1
1
1
1
1
1
1
1
1
1
1
0.999993
1
1
1
0.999996
1
1
1
1
1
1
1
1
1
1
1
1
1
0.999921
1
1
1
1
1
1
1
0.999998
1
1
1
1
1
1
1
1
1
1
0.998088
1
1.00002
1
1
1
1
1
1
1
1
1
1
1
1
1
1
1
1
0.999972
1
1
1
1
1
1
1
0.99995
1
1
1
1
1
0.998716
1
1
1
1
1
1
1
1
1
1.00001
1
1
1
1
1
0.999995
1
1
1
1
1
0.997613
1
1
1
1
1
1
1
1
1
1
1
1
1
1
1
1
1
1
1
0.999984
0.999407
1
1
1
1
1
1
1
1
1
1
1
0.996999
1.00009
1
1
1
1
1
1
1
1
1
1
1
1
1
1
1.00003
1
1
1
1
1
1
1
1
1
1
1
1
1
1
1
1
1
1
1
1
1
1
0.99998
1
1
1
1
1
1
1
1
1
0.999997
1.0002
1
1
1
1.00003
1
1
1
1
1
1
1
0.999995
1
1
1
1
1
1
1
1
1
1
1
1
1
1
1
1
1
0.999998
1
1
1
1
1
1
1
1
1
1
1
0.999869
1
1
1
1
1
1
1
1
0.999998
1
1
1
1
1
1
1
1
1
1
1
1
1
1
1
1.00011
0.99599
1
1
1
1
1
1
1
0.99986
1
1
0.999997
1
1
1
1.00002
1
1
1
1
1
1
1
1
1
1
1
1
1
1
1
1
1
1
1
1
1
1
0.991816
1
1
1
1
1
1
1
1
1
1
1
1
1
1
1
1
1
1
1.00047
0.999998
1.00003
1
1
1
1
1
1
1
1
1
1
1
1
1
0.999163
0.99988
1
1
1
1
1
1
1
1
1
1
1
1
1
1
1
1
1
1
1
0.999999
1
1
1
1
1
1
1
1
1
1
1
1.00002
1
1
1
1
1
1
1
1
1
1
1
1
1
1.00082
1
1
0.999934
1
1
1
1
1
1
1
1
1
1
0.999996
1
1
1
1
1.00008
1
1
0.999992
1
1
1
1
0.999999
1
1
1
1
1
1
1
1
1
1
1
1
1
0.999935
0.999759
1
1
1
1
1
1
1
1
1
0.999995
1
1
1
1
1
1
1
1
1
1
1
1
0.999999
1
1
1
1
1
1
1
1
1
1
1
1
1
1
1
1
1
1
0.999994
1
1
1
1
1
0.996325
1
1
1
0.999402
1
1.00004
1
1
0.999996
1
1
1
1
1
1
1
1
0.999874
1
1
1
1
1
1
1
1
1
1
1
1
1
1
1
1
1
1
1
1
1
1
0.998375
1
0.999238
1
1
1
1
1
1
1
1
1.00001
1
1
1.00004
1
1
0.999372
1.00001
1
1
1
1
1
1
1
1
1
1
1
1
0.999998
1
1
1
1
1
0.999999
1
1
1
1
1
1
1
1
1
1
1
1
1
1
1
0.999927
1
1
1
1
1
1
1
1
1
1
1
1
1
1
1
1
1
1
1
1
1
1
1
1
1
0.999698
0.999999
1
1
1
1
1
1
1
1
1
1
1
1
1
1
1
1
1
1
0.998623
1
1
0.999018
1
1
1
1
0.999997
1
1
1
1
1
1
1
1
1
1
1
1
1
1
1
1
1
1
1
1
1
1
1
0.999999
1
1
1
1
1
1
1
1
1
1
1
0.999999
1
1
0.999455
1
1
1
1
1
1
1
1
1
1
1
1
1
1
1
1
1
1
1.00013
1
0.999998
1
1
1
1
0.999998
1
1
1
0.999943
1
1
1
1
1
1
1
1
1
1
1
1
1
1
1
1
1
1
1
1
1
1
1
1
1
1
1
1
1
1
1
1
1
1
1
1
1.00001
1
1
1.00001
1
1
0.999029
1
0.999986
1
1
1
0.997945
1
1
1
1
1
1.00001
1
1
1
1
1
1
1
1
1.00001
1
1
1
1
1
1
1
1
1
1
1
1
1
1
1.00002
1
1
1
1
1
1
1
1
1
1
1
1
1
1
1
1
1
0.99996
1
1
1
1
1
1
1
1
1
1
1
1
1
1
1
1
1
1
1
1
1
1
1
1
1
1
1.00008
1
1
1
1
1
1
1
1
1
1
1
1
1
1
0.999733
1
1.00089
1
1
1
1
1
0.997793
1
1
1
0.999995
1
1
1
1
0.999936
1
0.999993
1
1
1
1
1
1
1
0.999943
1
1
1
1
0.999999
1
1
1
1
1
1
1
1
1.00004
1
1.00001
1
0.999999
1
1
1
1
1
1
1
1
1
1
1
1
1
1
0.999872
1
1
1
1
1
1
1
1
0.999999
0.999962
1
0.998784
1
1
1
0.998284
1
1
1
1
1
1
0.999984
1
1
1
1
1
1
1
1
1
1.00001
1
1
1
1
1
1
1
1
1
1
1
1
1
0.999986
1
1
1
0.999919
1
1
1
1
1
1
1
1
1
1
0.999897
1
1
1.00002
1
1
1
1.00003
1
1
1
1
1
0.997833
1
1
1
1
1
0.999973
1
1
1
1
1
1
1
1
1
1
1
1
1.00089
0.99875
1
1
1
1
1
1
1
1
1
1
0.998417
1
1
1
1
1
0.999998
1
1
1
1
1
1
1
1
1
0.999431
1
0.99987
1
1
1
1.00016
1
1
1.00001
1
1
1
1
1
1
1
1
1
1
1
0.999991
1
1
0.999923
1
1
0.998598
1
1
1
1
1
1
0.999813
1
0.999769
1
1
0.999599
1
1
0.999999
1
1
1
1.00001
1
1
0.999994
1
1
1
1
1
1
1
1
1
1
0.999995
1
1
1
1
1
1
1
1
1
1
1
1
1
1
1
1
1
1
1
1
1
1
1.00002
1
1
1
1
1
1
1
0.999998
1
0.999665
1
1
1
1
1
1
1
1
1
0.998027
1
1
1
1
1
1
1.00001
1
0.99999
1
1
0.999999
0.999954
1
1
1
1
1
1
1
1
0.999126
0.998559
1
1.00001
1
0.999998
1
1
1
1
1
1
1
1
1
1
1
0.999459
1
1
1
1
1
1
1.00002
1
1
1
1
1
1
1
1
1
1
1
1
1
1
1
1
1
1
1
1
1.00075
1
1
1
1
1.00042
1
1
1
1
0.999997
0.999999
0.999965
1
1
1
1
1
1
1
1
1
1
1
1
1
1
1
1
1
1
1
1
1
1
1
1
1
1
1
0.999999
1
1
1
1
1
1.00001
1
1
1
1
1
1
1
1
1
1
1
1
1
1
1.00002
1
0.999991
1
1
1
0.999571
1
1
1
1
1
1
1
0.999991
1
1
1
1
1
1
1
1
0.999035
1
1
1
1
1
1
1
1
1
1
1
1
1
1
1
1
1
1
1
1
1
1
1
1
1
1
1
1
1
1
1
1
1
1
1
1
1
1
1
1
1
1
1
1
1
1
1
1
1
0.99961
1
1
0.996723
1
1
1
1
1
1
1
1
0.999721
1
1
1
1
1
1
1
1
1
1
1
1
1
1
1
1
1.00003
1
0.999165
1
1
1
1
1
1
1
1
1
1
1
0.999995
1
1
0.999997
1
1
0.999982
1
1
1
1
1
1
1
1
1
1
1
1
1
1
1
1
1
1
1
1
1
1
1
1
1
1
1
0.99999
1
1
0.999985
1
1
1
1
1
1
1
1
1
1
1
0.999991
1
1
1
1
0.993425
0.999999
1
1
1
1
1
1
1.00012
1
1
1
1
1
1
1.00001
1
1
1.00008
1
0.999995
1
1
1
1
1
1.00004
1
1
1
1
1
1
1
1
1
1
1
1
0.999998
1
1
1
1
1
1
1
1
1
1
1
1.00003
1
0.999942
1
1
1
1
1
1
1
0.996473
1
0.999995
1
1
1
1
1
1
1
1
0.999993
1
1
1
1
1
1
1
1
1
1
1
1
1
1
1
1
1.00014
1
1
1
1
1
1
1
1
1
0.995822
1
1
1.00002
1
1
1
1
1
1
1
1
1
1
1
1
1
1
0.999947
1.00057
1
1
1
1
1
1
1
1.00003
1
1
1
1
1
1
1
1
1
1
1
1
1
1
1
1
0.999999
0.994256
1
1
1
1
1
1
1
1
0.998963
1
0.999587
1
1
1
1
1
1
1
1
1
1
1
1
1
1
1
1
0.999988
1
0.999929
1
1.00001
1
0.999875
1
1
1
1
1.00067
1
1.00001
1
1
1
1
1
0.999958
0.999673
1
1
1
1
1
1.00046
1
1
1
1
1
1
1
1
1
1
1
1
1
0.997221
1
1
1
1
1
1
1
1
1
1
1
1
1
1
1
1
1
1
1
1
1
1
1
1
1
1
1
1
1
1
1
1
1
1
1
1
1
0.999978
1
1
1
1
1
1
1
1.00022
1
1
1
1
1
1
1
1
1
1
1
1
0.999893
1
1.00001
1
1
1.00001
1
1
0.995256
1
1
1
1
1
1
1
1
1
1
1
1
1
1
1
1
1
1
1
1
0.999824
1
1
1
1
1
1
1
1
1
1
1
1
1
1
1
1
1
1
1
1
1
1
1
1
1
1
1
1
1
1
1
0.999789
1
1
1
1
0.998528
1
1
1
1
1
1
1
1
1
1
1
1
1
1
1
1
0.999997
1
1
1
1
1
1
1
1
1
1
0.999972
1
0.998826
1
1
1
1
1
1
1
1
0.999999
1
1
1
1
1
1
1
1
1.00045
1
1
1
1
1
1
1
1
1
1
1
1
1
1
1
1
1
1
1
1
1
1
1
1
1
1
1.00001
1
0.999972
1
1
1
1
0.997372
1
1
1
1
0.999728
0.999996
1
1
1
1
1
1
1
1
1
1
1
1
0.999618
1
1
1
1
1
1
1
1
1
1
1
1
1
1
1
1
1
1
1
1
1
1
1
1.00001
1.00005
1
1
1
1
1
1
1
1
1
1
1
1
1
1
1
1
1
1
1
1
1
1
1
1
1
1
1
1
1
1
1
1
1
0.999859
1
1
1
1
1
1.00001
1
1
1
1
1
1
1
1
1.00004
1
1
0.999999
1
1
1
1
1
1
1
1
1
1
0.998024
1
0.993106
1
1
1
1
1
1
1
1
1
1
1
1
1
1
1
1
1
1
1
0.999459
1
1
1
1
1
1
1
1
1
1
1
1
1
1
1
1
1
1
1
0.99999
1
1
1
1
1
1
1
1
1
1
1
1
1
1
1
1
0.99867
0.997694
1
0.994252
0.998354
1
0.999998
1
1
1
1
1
1
1
1
1
1
1
1
1
1
1
1
1.00009
0.999999
1
1
1
1
1
1
1
1
1
1
1
1
1
1
1
1
0.999997
1
1
1.00004
1
1
1
1
1
1
1
1
1.00001
1
1
0.999999
1
1
1
1
1
1
1
1.00001
1
1
1
1
1
1
1
1
1.00001
1
1
1
1
1
1
1
1
1.00002
1
1
0.999999
1
0.999995
1
1
1
1.00097
1.00001
0.996978
1
1
1
1
1
1
1
1
1
1
1
1
1
1
1
1
1
1
1
1
1
1
1
1
1
1
1
1
1
1
1
1
1
1
1
1
1
1
0.987808
1
1
1
1
1
1
1
1
1
1
1
1
1
1
1
1
1
1
1
1
1
1
1
1
1
1
1
1
1
1
1.00002
1
1
1
1
1
1
1
1
1
1
1
1
1
1
1
0.999992
1
1
1
1
1
1
1
1
1
1
1
1
1
1
0.998853
1
1
1
1
1
1
1
1
1
0.998327
0.999999
1
1
1
1
1
1.00002
1
1
1
1
1.00004
1
1
1
1
1
1
1
1
1
1
0.999997
1
1
1
1
1
1
1
1
1
1
1
1
1
0.999997
1
1
1
1
0.998798
1
1
1
1
1
1
1
1
1
1
1
1
1
1.00097
0.999989
1
1
1
1
1
1
1
1
1
1
1
1
1
1
1
1
1
1
1
1
1
1
1
1
1
1
1
1
1
1
0.999996
1
1
1
1
1
1
1
1
1
1
1
1
1
1
1
1
1
1
1
1
1
1
1
1
1
1
1
1
1
1
1
1
1
0.999607
1
1
1
1
0.999277
1
1
1
1
1
1
1
1
1
1
1
1
1
1
1
1
1.00001
1
1
1
1
1
1
1
1
1
1.00014
1
1
1
1
1
1
1
1
1
1
1
1
1
1
1
1
1
1
1
1
1
1
1
1
1
1
0.999996
1
1
1
1
1
1
1
1
1
1
1
1
1
1
1.00001
1
1
1
1
1
1
1
1
1
1
1
1.00001
1
1
1
0.999999
1
1
1
1
1
1
1
1
1
1
1
1
1
0.99999
1
1
1
1
1
1
0.999996
1
1
0.99999
1
1
1
1
1
1
1
1
1
1
1
1
1
0.998862
1
1
1
1
1
1
1
1
1
1
1
1.00026
1
1
1
1
1.00009
1
1
1
1
1
0.999945
1
1
1
1
1.00006
1
1
1
1
1
1
1
1
1
1
1
1
1
1
1
1
1
1
1
1
1
1
1
1
1
0.999979
0.999962
1
0.999029
1
1
1.00001
1
1
1
1.00001
1
1
1
1
1
1
1
1.00001
1
1
1
1
1
1
1
1
1
1
1
1
1
1
1
1
1
1
0.99946
1
0.999998
1
1
1
1
1
1
0.999994
1
1
1
)
;

boundaryField
{
    frontback
    {
        type            empty;
    }
    topbottom
    {
        type            zeroGradient;
    }
    outlet
    {
        type            zeroGradient;
    }
    inlet
    {
        type            fixedValue;
        value           uniform 1;
    }
    walls
    {
        type            zeroGradient;
    }
    procBoundary2to0
    {
        type            processor;
        value           nonuniform List<scalar> 
83
(
1
1
1
1
1
1
1
1
1
1
1
1
1
1
1
1
1
1
1
1
1
1
1
1
1
1
1
1
1
1
1
1
1
1
1
1
1
1
1
1
1
1
1
1
1
1
1
1
1
1
1
1
1
1
1
1
1
1
1
1
1
1
1
1
1
1
1
1
1
1
1
1
1
1
1
1
1
1
1
1
1
1
1
)
;
    }
    procBoundary2to3
    {
        type            processor;
        value           nonuniform List<scalar> 
99
(
1
1
1
1.00002
1
1
1
1
1
0.997253
1
1
1
1
1
1
1
1
1
1
1
1
1
1
1
1
1
1
0.997253
0.989325
1
1
1
0.998517
1
1
1.00031
1
1
0.999981
1
1
1
1
1
1
1
1
1
1
1
1
1
1
1
1
1
1
1
1
1
1
1
1
1
1
1
1
1
1
1
1
1
1
1
1
1
1
1
1
1
1
1
1
1
1
1
1
1
1
1
1
1
1
1
1
1
1
1
)
;
    }
}


// ************************************************************************* //
