/*--------------------------------*- C++ -*----------------------------------*\
| =========                 |                                                 |
| \\      /  F ield         | OpenFOAM: The Open Source CFD Toolbox           |
|  \\    /   O peration     | Version:  v2012                                 |
|   \\  /    A nd           | Website:  www.openfoam.com                      |
|    \\/     M anipulation  |                                                 |
\*---------------------------------------------------------------------------*/
FoamFile
{
    version     2.0;
    format      ascii;
    class       volScalarField;
    location    "300";
    object      gammaInt_0;
}
// * * * * * * * * * * * * * * * * * * * * * * * * * * * * * * * * * * * * * //

dimensions      [0 0 0 0 0 0 0];


internalField   nonuniform List<scalar> 
13917
(
1
1
1
1
1
1
1
1
1
1
1
1
1
1
1
1
1
1
1
1
1
1
1
1
1
1
1
1
1
1
1
1
1
1
1
0.995008
1
1
1
1
1
1
1
1
1
1
1
1
1
1
1
1
1
1
1
1
1
1
1
1
1
1
1
1
1
1
1
1
1.00001
1
1
1
1
1
1
1
1
1
1
1
1
1
1
1
1
1
1
0.998944
1
1
1
1
1
1
0.998329
1
1
1
1
1
1
1
1
1
1
1
1
1
1
1
1
1
1
1
1
1
1
1
1
1
1
1.00001
1
1
1
1
1
1
1
1
1
1
1
1
0.996923
1
1
1
1
1
0.998742
1
1
1
1
1
1
1
1
1
1
1
1
1
1
1
1
0.999814
1
0.999918
1
1
1
1
1
1
1
1
1
1
1
1
1
1
1
1
1
1
1
1
1
1
1
1
1
1
0.999994
1
1
1
0.994803
1
1.00001
1
1
1
1
1
1
1.00222
1
1
1
1
1
0.997565
1
1
1
1
1
1
1
1
1
1
1
1
1
1
1
1
1
1
1
1
0.999941
1
1
0.995742
1
1
1
1
1
1
1
1
1
1
1
0.999996
1
1.00038
1
1
1
1
1
1
1
1
1
1
1
1
1
1
1
1
1
1
1
0.999944
1
1
1
1.00003
1
1
1
1
1
1
1
1
0.998352
1
1
1
1
1
1
1
1
1
1
0.999895
1
1
1.00003
1
1
1
1
1
1
1
1
1
1
1
1
1
1
1
1
1
1
1
1
1
1
1
1
1
1
1
1
1
1.00001
1
1
1
0.997933
1
1
0.999995
1
1
1
1
1
1
1
1
1
1
1
1
1
1
1
1
1
1
1
1
1
1.00035
1
1
1
0.99764
1
1
1
1
0.999942
1
1
1
1
1
1
1
1
1
1
1
1.00035
1
1
1
1
1
1
1
1
1
1
1
1
1
1
1
1
1
1
1
0.999922
1
0.999988
1
1
1
1
1
1
1
0.999999
1
1
1
1
1
1
1
1
1
1
1
1
0.999994
1
1
1
1
0.999988
1
1
1
1
1
1
1
1
1
1
1
1
1
1
1
1
1
0.999855
1
1
1
1
1
1
1
1
1
1
1
1
1
1
0.999911
1
1
1
1
1
1
1
1
0.999919
1
1
1
1
1
1
1
1
1
1
1
1
1
1
0.999998
0.998703
1
1
1
1
1
1
1
1
1
0.999448
1
1
1
1
1
1
1
1
1
1
1
1
1
0.999986
1
1
0.999951
1
1
1
1.00001
1
1
1
1
1
1
1
1
1
1
1
1
1.00003
1
1
1
1
1
0.999665
1
1.00004
1
1
1
1
1
1
1
1
1
1
1
1
1.00033
1
1
1
1
1
1
1
0.999969
1
1
0.997022
1
1
1
1
1
1
1.00148
1
1
1.00006
1
1
1
1
1
1
1
1.00007
1
1
1
0.999991
1
1
1
1
1
1
1
1
1
1
1
1
1
1
1
1
0.996523
1
1
1
1
1
1.00004
1
1
1
1
1
1
1
1
1
1
1
1
1
1
1
1
1
1
1
1
1
1
1
1
1
1
1
1
1
0.99996
1
1.00001
1
1
1
1
1
1
1
1
1
1
1
1
0.999929
1
1
1
1
1
0.99961
1
1
1
1
1
1
1
0.999457
1
1.00001
1
1
1
1
1
1
1
1
0.999502
0.999995
1
1
1
1
1
1
1
1
1
1
1
1
1
1
1
1
1
1
1
1
1
1
1
1
1
1
1
1
1
1
1
1
1
1
1
1
1
1
1
0.999997
1
1.00013
0.99998
1
1
1
1
0.999995
1
1
1
1
1
1
1
1
1
1
1
1
1
1
1
1
1
1
1
1
1
1
1
1
1
1
1
1
1
1
1
1
1
1.00001
1
0.999999
1
1
1
1
1
1
0.999956
1
1
1
1
1
1
1
1
1
1
1
1
1
1
1
1
1
1
1
1
1
1
1
1
1
1
1
0.998519
1
1
1
1
1
1
1
1.00058
1
1
1
1
1
1
1
1
1
1
1
1
1
1
1
1
1
1
0.999283
1
0.997929
1
1
1
1
1.00012
1
1.00021
1
1
1
1
1
1
1
1
1
1
1
1
1
1
1
1
1
1
1
1
1
1
1
1
1
1
1
1
1
1
1
1
1
1
1
1
1
1
1
1
1.00008
1
0.999981
1
1
1
1
1
1
1
1
1
1
1
1
1
1
0.997245
1
1
1
1
1
1
1
1
1
1
1
1
1
1
1
1
1
1
1
1
1
1
1
1
1
1
1
1
1
1
1
1
1
1
1
1
1.00001
1
1
1
1
1
1
1
1
1
1
1
1
1
1
1
1
1
1
1
1
1
1
1
1
1
1
1
1.00049
0.995499
1
0.996545
1
1
1
1
1
1
1
1
1
1
0.993218
1
1
1
1
1
1
1
1
1
1
1
1
1
1
1
1
1
1
1
1
1
1
1
1
1
0.999596
1
1
1
0.999884
1
1
1
1
1
1
1
1
1
1
1
1
1
1
1
1
1
1
1
1
1
1
1
1
1
1
0.999993
1
1
1
1
1
1
1
1
1
1
1
1
1
1
1
1
1
1
1
1
1
1
1
1
1
1
1
1
1
1
1
1
1
1
1
1
0.999969
1
1
1
1
1
1
1
1
1
1
1
1
1
1
1.00035
1
0.999417
1
1
1
1
1
1
1
1
1
1
1
1
1
1
1
0.999927
1
1
1
1
1
1
1
1
1
1
1
1
1
1
1
1
1
1
0.999327
1
1
1
1
1
1
1
1
1
1
1
1
1
1
1
1
1
1.00004
1
1.00002
1
1
1
1
1
1
1
1
1
1
1
1
1
1
1
1
1
1.00037
1
1
1
1
1
1
1
1
1
1
1
1
1
1
1
1
1
1
0.998134
1
0.998461
1
1
1
0.999367
1
1
1
1
1
1
1
1
1
1
1
1
1
1
1
1
0.999675
1
1.00002
1
1
1
1
1
1.00017
1
0.999999
1
1
1
1
1
1
1
1
1
1
1
1
1
1
1
1
1
1
1
1
0.99889
1
1
1
1
1
1
1
1
1
1
0.998179
1
1
1
1
1
1
1
1
1
1
1
1
1
1
1
1
1
1
0.999999
1
1
1
1
1
1
1
1
1
1
1
1
1
1
1
1
1
1
1
1
1
1
1
1
1
1
1
1
1
1
1
1
1
1
1
1
1
1
1
1
1
1
1
1
1
1
1
1
1
1
1
1
1
1
1
1
1.00001
1.00013
0.999445
1
1
1
1
1
1
1
1
1
1
1
1
1
1
1
1
1
1
1
1
1
1
1
1
1
1
1
1
1
1
1
1
1
1
1
1
1
1
1
1
1
1.00024
1
1
1
1
1
1
1
1.00001
1
1
1
1
1
1
1
1
1
1
1
1.00047
1
1
1
1
1
1
1
1
1
1
1
1
1
1
1
1
1
1
1
1
1
1
1
1
1
1
1
1
1
1
1
1
1
1
1
1
1
1
1
1
1
1
1
1
1
1.00002
1
1
1.00025
1
1
1
1
1
1
1
1
1
1
0.998327
1
1
0.999188
1
1
1
1
1
1
1.00009
1
1.00011
1
1
1
1
1
1
1
1
1
0.999869
1
1
1
1
1.00001
1
1
1
1
1
1
1
1
1
0.999943
1
1
1
1
1
1
1
1
1
1.00001
1
1
1
1
1
1
1.00006
1
1
1
1
1
1
0.996745
1
1
0.999274
0.999546
1
1
1
1
1
1
1
1
1
1
1
0.998983
0.996648
1
1
1
1
1
1
0.998171
0.999784
1
1
1
1
1
1
1
1
1
1
1
1
1
1
1
1
1
1
1
1
1
1
1
1
1
1
1
1
1
1
1
1
1
1
1
1
1
0.999999
1
1.00027
1
1
1
1.00015
1
1
1
0.999054
1.00034
1
1
1
1
1
1
1
1
1
1
1
1
0.999999
1
1
1
1
1
1
1
1
1
1
1
1
1
1
1
1
1
1
1
1
1
1
1.00001
1
0.997204
1
1
1
1
1
1
1
1
1
1
1
1
1
1
1.00032
1
1
1
1
1
1
1
1
1
1
1
1
1
1
1
1
1
1
1
1
1
1
1
1.00091
1
1
1
1
1
1
1
1
1
1
1
1
1
0.99963
1
1
1
1
1
1
1
1
1
1
1.00091
1
1
1
1
1
1
0.999981
1
1
1
1
1
1
1
1
1
1
1
1
1
1
1.00001
1
1
1
1
0.99996
1
1
1
1
1
1
1
1
1
1
1
1
1
1
1
1
1
1
1
1
1
1
1
0.999996
1
1
1
0.999992
0.999999
1
1
1
0.999991
1
1
0.999999
1
0.999816
1
1
1
1
1
1
1
1
1
1
1
1
1
1
1
1
1
1.00001
1
1
1
1
1
1
1
1
1
1
1
1
1
1
1
1
1
1
1
1
1
1
1
0.999484
1.00007
1
1
1
1
1
1
1
1
1
1
1
1
1
1
1
1
1
1
1
1
1
1.00025
0.999159
0.99934
1
1
0.999994
1
1
1
1
1
1
1
1
1
1
1
1
1
1
1
1
1
1
1
1
1
1
1
1
1
1
1
1
1
1
1
1
1
1
1
1
1
1
1
1
1
0.985068
0.999624
1
1
1.00002
1
1
1
1
1
1
1
1
1
1
1
1
1
1
1
1
1
1
1
1
1
1
1.00025
1
1
1
0.999202
1
1
1
1
1
1
1
0.993384
0.998689
1
0.999987
1
1
1
1
1
1
1
1
1
1
1
1
1
1
1
1
1
1
1
1
1
1
1
1
1
1
0.999904
1
1
1
1
1
1
1
1
1
1
1
1
1
1
1
1
1
1
1
1
1
1
1
1
1
1
1
1
1
1
1
1.00005
1
1
1
1
1
1
1
1
1
1
1
1
1
1
1
1
1
1
1
1
1
1
1
1
1
1
0.999997
1
1
1
1
1
1
1.00003
0.999998
1
1
1
1
1
1
1
1
1
1
1
1
1
1
1
1
1
1
1
1
1
1
1
1
1
1
1
1
1
1
0.999996
1
1.00002
0.999664
1
1
1
0.99613
1
1
1
1
1
0.999212
1
1
1
1
1
0.999931
1
1
1
1
1
1
1
1
1
1
1
1
1
1
1
1
1
1
1
1
1
1
1
0.99997
1
1
1
1
1
1
1
1
1
1
1
1
1
0.998454
1
1
1
1
1
1
1
1
0.999953
1
1
1
1
1
1
0.999984
1
1
1
1
1
1
1
1
1
1
1
1
1.00007
1
1
1
1
1
1
1
1
1
0.99849
1
1
1
1
1
1
1
1
1
1
1
1
1
0.999923
1
1
1
1
1
1
1
1
1
1
1
1
0.999974
1
1
1
0.999999
1
1
1
1
1
1
1
1
1
0.999848
1
1
1
0.996033
1
1
1
1
1
1
0.999297
1
1
1
1
1
1.00001
1
1
1
1
1
0.999984
1
1
1
1
1
1
1
1
1
1
1
1
1
1
1
0.999999
1
1
1
1
1
1
1
1
1.00002
1
1
1
1
1
1
1
1
1
1
1
1
1
1
1
1
1
1
1
1
1
1
1
1
1
1
1
1
1
1
1
1
1
0.998915
1
1
1
1
1
1
1
1
1
1
1
0.999997
1
1
0.999967
1
1
1
1
1
1
1
1
1
1
1
0.998453
1
1
1.0001
1
1
1
1
1
1
1
1
1
1.00002
1
1
1
1
1
1
1
1
1
1
1
1
1
1
1
1
1
1
1
1
1
1.00027
1.00023
1
1
1
0.994834
1
1
1
1
1
1
1
1
1
1
1
1
1.00003
1
1
1
1
1
1
1
1
1
1
1
1
1
1
1
0.999824
1
1
1
1
1
1
1
1.00063
1
1
1
1
1
1
1
1
1
1
0.999175
1
1
1
1
1
1
1
1
1
1
1
1
1
1
1
1
1
1
1
1
1
1
1
1
1
0.999996
1
1
1
1.00028
1
1.00001
0.999984
1
1
1
1
1
1
1
0.999709
1
0.995871
1
1
1
1
1
1
1
1
1
1
1
0.998804
1
1
1
1
0.999654
1
1
0.987244
1
1
1
1
1
1
1
1
1
1
1
1
1
1
1
1
1
1
1
1
1
0.999901
0.999598
1
1
1
1
1
1
1
1
1
1
1
1
1
1
1
1
1
1
1
1
1
1
1
1
1
1
1
1
1
1
1
1
1
1
1
1
1
1
1
0.999582
1
0.999995
1
1
1
0.998944
1
1
1
1
1
1.00007
1
1
1
1
1
1
1
1
1
1
1
1
1
1
1
1
1
1
1
1
1
0.999973
1
1
1
1
1
1
1
1
1
1
0.999804
1
1
1
1
1
1
1
1
1
1
1
1
1
1.00017
1
1
1
1
1
1
1
1
1
1
1
1
1
1
0.997206
1
1
1
1
1
1
1
1
1
1
1
1
1
1
1
1
1
1
1
1
1
1
1
1
1
1
1
1.00016
1
1
0.995416
1
1
1
0.996297
1
1
1
1.00037
1
1
1
0.999954
1
1
1
1
1
1.00022
1
1
1
1
1
1
1
1
1
1
1
1
1
1
1
1
1
1
1
1
1
1
1
1
1
1
1
1
1
1
1
1
1
1
1
1
1
1
1
1
1
1
1
1
1
1
1
1
1
1
1
0.994751
1
1
1
1
1
1
1
1
1
1
1
1
1
1
1
1
1
1
1
1
1
1
1.00006
1
1
1
0.99
1
1
1
1
1
1
0.999025
1
1
1
1
1
0.999968
1
0.998253
1
1
1
1
1
1
0.999968
1
1
1
1
1
1
1
1
1
1
1
1
1
1
1
1
1
1
1
1
1
1
1.00002
1
1
1
1
1
1
1
1
1
1
1
1
1
1
1
1
1
1
1.00064
0.999997
1
1
1
1
1
1
1
1
1
1
1
0.990217
1
1
1
1
1
1
1
1
1
1
1
1
1
1
1.00015
1
1.00044
1
1
1
1
1
1
1
1
1
1
1
1
1
1
1
1
1
1
1
1
1
1
1
1
1
1
1
1
1
0.999998
1
1
1
1
1
1
1
0.999999
0.997403
1
1
1
1
1
1
1
1
1
1
1
1
1
1
1
1
1
1
1
1
1
1
1
1
1
1
1
0.999985
1
1
1
1
1
1
1
1
1
1
1
0.999995
1
1
0.997615
1
1
1
1
1
1
1
1
1
1
0.999788
1
1
1
1
1
1
1
1
1
1
1
1
1
1
1
0.994473
1
1
1
1
1
1
1
0.997021
1
1
1.00002
1
0.998826
1
1
0.999975
1
1
1
1
1
1
1
1
1
1
1
1
0.999069
1
1
1
1
1
1
1
1
1
1
1
1
1
1
1
1
1
1
1
1
1
1
1
1
1.00001
1
1
1.00013
1
1
1
1
0.998337
1
1
1
1
1
1
1
1
1
1
1
1
1
1
1
1
1
1
1
1
1
1
0.996363
1
1
1
1
1
1
1
1
1.0006
1
1
1
1
1
1
1
1
0.999998
1.00012
1
1
0.999523
1
0.999999
1
1
1
1
1
1
1
1
1
1.00031
1
0.999999
1
1
1
1
1
1
1
1
1
1
1
1
1
1
1
1
0.995777
1
1
1
1
1.00033
1
1
1
1
1
1
1
1
1
1
1
1
1
1
1
1
1
1
1
1
1
1
1
1
1
1
1
1
1
1
1
1
1
1
1
1
1
1
1
1
1
1
1
1
0.999799
1
0.989077
1
1
1
1
1
1
1
1
1
0.999999
1
1
1
1
1
1
1
1
0.997881
1
1
0.999999
1
1
1
1
1
0.999994
1
1
1
1
1
1
1
1
1
1
1
1
1
1
1
1
1
1
1
1
1
1
1
1
1
1
1
1
1
1
1
1
1
1
1
1
1
1
1
0.999263
1
1
1
1
1
1
1
1
1
1
1
1
1
1
1
1
1.00152
1
1
1
1
1
1
1
1
1
1
1
1
1
1
1
1
1
1
1
1
1
1
1
1
1
1
1
1
1
1.00014
0.998335
1
1
1
1
1
0.99941
1
1
1
1
1
1
1
1
1
1
1.00006
1
1
1
1.00077
1
1.00001
1
1
1
0.996133
1
1
1
1
1
1.0005
1
1
1
1.0001
1
1
1
1
1
1
1
1
1
1
1.00011
1
1
1
1
1
1
1
1
1
1
1
0.99997
1.00001
1
1
1
1
1
1.00001
1
1
1
1
1
1
1
1
1
1
1
1
1
1
1
1
1
1.00055
1
1
1
0.999983
1
1
1
1
1.00038
1
1.00008
1
1
1
1
0.999998
1
0.999999
1
1
1
1
0.999989
1
1
1
1
1
1
1
1
1.00012
1
1
1
1
1
1
0.99577
1
1
1
1
1
1
1
1
1
1
1
1
1
1
1.00002
1
1
1
1
1
1
1
1
1
1
1
1
1
1
1
1
1
1
1
1
1
1
1.00002
1
1
1
1
1
1
1
1
1
1
1
1
1
1
1
1
1
1.00289
1
1
1
1
1
1.0002
1
1
1
1
1
1
1
1
1
1
1
1
1
1
1
1
1
1
1
1
1
1
1
1
1
1
1
1
1
1
1.0001
1
1
1
1
1
1
1
1
1
1
1
1
0.999999
1
1
1
1
1
1
1
1
1
1
1
1
1
1
1
1
1
1.00001
1
1
1.00058
1
1
1
1
1
1
1
1
1
1
1
1
1
1
1
1
1
1
1
1
1
1
0.993449
0.999999
1
0.999958
1.0002
1
1
1
1
1
1
1
1
1
1
1
1
1
1
1
1
1
1
1
1
1
1
1
1
1
1
1
1
1
1
1
1
1
1
0.999114
1
1
1
1
1
1
1
1
1.00014
1
1
1
1
1
1
1
1
1
1
1
1
1
1
1
1
1
1
1
1
1
1
1
1
1
1
1
1
1
1
1
1
1
1
1
1
1.00013
1.00001
1
1
1
1
1
1
0.997782
1
1
1
1
1
1
1
1
1
1
1
1
1
1
1.00001
1
1
1
0.999211
1
1
1
0.999967
1
0.999998
0.998239
1
1
1
1.00001
1
1
1
1
1
1
1
1
1
1
1
1
1
1
1
1
1
1
1
1
1
1
1
1
1
1
1
1.00006
1
1
1
1
1
1
1
1
1
1
1
1
1
1.00006
1
1
1
1
1
1
1
1
1
1
1
1
1
0.999998
1
1
1
1
1.00018
1
1
1
1
0.999999
1
1
1
1
1
1
1
1
1
1
1
1
1
1
1
1
1
1
1.00011
1
1
1
1
1
1
1
1
1
1
1
1
1
1.00012
1
1
1
1
0.998848
1
1
1
1.0002
1
1
1
1
1
1
1.00001
1
1
1
1
1
1
1
1
1
1
1
1
1
1
1
1
1
1
1
1
1
1
1
0.996645
1
1
1
1
1
1
1
0.999967
1
1
0.999998
1
1
1
1
1
1
1
1
1
1
1
1
1
1
1
1
0.999996
1
1
1
1
1
1
1
1
1
1
1
1
1
1
1
1
1
1
1
1
1
1
1.00017
1
1
1
1
1
1
1
1
1
1
0.999966
1
1
1
1
1
1
1.00001
1
1
1
1
1.0001
1
1
1
1
1
1
1
1
1
1
1.00001
1
1
1
1
1
1
1
1
1
1.00002
1
1
1
1
1
1
1
1
1
1
1
1
1
1
1
1
1.00001
1
1
1
1
1.00026
1
1
1
1
1
1
1
1
1
1
1
1
1.00007
1
1
1
0.999972
0.999996
1
1
1
1
1
1
1
1
1
1
0.999997
1
1
1
1
1
1
1
1
1
1
1
1
1
1
0.996427
1
1
1
1
1
1
1
1
1
1
1
1
1
1
1
0.999997
1
1
1
1
1
1
1
1
1.00018
1
1
1
1
1
1
1
1
1
0.997828
1
1
1
1
1
1
1
1
1
1
1
1
1
1
1
1
0.997759
1
1
1
1
1
1
1
1
1
1
1
1
1
1
1
1
1
1
1
1
1
1
1
1
1
1
1
1
1
1
1
1
1
1
1
1
1
1
1
1
1
1
1
1
1.00007
1
1
1
1
1
1
1
1
1
1
1
1
1
1
1
1
1
1
1
1
1
1
1
1
1
1
1
1
0.999999
1
1
1
1
1
1
1
1
1
1
1
1
1
0.999971
1
1
1
1
1
1
1
1
1
1
1
1
1
1.00002
1
1
1
1
1
1
1
1
1
1
1
1
1
1
1
1
1
1
1
1
1
1
1
1
1
1
1
1
1
1
1.00001
1
1
1
1
1
1
1
1
1
1
1
1
1
1
1
1
1
1
1
1
1
1
1
1
1
1
1
1
1
1
1
0.999967
1
1
1
1
1
1
1
1
1
1
1
1
0.999999
1
1
0.999994
1
1
1
1
1
1
1
1
1
1
1
1
1
1
1
1
1
1
1.00009
1
1
1
1
1
1
1.00014
1
1
1
1
1
1
1
1
1
1
1
1
1
1
1
0.999997
1
1
1
1
1
1
1
1
1
1
1
1
1
1
1
1
0.999998
1
1
1
1
1
1
1
1
1
1
1
1
1
1
1
1
1
1
1
1
1
1
1
1
1
1
1
1
1
1
1
1
1
1
1
1
1
1
1
1
1
1
1
1
1
1
1
1
1
1
1
1
1
1
1
1
1
1
1
1
1
1
1
1
0.997777
1
1
1
1
1
1
1
0.996974
1
1
1
1
1
1
1
1
1
1
1
1
1
1
1
1
1
1
1
1
1
1
1
1
1
1
1
1
0.999921
1
1
1
1
1
1
1
1
1
1
1
1
1.00001
1
1
1
1
1
1
1
1
1
1
1
0.999981
1.00002
1
1
1
1
1
1
1
1
1
1
1
1
1
1
1
1
1
1
1
1
1
1
1
1
1
1
1
1
1
1
1
1
1
1
0.999972
1
1
1
1
1
1
1
1
1
1
1
1
1
0.999912
1
1
1
1
1
1
1
1
1
1
1
1
1
1
1
1
1
1.00014
1.0001
1
1
1
1
1
1
1
1
1
1
1
1
1
1
1
1
1.00005
1
1.00003
1
1
1
1
1
1
1
1
1
1
0.999999
1
1
0.999859
1
1
1.00003
1
1
1
1
1
1
1
1
1
0.999771
1
1
1
1
1
1.00002
1
1
1
1.00014
1
1
1
1
1
1
1
1
1
1
1
1
1
1
1
1
1
1
1
1
1
1
1
1
1
0.999999
1
1
1
1
1
1.00001
1
0.999462
1
1
1
1.00003
1
1
1
1
1
1
1
1
1
1
1
1
1
1
1
0.999096
1
1
1
1
1
1
0.997713
1
1
1
1
1
0.999963
1
1
1
1.00011
1
1
1
1
1
1
1
1
0.997337
0.999976
1
1
1
1
0.999992
1
1
1
1
1
1
1
1
0.999605
1
1
1
1
1
1
1
1
1
1
1
1
1
0.996986
1
1
0.996799
1
1
1
1
1
1
1
1
1
1
1
1
1
1
1
1
1
1
1
1
1
1
1
1
0.999996
1
1
1
1
1
1
1
1
1
1
1
1
1
1
1
1
1
1
1
1
1
1
1
1
0.999997
1
1
1
1
1
1
1
1
1.00004
1
1
1
1
1.00001
1
1
1
1
1
1
1
1
1
1
1
1
1
1
1
1
1
1
1
1
1
1
1
1
1
1.00001
1
1
1
1
1
1
1
1
1
1
1
1
1
1
1
1
1
1.00018
1
1
1
1
1
1
1
1
1
1
1
1
1
1
1
1
1
1
1
1
1
1
1
1
1
1
1.00004
1
1
1
0.999887
1
1
1.00002
1
1
1
1
1
1
1
1
1.00001
1
1
1
1
1
1
1
1
1
1
1
1
1
1
1
1
1
1
1
1
1
1
1
1.00001
1
1
1
1
1
1
1
1
1
1
1
1
1
1
1
1
1
1
1
1
1
1
1
1
1
1
1
0.999943
1
1
1
1
1
1
1
1
1
1
1
1.00012
1
1
1
1
1
1
1
1
1
1
1
1
1
1
1
1
1
1
1
1
1
1
1
1
1
1
1
1
1
1
1
1
1
1
1
1
1
1
1.00018
1
1.00203
1
1
1
1
1
1
1
1
1.00062
1
1
1
1
1
1.00026
1
1
1
1
1
1
0.999996
1
1
1
1
1
0.999868
1
1
1
1
1
1
1
1
1
1.00001
1
1
1
1
1
1
1
1
1
1
1
1
1
1
1
1
1
1
1
1
1
1
1
1
1
1
1
1
1
1
1
1
1
1
1
1
1
0.99921
1
1
1
1
1
1
1
1
1
1
1
1
1
1
0.998285
1
1
1
1
1
1
1
1
1
1
1
1
1
1
1
1
1
1
1
1
1
1
1
1
1
1
0.999995
1
0.999984
1
1
1
0.999798
1
1
1
1
1
1
0.999967
1
1
1
1
1
1
1
1
0.999999
1.00006
1
1
1
1
1
1
1
1
1
0.999999
1
0.999999
1
1
1
1
1
1
1
1
0.999101
1
1
1
1
1
1
1.00009
1
1
1
1
1
1
1
1
1
1
1
1
1
1
1
1
1
1
1
1
1
1
1
1
1
1
1
1
1
1
1
1
1
0.997488
1
1
0.999999
1
1
1
1
1
1
1
1
1
1
1
1
0.999943
1
1
1
0.994973
1
1
1
1
1
1
1
1
1
1
1
1
1
1
1
1
1
1
0.999999
1
0.999996
1
1
1
1
1
1
1
1
1
1
0.992786
1
1
0.999539
1
1
1
1
1
1
1
1
0.999995
1
1
1
1
1
1
1
1
1
1
0.999961
1
1
0.999999
1
1
1
1
1
1
1
1.00012
1
1
1
0.999787
1
1
1
1
1
1
1
1
1
1
1
1
1
1.00003
1
1
1
1
1
1
1
1
1
1
1
1
1
1
1
1
1
1
1
1
1
1
1
1
1
1
1
1
1
1
1
1
1
1
0.995998
1
1
1
1
1
1
1
1
1
1
1
1
1
1
1
1
1
1
1
1
1
1
1
1.00004
1
1
1
1
1
1
1
1
1
1
1
1
1
1
1
1
1
1
1
1
1
1
1
1
1
1
1
1
1
1
1
1
1
1
1
1
1
1
0.999031
1
1
1
1
1
1
1
1
1
1
1
1
1
1
1
1
1
1
1
1
1
1
1
0.999874
1
1
1
1
1
1
1
1
1
1
1
1
1
1
1
1
1
1
1
1
1
1
1
1
1
1
1
1
1
1
1
1
1
1
1
1
1
1
1
1
1
1.00011
1
1
1
1
1
1
1
1
1
1
1
1
1
1
1
1
1
1
1
1
1
1
1
1
0.999932
1
1
1
1
1
1
1
1
1
1
1
0.999996
1
1
1
1
1
1
1
1
1
1
1
1
1
1
1
1
1
1
1
1
0.999962
1
1
1
1
1
1
0.99997
1.00004
1
0.999919
1
1
1
1
1
1
1
1
1
1
1
1
1
1
1
1
1
1
1
1
1
1
1
1
1
1
1
1
1
1
1
1
1
1
1
1
1
1
1
1
1
1
1
1
1
1
1
1
1
1
1
1
1
1
1
1
1
1
1
1
1
1
1
1
1
1
1
1
1
1
1
1
1
1
1
1
1
1
1
1
1
1
1
1
1
1
1
1
1
1
1
1
1
1
1
1
1
1
1
1
1
1
1
1
1
1
1
1
1
1
1
1.00003
1
1
1
1
1
1
1
1
1
1
1
1
1
1
1
0.999997
1
1
1
1
1
1
1
1
1
1
1
1
1
1
1
1
1
1
1
1
1.00024
1
1
1
1
1
1
1
1
1
1
1
1
1
1
1
1
1
1
1
1
1
1
1
1
1
1
1
1
1
1
1
1
1
1
1
1
1
1
1
1
1
1
1
1
1
1
1
1
1
1
1
1
1
1
1
1
1
1
0.999973
1
1
1
1
1
1
1
1
0.999996
1.00004
1
1
1
1
1
1
1
1
1
0.999876
1
1
1
1
1
1
1
1
1
1
1
1
1
1
1
1
1
1
1
1
1
1
1
0.999995
0.999993
1
1
1
1
1
1
1
1
1
1
1
1
1
1
1
1
1
1
0.99742
1
1
1
1
1
1
1
1
1
1
1
1
1
1
1
1
1
1
0.992568
1
1
1
1
1
1
1
1
1
0.999368
1
1
1
1
1
1
1
1
1
1
1
1
1
1
0.998681
1
1
1
1
1
1
1
1
1
0.999961
1
1
1
1
1
1
1
1
1
1
1
1
1
1
1
1
1
1
1
1
1
1
0.999986
1
1
0.999999
1
1
1
1
1
1
1
1
1
1
1
1
1
1
0.999997
1
1
1
1
1
1
1
1
1
1
1
1
1
1
1
1
1
1
1
1
1
1
0.998153
1
1
1
1
1
0.999995
1
1
0.995645
1
1
1
1
1
1
1
1
1
1
1
1
1
1
1
1
1
1
1.00004
1
1
1
1.00001
1
1
1
1
1
1
1
1
0.999281
1
1
1
1
1
1
0.996819
1
1
1
1
1
1
1
1.00002
1
1
1
1
1
1
1
1
0.999998
1
1
1
1
1
1
1
1
1
1
1
1
1
1
1
1
1
1
1
1
1
1
1
1
1
1
1
1
1
1
1
1
1
1
0.999998
1
1
1
1
1
1
1
1
1
0.999973
1
1
1
1
0.999647
1
1
1
1
1
1.00037
1
1
1
1
1
1
1
1
1
1
1
1
1
1
1
1
1
1
1
1
1
1
1
1
1
1
1
1
1
1
1
1
1
1
1
1
1
1
1
1
1
1
1
1
1
1
1
1
1
1
1
1
1
1
1
1
1
1
1
1
1
0.999877
1
1
1
1
1
1
1
1
1
1
1
1
0.998089
1
1
1
1
1
1
1
1
1
1
1
1
1
1
1
1
1
1
1
0.999977
1
1.00006
0.997354
1
1
1
1
1
1
1
1
1.00002
1
1
1
1
1
1
1
1
0.999942
1
1
1
1
1
0.999979
1
1.00016
1
1
1
1
1
1
1
1
1
1
1
0.999897
1
1
1
1
1
1
1
1
1
1
0.998747
1
1
1
1
0.999962
1
1
1
1
1
1
1
1
1
1
1
1
1
1
1
1
1
1
0.999924
1
1
1
1
1
1
1
1
1
0.999964
1
1
1
1
1.00002
0.999968
1
1
1
1
1
0.999912
1.00003
1
1
1
1
1.00036
0.999953
1
1
0.999964
1
1
0.999975
1
1
1
1.00001
1.00023
0.999891
1.00002
1
1
1
1
1
1
0.999961
1
1.00001
1
0.999944
1
1
1
1
1
0.999987
1
1
1
1
1
1
1
0.999972
0.999997
1
1
1
1
1
1
1
1.00001
1
1
1.00002
1
1
1
1
1
1
1
0.997791
1
1
1
0.999992
0.999966
1
1
0.999998
1
1
1
1
0.999999
1
1
1
1
1
1
1
1
1
1
1
1
0.999987
1
0.998085
1
1
1
1
1
1
1.00032
1
1
1
1
0.9988
1
1
1.00018
1
1
1
1
1
1
1
1
1
1
1
1
1
1
1
1
1
1
1
1
1
1
1
1
1
1
1
1
1
1
1
1
1
1
1
1
1
1
1
1
1
1
1
1
0.999973
1
1.00009
1
1
1
1
1
1
1
1
1
1
1
1
1
1
1
1
1
1
0.999991
1
1
1
1.00231
1
1
1
1
1
1
1
1
1
1
1
1
1
1
1
1
1
1
1
1
1
1
1
1
1
1
1
1
1
1
1
1
1
1
1
1
1
1
1
1
1
1
1.00001
1
1
1
1
1.00011
1
1
1
1
1
1
1
0.999089
1
0.99706
1
1
1
1
1
1
1
0.997909
1
1
0.999998
1
1
1
1
1
1
1
1
1
1
1
1
1
1
1
1
1
1.00017
1
1
1
1
1
1
1
1
1.00003
1
1
1
1
1
1
1
1
1
1
1
1
1
1
1
1
1
1
1
1
0.999933
1
1
1
1
1
1
1
0.999328
1
1
0.999335
0.996601
1
1
1
0.997553
1
1
1
1
1
1
0.999999
1
1
1
1
1
1
1.0002
0.99992
1
1
1.00008
1
1
1
1
1
1
1
1
1
1
1
1
1
1
0.99996
0.995604
1.00017
1
1
0.99932
1
1
1
1
1
1
1
1
1
1
1
1
1
1
1
1
1
0.999983
1
1
1
1
1
0.999999
1
0.999325
0.999436
1
1
1
1.00016
1
1
0.996847
1
1
1
1
1.00001
1
1
1
1
1
1
1
1
1
1
1
1
1
0.9996
1
1
1
0.999901
1
1
1
0.999999
1
1
1
1
1
0.999952
1
1
1
1
1
1
1
1
1.00003
1
1
0.999996
1
1
1
1.00002
1
1
1
1
1
1
0.999998
1
1
1
1
1
1
1
0.999999
1
0.999839
1
1
1
1
1
1
1
1
0.99989
1.00002
1
1
1
1
1
1
1
1
1
0.998966
1
1
1
1
1
1
1
1
1.00002
1
1
1
1.00004
1
1
1
1
1
1
1
1
1
1
1
1
1
1
1.00038
1
1
1
1
1
1
1
1
1
1
1
1
1
1
1
1
1
1
1
1
1
1.00019
1
1
1
1
1.00002
1
1
1.00003
1
1
1
1
1
0.999958
1
1
1
0.999956
1
1
1
1
1
1
1
1
1
1.00001
1
1
1
1
1
1
1
1
1
1
1
1.00001
1
1
1
1
1
1
1
1
1
1
1
1
1
1
1
1
1
1
1
1
1
1
1
1
1
1
0.999999
1
0.999996
1
0.999994
1
1
0.999998
1
1
1
1
1
1
1
1
1
1
1
1
1
1
1
1
1
1
1
0.997987
1
1
1
1
0.999999
1
1
1.00001
1
1
1
1
1
1
1
1
1
1
1.00001
1
1.00001
1
0.999949
1
1
1
1
1
1
1
1
1
1
1
1
1
1
1
1
1
1
1
1
1
1
1
1
1
1
1
0.999683
1
1
1
1
1
1
1
1
1
1
1
1
1
1
1
1
1
1
1
1
1
1
1
1
1
1
1
1
1
1
1
0.994603
1
1
0.999764
1.00019
1
1
1
1
1
1
0.999999
1
1
1
1
1
1
1
1
1
1
0.999996
1
1
1
1
1
1
1
1
1
1
1
1
1
1
1
1
1.00003
1
1
1
1
1
1
1
1
1
1
1
1
1
1
1
1
1
1
1
1
1
1
1
1
1
1
1
1
1
1
1
1
1
1
1
1
1
1
1
1
1
1
1
1
1
1
1
1
1
1
1
1
1
1
1
1
1
1
1
1
1
1
1
1
1
1
1
1
1
1
1
1
1
1
1
1
1
1
1
1
1
1
1
1
1
0.999996
1
1
1
1
1
1
1
1
1
1
1
1
1
1
1
1
1
1
1
1
1
1
1
1
1
1
1
1
1
1
0.999992
1
0.999973
1
1.00002
1
1
1
1
1
1
1
1
1
1
1
1
1
1
1
1
1
1
1
1
1
1
1
1
1
1
1
1
1
1
1
1
1
1
1
1
1
1
1.00065
1
1
1
1
1
1
1
1
1
1
1
1
1
1
1
1
1
1
1
0.999997
1
1
1
1
1
1
1
1
1
1
1
1
1
1
1
1
1
1
1
1
1
1
1
1
1
1
1
1
1
1
1
1
1
1
1
1
1
1
1
1
1
1
1
1
1
1
1
1
1
1
1
1
1
1
1
1
1
1
1
1
1
1
1
1
1
1
1
1
1
1
1
1
1
1
1
1
1
1
1
1
1
1
1
1
1
1
1
1
1
1
1
1
1
1
1
1
1
1
1
1
1
1
1
1
1
1
1
1
1
1
1
1
1
1
1
1
1
1
1
1
1
1
1
1
1
1
1
1
1
1
1
1
1
1
1
1
1
1
1
1
1
1
1
1
1
1
1
1
1
1
1
1.00001
1
1
1
1
1
1
1
1
1
1
1
1
1
1
1
1
1
1
1
1
1
1
1
1
1
1
1
1
1
1
1
1
1
1
1
1
1
1
1
1
1
1
1
1
1
1
1
1
1
1
1
1
1
0.99824
1
1
1
1
1
1
1
1
1
1
1
1
1
1
1
1
1
1
1
1
1
1
1
0.999959
1
1
1
1
1
1
1
1
1
1
1
1
1
1
1
1
1
1
1
1
1
1
1
1
1
1
1
0.998887
1
1
1
1
1
1.0001
1
1
1
1
1
1
1
1
1
1
1
1
1
1
1
1
1
1
1
1
1
1
1
1
1
1
0.999868
1
1
1.00013
1
1
1
0.99841
1
1
1
1
1
1
1
1
1
1
1
1
1
1
1
1
1
1.00017
1
1
1
1
1
1
1
1
1
1
1
1
1
1
1
1
1
1
1
1
1
1
1
1
1
1
1
1
1
1
1
1
1
1
1.00017
1
1
1
1
1
1
1
1
1
1
1
1
1
1
0.999937
1
1
1
1
1
1
1
1
1
1
1
1
1
1
1
1
1
1
1
1
1
1
1
1
1
1
1
1
1
1
1
1
1
1
1
1
1
1
1
1
1
1
1
1
1.00001
1
1
1
1
1
1
1
1
1
1
1
1
1
0.999974
1
1
1
1
1
1
1
1
1.00006
1
1
1
1
1
1
1
1
1
1
1
1
1
1
1
1
1
1
1
1
1
1
1
1
1
1
1
1
1
1
1
1
1
1
1
1
1.00001
1
1
1
1
1
1
1
1
1
1
1
1
1
1
1
1
1
1
1
1
1
1
1
1
1
1
1
1
1
1
1
1
1
1
1
1
1
1
1
0.998406
1
1
1
1
1
1
1
1
1
0.992649
1
1
1
1
1
1
1
1
1
1
1
0.998792
1
1
1
1
1
1
1
1
1
1
1
1
1
1
1
1
1
1
1
1
1
1
1
1
1
1
1
1
1
1
1
1
1
1
1
1
1
1
1
1
1
1
1
1
1
1
1
1
1
1
1
1
1
1
1
1
1
1
1
1
1
1
1
1
1
0.999901
1
1
1
1
1
1
1
1
1
1
1
1
1
1
1
1
1
1
1
1
1
0.983079
1
1
1
1
1
1
1
1
1
1
1
1
1
1
1
1
1
1
1
1
1
1
1
1
1
1
1
1
1
1
1
1
1
1
1
1
1
1
1
0.999036
1
1
1
1
0.999975
1
1
1
1
1
1
1
1
1
1
1
1
1
1
1
1
1
1
1.00001
1
1
1
1
1
1
1
1
1
1
1
1
1
1
0.999886
1
1
1
1
1
1
1
1
1
1
1
0.999956
1
1
1
1
1
1
1
1
1
1
1
1
0.999906
1
1
1
1
0.999999
1
1
1
1
1.00034
1
1
0.99995
1
1
1
1
1
1
1
1
1
1
1
1
0.992143
1
1
1
1
1
1
1
0.999962
1
1
1
1
1
1
1
1
1
1
1
0.998336
1
1
0.999972
1
1
1
1
0.999999
1
1
1
1
1
1
1
1.00024
1
1
1
1
0.999943
1
1
1
0.999968
1
1
0.999893
1
0.999999
1
1
1
1
1
1
1
1
1
1
1
1
0.99994
1
1
1
1
1
1
1
1
1
1
1
1
1
1
1
1
1
1
1
1
1
1
1
1
1
1
1
1
1
0.99996
1
1
1
0.996944
1
1
1
1
1
1
1
1
1
1
1
1
1
0.99995
1
1
1
1
1
1
1
1
1
1
1
1
0.999996
1
1
1
1
1
1
1
1
1
1
1
1
1
1
1
1
1
1
1
1
1
1
1
1
1
1
1
1
1
1
1
1
1
1
1
0.999992
1
0.999997
1
1
1
1
1
1
1
1
1
1
1
1.00002
1
1
1
1
1
1
1
1
1
1
1
1
1
1
1
1
1
1
1
1
0.999997
1
1
0.998754
1
1
1
1
1
1
1
1
1
1
1
1
1
1
1
1
1
1
1
1
1
1
1
1
1
1
1
1
0.999866
1
1
1
1
1
1
1
1
1
1
1.00001
1
1
1
1
1
1
1
1
1
0.99134
1
1
1
1
1
1
1
1
1
1
1
1
0.999955
1
1
1
1
1
0.999996
1
1
1
1
1
1
1
1
1
1
1
1
1
1
1
1
1
1
1
1
1
1
1
1
1
1
1.00001
1
1
1
1
1
1
1
1
0.999999
1
1
1
1
1
1
0.999987
1
1
1
1
1
1
1
1
1.00196
1
1
1
1
1
1
1
1
1
1
1
1
1.00002
1.00009
1
1
1
1
1
0.999994
1
1
1
1.00001
1
1
1
1
1
1
1
1
1
1
1
1
1
1
1
1
1
1
1
1
1
1
0.996434
1
1
1
1
1
1
1
1
1
1
1
1
1
1
1
1
1
1
1
1
1
1
1
1
1
1
1
0.999999
1.00063
1
0.999999
1
1
1
0.999838
1
0.999751
1
1.00001
1
1
1
1.00001
0.999994
1
1
1
1
1
1
1
1.00001
0.999842
1
1
1
0.999999
1
1
0.999931
1
1
1
1
1
1
1
1
1.00017
1
1
1
1
1
1
1
1
1
1
1
1
1
1
1
1.00061
1
1.00001
1
1
1
1
1
1
1
1
1
1
1
1
1
1
1
1
1
1
1
1
1
0.999912
1
1
1
1
0.988387
0.999998
1
1
1
1
1
1
1
1
1
1
1
1
1
1
1
1
0.994405
1
1
1
1
1.00003
0.999993
1
1
0.999999
1
0.999999
1
1
1
1
1
1
1
1
1
1
1
1
1
1
1
1
1
1
1
1
1
0.999244
1
1
1
1
1
1
1
0.998738
1
1
1
1
1
1
1
1
1
1
1
1
1
1
1
1
1
1
1
1
1
1
1
1
1
1
1
1
1
1
1
1.00061
1
1
1
1
1
1
1
1
1
1
1
1
0.999995
1
1
1
1
1
0.997562
1
1
1
1.00003
1
1
1
1
1
0.997162
1
0.999988
1
1
1
1
1
1
1
1
1
1
1
1
1
1
1
1
1
1
1
1
1
1
1
1
0.999478
1
1
1
1
1
1
1
1
1
1
1
1
1
1
1
1
1
1
1
1
0.99962
1
1
1
1
0.999992
1
1
1
1
1
1
1
1
1
1
1
1
1
1
1
1
1
1
1.0003
1
1
1
1
1
1
1
1
1
1
1
1
1
1.00001
1
1
1
1
0.999791
1.00023
1
1
1
1
1
1
1
1
1
1
0.989567
1
1
1
1
1
1.00026
1
1.00011
1
1
0.999176
1
1
1
1
1
1.0003
1
1
1
1
1
1
0.999958
1
1
1
1
1
1
1
1
1
1
0.998522
0.999969
1
1
1
1
1
1
0.999977
1
1.00001
1
1
1
1
1
1
1
1
1
1
1
1
1
1
1
1
1
1
1
1
1
1
1
1
1
1
1
1
1
1
1
1
1
1
0.999999
1
1
1
1
1
1
1
1.0001
1
1
1
1
1
1
0.998074
1
1
1
1
1
1
0.999999
1
1
1
1
1
1
1
1.00002
1
1
1
1
1
1
1
0.999998
1
1
1
1
1
1
1
1
1
1
1
1
1
1
1
1
1.00004
1
1
1
1
1
1
0.999701
1
1
1
1
1
0.999952
1
1
0.999995
1
1
1
1
1
1
1
1
1
1
1
1
1
1
1
1
1
1
1
1
1
1
1
1
1
1
1
1
1
1
1
1
1
1
1
1
1
1
1
1
1
1
1
1
1
1
1
1
1
1
1
1
1
1
1
1
1
1
1
1
1
1
1
1
1
1
1.00001
1
1
1
1
1
1
1
1
1
1
1
1
1
1
1
1
1
1
1
1
1
1
1
1
1
1
1
1
1
1
1
1
1
1
1
1
1
1
1
1
1
1
1
1
1
1
1
1
1
1
1
1
1
0.999986
1
1
1
1
1
1
1
1
1
1
1
1
1
1
1
1
1
1
1
1
1
1
1
1.00003
1
1
1
1
1
1
0.999559
1
1
1
1
1
1
1
1
1
1
1
1
1
1
1
1
1.00001
1.00031
0.999557
0.999985
1.00025
1
1
1
0.999994
1
1.00014
1
1
1
1
1
0.999999
1
1
1
1
1
1
1
1
0.999997
1
1
1
1
1
1
1
1
1
1
1
1
1
1
1
1.00004
1
1
1
1
1
1
1
1
1
1
1
1
1
1
1
1
1
1
1
1
1
1
1
1
1
1
1
1
1
1
1
1
1.00011
1
1
1
1
1
1
1
1
1
1
1
1
1
1
1
1
1
1
1
1
0.999001
1
1
1
1
1
1
0.99999
0.999997
1
1
1
1
1
1
1
1
1
1
1.00001
1
1
1
1
1
1
1
1
1
1
1
1
1
1
1
1
1
1
1
1
1
1
1
1
1
1
1
1
1
0.999999
1
1
1
1
1
1
1
1
1.00001
1
1
1
1
1
1
1
1
1
1
1
1
1
1
1
1
1
1
1
1
1
1
0.999073
1.00028
1
0.999696
1
1
1
1
1
1
1
1
1
0.999886
0.997451
0.978555
1
1
1
1
1
1
1
1
1.00002
1
1.00066
1
0.9974
1
1
1
1
1
1
1
1
1
1
1
1
1
1
1
1
1
1.00001
1
1
1
1
1
1
1
1
1
1
1
1
1.00002
1
1.00001
1
1
1
1
1
1
1
1
1
1
1
1
0.994082
0.999999
1
1
1
1
1
1
1
1
0.997973
1
1
1
1
1.00021
1
1
1.00019
1
1
1
1
1
1
1
1
1
1
1
1
1
1
0.997987
1
0.999653
1
1
1
0.995665
1
0.999975
1
1
1
1
1
1
1
1
1.00098
1
1
1.00027
1
0.999486
1.00006
1
0.999939
1
1
1
1
1
1
0.999997
0.998113
1
1
1
1
1
1
1
1
1
1
1
1
1
1
1
1
1
1
1
1
1
1.00001
1
1
1
1
0.999897
1
1
1
1
1
0.999995
1
1.00004
1
0.999957
0.999998
1
1
1
1
1
1
1
1
1
1
1
1
1
1.00001
1.00002
1.00019
1
1
1
1.00062
1.00001
0.999995
1
1
1
1
1
1
1
1
1
1
1
1
1
1
1
1
1
1
1
1.00004
1
1
1
1
1
1.00003
1
1
1
1
1
1
1
1
1
1
1
1
1
1
1
1
1
1
1
1
1
1
1
1
1
1
1
1
1
1
1.00001
1
1
1
1
1
1
1
1
1
1
1
1
1
0.999997
1
1
1
1
1
1
1
1
1
1
1
1
1
1
1
1.00001
1
0.999973
1.00009
1
0.999993
1.00002
1
1
1
1
1
1
1
1
1
0.999976
1
0.999991
1
0.99991
1
1
1
1
1.00028
1
1
1
1
1
1
1.00011
1
1
1.00001
1
1
1
1
1
1
1
1
0.999971
1
1
0.999996
1
0.999746
0.999997
1
1
1.00001
0.998852
1
1
1
1
1
1
1.00075
0.999996
0.999428
1
1
0.999997
1
1
1
1
1
1
1
1
1
1
1
1
1
1
1
1
1.00001
1
1
1
1
1
1
0.997847
1
1
1
1
1
1
0.999999
1
1
1.00001
1
1
1
1
1
1
1
1
1.00035
1
1.00001
1
1
1
1
1
1
1
1
1
1
1
1
1
1
1.00006
1
1
1
0.999756
1
1
1
1
1
1
1
1
1
1
1
1
1
1
1
1
1
1
1
0.999873
1
1
1
1
0.999995
1
1.00191
0.998938
1
1
1
1
1
1
1
1
1
1
1
0.995797
1
1
0.999995
1
1
1
1
1.0004
1
0.999993
1
1
1
1
1
1
1
1
1
1
1
1
0.999989
1
1
1
1
0.998463
1
1
1
1
1
1
1
1
1
1
1
1
1
1
1
1
0.997635
1
1
1
1
1
1
1
1
1
1
1
1
1
1
1
1
1
1
1
1
1
1
1
1
0.999151
1.00074
1
1.00021
0.999428
1
0.999937
1.00001
1
1
1
1
1
1
1
1
0.997227
1
1
1
1
1
1
1.00002
1
1
1
1
1
1
1
1
1
1
1
1
1
1
1
1
1
1
1
1
1
0.99943
1
1
1
1
1
1
1
1
1
1
1
1
1
1
1
1
0.999999
1.00001
1
1
1
0.999999
1
1
1
1
1
0.998311
1
1
1
1
1
1
1
1
1
1
1
1
0.998529
1
1
0.999787
1.00001
0.999997
1
1
1
1
1
1
1
1
1
1
1
1
1
1
1
1
1
0.999829
1
1
1
1
1
1
1
0.99996
1
1
1
1
1
1
0.999769
1.00001
0.999953
1
1
1
1
1
1.00006
1
1
1
1
1
1
1
0.993555
1.00001
1
1
1
0.999917
0.999317
1
0.9957
0.998781
1
1
1
1
1.00001
1
1
1
1.0017
1
1
1
0.999918
0.999999
1
1.00001
1
1
1
1
1
1
1
0.999994
0.999997
1
1
1
1
1
1
1
1
1
1
0.999998
1
1
1
1.00004
0.999953
1
1
1
1
1
1
1
1
1
1
1
1
1
1
1
1
1
1
1
1
1
1
1
1
1
1
0.999999
0.997474
1
1
1
0.997975
1
1
1
1
1
1
0.999957
1
1
1
1
1
1
1
1.00002
1
0.999996
0.994907
1
1
1.00001
1
1
1
0.999923
1
1
1
1
1
1
1
1.00017
0.999999
1
1
1
1
1
1
1
1
1
1
1
1.00001
0.999985
1
1
1
0.999974
1
1
1
1
1
1
1
1
1
1
1
1
1
1
1
1
1
1
1
1
1
1
0.999997
1
1
1
1
0.999889
1
1
1
1
1
1
1
0.999841
1
1
1
1
1
0.999993
0.99978
1
1
1
1
1
1
1
1
1
0.999999
1.00001
0.999999
1
1
1
1
1
1
1
1.00006
1
1
1
1.00005
1
1.00004
0.999501
1
1
1.00059
0.999899
1
1
1
0.999968
1
1
1
1
1
0.999407
1
1
1
1
1
1
1
1
1
1
1
0.996774
1
1
1
1
1
1.00001
1
1
1
1
1
1
1
1.00001
1
1
1.00075
1
1
1.00004
1
1
1
1
1
1
1
1
1
1
1
1
1
1
1
1
1
1
1.00007
1
1
1
1
1
1
1
0.999967
1
1
1
1
1
1
1
1
1
1
1.00001
1
1
1
0.999814
1
1
1
1
1
1
1
1
1.00001
1
1
1
1
1
1
1
0.998299
1
1
1
1
1
1
0.999799
1
1
1
1
1
1
1
1
1
1
1
1
0.999999
1
1
1
1
1
1
1
1
1
1
1
1
1
1
1
1.00003
1
1
1
1
1
1
1
1
0.999786
1
1.00001
1
1
1
1
1
1
1
1
1
1
1
1
1
1
1
1
1
0.999613
1
1
1.00002
0.999999
1
1
1
1
1
1
1
1
1
1
1
1
1
1
1
1
1
1
1
1
0.999999
1
1
0.997189
1
1
1
1
1
1
1
1
1
1
1
1.00001
1
1
1
1
1
1
1
1
1
1.00001
0.999999
1
1
1
1
1
1
1
1
1
1
1
1
1
1
1
1
1.00011
1
1
1
1
1.00001
1
1
1
1
1
0.999993
1
1
1
1
1
1
1
0.993454
1
1
1
1
1
1
1
1
1
1
1
1
1
1
1
1
1
1
1
1
1
0.99998
1
1
1
0.998794
1
1
1
1
1
1
1
1
1
1
1
1
1
1
1
1
1
1
1
1
1
1
0.999999
1
1
0.999999
1
1
1.00002
1
1
1
1
1
1
1
1
1.00054
1
1
1
1
1
1
1
1
1.00001
1
1
1.00001
1
1
1
1
1
1
1
1
1
1
1
1
1
1
1
1
1.00001
1
1
1
1
1
1
1
1
1
1
1
1
1
1
0.998966
1
1
1
1
1
1
0.999999
1
1
0.999994
1
1
1
1
1
1
0.999188
1
1.00028
1
1
1
1
0.999983
1
1
1
1
0.996695
0.999982
1
1
1
1
1
1
1
1
0.999915
1
1
1
1
1
1
1
1
1
1
1
1
1
1
1
1
1
1
1
1
1
1
1
1
1
1
1
1
1
1
1
1
1.00011
1
1
1
1
1
0.999999
1.00001
1
1
0.999782
1
1
1
1
1
1
1.00006
1.00001
1
1
1
1
1
1
1
1
1
1
1
1
1
1
1
1
0.999996
1
1
1
1
1
1
1
1
1
1
1
1
1
1
1
1
1
1
1
0.999913
1
1
1
1
1
1
1
0.997561
1
1.00001
1
1
1
1
1.00049
1
0.999986
1
1
1
1
1
1
1
1
0.999938
1
1
1
1.00002
1
1
1.00004
1
1.00016
1
1
0.999785
0.999365
1
1
1
1
1
1
1
1
1
1
1
1
1
1
1
1
1
1
1
0.999822
0.999598
1.00018
1.00002
1
1
1
1
1
0.999632
1
1
1
1
1
1
1
1
1
1.00005
1
1.00001
1.00001
1
1
1
1.00001
1
1
1
1
1.00002
1
1
1
0.999485
1
1
1
0.999999
1
1
1
1
1
1
1
1
1
1
1
1
1
1.00002
1
1
1
1
1
1
0.999998
1
1
1
1
1
0.999999
1
1
1
1
1
1
1
1
1
1
1
1
1
1
1
1
1
1
1
1
1
1
1
1
1
1
1
1
0.998872
1
1
1
1
1
1
1
1
0.999307
1
0.999957
1
1
1
1
1
1
1
1
0.999968
1
0.998925
1.00001
1
1.00019
1
1
1.00002
1
1
1
1
1
1
0.999968
1
1
1
1
1
1
1.00001
1
1
0.999995
1
0.999708
1
1
1.00001
0.999991
1
0.999734
1
1
1.00001
1
1
1.00024
1
1
1
1
1
1
1
1
1
1
1
1
1
1
1
1
1
0.999972
1
1
1
1
0.999999
1
1
1
1
1
1
1
1
1
1
1
1
1
1.00125
1
1
1
1
1
0.996621
1
1
1
1
1
1
1
1
1
1
1
1
1
1
1
1
1
1
1
1
1
1
1
1
1
1
1
1
1
1
1
1
1
1
1
1
1
1
1
1
1.00027
1
0.999986
1
1
1
1
0.999998
1
1
1
1
1
1
1
1
1
1
1
1
1
1
1
1.00008
1
1
1
1
1
1
1
1
0.999997
1
1
1
1
1
1
1
1
1
1
1
1
1
1
1.00001
1
1
1
1
1
1
1
1
0.99862
1
1
1
1
1
1
1
1
1
1
1
1
1
1
1
1
1
1
1
1
1.00029
1
1
1
1
1
1
1
1
1
1
1
1.00001
1
1.00033
1.00002
1
1.00001
1
1
1
1
1
1
1
1
1
1
1
1
1
1
1
1
1
1
1
0.995925
1
1
1
1
1
1
1
1
1
1
1
1
1
1
1
1
1
0.996643
1
1
1.00001
1.00001
1
1
1
1
1
1
1
1
1
1
1
1
1
1
1
1
1
1
1
1
1
1
1
1
1
1
1
1
1
1
1
1
1
0.999969
1
1
1
1
1
1
1.00038
1
1.00001
1
1
1
1
1
1
0.999955
1
1
1
1
1
1
1
1
1
1
1
0.999997
1
1
1
1
1
1
1
1
1
1
1
1
1
1
1
1
1
1
1
1
1
1
0.999777
1
0.999997
1
1
1
1
1
1
1
1
0.999655
1
1
1
1
1
1
1
1
1
1
1
1
1
1
1
1
1
1
1.00007
1.00027
1
1
1
1
1
1
1.00152
1
1
1
1.00001
1
1
1
1
1
1
1
1
1.00002
1
0.99992
1
1
1
1
1
1
0.999937
1
1
1
1
1
1
1
1
1
1
1
1
1
1
1.00001
1
1
1.00072
1
1
1
1
1
1
1.00001
1
1
1
1
1
1
1
1
1
1
1
1
1
1
1
1
1
1
0.999962
0.999999
1
1
1
1
1
1
1
1
1
1
1
1
1
1
1
0.997883
1
0.999985
1
1
1
1
1
1
1
1
1
1
1
1
1
1
1
1
1
1
1
1
1
0.999999
1
1
1
1
1
1
1
1
1
1
1
1
1
1
1
1
1
1
1
0.999999
0.998239
1
1
1.00034
1
1
1.00006
0.999972
1
1
1
1
1
1
1.00107
1
1
1
1
1
1
1
1
1
1
1.00001
1
1
1
1.00001
1
1
1
1
1
1
1
0.999247
1
1
1
1
0.990071
1
1
1
0.99192
1
1
1
1
1.00005
1
1
1
1
1
1
0.999988
1
1
1
1
1
1
1.0003
1
1
1
1
1
1
1
1
1
1
1
1
1
1
1
1
1
1
1
1
1
1
1
1
1
1
1
1
1
1
1
1
1
1.00002
1
1
1
1
1
1
1
1
1
1
1
1
1
1
1
1
1
1
1.00001
1.00058
1
1
1
1
1
1
0.999997
1
1
1
1
1
1
1
1
1
1
1
1
1
1
1
0.999991
1.00096
1
0.999263
1
1
1
1
1.00057
1
1.00078
1
1
1
1
1
1
1
1
1
1
1
1
0.999997
1
1
1
1
1
1
1
1
1
1.00003
1
1
1
1.00041
1
0.999965
1
1
1
1
1
1
1
1
1.00001
0.990272
0.999981
1
1
1
1
1
1
1
1
1
1
1
1
1
1
1
1
1
0.988665
1
1
1
1
1
1
1
1
0.999964
1
1
1
1
1
1
1
1
1
1
1
1
1
0.999966
1
1
1
1
1
1
1
1.00023
1
0.999154
1
1
1.0008
1
1
1
1
1
1
1
1
1
1
1
1
1
1
1.00002
1
1
1
1
1
1
1
1.00001
1
1
1
1
1
1
0.998919
1
1
1
1
1
1
1
1
1
1
1
1
1
0.99999
1
1
1
1
1
1
1
1
1
1
1
1
1
1
1
1
1
1
1
1
1
1
1
0.999999
1
1
1
1
1
1
1
1
1
1
1
1
1
1.00002
1
1
1
1
1.00001
1
1
1
1
1
1
1
1
1
1
0.997381
1
1
1
1
1
0.998538
1
1
1
1
1
1
1
1
1
1
1
1
1
1
0.999995
1
1
0.999667
1
1
1
1
1
1
1
1
1
1
1
1
1
1
1
0.99999
1
1
1
1
1
1
1
1
1
1
0.999171
1
1
1
1.00002
1
1
1
1
1
1
0.999991
1
1.0011
1
1
1
1
1
0.999986
1
0.999976
1
1
1
1
1
1
1
1
1
1
1
1
1
1
1
1
1
1
1
1
1
1
0.999994
1
1
1
1
1
1
1
1
1
1
1
1
1
1
1
1
1
0.999944
1
1
1
1
1
1
1
0.999995
1
1
1
1
1
1
1
1
1
1
0.997845
1
1.00002
1
1
1
1
1
1
1
1
1
1
1
1
1
1
1
1
0.999998
1
1
1
1
1
1
1
0.999955
1
1
1
1
1
1.00033
1
1
1
1
1
1
1
1
1
1.00001
1
1
1
1
1
0.999995
1
1
1
1
1
0.99612
1
1
1
1
1
1
1
1
1
1
1
1
1
1
1
1
1
1
1
0.999981
0.999949
0.999999
1
1
1
1
1
1
1
1
1
1
0.996824
1.00024
1
1
1
1
1
1
1
1
1
1
1
1
1
1
1.00004
1
1
1
1
1
1
1
1
1
1
1
1
1
1
1
1
1
1
1
1
1
1
0.999976
1
1
1
1
1
1
1
1
1
0.99999
1.00015
1
1
1
1.00004
1
1
1
1
1
1
1
0.999995
1
1
1
1
1
1
1
1
1
1
1
1
1
1
1
1
1
0.999983
1
1
1
1
1
1
1
1
1
1
1
0.99973
1
1
1
1
1
1
1
1
0.999998
1
1
1
1
1
1
1
0.999999
1
1
1
1
1
1
1
1.00013
0.996342
1
1
1
1
1
1
1
0.999891
1
1
0.999998
1
1
1
1.00002
1
1
1
1
1
1
1
1
1
1
1
1
1
1
1
1
1
1
1
1
1
1
0.991486
1
1
1
1
1
1
1
1
1
1
1
1
1
1
1
1
1
1
1.00072
0.999998
1.00003
1
1
0.999884
1
1
1
1
1
1
1
1
1
1
0.999241
0.999879
1
1
1
1
1
1
1
1
1
1
1
1
1
1
1
1
1
1
1
0.999999
1
1
1
1
1
1
1
1
1
1
1
1.00001
1
1
1
1
1
1
1
1
1
1
1
1
1
1.00078
1
1
0.999934
1
1
1
1
1
1
1
1
1
1
0.999995
1
1
1
1
1.00006
1
1
0.999991
1
1
1
1
0.999999
1
1
1
1
1
1
1
1
1
1
1
1
1
0.999936
0.999711
1
1
1
1
1
1
1
1
1
0.999995
1
1
1
1
1
1
1
1
1
1
1
1
1
1
1
1
1
1
1
1
1
1
1
1
1
1
1
1
1
1
1
0.999995
1
1
1
1
1
0.995729
1
1
1
0.999275
1
1.00003
1
1
0.999997
1
1
1
1
1
1
1
1
0.999967
1
1
1
1
1
1
1
1
1
1
1
1
1
1
1
1
1
1
1
1
1
1
0.998364
1
0.999638
1
1
1
1
1
1
1
1
1.00001
1
1
1.00001
1
1
0.99899
1
1
1
1
1
1
1
1
1
0.999984
1
1
1
0.999997
1
1
1
1
1
0.999999
1
1
1
1
1
1
1
1
1
1
1
1
1
1
1
0.99993
1
1
1
1
1
1
1
1
1
1
1
1
1
1
1
1
1
1
1
1
1
1
1
1
1
0.999823
0.999999
1
1
1
1
1
1
1
1
1
1
1
1
1
1
1
1
1
1
0.998459
1
1
0.998409
1
1
1
1
0.999996
1
1
1
1
1
1
1
1
1
1
1
1
1
1
1
1
0.999912
1
1
1
1
1
1
0.999999
1
1
1
1
1
1
1
1
1
1
1
0.999998
1
1
0.999484
1
1
1
1
1
1
1
1
1
1
1
1
1
1
1
1
0.999999
1
1.00012
1
0.999998
1
1
1
1
1
1
1
1
0.999961
1
1
1
1
1
1
1
1
1
1
1
1
1
1
1
1
1
1
1
1
1
1
1
1
1
1
1
1
1
1
1
1
1
1
1
1
1
1
1
1.00001
1
1
0.998953
1
0.999975
1
1
1
0.998198
1
1
1
1
1
1.00001
1
1
1
1
1
1
1
1
1.00001
1
1
1
1
1
1
1
1
1
1
1
1
1
1
1.00002
1
1
1
1
1
1
1
1
1
1
1
1
1
1
1
1
1
0.999924
1
1
1
1
1
1
1
1
1
1
1
1
1
1
1
1
1
1
1
1
1
1
1
1
1
1
1.00008
1
1
1
1
1
1
1
1
1
1
1
1
1
1
0.99975
1
1.00065
1
1
1
1
1
0.997928
1
1
1
0.999994
1
1
1
1
0.999936
1
0.999992
1
1
1
1
1
1
1
0.99994
1
1
1
1
0.999999
1
1
1
1
1
1
1
1
0.999944
1
1
1
0.999999
1
1
1
1
1
1
1
0.999999
1
1
1
1
1
1
0.999925
1
1
1
1
1
1
1
1
0.999999
0.99997
1
0.999017
1
1
1
0.998432
1
1
1
1
1
1
0.999978
1
1
1
1
1
1
1
1
1
1
1
1
1
1
1
1
1
1
1
1
1
1
1
0.999987
1
1
1
0.999925
1
1
1
1
1
1
1
1
1
1
0.999899
1
1
1.00001
1
1
1
0.999998
1
1
1
1
1
0.997003
1
1
1
1
1
0.999985
1
1
1
1
1
1
1
1
1
1
1
1
1.00082
0.999143
1
1
1
1
1
1
1
1
1
1
0.998085
1
1
1
1
1
0.999997
1
1
1
1
1
1
1
1
1
0.99943
1
0.999778
1
1
1
1.00012
1
1
1.00001
1
1
1
1
1
1
1
1
1
1
1
0.999991
1
1
0.999669
1
1
0.997651
1
1
1
1
1
1
0.999686
1
0.999804
1
1
0.999647
1
1
0.999999
1
1
1
1.00001
1
1
1.00003
1
1
1
1
1
1
1
1
1
1
0.999995
1
1
1
1
1
1
1
1
1
1
1
1
1
1
1
1
1
1
1
1
1
1
1.00002
1
1
1
1
1
1
1
0.999996
1
0.999707
1
1
1
1
1
1
1
1
1
0.998144
1
1
1
1
1
1
1.00001
1
1.00001
1
1
0.999999
0.99995
1
1
1
1
1
1
1
1
0.998922
0.998826
1
1
1
0.999998
1
1
1
1
1
1
1
1
1
1
1
0.99957
1
1
1
1
1
1
1.00003
1
1
1
1
1
1.00003
1
1
1
1
1
1
1
1
1
1
1
1
1
1
1.00058
1
1
1
1
1.00014
1
1
1
1
0.999997
0.999999
0.999962
1
1
1
1
1
1
1
1
1
1
1
1
1
1
1
1
1
1
1
1
1
1
1
1
1
1
1
1
1
1
1
1
1
1.00001
1
1
1
1
1
1
1
1
1
1
1
1
1
1
1.00002
1
0.999992
1
1
1
0.999311
1
1
1
1
1
1
1
0.999993
1
1
1
1
1
1
1
1
0.998878
1
1
1
1
1
1
1
1
1
1
1
1
1
1
1
1
1
1
1
1
1
1
1
1
1
1
1
1
1
1
1
1
1
1
1
1
1
1
1
1
1
1
1
1
1
1
1
1
1
0.999644
1
1
0.995789
1
1
1
1
1
1
1
1
0.999718
1
1
1
1
1
1
1
1
1
1
1
1
1
1
1
1
1.00003
1
0.999267
1
1
1
1
1.00001
1
1
1
1
1
1
0.999996
1
1
0.999997
1
1
0.999984
1
1
1
1
1
1
1
1
1
1
1
1
1
1
0.999998
1
1
1
1
1
1
1
1
1
1
1
0.999997
0.999977
1
1
0.999994
1
1
1
1
1
1
1
1
1
1
1
0.99999
1
1
1
1
0.994032
0.999993
1
1
1
1
1
1
1.00014
1
1
1
1
1
1
1.00002
1
1
1.00007
1
0.999995
1
1
1
1
1
1.00004
1
1
1
1
1
1
1
1
1
1
1
1
0.999997
1
1
1
1
1
1
1
1
1
1
1
1.00003
1
0.999952
1
1
1
1
1
1
1
0.999867
1
0.999995
1
1
1
1
1
1
1
1
0.999997
1
1
1
1
1
1
1
1
1
1
1
1
1
1
1
1
1.00007
1
1
1
1
1
1
1
1
1
0.999641
1
1
1.00004
1
1
1
1
1
1
1
1
1
1
1
1
1
1
0.999957
1.00035
1
1
1
1
1
1
1
1.00002
1
1
1
1
1
1
1
1
1
1
1
1
1
1
1
1
0.999998
0.99503
1
1
1
1
1
1
1
1
0.998107
1
0.999692
1
1
1
1
1
1
1
1
1
1
1
1
1
1
1
1
0.999993
1
0.999933
1
1.00001
1
0.999894
1
1
1
1
1.00043
1
1.00001
1
1
1
1
1
0.999953
0.999244
1
1
1
1
1
1.00032
1
1
1
1
1
1
1
1
1
1
1
1
1
0.997023
1
1
1
1
1
1
1
1
1
1
1
1
1
1
1
1
1
1
1
1
1
1
1
1
1
1
1
1
1
1
1
1
1
1
1
1
1
0.999912
1
1
1
1
1
1
1
1.00018
1
1
1
1
1
1
1
1
1
1
1
1
0.999899
1
1.00005
1
1
1.00002
1
1
0.99641
1
1
1
1
1
1
1
1
1
1
1
1
1
1
1
1
1
1
1
1
0.999778
1
1
1
1
1
1
1
1
1
1
1
1
1
1
1
1
1
1
1
1
1
1
1
1
1
1
1
1
1
1
1
0.999807
1
1
1
1
0.998377
1
1
1
1
1
1
1
1
1
1
1
1
1
1
1
1
0.999997
1
1
1
1
1
1
1
1
1
1
0.999982
1
0.998703
1
1
1
1
1
1
1
1
0.999998
1
1
1
1
1
1
1
1
1.00034
1
1
1
1
1.00004
1
1
1
1
1
1
1
1
1
1
1
1
1
1
1
1
1
1
1
1
1
0.999768
1
1.00001
1
1
1
1
0.997252
1
1
1
1
0.999724
0.999996
1
1
1
1
1
1
1
1
1
1
1
1
0.999679
1
1
1
1
1
1
1
1
1
1
1
1
1
1
1
1
1
1
1
1
1
1
1
1.00001
0.999993
1
1
1
1
1
1
1
1
1
1
1
1
1
1
1
1
1
1
1
1
1
1
1
1
1
1
1
1
1
1
1
1
1
0.999891
1
1
1
1
1
1.00001
1
1
1
1
1
1
1
1
1.00003
1
1
0.999999
1
1
1
1
1
1
1
1
1
1
0.997435
1
0.97675
1
1
1
1
1
1
1
1
1
1
1
1
1
1
1
1
1
1
1
0.999958
1
1
1
1
1
1
1
1
1
1
1
1
1
1
1
1
1
1
1
0.999991
1
1
1
1
1
1
1
1
1
1
1
1
1
1
1
1
0.998797
0.998021
1
0.993667
0.999423
1
0.999998
1
1
1
1
1
1
1
1
1
1
1
1
1
1
1
1
1.00016
0.999998
1
1
1
1
1
1
1
1
1
1
1
1
1
1
1
1
0.999997
1
1
1.00007
1
1
1
1
1
1
1
1
1.00001
1
1
0.999999
1
1
1
1
1
1
1
1
1
1
1
1
1
1
1
1
1
1
1
1
1
1
1
1
1
1.00002
1
1
0.999999
1
0.999996
1
1
1
1.00111
1.00001
0.997487
1
1
1
1
1
1
1
1
1
1
1
1
1
1
1
1
1
1
1
1
1
1
1
1
1
1
1
1
1
1
1
1
1
1
1
1
1
1
0.987794
1
1
1
1
1
1
1
1
1
1
1
1
1
1
1
1
1
1
1
1
1
1
1
1
1
1
1
1
1
1
1.00002
1
1
1
1
1
1
1
1
1
1
1
1
1
1
1
0.999991
1
1
1
1
1
1
1
1
1
1
1
1
1
1
0.998904
1
1
1
1
1
1
1
1
1
0.997995
0.999999
1
1
1
1
1
1.00002
1
1
1
1
1.00004
1
1
1
1
1
1
1
1
1
1
0.999998
1
1
1
1
1
1
1
1
1
1
1
1
1
0.999998
1
1
1
1
0.998581
1
1
1
1
1
1
1
1
1
1
1
1
1
1.00095
0.999989
1
1
1
1
1
1
1
1
1
1
1
1
1
1
1
1
1
1
1
1
1
1
1
1
1
1
1
1
1
1
0.999997
1
1
1
1
1
1
1
1
1
1
1
1
1
1
1
1
1
1
1
1
1
1
1
1
1
1
1
1
1
1
1
1
1
0.999492
1
1
1
1
0.999293
1
1
1
1
1
1
1
1
1
1
1
1
1
1
1
1
1.00001
1
1
1
1
1
1
1
1
1
1.00022
1
1
1
1
1
1
1
1
1
1
1
1
1
1
1
1
1
1
1
1
1
0.999999
1
1
1
1
0.999996
1
1
1
1
1
1
1
1
1
1
1
1
1
1
1.00001
1
1
1
1
1
1
1
1
1
1
1
0.999991
1
1
1
0.999997
1
1
1
1
1
1
1
1
1
1
1
1
1
0.999991
1
1
1
1
1
1
0.999985
1
1
0.99999
1
1
1
1
1
1
1
1
1
1
1
1
1
0.999018
1
1
1
1
1
1
1
1
1
1
1
1.00016
1
1
1
1
1.00007
1
1
1
1
1
0.999933
1
1
1
1
1.00001
1
1
1
1
1
1
1
1
1
1
1
1
1
1
1
1
1
1
1
1
1
1
1
1
1
0.999952
0.999979
1
0.999355
1
1
1.00001
1
1
1
1.00001
1
1
1
1
1
1
1
1.00001
1
1
1
1
1
1
1
1
1
1
1
1
1
1
1
1
1
1
0.999444
1
0.999998
1
1
1
1
1
1
0.999938
1
1
1
)
;

boundaryField
{
    frontback
    {
        type            empty;
    }
    topbottom
    {
        type            zeroGradient;
    }
    outlet
    {
        type            zeroGradient;
    }
    inlet
    {
        type            fixedValue;
        value           uniform 1;
    }
    walls
    {
        type            zeroGradient;
    }
    procBoundary2to0
    {
        type            processor;
        value           nonuniform List<scalar> 
83
(
1
1
1
1
1
1
1
1
1
1
1
1
1
1
1
1
1
1
1
1
1
1
1
1
1
1
1
1
1
1
1
1
1
1
1
1
1
1
1
1
1
1
1
1
1
1
1
1
1
1
1
1
1
1
1
1
1
1
1
1
1
1
1
1
1
1
1
1
1
1
1
1
1
1
1
1
1
1
1
1
1
1
1
)
;
    }
    procBoundary2to3
    {
        type            processor;
        value           nonuniform List<scalar> 
99
(
1
1
1
1.00001
1
1
1
1
1
0.997532
1
1
1
1
1
1
1
1
1
1
1
1
1
1
1
1
1
1
0.997532
0.990393
1
1
1
0.998921
1
1
1.00025
1
1
0.999978
1
1
1
1
1
1
1
1
1
1
1
1
1
1
1
1
1
1
1
1
1
1
1
1
1
1
1
1
1
1
1
1
1
1
1
1
1
1
1
1
1
1
1
1
1
1
1
1
1
1
1
1
1
1
1
1
1
1
1
)
;
    }
}


// ************************************************************************* //
