/*--------------------------------*- C++ -*----------------------------------*\
| =========                 |                                                 |
| \\      /  F ield         | OpenFOAM: The Open Source CFD Toolbox           |
|  \\    /   O peration     | Version:  v2012                                 |
|   \\  /    A nd           | Website:  www.openfoam.com                      |
|    \\/     M anipulation  |                                                 |
\*---------------------------------------------------------------------------*/
FoamFile
{
    version     2.0;
    format      ascii;
    class       volScalarField;
    location    "150";
    object      gammaInt_0;
}
// * * * * * * * * * * * * * * * * * * * * * * * * * * * * * * * * * * * * * //

dimensions      [0 0 0 0 0 0 0];


internalField   nonuniform List<scalar> 
13917
(
1
1
1
1
1
1
1
1
1
1
0.999999
1
1
1
1
1
1
1
1
1
1
1
1
1
1
1
1
1
1
1
1
1
1
1
1
0.998738
1
1
1
1
1
1
1
1
1
1
1
1
1
1
1
1
1
1
1
1
1
1
1
1
1
1
1
1
1
0.999997
1
1
1
1
1
1
1
1
1
1
1
1
1
1
1
1
1
1
1
1
1
0.999957
1
1
1
1
1
1
1.00001
1
1
1
1
1
1
1
1
1
1
1
1
1
1
1
1
1
1
1
1
1
1
1
1
1
1
1
1
1
1
1
1
1
1
1
1
1
1
1
0.998804
1
1
1
1
1
1.00013
1
1
1
1
1
1
1
1
1
1
1
1
1
1
1
1
0.999979
1
0.998748
1
1
1
1
1
1
1
1
1
1
1
1
1
1
1
1
1
1
1
1
1
1
1
1
1
1
0.999996
1
1
1
0.999813
1
0.999975
1
1
1
1
1
1
0.99942
1
1
1
1
1
0.998661
1
1
1
1
1
1
1
1
1
1
1
1
1
1
1
1
1
1
1
1
1.00001
1
1
0.999787
1
1
1
1
1
1
1
1
1
1
1
0.999999
1
1.00012
1
1
1
1
1
1
1
1
1
1
1
1
1
1
1
1
1
1
1
1.00029
1
1
1
1.00002
1
1
1
1
1
1
1
1
0.999929
1
1
1
1
1
1
1
1
1
1
1.00015
1
1
1.00039
1
1
1
1
1
1
1
1
1
1
1
1
1
1
1
1
1
1
1
1
1
1
1
1
1
1
1
1
1
0.999894
1
1
1
0.997464
1
1
0.999998
1
1
1
1
1
1
1
1
1
1
1
1
1
1
1
1
1
1
1
1
1
1.00002
1
1
1
1.00015
1
1
1
1
1.00051
1
1
1
1
1
1
1
1
1
1
1
1.00058
1
1
1
1
1
1
1
1
1
1
1
1
1
1
1
1
1
1
1
0.998782
1
1.00045
1
1
1
1
1
1
1
1
1
1
1
1
1
1
1
1
1
1
1
1
1.00001
1
1
1
1
0.999959
1
1
1
1
0.999995
1
1
1
1
1
1
1
1
1
1
1
1
1.00051
1
1
1
1
1
1
1
1
1
1
1
1
1
1
0.997432
1
1
1
1
1
1
1
1
1.00046
1
1
1
1
1
1
1
1
1
1
1
1
1
1
1
1.00007
1
1
1
1
1
1
1
1
1
0.996978
1
1
1
1
1
1
1
1
1
1
1
1
1
1
1
1
0.999939
1
1
1
1.00002
1
1
1
1
1
1
1
1
1
1
1
1
1.00081
1
1
1
1
1
0.998322
1
0.99999
1
1
1
1
1
1
1
1
1
1
1
1
1.00067
1
1
1
1
1
1
1
0.999982
0.999998
1
0.997061
1
1
1
1
1
1
0.995504
1
1
1.00077
1
1
1
1
1
1
1
1
1
1
1
0.999969
1
1
1
1
1
1
1
1
1
1
1
1
1
1
1
1
0.999452
1
1
1
1
1
1.00001
1
1
1
1
1
1
1
1
1
1
1
1
1
1
1
1
1
1
1
1
1
1
1
1
1
1
1
1
1
0.99999
1
1.00059
1
1
1
1
1
1
1
1
1
1
1
1
0.999959
1
1
1
1.00001
1
0.997113
1
1
1
1
1
1
1
0.998567
1
1
1
1
1
1
1
1
1
1
0.998946
1
1
1
1
1.00001
1
1
1
1
1
1
1
1
1
1
1
1
1
1
1
1
1
1
1
1
1
1
1
1
1
1
1
1
1
1
1
1
1
1
1
0.99991
1
1.00069
0.999994
1
1
1
1
1
1
1
1
1
1
1
1
1
1
1
1
1
1
1
1
1
1
1
1
1
1
1
1
1
1
1
1
1
1
1
1
1
1
0.999999
1
0.999999
1
1
1
1
1
1
0.99985
1
1
1
1
1
1
1
1
1
1
1
1
1
1
1
1
1
1
1
1
1
1
1
1
1
1
1
0.999471
1
1
1
1
1
1
1
1.00009
1
1
1
1
1
1
1
1
1
1
1
1
1
1
1
1
1
1
0.99898
1
0.99706
1
1
1
1
1.00026
1
1.00007
1
1
1
1
1
1
1
1
1
1
1
1
1
1
1
1
1
1
1
1
1
1
1
1
1
1
1
1
1
1
1
1
0.999999
1
1
1
1
1
1
1
1.00002
1
0.999998
1
1
1
1
1
1
1
1
1
1
1
1
1
1
1.00022
1
1
1
1
1
1
1
1
1
1
1
1
1
1
1
1
1
1
1
1
1
1
1
1
1
1
1
1
1
1
1
1
1
1
1
1
1.00001
1
1
1
1
1
1
1
1
1
1
1
1
1
0.999998
1
1
1
1
1
1
1
1
1
1
1
1
1
1.00016
0.998419
0.999999
0.999153
1
0.999996
1
1
1
1
1
1
1
1
0.999704
1
1
1
1
0.999993
1
1
0.999999
1
1
1
1
1
1
1
1
1
1
1
1
1
1
1
0.999999
1
1.00078
1
1
1
1.00038
1
1
1
1
1
1
1
1
1
1
1
1
1
1
1
1
1
1
1
1
1
1.00001
1
1
1
1
1.00067
1
1
1
1
1
1
1
1
1
1
1
1
1
1
1
1
1
1
1
1
1
1
1
1
1
1
1
1
1
1
1
1
1
1
1
1
1.00001
1
1
1
1
1
1
1
1
0.999997
1
1
1
1
1
1.00047
1
0.99983
1
1
1
1
1
1
1
1
1
1
1
1
1
1
1
1.0005
1
1
1
1
1
1
1
1
1
1
1
1
1
1
1
1
1
1
1.00149
1
1
1
1
1
1
1
1
1
1
1
1
1
1
1
1
1
1.00044
0.999999
1
1
1
1
1
1
1
1
1
1
1
1
1
1
1
1
1
1
0.999861
1
1
1
1
1
1
1
1
1
1
1
1
1
1
1
1
1
1
0.995351
1
0.999535
1
1
1
1.00331
1
1
1
1
1
1
1
1
1
1
1
1
1
1
1
1
0.999541
1
1.00001
1
1
1
1
1
0.999993
1
0.999999
1
0.999998
1
1
1
1
1
1
1
1
1
1
1
1
1
1
1
1
1
1
1.00007
1
1
1
1
1
1
1
1
1
1
0.999845
1
1
1
1
1
1
1
1
1
1
1
1
1
1
1
1
1
1
0.99986
1
1
1
1
1
1.00001
1
1
1
1
1
1
1
1
1
1
1
1
1
1
1
1
1
1
1
1
1
1
1
1
1
1
1
1
1
1
1
1
1
1
1
1
1
1
1
1
1
1
1
1
1
1
1
1
1
1
1
1.00066
0.999403
1
1
1
1
1
1
1
1
1
1
1
1
1
1
1
1
1
1
1
1
1
1
1
1
1
1
1
1
1
1
1
1
1
1
1
1
1
1
1
1
1
1.00012
1
1
1
1
1
1
1
1.00001
1
1
1
1
1
1
1
1
1
1
1
1.00015
1
1
1
1
1
1
1
1
1
1
1
1
1
1
1
1
1
1
1
1
1
1
1
1
1
1
1
1
1
1
1
1
1
1
1
1
1
1
1
1
1
1
1
1
1
1.00007
1
1
1.00067
1
1
1
1
1
0.999999
1
1
1
1
0.999369
1
1
0.994145
1
1
1
1
1
1
1.00046
1
1.00001
1
1
1
1
1
1
1
1
1
0.999984
1
1
1
1
1.00002
1
1
1
1
1
1
1
1
1
0.999985
1
1
1
1
1
1
1
1
1
1.00003
1
1
1
1
1
1
1.00043
1
1
1
1
1
1
0.998485
1
1
0.999852
0.999887
1
1
1
1
1
1
1
1
1
1
1
0.995733
1.00052
1
1
1
1
1
1
0.996645
1.00049
1
1
1
1
1
1
1
1
1
1
1
1
1
1
1
1
1
1
1
1
1
1
1
1
1
1
1
1
1
1
1
1
1
1
1
1
1
1
1
0.999579
1
1
1
1.00006
1
1
1
0.999821
1.00008
1
1
1
1
1
1
1
1
1
1
1
1
0.999998
1
1
1
1
1
1
1
1
1
1
1
1
1
1
1
1
1
1
1
1
1
1
1.00001
1
0.998134
1
1
1
1
1
1
1
1
1
1
1
1
1
1
1.00004
1
1
1
1
1
1
1
1
1
0.999996
1
1
1
1
1
1
1
1
1
1
1
1
1
0.997849
1
1
1
1
1
1
1
1
1
1
0.999999
1
0.999999
0.99759
1
1
1
1
1
1
1
1
1
1
0.999829
1
1
1
1
1
1
0.999907
1
1
1
1
1
1
1
1
1
1
1
1
1
1
1.00002
1
1
1
1
1.00032
1
1
1
1
1
1
1
1
1
1
1
1
1
1
1
1
1
1
1
1
1
1
1
0.999999
1
1
1
1.00001
1
1
1
1
0.999993
1
1
1
1
1.00035
1
1
1
1
1
1
1
1
1
1
1
1
1
1
1
1
1
0.999979
1
1
1
1
1
1
1
1
1
1
1
1
1
1
1
1
1
1
1
1
1
1
1
0.999111
0.999951
1.00001
1
1
1
1
1
1
1
1
1
1
1
1
1
1
1
1
1
1
1
1
1.00046
0.997852
0.998752
1
1
1.0001
1
1
1
1
1
1
1
1
1
1
1
1
1
1
1
1
1
1
0.999999
1
1
1
1
1
1
1
1
1
1
1
1
1
1
1
1
1
1
1
1
1
1
0.999628
1.00007
1
1
0.999987
1
1
1
1
1
1
1
1
1
1
1
1
1
1
1
1
1
1
1
1
1
1
1.00006
1
1
1
1.00003
1
1
1
1
1
1
1
0.998019
0.99971
1
1.00057
1
1
1
1
1
1
1
1
1
1
1
1
1
1
1
1
1
1
1
1
1
1
0.999996
1
1
1
0.999945
1
1
1
1
1
1
1
1
1
1
1
1
1
1
1
1
1
1
1
1
1
1
1
1
1
1
1
1
1
1
1
1.00007
1
1
1
1
1
1
1
1
1
1
1
1
1
1
1
1
1
1
1
1
1
1
1
1
1
1
1
1
1
1
1
1
1
1
1
1
1
1
1
1
1
1
1
1
1
1
1
1
1
1
1
1
1
1
1
1
1
1
1
1
1
1
1
1
1
0.999998
1
0.999984
0.999781
1
1
1
0.998074
1
1
1
1
1
1.00004
1
1
1
1
1
0.999736
1
1
1
1
1
1
1
1
1
1
1
1
1
1
1
1
1
1
1
1
1
1
1
0.999889
1
1
1
1
1
1
1
1
1
1
1
1
1
0.998016
1
1
1
1
1
1
1
1
0.999946
1
1
1
1
1
1
1.00103
1
1
1
1
1
1
1
1
1
1
1
1
1.00016
1
1
1
1
1
1
1
1
1
0.999889
1
1
1
1
1
1
1
1
1
1
1
1
1
1.00049
1
1
1
1
1
1
1
1
1
1
1
1
1.00002
1
1
1
0.999997
1
1
1
1
1
1
1
1
0.999996
0.995328
1
1
1
0.998746
1
1
1
1
1
1
0.998772
1
1
1
1
1
0.99965
1
1
1
1
1
0.999956
1
1
1
1
1
1
1
1
1
1
1
1
1
1
1
1
1
1
1
1
1
1
1
1
1.00001
1
1
1
1
1
1
1
1
1
1
1
1
1
1
1
1
1
1
1
1
1
1
1
1
1
1
1
1
1
1
1
1
1
0.999221
1
1
1
1
1
1
1
1
1
1
1
1.00013
1
1
1
1
1
1
1
1
1
1
1
1
1
1
0.997212
1
1
0.998103
1
1
1
1
1
1
1
1
1
1.00001
1
1
1
1
1
1
1
1
1
1
1
1
1
1
1
1
1
1
1
1
1
1.00037
1.00003
1
1
1
0.999818
1
1
1
1
1
1
1
1
1
1
1
1
0.999956
1
1
1
1
1
1
1
1
1
1
1
1
1.00005
1
1
0.999463
1
1
1
1
1
1
1
0.998787
1
1
1
1
1
1
1
1
1
1
0.998467
1
1
1
1
1
1
1
1
1
1
1
1
1
1
1
1
1
1
1
1
1
1
1
1.00002
1
0.999956
1
0.999997
1
1.00079
1
1.00009
0.999934
1
1
1
1
1
1
1
1.00091
1
0.997868
1
1
1
1
1
1
1
1
1
1
1
0.998816
1
1
1
1
0.998335
1
1
0.995632
1
1
1
1
1
1
1
1
1
1
1
1
1
1
1
1
1
1
1
1
1
0.999942
1.00025
1
1
1
1
1
1
1
1
1
1
1
1
1
1
1
1
1
1
1
1
1
1
1
1
1
1
1
1
1
1
1
1
1
1
1
1
1
1
1
0.99847
1
1.00085
1
1
1
0.997068
1
1
1
1
1
1.00003
1
1
1
1
1
1
1
1
1
1
1
1
1
0.999998
1
1
1
1
1
1
1
0.999961
1
1
1
1
1
1
1
1
1
1
0.998228
1
1
1
1
1
1
1
1
1
1
1
1
1
1.00008
1
1
1
1
1
1
1
1
1
1
1
1
1
1
0.999734
1
1
1
1
1
1
1
1
1
1
1
1
1
1
1
1
1
1
1
1
1
1
1
1
1
1
1
1.00012
1
1
0.998234
1
1
1
0.999764
1
1
1
1.0001
1
1
1
0.999946
1
1
1
1
0.999859
0.999461
1
1
1
1
1
1
1
1
1
1
1
1
1
1
1
1
1
1
1
1
1
1
1
1
1
1
1
1
1
1
1
1
1
1
1
1
1
1
1
1
1
1
1
1
1
1
1
1
1
1
1
0.994632
1
1
1
1
1
1
1
1
1
1
1
1
1
1
1
1
1
1
1
1
1
1
1.00002
1
1
1
0.999144
1
1
1
1
1
1
1.0005
1
1
1
1
1
0.999992
1
0.99941
1
1
1
1
1
1
1.00013
1
1
1
1
1
1
1
1
1
1
1
1
1
1
1
1
1
1
1
1
1
1
0.999948
1
1
1
1
1
1
1
1
1
1
1
1
1
1
1
1
1
1
1.00295
1.00001
1
1
1
1
1
1
1
1
1
1
1
0.998678
1
1
1
1
1
1
1
1
1
1
1
1
1
1
1.0001
1
0.99981
1
1
1
1
1
1
1
1
1
1
1
1
0.999996
1
1
1
0.999999
1
1
1
1
1
1
1
1
1
1
1
1
1
1
1
1
1
1
1
1
1
0.9991
1
1
1
1
1
1
1
1
1
1
1
1
1
1
1
1
1
1
1
1
1
1
1
1
1
1
1
0.999995
1
1
1
1
1
1
1
1
1
1
1
1
1
1
0.997664
1
1
1
1
1
1
1
1
1
1
0.999734
1
1
1
1
1
1
1
1
1
1
1
1
1
1
1.00001
0.996148
1
1
1
1
1
1
1
0.995133
1
1
1
1
0.997223
1
1
1.00002
1
1
1
1
1
1
1
1
1
1
1
1
0.998068
1
1
1
1
1
1
1
1
1
1
1
1
1
1
1
1
1
1
1
1
1
1
1
1
1.00007
1
1
0.999581
1
1
1
1
0.998597
1
1
1
1
1
1
1
1
1
1
1
1
1
1
1
1
1
1
1
1
1
1
1.00001
1
1
1
1
1
1
1
1
1.00002
1
1
1
1
1
1
1
1
1.00001
1.00001
1
1
0.99924
1
1
1
1
1
1
1
1
1
1
1
0.999987
1
1
1
1
1
1
1
1
1
1
1
1
1
1
1
1
1
1
0.991111
1
1
1
1
1.00002
1
1
1
1
1
1
1
1
1
1
1
1
1
1
1
1
1
1
1
1
1
1
1
1
1
1
1
1
1
1
1
1
1
1
1
1
1
1
1
1
1
1
1
1
0.999291
1
0.999934
1
1
1
1
1
1
1
1
1
1
1
1
1
1
1
1
1
1
0.997477
1
1
1
1
1
1
1
1
0.999993
1
1
1
1
1
1
1
1
1
1
1
1
1
1
1
1
1
1
1
1
1
1
1
1
1
1
1
1
1
1
1
1
1
1
1
1
1
1
1
0.999898
1
1
1
1
1
1
1
1
1
1
1
1
1
1
1
1
0.999787
1
1
1
1
1
1
1
1
1
1
1
1
1
1
1
1
0.999999
1
1
1
1
1
1
1
1
1
1
0.999995
1
0.999987
0.999761
1
1
1
1
1
0.99754
1
1
1
1
1
1
1
1
1
1
0.999085
1.00001
1
1
0.997267
1
0.999883
1
1
1
0.996877
1
1
1
1
1
0.999453
1
1
1
0.999868
1
1
1
1
1
1
1
1
1
1
0.999149
1
1
1
1
1
1
1
1
1
1
1
1.00091
0.999614
1
1
1
1
1
0.999988
1
1
1
1
1
1
1
1
1
1
1
1
1
1
1
1
1
1.00008
1
1
1
1.00036
1
1
1
1
0.999914
1
1.00001
1
1
1
1
0.999999
1
1
1
1
1
1
0.999992
1
1
1
1
1
1
1
1
1.00015
1
1
1
1
1
1
0.999676
1
1
1
1
1
1
1
1
1
1
1
1
1
1
0.999741
1
1
1
1
1
1
1
1
1
1
1
1
1
1
1
1
1
1
1
1
1
1
1.00008
1
1
1
1
1
1
1
1
1
1
1
1
1
1
1
1
1
0.999364
1
1
1
1
1
1.00004
1
1
1
1
1
1
1
1
1
1
1
1
1
1
1
1
1
1
1
0.999999
1
1
1
1
1
1
1
1
1
1
1
1
1
1
1
1
1
1
1
1
1
1
1
0.999961
1
1
1
1
1
1
1
1
1
1
1
1
1
1
1
1
1
0.999971
1
1
1.00002
1
1
1
1
1
1
1
1
1
1
1
1
1
1
1
1
1
1
1
1
1
1
0.999231
0.999993
1
0.999994
0.999541
1
1
1
1
1
1
1
1
1
1
1
1
1
1
1
1
1
1
1
1
1
1
1
1
1
1
1
1
1
1
1
1
1
1
0.998752
1
1
1
1
1
1
1
1
1.00021
1
1
1
1
1
1
1
1
1
1
1
1
1
1
1
1
1
1
1
1
1
1
1
1
1
1
1
1
1
1
1
1
1
1
0.999997
1
1.00062
0.999712
1
1
1
1
1
1
0.991481
0.999798
1
1
1
1
1
1
1
1
1
1
1
1
1
0.999894
1
1
1
0.999501
1
1
1
1.00014
1
0.999914
0.999968
1
1
1
0.999977
1
1
1
1
1
1
1
1
1
1
1
1
1
1
1
1
1
1
1
1
1
1
1
1
1
1
1
1
1
1
1
1
1
1
1
0.999998
1
1
0.999994
1
1
1.00012
1
1
1
1
1
1
1
1
1.00001
1
1
1
1
1
1
1
1
1
1.00007
1
1
1
1
1
1
1
1
1
1
1
1
1
1
1
1
1
1
1
1
1
1
1
0.999936
1
1
1
1
1
1
1
1
1
1
1
1
1
0.99815
1
1
1
1
0.998
1
1
1
0.997995
1
1
1
1
1
1
1.00014
1
1
1
1
1
1
1
1
1
1
1
1
1
1
1
1
1
1
1
1
1
1
1
0.999135
1
1
1
1
1
1
1
1.0006
1
1
1.00044
1
1
1
1
1
1
1
1
1
1
1
1
1
1
1
1
0.99996
1
1
1
1
1
1
1
1
1
1
1
1
1
1
1
1
1
1
1
1
1
1
1.00071
1
1
1
1
1
1
1
1
1
1
0.999989
1
1
1
1
1
1
1.00077
1
1
1
1
1
1
1
1
1
1
1
1
1
1
1
1.00004
1
1
1
1
1
1
1
1
1
0.999861
1
1
1
1
1
1
1
1
1
1
1
1
1
1
1
1
0.999692
1
1
1
1
1.00002
1
1
1
1
1
1
1
1
1
0.999984
1
1
0.999964
1
1
1
0.999964
1
1
1
1
1
1
1
1
1
1
1
1.00001
1
1
1
1
1
1
1
1
1
1
1
1
1
1
0.987885
1
1
1
1
1
1
1
1
1
1
1
1
1
1
1
0.999984
1
1
1
1
1
1
1
1
0.999464
1
1
1
1
1
1
1
1
1
0.999279
1
1
1
1
1
1
1
1
1
1
1
1
1
1
1
1
0.999528
1
1
1
1
1
1
1
1
1
1
1
1
1
1
1
1
1
1
1
1
1
1
1
1
1
1
1
1
1
1
1
1
1
1
1
1
1
1
1
1
0.999998
1
1
1
1.00079
1
1
1
1
1
1
1
1
1.0001
1
1
1
1
1
1
1
1
1
1
1
1
1
1
1
1
1
1
1
1
1
1
1
1
1
1
1
1
1
1
1
1
1
1.00017
1
1
1
1
1
1
1
1
1
1
1
1
1
1.00001
1
1
1
1
1
1
1
1
1
1
1
1
1
1
1
1
1
1
1
1
1
1
1
1
1
1
1
1
1
1
0.999998
1
1
1
1
1
1
1
1
1
1
1
1
1
1
1
1
1
1
1
1
1
1
1
1
1
0.999998
1
1
1
1
1
0.998354
1
1
1
1
1
1
1
1
1
0.999985
1
1
1.00004
1
1
1.00003
1
1
1
1
1
1
1
1
1
1
1
1
1
1
1
1
1
1
0.994349
1
1
1
1
1
1
0.999052
1
1
1
1
1
1
1
1
1
1
1
1
1
1
1
0.999993
1
1
1
1
1
1
1
1
1
1
1
1
1
1
1
1
0.999997
1
1
1
1
1
1
1
1
1
1
1
1
1
1
1
1
1
1
1
1
1
1
1
1
1
1
1
1
1
1
1
1
1
1
1
1
1
1
1
1
1
1
1
1
1
1
1
1
1
1
1
1
1
1
1
1
1
1
1
1
1
1
1
1
0.999286
1
1
1
1
1
0.999986
1
0.993927
1
1
1
1
1
1
1
1
1
1
1
1
1
1
1
1
1
1
1
1
1
1
1
1
1
1
1
1
0.999985
1
1
1
1
1
1
1
1
1
1
1
1
1
1
1
1
1
1
1
1
1
1
1
1
1.00118
1.00004
1
1
1
1
1
1
1
1
1
1
1
1
1
1
1
1
1
1
1
1
1
1
1
1
1
1
1
1
1
1
1
1
1
1
0.999874
1
1
1
1
1
1
1
1
1
1
1
1
1
0.999995
1
1
1
1
1
1
1
1
1
1
1
1
1
1
1
1
1
0.999189
0.999927
1
1
1
1
1
1
1
1
1
1
1
1
1
1
1
1
1.00033
1
1.00002
1
1
1
1
1
1
1
1
1
1
1
1
1
0.998723
1
1
0.999947
1
1
1
1
1
1
1
1
1
0.99994
1
1
1
1
1
1.00003
1
1
1
0.999983
1
1
1
1
1
1
1
1
1
1
1
1
1
0.999999
1
1
1
1
1
1
1
1
1
1
1
1
1
1
1
1
1
0.999939
1
0.997988
1
1
1
1.00005
1
1
1
1
1
1
1
1
1
1
1
1
1
1
1
1.00004
1
1
1
1
1
1
0.998765
1
1
1
1
1
0.999973
1
1
1
0.999949
1
1
1
1
1
1
1
1
1.00018
0.999997
1
1
1
1
1.00001
1
1
1
1
1
1
1
1
0.999892
1
1
1
1
1
1
1
1
1
1
1
1
1
0.998801
1
1
0.999136
1
1
1
1
1
1
1
1
1
1
1
1
1
1
1
1
1
1
1
1
1
1
1
1
1.00004
1
1
1
1
1
1
1
1
1
1
1
1
1
1
1
1
1
1
1
1
1
1
1
1
0.999999
1
1
1
1
1
1
1
1
0.998966
1
1
1
1
0.999921
1
1
1
1
1
1
1
1
1
1
1
1
1
1
1
1
1
1
1
1
1
1
1
1
1
0.999929
1
1
1
1
1
1
1
1
1
1
1
1
1
1
1
1
1
1.00006
1
1
1
1
1
1
1
1
1
1
1
1
1
1
1
1
1
1
1
1
1
1
1
1
1
1
0.999995
1
1
1
0.999975
1
1
1
1
1
1
1
1
1
1
1
1
1
1
1
1
1
1
1
1
1
1
1
1
1
1
1
1
1
1
1
1
1
1
1
1
1
1
1
1
1
1
1
1
1
1
1
1
1
1
1
1
1
1
1
1
1
1
1
1
1
1
1
0.999996
1
1
1
1
1
1
1
1
1
1
1
1.00045
1
1
1
1
1
1
1
1
1
1
1
1
1
1
1
1
1
1
1
1
1
1
1
1
1
1
1
1
1
1
1
1
1
1
1
1
1
1
0.99916
1
0.999975
1
1
1
1
1
1
1
1
1.00005
1
1
1
1
1
0.997465
1
1
1
1
1
1
1
1
1
1
1
1
0.998501
1
1
1
1
1
1
1
1
1
1
1
1
1
1
1
1
1
1
1
1
1
1
1
1
1
1
1
1
1
1
1
1
1
1
1
1
1
1
1
1
1
1
1
1
1
1
1
0.999799
1
1
1
1
1
1
1
1
1
1
1
1
1
1
0.995772
1
1
1
1
1
1
1
1
1
1
1
1
1
1
1
1
1
1
1
1
1
1
1
1
1
1
1.00002
1
1.00002
1
1
1
0.997847
1
1
1
1
1
1
0.999989
1
1
1
1
1
1
1
1
1
1.00003
1
1
1
1
1
1
1
1
1
1
1
1
1
1
1
1
1
1
1
1
0.99607
1
1
1
1
1
1
1.00001
1
1
1
1
1
1
1
1
1
1
1
1
1
1
1
1
1
1
1
1
1
1
1
1
1
1
1
1
1
1
1
1
1
0.997726
1
1
1
1
1
1
1
1
1
1
1
1
1
1
1
1.00036
1
1
0.999945
0.999674
1
1
1
1
1
1
1
1
1
1
1
1
1
1
1
1
1
0.999953
1
1
1.00003
1
1
1
1
1
1
1
1
1
1
1.00044
1
1
0.999567
1
1
1
1
1
1
1
1
1.00003
1
1
1
1
1
1
1
1
1
1
0.999997
1
1
1.00008
1
1
1
1
1
1
1
0.999267
1
1
1
0.9989
1
1
1
1
1
1
1
1
1
1
1
1
1
0.999992
1
1
1
1
1
1
1
1
1
1
1
1
1
1
1
1
1
1
1
1
1
1
1
0.999996
1
1
1
1
1
1
1
1
1
1
0.987021
1
1
1
1
1
1
1
1
1
1
1
1
1
1
1
1
1
0.999995
1
1
1
1
1
1.00015
1
1
1
1
1
1
1
1
0.999999
1
1
1
1
1
1
1
1
1
1
1
1
1
0.999998
1
1
1
1
1
1
1
1
1
1
1
1
1
1
1
0.996561
1
1
1
1
1
1
1
1
1
1
1
1
1
1
1
1
1
1
1
1
1
1
1
0.999947
1
1
1
1
1
1
1
1
1
1
1
1
1
1
1
1
1
1
1
1
1
1
1
1
1
1
1
1
1
1
1
1
1
1
1
1
1
1
1
1
1
0.993626
1
1
1
1
1
1
1
1
1
1
1
1
1
1
1
1
1
1
1
1
1
1
1
1
0.999992
1
1
1
1
1
1
1
1
1
1
1
0.999999
1
1
1
0.999997
1
1
1
1
1
1
1
1
1
1
1
1
1
1
1
1
0.999843
1
1
1
1
1
1
0.999904
1.00002
1
0.999091
1
1
1
1
1
1
1
1
1
1
1
1
1
1
1
1
1
1
1
1
1
1
1
1
1
1
1
1
1
1
1
1
1
1
1
1
1
1
1
1
1
1
1
1
1
1
1
1
1
1
1
1
1
1
1
1
1
1
1
1
1
1
1
1
1
1
1
1
1
1
1
1
1
1.00001
1
1
1
1
1
1
1
1
1
1
1
1
1
1
1
1
1
1
1
1
1
1
1
1
1
1
1
1
1
1
1
1
1
1
1
1
1
1.00063
1
1
1
1
1
1
1
1
1
1
1
1
1
1
1
1.00001
1
1
1
1
1
1
1
1
1
1
1
1
1
1
1
1
1.00001
1
1
1
1.00063
1
1
1
1
1
1
1
1
1
1
1
1
1
1
1
1
1
1
1
1
1
1
1
1
1
1
1
1
1
1
1
1
1
1
1
1
1
1
1
1
0.999998
1
1
1
1
1
1
1
1
1
1
1
1
1
1
1
1
1
1.00002
1
1
1
1
1
1
1
1
0.999986
1.00003
1
1
1
1
1
1
1
1
1
0.99815
1
1
1
1
1
1
1
1
1
1
1
1
1
1
1
1
1
1
1
1
1
1
1
1
1.00001
1
1
1
1
1
1
1
1
1
1
1
1
1
1
1
1
1
1
0.999263
1
1
1
1
1
1
1
1
1
1
1
1
1
1
1
1
1
1
0.99802
1
1
1
1
1
1
1
1
1
0.998094
1
1
1
1
1
1
1
1
1
1
1
1
1
1
0.999427
1
1
1
1
1
1
1
1
1
0.999995
1
1
1
1
1
1
1
1
1
1
1
1
1
1
1
1
1
1
1
1
1
1
0.999885
1
1
1.00001
1
1
1
1
1
1
1
1
1
1
1
1
1
1
0.999919
1
1
1
1
0.999997
1
1
1
1
1
1
1
1
1
1
1
1
1
1
1
1
1
0.99957
1
1
1
1
1
1
1
1
0.99915
1
1
1
1
1
1
1
1
1
1
1
1
1
1
1
1
1
1
1.00006
1
1
1
0.999957
1
1
1
1
1
1
1
1
0.998352
1
1
1
1
1
1
0.999101
1
1
1
1
1
1
1
1
1
1
1
1
1
1
1
1
0.999963
1
1
1
1
1
1
1
1
1
1
1
1
1
1
1
1
0.999999
1
1
1
1
1
1
1
1
1
1
1
1
1
1
1
1
1
0.999999
1
1
1
1
1
1
1
1
1
0.998867
1
1
1
1
0.999913
1
1
1
1
1
0.999876
1
1
1
1
1
1
1
1
1
1
1
1
1
1
1
1
1
1
1
1
1
1
1
1
1
1
1
1
1
1
1
1
1
1
1
1
1
1
1
1
1
1
1
1
1
1
1
1
1
1
1
1
1
1
1
1
1
1
1
1
1
0.999999
1
1
1
1
1
1
1
1
1
1
1
1
0.998896
1
1
1
1
1
1
1
1
1
1
1
1
1
1
1
1
1
1
1
0.999927
1
0.999942
0.999257
1
1
1
1
1
1
1
0.999992
0.999979
1
1
1
1
1
1
1
1
0.999984
1
1
1
0.999998
1
0.999983
1
1.00331
1
1
1
1
1
1
1
1
1
1
1
0.997928
1
1
1
1
1
1
1
1
1
1
0.998572
1
1
1
1
0.999974
1
1
1
1
1
1
1
1
1
1
1
1
1
1
1
0.999998
1
1
0.999993
1
1
1
1
1
1
1
1
1
1
1
1
1
1
1.00005
0.999972
1
1
1
1
1
0.999981
0.999646
1
1
1
1
0.998465
0.999992
1
1
1.00001
1
1
1.00001
1
1
1
0.999773
1.00126
0.999968
0.999956
1
1
1
1
1
1
1.00013
1
1
1
0.999988
1
1
1
1
1
1.00004
1
1
1
1
1
1
0.999987
0.99999
0.999993
1
1
1
1
1
1
1
0.999941
1
1
0.999955
1
1
1
1
1
1
1
0.99979
1
1
1
1.00003
1.00058
1
1
0.999994
1
1
1
1
1
1
1
1
0.999996
1
1
1
1
1
1
1
1
0.999999
1
0.999624
0.999994
1
1
1
1
1
1.00048
1
1
1
1
1.00007
1
1
1.00001
1
1
1
1
1
1
1
1
1
1
1
1
1
1
1
1
1
1
1
1
1
1
1
1
1
1
1
1
1
1
1
1
1
1
1
1
1
1
1
1
1
1
1
1
1.00019
1
0.999343
1
1
1
1
1
1
1
1
1
1
1
1
1
1
1
1
1
1
1
1
1
1
1.00008
1
1
1
1
1
1
1
1
1
1
1
1
1
1
1
1
1
1
1
1
1
1
1
1
1
1
1
1
1
1
1
1
1
1
1
1
1
1
1
1
1
1
1
1
1
1
1
0.999989
1
1
1
1
1
1
1
0.99792
1
0.99993
1
1
1
1
1
1
1
0.99973
1
1
1
1
1
1
1
0.999999
1
1
1
1
1
1
1
1
1
1
1
1
0.999518
1
1
1
1
1
1
1
1
0.999986
1
1
1
1
1
1
1
1
1
1
1
1
1
1
1
1
1
1
1
1
1.00006
1
1
1
1
1
1
1
0.999022
1
1
1.00004
1.00066
1
1
1
0.9963
1
1
1
1
1
1
1.00003
1
1
1
1
1
1
0.999413
0.999999
1
1
0.999874
1
1
1
1
1
1
1
1
1
1
1
1
1
1
0.999994
0.998461
1.00015
1
1
0.999403
1
1
1
1
1
1
1
1
1
1
1
1
1
1
1
1
1
0.999173
1
1
1
1
1
1
1
0.999642
0.999822
1
1
1
0.998674
1
1
1.00008
1
1
1
1
1.00002
1
1
1
1
1
1
1
1
1
1
1
1
1
1.00016
1
1
1
0.999964
1
1
1
1
1
1
1
1
1
0.999962
1
1
1
1
1
1
1
1
1.00014
1
1
1
1
1
1
1.00001
1
1
1
1
1
1
1.00003
1
1
1
1
1
1
1
0.999996
1
0.999233
1
1
1
1
1
1
1
1
0.999968
1.00004
1
1
1
1
1
1
1
1
1
0.99734
1
1
1
1
1
1
1
1
1.00002
1
1
1
0.99984
0.99999
1
1
1
1
1
1.00002
1
1
1
1
1
1
1
0.999976
1
1
1
1
1
1
1
1
1
1
1
1
1
1
1
1
1
1
1
1
0.999999
1.00004
1
1
1
1
0.999895
1
1
0.999998
1
1
1
1
1
0.999891
1
1
1
0.99991
1
1
1
1
1
1
1
1
1
1
1
1
1
1
1
1
1
1
1
1
1
1
1
1
1
1
1
1
1
1
1
1
1
1
1
1
1
1
1
1
1
1
1
1
1
1
1
1
1
1
1.00004
1
1.00006
1
1
0.999949
1
1
1
1
1
1
1
1
1
1
1
1
1
1
1
1
1
1
1
0.999507
1
1
1
1
1
1
1
1.00003
1
1
1
1
1
1
1
1
1
1
1.00013
1
0.999959
1
1.0002
1
1
1
1
1
1
1
1
1
1
1
1
1
1
1
1
1
1
1
1
1
1
1
1
1
1
1
0.999162
1
1
1
1
1
1
1
1
1
1
1
1
1
1
1
1
1
1
1
1
1
1
1
1
1
1
1
1
1
1
1.00001
0.998397
1
1
0.992836
1.00059
1
1
1
1
1
1
1.00001
1
1
1
1
1
1
1
1
1
1
1.00002
1
1
1
1
1
1
1
1
1
1
1
1
1
1
1
1
1.00001
1
1
1
1
1
1
1
1
1
1
1
1
1
1
1
1
1
1
1
1
1
1
1
1
1
1
1
1
1
1
0.999999
1
1
1
1
1
1
1
1
1
1
1
1
1
1
1
1
1
1
1
1
1
1
1
1
1
1
1
1
1
1
1
1
1
1
1
1
1
1
1
1
1
1
1
1
1
1
1
1
1
1
1
1
1
1
0.999919
1
1
1
1
1
1
1
1
1
1
1
1
1
1
1
1
1
1
1
1
1
1
1
1
1
1
1
1
1
1
0.999997
1
1.00002
1
0.99992
1
1
1
1
1
1
1
1
1
1
1
1
1
1
1
1
1
1
1
1
1
1
1
1
1
1
1
1
1
1
1
1
1
1
1
1
1
1
1.00009
1
1
1
1
1
1
1
1
1
1
1
1
1
1
1
1
1
1
1
1.00001
1
1
1
1
1
1
1
1
1
1
1
1
1
1
1
1
1
1
1
1
1
1
1
1
1
1
1
1
1
1
1
1
1
1
1
1
1
1
1
1
1
1
1
1
1
1
1
1
1
1
1
1
1
1
1
1
1
1
1
1
1
1
1
1
1
1
1
1
1
1
1
1
1
1
1
1
1
1
1
1
1
1
1
1
1
1
1
1
1
1
1
1
1
1
1
1
1
1
1
1
1
1
1
1
1
1
1
1
1
1
1
1
1
1
1
1
1
1
1
1
1
1
1
1
1
1
1
1
1
1
1
1
1
1
1
1
1
1
1
1
1
1
1
1
1
1
1
1
1
1
1
1.00003
1
1
1
1
1
1
1
1
1
1
1
1
1
1
1
1
1
1
1
1
1
1
1
1
1
1
1
1
1
1
1
1
1
1
1
1
1
1
1
1
1
1
1
1
1
1
1
1
1
1
1
1
1
0.997398
1
1
1
1
1
1
1
1
1
1
1
1
1
1
1
1
1
1
1
1
1
1
1
0.999973
1
1
1
1
1
1
1
1
1
1
1
1
1
1
1
1
1
1
1
1
1
1
1
1
1
1
1
0.998792
1
1
1
1
1
1.00016
1
1
1
1
1
1
1
1
1
1
1
1
1
1
1
1
1
1
1
1
1
1
1
1
1
1
0.999998
1
1
0.99988
1
1
1
0.999061
1
1
1
1
1
1
1
1
1
1
1
1
1
1
1
1
1
1.00013
1
1
1
1
1
1
1
1
1
1
1
1
0.999999
1
1
1
1
1
1
1
1
1
1
1
1
1
1
1
1
1
1
1
1
1
1.00044
1
1
1
1
1
1
1
1
1
1
1
1
1
1
0.999981
1
1
1
1
1
1
1
1
1
1
1
1
1
1
1
1
1
1
1
1
1
1
1
1
1
1
1
1
1
1
1
1
1
1
1
1
1
1
1
1
1
1
1
1
1
1
1
1
1
1
1
1
1
1
1
1
1
1
0.999938
1
1
1
1
1
1
1
1
0.999908
1
1
1
1
1
1
1
1
1
1
1
1
1
1
1
1
1
1
1
1
1
1
1
1
1
1
1
1
1
1
1
1
1
1
1
1
1.00048
1
1
1
1
1
1
1
1
1
1
1
1
1
1
1
1
1
1
1
1
1
1
1
1
1
1
1
1
1
1
1
1
1
1
1
1
1
1
1
0.994862
1
1
1
1
1
1
1
1
1
0.999909
1
1
1
1
1
1
1
1
1
1
1
0.997735
1
1
1
1
1
1
1
1
1
1
1
1
1
1
1
1
1
1
1
1
1
1
1
1
1
1
1
1
1
1
1
1
1
1
1
1
1
1
1
1
1
1
1
1
1
1
1
1
1
1
1
1
1
1
1
1
1
1
1
1
1
1
1
1
1
0.99951
1
1
1
1
1
1
1
1
1
1
1
1
1
1
1
1
1
1
1
1
1
1.00003
1
1
1
1
1
1
1
1
1
1
1
1
1
1
1
1
1
1
1
1
1
1
1
1
1
1
1
1
1
1
1
1
1
1
1
1
1
1
1
0.99956
1
1
1
1
0.99998
1
1
1
1
1
1
1
1
1
1
1
1
1
1
1
1
1
1
0.999928
1
1
1
1
1
1
1
1
1
1
1
1
1
1
0.999993
1
1
1
1
1
1
1
1
1
1
1
0.999893
1
1
1
1
1
1
1
1
1
1
1
1
0.999982
1
1
1
1
0.999995
1
1
1
1
1.00014
1
1
1
1
1
1
1
1
1
1
1
1
1
1
1
0.999014
1
1
1
1
1
1
1
1.00001
1
1
1
0.999995
1
1
1
1
1
1
1
0.999679
1
1
1.00001
1
1
1
1
0.999996
1
1
1
1
1
1
1
1.00024
1
1
1
1
0.999543
1
1
1
0.999984
1
1
0.999972
1
1
1
1
1
1
1
1
1
1
1
1
1
1
0.99999
1
1
1
1
1
1
1
1
1
1
1
1
1
1
1
1
1
1
1
1
1
1
1
1
1
1
1
1
1
0.999992
1
1
1
0.996956
1
1
1
1
1
1
1
1
1
1
1
1
1
0.999979
1
1
1
1
1
1
1
1
1
1
1
1
0.999994
1
1
1
1
1
1
1
1
1
1
1
1
1
1
1
1
1
1
1
1
1
1
1
1
1
1
1
1
1
1
1
1
1
1
1
0.99996
1
0.999999
1
1
1
1
1
1
1
1
1
1
1
0.99996
1
1
1
1
1
1
1
1
1
1
1
1
1
1
1
1
1
1
1
1
0.999999
1
0.99966
0.996564
1
1
1
1
1
1
1
1
1
1
1
1
1
1
1
1
1
1
1
1
1
1
1
1
1
1
0.999996
1
1.00299
1
1
1
1
1
1
1
1
1
1
0.99995
1
1
1
1
1
1
1
1
1
0.99251
1
1
1
1
1
0.999962
1
1
1
1
1
1
0.999937
1
1
1
1
1
1.00001
1
1
1
1
1
1
1
1
1
1
1
1
1
1
1
1
1
1
1
1
1
1
1
1
1
1
1.00001
1
1
1
1
1
1
1
1
1
1
1
1
1
1
1
0.99986
1
1
1
1
1
1
1
1
1.00006
1
1
1
1
1
1
1
1
1
1
1
1
1.00001
1.00004
1
1
1
1
1
1.00001
1
1
1
0.999997
1
1
1
1
1
1
1
1
1
1
1
1
1
1
1
1
1
1
1
1
1
1
1.00036
1
1
1
1
1
1
1
1
1
1
1
1
1
1
1
1
1
1
1
1
1
1
1
1
1
1
1
1.00001
1.00017
1
1
1
1
1
0.999986
1
1.0001
1
1.00002
1
1
1
1
0.999998
1
1
1
1
1
1
1
1
0.997109
1
1
1
1.00001
1
1
0.999894
1
1
1
1
1
1
1
1
1.00009
1
1
1
1
1
1
1
1
1
1
0.99999
0.999998
1
1
1
1.00064
1
1.00001
1
1
1
1
1
1
1
1
1
1
1
1
1
1
1
1
1
1
1
1
1
1.00069
1
1
1
1
0.982275
1
1
1
1
1
1
1
1
1
1
1.00001
1
1
1
1
1
1
1.00038
1
1
1
1
1.00001
1
1
1
1
1
1
1
1
1
1
1
1
1
1
1
1
1
1
1
1
1
1
1
1
1
1
1
0.999551
1
1
1
1
1
1
1
0.999299
1
1
1
1
1
1
1
1
1
1
1
1
1
1
1
1
1
1
1
1
1
1
1
1
1
1
1
1
1
1
1
0.998654
1
1
1
1
1
1
1
1
1
1
1
1
1.00002
1
1
1
1
1
0.999587
1
1
1
0.999558
1
1
1
1
1
0.993767
1
1.00001
1
1
1
1
1
1
1
1
1
1
1
1
1
1
1
1
1
1
1
1
1
1
1
1
0.997156
1
1
1
1
1
1
1
1
1
1
1
1
1
1
1
1
1
1
1
1
0.998486
1
1
1
1
0.999982
1
1
1
1
1
1
1
1
1
1
1
1
1
1
1
1
1
1
1.00017
1
1
1
1
1
1
1
1
1
1
0.999995
1
1
0.998918
1
1
1
1
1.00003
1.00006
1
1
1
1
1
1
1
1
1
1
0.998902
1
1
1
1
1
0.9981
1
1
1
1
0.996946
1
1
1
1
1
0.992118
1
1
1
1
1
1
1.00001
1
1
1
1
1
1
1
1
1
1
0.995792
0.99999
1
1
1
1
1
1
0.999993
1
1
1
1
1
1
1
1
1
1
1
1
1
1
1
1
1
1
1
1
1
1
1
1
1
1
1
1
1
1
1
1
1
1
1
1
1
1
1.00001
1
1
1
1
1
1.00013
1
1
1
1
1
1
0.99757
1
1
1
1
1
1
1
1
1
1
1
1
1
1
1.00001
1
1
1
1
1
1
1
1.00001
1
1
1
1
1
1
1
1
1
1
1
1
1
1
1
1
0.999971
1.00001
1
1
1
1
1
0.999906
1
1
1
1
1
1.00002
1
1
1
1
1
1
1
1
1
1
1
1
1
1
1
1
1
1
1
1
1
1
1
1
1
1
1
1
1
1
1
1
1
1
1
1
1
1
1
1
1
1
1
1
1
1
1
1
1
1
1
1
1
1
1
1
1
1
1
1
1
1
1
1
1
1
1
1
1
1.00005
1
1
1
1
1
1
1
1
1
1
1
1
1
1
1
1
1
1
1
1
1
1
1
1
1
1
1.00021
1
0.999999
1
1
1
1
1
1
1
1
1
1
1
1
1
1
1
1
1
1
1
1
1
1
1
1
1.00002
1
1
1
1
1
1
1
1
1
1
1
1
1
1
1
1
1
1
1
1
1
1
1
0.999457
1
1
1
1
1
1
0.999458
1
1
0.999998
1
1
1
1
1
1
1
1
1
1
1
1
1
1.00001
1.00026
0.997255
0.999847
1.0006
1
1
1
0.999984
1
0.999992
1
1
1
1
1
1.00002
1
1
1
1
1
1
1
0.999999
1.00001
1
1
1
1
1
1
1
1
1
1
1
1.00001
1
1
1
1.00013
1
1
1
1
1
1
1
1
1
1
1
0.999992
1
1
1
1
1
1
1
1
1
1
1
1
1.00001
1
1
1
1
1
1
1
0.999596
1
1
1.00001
1
1
1
1
1
1
1
1
1
1
1
1
1
1
1
1
1
0.99954
1
1
1.00002
1
1
1
1.00002
0.999994
1
1
1
1
1
1
1
1
1
1
1
1
1
1
1
1
1
1
1
1
1
1
1
1
1
1
1
1
1
1
1
1
1
1
1
1
1
1
1
1
1
1
1
1
1
1
1
1
1
0.999977
1
1
1
1
1
1
1
1
1
1
1
1
1
1
1
1
1
1
1
1
1
1
0.999763
1.00006
1
0.999982
1
1
1
1
1
1
1
1
1
0.999962
1.00067
0.989519
1
1
1
1
1.00001
1
1
1
1.00001
1
0.997898
1
0.99994
1
1
1
1
1
1
1
1
1
1
1
1
1
1
1
1
1
1
1
1
1
1
1
1
1
1
1
1
1
1
1.00001
1
0.999985
1
1
1
1
1
0.99953
1
1
1
1
1
1
0.999985
0.999997
1
1
1
1
1
1
1
1
0.999116
1
1
1
1
1.00001
1
1
1.00053
1
1
1
1
1
1
1
1
1
1
1
1
1
1
0.998906
1
0.998046
1
1
1
0.997979
1
0.999997
1
1
1
1
1
1
1
1
1.00022
1
1
1.00003
1
0.999208
0.999894
1
1.00015
1
1
1
1
1
1
1.00001
0.997997
1
1
1
1
1
1
1
1
1
1
1
1
1
1
1
1
1
1
1
1
1
0.999996
1
1
1
1
0.999975
1
1
1
1
1
1
1
1.00059
1
0.99999
0.999788
1
1
1
1
1
1
1
1
1
1
1
1
0.999999
0.99998
0.997698
1.00013
1
1
1
1.00016
1.00001
0.999994
1
1
1
1
1
1
1
1
1
1
1
1
1
1
1
1
1
1.00001
1
1.00011
1
1
1
1
1
1.00003
1
1
0.999999
1
1
1
1
1
1
1
1
1
1
1
1
1
1
1
1
1
1
1
1
1
1
1
1
1
1
1
1.00002
1
1
1
1
1
1
1
1
1
1
1
1
1
1
1
1
1
1
1
1
1
1
1
1
1
1
1
1
1
1.00001
1
0.999982
1.00015
0.999999
0.999998
1
1
1
1
1
1
1
1
1
1
1.00005
1
1.00001
1
0.999921
1
1
1
1
1.00002
1
1
1
1
1
1
1.00003
1
1
1.00004
1
1
1
1
1
1
1
1
0.999999
1
1
0.99998
1
0.999006
0.999999
1
0.999999
1
0.998034
1
1
1
1
1
1
1.00063
1.00003
0.999994
1
1
0.999999
1
1
1
1
1
1
1
1.00001
1
1
1
1
1
1
1
1
1.00001
1
1
1
1
1
1
0.997096
1
1
1
1
1
1
0.999999
1
1
1.00001
1.00001
1
1
1
1
1
1
1
1.00001
1
1.00001
1
1
1
1
1
1
1.00001
1
1
1
1
1
1
1
1.00001
1
1
1
1.00007
1
1
1
1
1
1
1
1
1
0.999996
1
1
1
1
1
1
1
1
1
1.00003
1
1
1
1
1
1
1.00012
0.998869
1
1
1
1
1
1
1
1
1
1
1
0.999156
1
1
1.00001
1
1
0.999998
1
0.999849
1
0.999999
1
1
1
1
1
1
1
1
1
1
1
1
1.00001
1
1
0.999961
1
0.998088
1
1
1
1
1
1
1
1
1
1
1
1
1
1
1
1
0.993833
1
1
1
1
1
1
1
1
1
1
1
1
1
1
1
1
1
1
1
1
1
1
1
1
1.0002
0.999051
1
1.00051
0.998884
1
0.999968
1
1
1
1
1
1
1
1
1
0.998875
1
1
1
1
1
1
1.00001
1
1
1
1
1
1
1
1
1
1
1
1
1
1
1
1
1
1
1
1
1
0.997823
1
1
1
1
1
1
1
1
1
1
1
1
1
1
1
1
0.999999
1
1
1
1
1
1
1
1
1
1
0.999455
1
1
1
1
0.999998
1.00001
1
1
1
1
1
1
0.996281
1
1
0.999992
1
0.999887
1
1
1
1
1
1
1
1
1
1
1
1
1
1
1
1
1
1.00001
1
1
1
1
1
1
1
1.00001
1
1
1
1
1
1
0.999732
0.998689
0.999995
1
1
1
1
1
1.00011
1
1
1
1
1
1
1
0.999155
1.00001
1
1
1
0.999756
0.996064
1
0.997592
0.999679
1
1
1
1
1
1
1
1
1.00021
1
1
1
0.999982
1
1
0.999996
1
1
1
1
1
1
1
1.00001
1.00002
1
1
1
1
1
1
1
1
1
1
1
1
1
1
0.999768
0.99982
0.999995
1
1
1
1
1
1
1
1
1
1
1
1
1
1
1
1
1
1
1
1
1
1
1
1
1
1
0.997328
1
1
1
0.99657
1
1
1
1
1
1
0.992124
1
1
1
1
1
1
1
1
1
0.99999
0.989385
1
1
1.00001
1
1
1
0.999968
1
1
1
1
1
1
1
1.00002
1
1
1
1
1
1
1
1
1
1
1
1
1.00005
0.999996
1
1
1
1.00003
1
1
1
1
1
1
1
1
1
1
1
1
1
1
1
1
1
1
1
1
1
1
1.00001
1
1
1
1
0.999998
1
1
1
1
1
1
1
1.0003
1
1
1
1
1
0.999993
0.998018
1
1
1
1
1
1
1
1
1
0.999998
1
0.999992
1
1
1
1
1
1
1
0.999848
1
1
1
0.998589
1
0.999999
1.00001
1
1
1.00116
1.00089
1
1
1
1.00008
1
1
1
1
1
0.996527
1
1
1
1
1
1
1
1
1
1
1
0.998346
1
1
1
1
1
1.00004
1
1
1
1
1
1
1
1.00001
1
1
0.999887
1
1
0.999843
1
1
1
1
1
1
1
1
1
1
1
0.999997
1
1
1
1
1
1
1
1
1
1
1
0.999997
1
1
1
1
1
1
1
1
1
1
1
1
1
1.00022
1
1
1
1.00003
1
1
1
1
1
1
1
1
1.00001
0.999997
1
1
1
1
1
1
0.999719
1
1
1
1
1
1
0.999756
1
1
1
1
1
1
1
1
1
1
1
1
1.00002
1
1
1
1
1
1
1
1
1
1
1
1
1
1
1
1
1
1
1
1
1
1
1
1
0.999957
1
1
1
1
1
1
1
1
1
1
1
1
1
1
1
1
1
1
1
0.999604
1
0.999999
1.00001
1
1
1
1
1
1
1
1
1
1
1
1
1
1
1
1
1
1
1
1
1
1
1
1
0.999498
1
1
1
1
1
1
1
1
1
1
1
1
1
1
1
1
1
1
1
1
1
1
0.999999
1
1
1
1
1
1
1
1
1
1
1
1
1
1
1
1
1.00003
1
1
0.999994
1
0.999994
1
1
1
1
1
1
1
1
1
1
1
1
1
0.997512
1
1.00001
1
1
1
1
1
1
1
1
1
1
1
1
1
1
1
1
1
1
1
0.99984
1
1
1
1.00046
1
1
1
1
1
1
1
1
1
1
1
1
1
1
1
1
1
1
1
1
1
1
1.00004
1
1
0.999992
1
1
1.00006
1
1
1
1
1
1
1
1
1.00003
1
1
1
1
1
1
1
1
1.00001
1
1
1.00001
1
1
1
1
1
1
1
1
1
0.999998
1
1
1
1
1
1
1.00001
1
1
1
1
1
1
1
1
1
1
1
1
1
1
0.999263
1
1
1
1
1
1
1
1
1
1
1
1
1
1
1
1
0.996693
1
1.00061
1
1
1
1
1.00003
1
1
1
1
0.999728
0.999991
1
1
1
1
1
1.00004
1
0.999998
1.00088
1
1
1
1
1
1
1
1
1
1
1
1
1
1
1
1
1
1
1
1
1
1
1
1
1
1
1
1
1
1
1
1
0.999976
1.00001
1
1
1
1
1
1.00001
1
1
0.995888
1
1
1
1
1
1
1.00038
1.00001
1
1
1
1
1
1
1
1
1
1
1
1
1
1
1
1
1
0.999999
1.00002
1
1
1
1
1
1
1
1
1
1
1
1
1
1
1
1
1
0.99996
1
1
1
1
1
1
1
0.999541
1
0.999985
1
1
1
1
1.00018
1
0.99995
1
1
1
1
1
1
1
1
0.999971
1
1
1
1
1
1
0.999999
1
1.00001
1
1
0.998053
0.999875
1
1
1
1
1
1
1
1
1
1
1
1
1
1
1
1
1
1
1
0.999984
1.00001
1.00033
0.999699
1
1
1
1
1
1.00003
1
1
1
1
1
1
1
1
1
1.00003
1
0.999997
1.00003
1
1
1
1.00004
1
1
1
1
1.00028
1
1
1
0.99366
1
1
1
0.999999
1
1
1
1
1
1
1
1
1
1
0.999999
1
1
0.999986
1
1
1
1
1
1
0.999992
1
1
1
1
1
1
1
1
1
1
1
1
1
1
1
1
1
1
1
1
1
1
1
1
1
1
1
1
1
1
1
1
1
1
0.999994
1
1
1
1
1
1
1
1
0.998951
1
0.99989
1
1
1
1
1
1
1
1
0.999847
1
0.999845
1.00001
1
0.999768
1
1
1.00001
1
1
1
1
1
1
0.999999
1
1
1
1
1
1
1
1
1
0.999407
1
0.999966
1
1
1
1.00001
1
0.999972
1
1
1
1
1
0.999867
1
1
1
1
1
1
1
1
1
1
1.00002
1
1
1
1
1
1
1.00001
1
1
1
1
1.00001
1
1
1
1
1
1
1
1
1
1
1
1
1
1.00025
1
1
1
1
1
0.999054
1
1
1
1
1
1
1
1
1
1
1
1
1
1
1
1
1
1
1
1
1.00001
1
1
1
1.00003
1
1
1
1
1
1
1
1
1
1
1
1
1
1
0.999991
1.00003
1
0.999999
1
1
1
1
1
1
1
1
1
1
1
1
1
1
1
1
1
1
1
1
1
1
1
1
1
1
1
1
1
0.999997
1
1.00001
1
1
1
1
1
1
1
1
1
0.999994
1
1
1.00004
1
1
1
1
1
1
1
1
0.9997
1
1
1
1
1
1
1
1
1
1
1
1
1
1
1
1
1
1
1
1
1.00022
1
1
1
1
1
1
1
1
1
1
1
1.00003
1
0.999974
1.00001
1
1.00002
1
1
1
1
1
1
1
1
1
1.00001
1
1
1
1
1
1
1
1
1
0.997699
1
1
1
1
1
1
1
1
1
1
1
1
1
1
1
1
1
0.999815
1
1
1.00001
1
1
1
1
1
1
0.999999
1
1
1
1
1
1
1
1
1
1
1
1
1
1
1
1
1
1
1
1
1.00002
1
0.999999
1
1
1
1
1.00002
1.00001
1
1
1
1
1
1.00022
1
1.00009
1
1
1
1
1
1
1.00083
1
1
1
1
1
1
1
1
1
1
1
0.999996
1
1
1
1
1
1
1
1
1
1
1
1
1
1
1
1
1
1.00001
1
1
1
1
0.999965
1
1
1
1
1
1
1
0.999995
1
1
0.993541
1
1.00001
1
1
1
1
1
1
1
1
1
1
1
1
1
1
1
1
1.00091
1.00007
1
1
1
1
1
1
1.00013
0.999998
1
1
0.999996
1
1
1
1
1
1
1
1
0.999995
1
0.999984
1
1
1
1
0.999997
1
0.999841
1
1
1
1
1
1
1
1
1
1
1
1
1
1
0.999999
1
1
0.999504
1
1
1
1
1
1
0.999997
1
1
1
1
1
1
1
1
1
1
1
1
1
1
1
1
1
1
0.999997
0.999999
1
1
1
1
1
1
1
1
1
1
1
1
1
1
1
0.997144
1
0.999976
1
1
1
1
1
1
1
1
1
1
1
1
1
0.999996
1
1
1
1
1
1
1
1.00002
1
1.00001
1
1
1
1
1
1
1
1
1
1
1
1
1
1
1
1
1
0.999941
0.999295
1
1
1.00026
1
1
1.00001
1
1
1
1
1
1
1
1.00012
1
1
1
1
1
1
1
1
1
1
1
1
1
1
1
1
1
1
1
1
1
1
0.999666
1
1
1
1
0.996673
1
1
1
0.990018
1
1
1
1
0.99838
1
1
1
1
1
1
0.999872
1
1
1
1
1
1
1.00013
1
1
1
1
1
1
1
1
1
1
1
1
1
1
1
1
1
1.00002
1
1
1
1
1
1
1
1
1
1
1
1
1
1
1
0.999927
1
1
1
1
1
1
1
1
1
1
1
1
1
1
1
1
1.00001
1
0.999998
1.00015
1
1
1
1
1
1
1
1
1
1
1
1
1
1
1
1
1
1
1.00001
1
1
1
0.999999
0.99693
1
0.998702
1
1
1
1
1.00008
1
1.0004
1
1
1
1
1
1
1
1
1
1
1
1
0.999915
1
1
1
1
1
1
1
1
1
0.999996
1
1
1
1.00001
1
1.00003
1
1
1
1
1
1
1
1
1
0.996667
1
1
1
1
1
1
1
1
1
1
1
1
1
1
0.999821
1
1
1
0.988695
1
1
1
1
1
1
1
1
0.999918
1
1
1
1
1
1
1
1
1
1
1
1
1
1.00002
1
1
1
1
1
1
1
1.00099
1
0.994778
1
1
1.00027
1
1
1
1
1
1.00001
1
1
1
1
1
1
1
1
1.00001
1
1
1
1
1
1
1
0.99993
1
1
1
1
0.999999
1
0.999732
1
1
1
1
1
1
1
1
1
1
1
1
1.00001
0.999998
1
1
1
1
1
1
1
1
1
1
1
1
1
1
1
1
1
1
1
1
1
1
1
0.999999
1
1
1
1
1
1
1
1
1
1
1
1
1
1
1
1
1
1
0.999996
1
1
1
1
1
1
1
1
1
1
0.998123
1
1
1
1
1
0.998352
1
1
1
1.00002
1
1
1
1
1
1
1
1
1
1
1.00001
1
1
0.995239
1
0.999999
1
1
1
1
1
1
1
1
1
1
1
1
1
1.00001
1
1
1
1
1
1
1
1.00002
1
1
0.999219
1
1
1
0.999997
1
1
1
1
1
1
1.00001
1
1.00012
1
0.999992
1
1
1
1.00002
1
0.999928
1
1
1
1
1
1
1
1
1
1
1
1
1
1
1
1
1
1
1
1
1
1
1.00002
1
1
1
0.999964
1
1
1
1
1
1
1
1
1
1
1
1
1
0.999922
1
1
1
1
0.999999
1
1
0.999998
1
1
1
1
1
1
1
1
1
1
0.997758
1
1
1
1
1
1
1
1
1
1
1
0.999999
1
1
1
1
1
1
1
1
1
1
0.999986
1
1
1
0.999777
1
1
1
1
1
0.996149
0.999996
1
1
1
1
1
1
1
1
1.00001
1
1
1
1
1
1
1
1
1
1
1
0.996844
1
1
1
1
1
1
1
1
1
1
1
1
1
1
1
1
1
1
1
1.00001
0.999983
1
1
1
1
1
1
1
1
1
1
1
0.99887
1.00007
1
1
1
1
1
1
1
1
1
1
1
1
1
1
0.999991
0.999998
1
1
1
1
1
1
1
1
1
1
1
1
1
1
1
1
1
1
1
1
1
1
1
1
0.999998
1
1
1
1
1
1
1
1.00036
1
1
1
0.999987
1
1
1
1
1
1
1
1.00001
1
1
1
1
1
1
1
1
1
1
1
1
1
1
1
1
1
0.99998
1
1
1
1
1
1
1
1
1
1
1
1.00169
1
1
1
1
1
1
1
1
1
1
1
1
1
1
1
1
0.999995
1
1
1
1
1
1
1
0.999905
0.999087
1
1
1
1
1
1
1
0.997388
0.999999
1
0.999994
1
1
1
1
1
1
1
1
1
1
1
1
1
1
1
1
1
1
1
1
1
1
1
1
1
1
0.997981
1
1
1
1
1
1
1
1
1
1
1
1
1
1
1
1
1
1
0.999263
1
0.999991
0.999991
1
1.00054
1
1
1
1
1
1
1
1
1
1
1.00025
0.999973
1
1
1
1
1
1
1
1
1
1
1
1
1
1
1
1
1
1
1
0.999984
1
1
1
1
1
1
1
1
1
0.999999
1
1.00003
1
1
1
1
1
1
1
1
1
1
1
1
1
0.999966
1
1
0.990541
1
1
1
1
1
1
1
1
1
1
1
1
1
1
1
1.00036
1
1
0.999998
1
1
1
1
0.999999
1
1
1
1
1
1
1
1
1
1
1
1
1
1.00008
0.999919
1
1
1
1
1
0.999997
1
1
1
1
1
1
1
1
1
1
1
1
1
1
1
1
0.999997
1
1
1
1
1
1
1
1
1
1
1
1
1
1
1
1
1
1
1.00003
1
1
1
1
1
0.997775
1
1
1
0.999186
1
1.00066
1
1
1
1
1
1
1
1
1
1
1
0.999619
1
1
1
1
1
1
1
1
1
1
1
1
1
1
1
1
1
1
1
1
1
1
0.999503
1
0.998743
1
1
1
1
1
1
1
1
0.999999
1
1
1.00004
1
1
0.996982
1
1
1
1
0.999997
1
1
1
1
0.999288
1
1
1
1
1
1
1
1
1
1
1
1
1
1
1
1
1
1
1
1
1
1
1
1
1
0.999979
1
1
1
1
1
1
1
1
1
1
1
1
1
1
1
1
1
1
1
1
1
1
1
1
1
0.999769
0.999999
1
1
1
1
1
1
1
1
1
1
1
1
1
1
1
1
1
1
0.998201
1
1
0.999744
1
1
1
1
1.00001
1
1
1
1
1
1
1
1
1
1
1
1
1
1
1
1
1.00002
1
1
1
1
1
1
1
1
1
1
1
1
1
1
1
1
1
1
1
1
1
0.994152
1
1
1
1
1
1
1
1
1
1
1
1
1
1
1
1
1
1
0.999922
1
1
1
1
1
1
0.99999
1
1
1
1.00002
1
1
1
1
1
1
1
1
1
1
1
1
1
1
1
1
1
1
1
1
1
1
1
1
1
1
1
1
1
1
0.999999
1
1
1
1
1
1.00001
1
1
1
1
1
0.999565
1
0.999981
1
1
1
0.999126
1
1
1
1
1
1
1
1
1
1
1
1
1
1
0.999982
1
1
1
1
1
1
1
1
1
1
1
1
1
1
0.999987
1
1
1
1
1
1
1
1
1
1
1
1
1
1
1
1
1
1
1
1
1
1
1
1
1
1
1
1
1
1
1
1
1
1
1
1
1
1
1
1
1
1
1
1
1.00006
1
1
1
1
1
1
1
1
1
1
1
1
1
1
0.99995
1
0.998142
1
1
1
1
1
0.999575
1
1
1
1
1
1
1
1
1.00004
1
1
1
1
1
1
1
1
1
1.00003
1
0.999999
1
1
0.999999
1
1
1
1
1
1
1
1
0.998987
1
1
1
0.999995
1
1
1
1
1
1
1
0.999998
1
1
1
1
1
1
0.999834
1
1
1
1
1
1
1
1
1
0.999957
1
1.00009
1
1
1
0.997342
1
1
1
1
1
1
1.00001
1
1
1
1
1
1
1
1
1
1
1
1
1
1
1
1
1
1
1
1
1
1
1
0.999999
1
1
1
0.999992
1
1
1
1
1
1
1
1
1
1
0.999994
1
1
0.999998
1
1
1
1
1
1
1
1
1
0.998568
1
1
1
1
1
0.999901
1
1
1
1
1
1
1
1
1
1
1
1
1.00001
0.997597
1
1
1
1
1
1
1
1
1
1
0.997094
0.999986
1
1
1
1
0.999999
1
1
1
1
1
1
1
1
1
0.99941
1
1.00007
1
1
1
1.00082
1
1
1
1
1
1
1
1
1
1
1
1
1
1
0.999997
1
1
0.999985
1
1
0.996909
1
1
1
1
1
1
0.999961
1
1.00029
1
1
0.999949
1
1
0.999999
1
1
1
1.00002
1
1
1
1
1
1
1
1
1
1
1
1
1
1
1
1
1
1
1
1
1
1
1
1
1
1
1
1
1
1
1
1
1
1
1
1
0.999797
1
1
1
1
1
1
1
1
1
0.999937
1
1
1
1
1
1
1
1
1
0.999626
1
1
1
1
1
1
1.00002
1
0.998704
1
1
1
0.999926
1
1
1
1
1
1
1
1
0.996286
1.00011
1
0.999995
1
1
1
1
1
1
1
1
1
1
1
1
1
0.99953
1
1
1
1
1
1
0.999996
1
1
1
1
1
0.999954
1
1
1
1
1
1
1
1
1
1
1
1
1
1
1.00009
1
1
1
1
1.0002
1
1
1
1
0.999998
1
1.00002
1
1
1
1
1
1
1
1
1
1
1
1
1
1
1
1
1
1
1
1
1
1
1
1
1
1
1
0.999991
1
1
1
1
1
1
1
1
1
1
1
1
1
1
1
0.999999
1
1
1
1
0.999984
1
0.999995
1
1
1
0.992538
0.999999
1
1
1
1
1
1
1.00001
1
1
1
1
1
1
1
1
0.995002
1
1
1
1
1
1
1
1
1
1
1
1
1
1
1
1
1
1
1
1
1
1
1
1
1
1
1
1
1
1
1
1
1
1
1
1
1
0.999999
1
1
1
1
1
1
1
1
1
1
1
0.999035
1
1
0.999339
1
1
0.999994
1
1
1
1
1
1.00158
1
1
1
1
1
1
1
1
1
1
1
1
1
1
1
1
1.00001
1
1.00016
1
1
1
1
0.999988
1
1
1
1
1
1
1.00001
1
1
1.00001
1
1
0.999734
1
1
1
1
1
1
1
1
1
1
1
1
1
1
1
1
1
1
1
1
1
1
1
1
1
1
1.00001
1.00007
1
1
1.00001
1
1
1
1
1
1
1
1
1
1
1
0.999897
0.999988
1
1
1
0.999238
1.00002
1
1
1
1
1
1
0.999553
1
1
1
1
1
1
0.999948
1
1
0.999898
1
0.999999
1
1
1
1
0.999999
1.00014
1
1
1
1
1
1
1
0.999999
1
1
1
1
1
1
1
1
1
1
1
1
1
1
1
1
0.999363
1
0.999313
1
1
1
1
1
1
1
0.998807
1
1.00001
1
1
1
1
1
1
1
1
0.998208
1
1
1
1
1
1
1
1
1
1
1
1
1
0.999999
1
1
0.999957
1
1
1
1
1
1
1
1
1
0.999994
1
1
0.998874
1
1
1
1
1
1
1
1
1
1
1
1
1
1
0.999948
0.997575
1
1
1
1
1
1
1
0.999967
1
1
1
1
1
1
1
1
1
1
1
1
1
1
1
1
0.999999
0.999932
1
1
1
1
1
1
1
1
0.999193
1
0.993938
1
1
1
1
1
1
1
1
1
1
1
1
1
1
1
1
1.00001
1
0.999995
1
1.00001
1
0.995199
1
1
1
1
0.999185
1
1.00002
1
1
1
1
1
0.999928
0.997539
1
1
1
1
1
1.00012
1
1
1
1
1
1
1
1
1
1
1
1
1
0.997083
1
1
1
1
1
1
1
1
1
1
1
1
1
1
1
1
1
1
1
1
1
1
1
1
1
1
1
1
1
1
1
1
1
1
1
1
0.999999
0.99853
1
1
1
1
1
1
1
0.998233
1
1
1
1
1
1
1
1
1
1
1
1
0.99999
1
0.999175
1
1
1
1
1
0.999367
1
1
1
1
1
1
1
1
1
1
1
1
1
1
1
1
1
1
1
1
1.00001
1
1
1
1
1
1
1
1
1
1
1
1
1
1
1
1
1
1
1
1
1
1
1
1
1
1
1
1
1
1
1
0.998191
1
1
1
1
0.995833
1
1
1
1
1
1
1
1
1
1
1
1
1
1
1
1
0.999999
1
1
1
1
1
1
1
1
1
1
1.0001
1
0.997399
1
1
1
1.00009
1
1
1
1
1
1
1
1
1
1
1
1
1
0.989145
1
1
1
1
1
1
1
1
1
1
1
1
1
1
1
1
1
1
1
1
0.999999
1
1
1
1
1
1.00012
1
0.999359
1
1
1
1
0.998339
1
1
0.999999
1
1.00015
1.00002
1
1
1
1
1
1
1
1
1
1
1
1
0.999467
1
1
1
1
1
1
1
1
1
1
1
1
1
1
1
1
1
1
1
1
1
1
1
1
1.00073
1
1
1
1
1
1
1
1
1
1
1
1
1
1
1
1
1
1
1
1
1
1
1
1
1
1
1
1
1
1
1
1
1
0.999424
1
1
1
1
1
0.999997
1
1
1
1
1
1
1
1
1.00008
1
1
1
1
1
1
1
1
1
1
1
1
1
0.998298
1
0.99639
1
1
1
1
1
1
1
1
1
1
1
1
1
1
1
1
1
1
1
0.99938
1
1
1
1
1
1
1
1
1
1
1
1
1
1
1
1
1
1
1
1.00001
1
1
1
1
1
1
1
1
1
1
1
1
1
1
1
1
0.996573
0.999198
1
0.999368
0.99909
1
1
1
1
1
1
1
1
1
1
1
1
1
1
0.999997
1
1
1
1.00056
1
1
1
1
1
1
1
1
1
1
1
1
1
1
1
1
1
0.999992
1
1
0.998957
1
1
1
1
1
1
1
1
0.999176
1
1
0.999996
1
1
1
1
1
1
1
0.999996
1
1
1
1
1
1
1
1
0.999998
1
1
1
1
1
1
1
1
1.00059
1
1
1
1
0.999996
1
1
1
0.99819
1
0.998793
1
1
1
1
1
1
1
1
1
1
1
1
1
1
1
1
1
1
1
1
1
1
1
1
1
1
1
1
1
1
1
1
1
1
1
1
1
1
0.985646
1
1
1
1
1
1
1
1
1
1
1
1
0.999999
1
1
1
1
1
1
1
1
1
1
1
1
1
1
1
1
1
1
1
1
1
1
1
1
1
1
1
1
1
1
1
1
1
1
1
1
1
1
1
1
1
1
1
1
1
1
1
1
0.993977
1
1
1
1
1
1
1
1
1
0.999178
1
1
1
1
1
1
0.999999
1
1
1
1
1
1
1
1
1
0.999999
1
1
1
1
1
1
1
1
1
1
1
1
1
1
1
1
1
1
1
0.999995
1
1
1
1
0.99939
1
1
1
1
1
1
1
1
1
1
1
1
1
0.998884
0.999997
1
1
1
1
1
1
1
1
1
1
1
1
1
1
1
1
1
1
1
1
1
1
1
1
1
1
1
1
1
1
1
1
1
1
1
1
1
1
1
1
1
1
1
1
1
1
1
1
1
1
1
1
1
1
1
1
1
1
1
1
1
1
1
1
1.00013
1
1
1
1
1.00048
1
1
1
1
1
1
1
1
1
1
1
1
1
1
1
1
1
1
0.999998
1
1
1
1
1
1
1
1.00034
0.999999
1
1
1
1
1
1
1
1
1
1
1
1
1
1
1
1
1
1
1
1
1.00001
1
1
1
1
0.999994
1
1
1
1
1
1
1
1
1
1
1
1
1
1
1
1
1
1
1
1
1
1
1
1
1
1
0.996954
1
1
1
1.00001
1
1
1
1
1
1
1
1
1
1
1
1
1
1
1
1
1
1
1
1
1
1
1
1
1
1
1
1
1
1
1
1
1
1
1
1
1
0.996568
1
1
1
1
1
1
1
1
1
1
1
0.98825
1
1
1
1
1.00065
1
1
1
1
1
1.00018
1
1
1
1
1.00022
1
1
1
1
1
1
1
1
1
1
1
1
1
1
1
1
1
1
1
1
1
1
1
1
1
0.998984
0.996708
1
0.999967
1
1
0.999997
1
1
1
1.00001
1
1
1
1
1
1
1
0.999999
1
1
1
1
1
1
1
1
1
1
1
1
1
1
1
1
1
1
1.00047
1
1
1
1
1
1
1
1
1.00023
1
1
1
)
;

boundaryField
{
    frontback
    {
        type            empty;
    }
    topbottom
    {
        type            zeroGradient;
    }
    outlet
    {
        type            zeroGradient;
    }
    inlet
    {
        type            fixedValue;
        value           uniform 1;
    }
    walls
    {
        type            zeroGradient;
    }
    procBoundary2to0
    {
        type            processor;
        value           nonuniform List<scalar> 
83
(
1
1
1
1
1
1
1
1
1
1
1
1
1
1
1
1
1
1
1
1
1
1
1
1
1
1
1
1
1
1
1
1
1
1
1
1
1
1
1
1
1
1
1
1
1
1
1
1
1
1
1
1
1
1
1
1
1
1
1
1
1
1
0.999984
1
1
1
1
1
1
1
1
1
1
1
1
1
1
1
1
1
1
1
1
)
;
    }
    procBoundary2to3
    {
        type            processor;
        value           nonuniform List<scalar> 
99
(
1
1
1
1
1
1
1
1
1
0.999278
1
1
1
1
1
1
1
1
1
1
1
1
1
1
1
1
1
1
0.999278
0.993899
1
1
1
0.996043
1
1
1.00069
1
1
1.00028
1
1
1
1
1
1
1
1
1
1
1
1
1
1
1
1
1
1
1
1
1
1
1
0.999963
1
1
1
1
1
1
1
1
1
1
1
1
1
1
1
1
1
1
1
1
1
1
1
1
1
1
1
1
1
1
1
1
1
1
0.999981
)
;
    }
}


// ************************************************************************* //
