/*--------------------------------*- C++ -*----------------------------------*\
| =========                 |                                                 |
| \\      /  F ield         | OpenFOAM: The Open Source CFD Toolbox           |
|  \\    /   O peration     | Version:  v2012                                 |
|   \\  /    A nd           | Website:  www.openfoam.com                      |
|    \\/     M anipulation  |                                                 |
\*---------------------------------------------------------------------------*/
FoamFile
{
    version     2.0;
    format      ascii;
    class       volScalarField;
    location    "100";
    object      gammaInt_0;
}
// * * * * * * * * * * * * * * * * * * * * * * * * * * * * * * * * * * * * * //

dimensions      [0 0 0 0 0 0 0];


internalField   nonuniform List<scalar> 
13917
(
1
1
1
1
1
1
1
1
1
1
1
1
1
1
1
1
1
1
1
1
1
1
1
1
1
1
1
1
1
1
1
1
1
1
1
0.99748
1
1
1
1
1
1
1
1
1
1
1
1
1
1
1
1
1
1
1
1
1
1
1
1
1
1
1
1
1
0.99996
1
1
1
1
1
1
1
1
1
1
1
1
1
1
1
1
1
1
1
1
1
0.998739
1
1
1
1
1
1
0.995744
1
1
1
0.999999
1
1
1
1
1
1
1
1
1
1
1
1
1
1
1
1
1
1
1
1
1
1
1
1
1
1
1
1
1
1
1
1
1
1
1
0.999553
1
1
1
1
1
0.99958
1
1
1
1
1
1
1
1
1
1
1
1
1
1
1
1
0.997039
1
0.99906
1
1
1
1
1
0.999997
1
1
1
1
1
1
1
1
1
1
1
1
1
1
1
1
1
1
1
1
0.999865
1
1
1
1.00168
1
0.999977
1
1
1
1
1
1
1.00124
1
1
1
1
1
0.998394
1
1
1
1
1
1
1
1
1
1
1
1
1
1
1
1
1
1
1
1
1.00005
1
1
0.996905
1
1
1
1
1
1
1
1
1
1
1
1
1
1.00043
1
1
1
1
1
1
1
1
1
1
1
1
1
1
1
1
1
1
1
0.996347
1
1
1
0.999207
1
1
1
1
1
1
1
1
0.999028
1
1
1
1
1
1
1
1
1
1
0.998751
1
1
0.999977
1
1
1
0.999733
1
1
1
1
1
1
1
1
1
1
1
1
1
1
1
1
1
1
1
1
1
1
1
1
1
0.999995
1
1
1
0.998211
1
1
1
1
1
1
1
1
1
1
1
1
1
1
1
1
1
1
1
1
1
1
1
1
1.00053
1
1
1
0.998577
1
1
1
1
1.00018
1
1
1
1
1
1
1
1
1
1
1
0.998227
1
1
1
1
1
1
1
1
1
1
1
1
1
1
1
1
1
1
1
0.999193
1
1.00006
1
1
1
1
1
1
1
1
1
1
1
1
1
1
1
1
1
1
1
1
1.00039
1
1
1
1
0.999986
1
1
1
1
0.999999
1
1
1
1
1
1
1
1
1
1
1
1
0.997704
1
1
1
1
1
1
1
1
1
1
1
1
1
1
0.999833
1
1
1
1
1
1
1
1
0.999956
1
1
1
1
1
1
1
1
1
1
1
1
1
1
0.999999
0.998672
1
1
1
1
1.00002
1
1
1
1
0.999732
1
1
1
1
1
1
1
1
1
1
1
1
1
1.00001
1
1
0.999399
1
1
1
1
1
1
1
1
1
1
1
1
1
1
1
1
1.0001
1
1
1
1
1
0.999988
1
0.999957
1
1
1
1
1
1
1
1
1
1
1
1
0.99859
1
1
1
1
1
1
1
0.999903
0.999998
1
0.996234
1
1
1
1
1
1
0.999764
1
1
1.00007
1
1
1
1
1
1
1
1
1
1
1
0.999997
1
1
1
1
1
1
1
1
1
1
1
1
1
1
1
1
0.999106
1
1
1
1
1
1.00006
1
1
1
1
1
1
1
1
1
1
1
1
1
1
1
1
1.00003
1
1
1
1
1
1
1
0.999999
1
1
1
1
1.00002
1
0.995638
1
1
1
1
1
1
1
1
1
1
1
1
0.999789
1
1
1
1
1
0.997095
1
1
1
1
1
1
1
0.999969
1
1
1
1
1
1
1
1
1
1
0.996937
0.999986
1
1
1
0.999998
1
1
1
1
1
1
1
1
1
1
1
1
1
1
1
1
1
1
1
1
1
1
1
1
1
1
1
1
1
1
1
1
1
1
1
1.00022
1
0.996563
0.999929
1
1
1
1
1
1
1
1
1
1
1
1
1
1
1
1
1
1
1
1
1
1
1
1
1
1
1
1
1
1
1
1
1
1
1
1
1
1
1
1
1
1
1
1
1
1
1
0.999914
1
1
1
1
1
1
1
1
1
1
1
1
1
1
1
1
1
1
1
1
1
1
1
1
1
1
1
0.998808
1
1
1
1
1
1
1
1.00001
1
1
1
1
1
1
1
1
1
1
1
1
1
1
1
1
1
1
0.999002
1
0.999389
1
1
1
1
0.999919
1
0.999996
1
1
1
1
1
1
1
1
1
1
1
1
1
1
1
1
1
1
1
1
1
1
1
1
1
1
1
1
1
1
1
1
0.999994
1
1
1
1
1
1
1
0.999999
1
1
1
1
1
1
1
1
1
1
0.999999
1
1
1
1
1
0.998939
1
1
1
1
1
1
1
1
0.999999
1
1
1
1
1
1
1
1
1
1
1
1
1
1
1
1
1
1
1
1
1
1
1
1
1
1
1
1.00002
1
1
1
1
1
1
1
1
1
1
1
1
1
1
1
1
1
1
1
1
1
1
1
1
1
1
1
1.00068
0.998846
1
0.997596
1
0.999998
1
1
1
1
1
1
1
1
0.997994
1
1
1
1
0.999997
1
1
1
1
1
1
1
1
1
1
1
1
1
1
1
1
1
1
1
1
0.993119
0.999924
1
1
1.00004
1
1
1
1
1
1
1
1
1
1
1
1
1
1
0.999997
1
1
1
1
1
1
0.999999
1
1
1
1
0.995197
1
1
1
1
1
1
1
1
1
1
1
1
1
1
1
1
1
1
1
1
1
1
1
1
1
1
1
1
1
1
1
1
1
1
1
1
1
1
1
1
1
1
1
1
1
0.999959
1
1
1
1
1
1.00025
1
0.993558
1
1
1
1
1
1
1
1
1
1
1
1
1
1
1
1.00007
1
1
1
1
1
1
1
1
1
1
1
1
1
1.00002
1
1
1
1
0.999227
1
1
1
1
1
1
1
1
1
1
1
0.999998
1
1
1
1
1
1.00006
1
1.00001
1
1
1
1
1
1
1
1
1
1
1.00001
1
1
1
1
1
1
0.999365
1
1
1
1
1
1
1
1
1
1
1
1
1
1
1
1
1
1
0.998407
1
0.995897
1
1
1
0.997977
1
1
1
1
1
1
1
1
1
1
1
1
1
1
1
1
0.998925
1
1.00001
1
1
1
1
1
1.00001
1
1.00001
1
1
1
1
1
1
1
1
1
1
1
1
1
1
1
1
1
1
1
1
1.00027
1
1
1
1
1
1
1
1
1
1
0.981606
1
1
1
1
1
1
0.999946
1
1
1
1
1
1
1
1
1
1
1
1.00002
1
1
1
1
1
1
1
1
1
1
1
1
1
1
1
1
1
1
1
1
1
1
1
1
1
1
1
1
1
1
1
1
1
1
1
1
1
1
1
1
1
1
1
1
1
1
1
1
1
1
1
1
1
1
1
1
0.999946
0.999218
0.998823
1
1
1
1
1
1
1
1
1
1
1
1
1
1
1
1
1
1
1
1
1
1
1
1
1
1
1
1
1
1
1
1
1
1
1
1
1
1
1
1
1
1.00084
1
1
1
1
1
1
1
1
1
1
1
1
1
1
1
1
1
1
1
0.999912
1
1
1
1
1
1
1
1
1
1
1
1
1
1
1
1
1
1
1
1
1
1
1
1
1
1
1
1
1
1
1
1
1
1
1
1
1
1
1
1
1
1
1
1
1
0.999993
1
1
0.997104
1
1
1
1
1
0.999999
1
1
1
1
1.00071
1
1
1.00029
1
1
1
1
1
1
0.99914
1
1
1
1
1
1
1
1
1
1
1
0.999988
1
1
1
1
1.00002
1
1
1
1
1
1
0.999999
1
1
0.998172
1
1
1
1
1
1
1
1
1
1
1
1
1
1
1
1
0.999953
1
1
1
1
1
1
0.999394
1
1
0.996881
1.00002
1
1
1
1
1
1
1
1
1
1
1
0.997698
0.999214
1
1
1
1
1
1
0.997952
0.99894
1
1
1
1
1
1
1
1
1
1
1
1
1
1
1
1
1
1
1
1
1
1
1
1
0.999989
1
1
1
1
1
1
1
1
1
1
1
1
1
1
0.998616
1
1
1
0.999946
1
1
1
1.0007
1.00022
1
1
1
1
1
1
1
1
1
1
1
1
0.999999
1
1
1
1
1
1
1
1
1
1
1
1
1
1
1
1
1
1
1
0.999999
1
1
1
1
0.999743
1
1
1
1
1
1
1
1
1
1
1
1
1
1
1.00145
1
1
1
1
1
1
1
1
1
0.999997
1
1
1
1
1
1
1
1
1
1
1
1
1
0.996709
1
1
1
1
1
1
1
1
1
1
1
1
0.99999
0.999054
1
1
1
1
1
1
1
1
1
1
1.00037
1
1
1
1
1
1
1.00081
1
1
1
1
1
1
1
1
1
1
1
1
1
1
1
1
1
1
1
1.00002
1
1
1
1
1
1
1
1
1
1
1
1
1
1
1
1
1
1
1
1
1
1
1
1
1
1
1
1.00001
1.00001
1
1
1
0.999972
1
1
0.999999
1
0.999862
1
1.00001
1
1
1
1
1
1
1
1
1
1
1
1
1
1
1
1.00001
1
1
1
1
1
1
1
1
1
1
1
1
1
1
1
1
1
1
1
1
1
1
1
0.998913
0.999985
0.997227
1
1
1
1
1
1
1
1
1
1
1
1
1
1
1
1
1
1
1
1
1.00004
0.99949
0.999932
1
1
1.00001
1
1
1
1
1
1
1
1
1
1
1
1
1
1
1
1
1
1
0.999999
1
1
1
1
1
1
1
1
1
1
1
1
1
1
1
1
1
1
1
1
1
1
0.999107
0.997236
1
1
0.999983
1
1
1
1
1
1
1
1
1
1
1
1
1
1
1
1
1
1
1
1
1
1
1.00064
1
1
1
0.999217
1
1
1
1
1
1
1
0.999802
1
1
1.00006
1
1
1
1
1
1
1
1
1
1
1
1
1
1
1
1
1
1
1
1
1
1
0.999994
1
1
1
0.998041
1
1
1
1
1
1
1
1
1
1
1
1
1
1
1
1
1
1
1
1
1
1
1
1
1
1
1
1
1
1
1
1
1
1
1
1
1
1
1
1
1
1
1
1
1
1
1
1
1
1
1
1
1
1
1
1
1
1
0.999999
1
1
1
1
1
1
1.00016
1
1
1
1
1
1
1
1
1
1
1
1
1
1
1
1
1
1
1
1
1
1
1
1
1
1
1
1
1
1
1
1.00001
1
0.999975
0.999761
1
1
1
0.997827
1
1
1
1
1
0.998101
1
1
1
1
1
0.999807
1
1
1
1
1
1
1
1
1
1
1
1
1
1
1
1
1
1
1
1
1.00003
1
1
0.999479
1
1
1
1
1
1
1
1
1
1
1
1
1
0.999524
1
1
1
1
1
1
1
1
1.00028
1
1
1
1
1
1
1.00011
1
1
1
1
1
1
1
1
1
1
1
1
1.00006
1
1
1
1
1
1
1.00003
1
1.00001
1.00208
1
1
1
1
1
1
1
1
1
1
1
1
1
1.00002
1
1
1
1
1
1
1
1
1
1
1
1
1.00013
1
1
1
1
1
1
1
1
1
1
1
1
0.999999
0.998152
1
1
1
0.99911
1
1
1
1
1
1
0.999889
1
1
1
1
1
0.999959
1
1
1
1
1
1
1
1
1
1
1
1
1
1
1
1
1
1
1
1
1
0.999999
1
1
1
1
1
1
1
1
0.999806
1
1
1
1
1
1
1
1
1
1
1
1
1
1
1
1
1
1
1
1
1
1
1
1
1
1
1
1
1
1
1
1
1
0.999865
1
1
1
1
1
1
1
1
1
1
1
1
1
1
1.00102
1
1
1
1
1
1
1
1
1
1
1
0.995009
1
1
0.999426
1
1
1
1
1
1
1
1
1
1.00001
1
1
1
1
1
1
1
1
1
1
1
1
1
1
1
1
1
1
1
1
1
0.999978
0.999932
1
1
1
1.00119
1
1
1
1
1
1
1
1
1
1
1
1
0.999932
1
1
1
1
1
1
1
1
1
1
1
1
0.999998
1
1
0.999874
1
1
1
1
1
1
1
0.997434
1
1
1
1
1
1
1
1
1
1
0.995927
1
1
1
1
1
1
1
1
1
1
1
1
1
1
1
1
1
1
1
1
1
1
1
1.00001
1
0.999976
1
0.999999
1
0.99887
1
1.00006
0.99999
1
1
1
1
1
1
1
0.999876
1
0.999637
1
1
1
1
1
1
1
1
1
1
1
0.999663
1
1
1
1
0.98706
1
1
0.999681
1
1
1
1
1
1
1
1
1
1
1
1
1
1
1
1
1
1
1
1
1
1.00049
0.999582
1
1
1
1
1
1
1
1
1
1
1
1
1
1
1
1
1
1
1
1
1
1
1
1
1
1
1
1
1
1
1
1
1
1
1
1
1
1
1
0.999481
1
1.00008
1
1
1
0.997903
1
1
1
1
1
1.00012
1
1
1
1
1
1
1
1
1
1
1
0.999999
1
1.00001
1
1
1
1
1
1
1
1.00001
1
1
1
1
1
1
1
1
1
1
0.999069
1
1
1
1
1
1
1
1
1
1
1
1
1
1.00094
1
1
1
1
1
1
1
1
1
1
1
1
1
1
0.995319
1
1
1
1
1
1
1
1
1
1
1
1
1
1
1
1
1
1
1
1
1
1
1
1
1
1
1
1.00026
1
1
0.999595
1
1
1
1.00256
1
1
1
1.00006
1
1
1
0.999452
1
1
1
1
0.999985
0.999825
1
1
1
1
1
1
1
1
1
1
1
1
1
1
1
1
1
1
1
1
1
1
1
1
1
1
1
1
1
1
1
1
1
1
0.999998
1
1
1
1
1
1
1
1
1
1
1
1
1
1
1
1
0.998801
1
1
1
1
1
1
1
1
1
1
1
1
1
1
1
1
1
1
1
1
1
1
1.00132
1
1
1
0.998119
1
1
1
1
1
1
0.99953
1
1
1
1
1
1.00021
1
0.995799
0.999998
1
1
1
1
1
0.99998
1
1
1
1
1
1
1
1
1
1
1
1
1
1
1
1
1
1
1
1
1
1
0.999986
1
1
1
1
1
1
1
1
1
1
1
1
1
1
1
1
1
1
1.0005
1
1
1
1
1
1
1
1
1
1
1
1
0.999202
1
1
1
1
1
1
1
1
1
1
1
1
1
1
1.00117
1
0.999919
1
1
1
0.999999
1
1
1
1
1
1
1
1
1
1
1
1
1.00001
1
1
1
1
1
1
1
1
1
1
1
1
1.00002
1
1
1
1
1
1
1
1.00001
1.0005
1
1
1
1
1
1
1
1
1
1
1
1
1
1
1
1
1
1
1
1
1
1
1
1
1
1
1
1
1
1
1
1
1
1
1
1
1
1
1
1
1
1
0.99932
1
1
1
1
1
1
1
1
1
1
0.999105
1
1
1
1
1
1
1
1
1
1
1
1
1
1
1
0.997844
1
1
1
1
1
1
1
0.99685
1
1
1
1
0.989581
1
1
1.00077
1
1
1
1
1
1
1
1
1
1
1
1
0.999834
1
1
1
1
1
1
1
1
1
1
1
1
1
1
1
1
1
1
1
1
1
1
1
1
0.999999
1
1
1
1
1
1
1
0.99995
1
1
1
1
1
1
1
1
1
1
1
1
1
1
1
1
1
1
1
1
1
1
0.99986
1
1
1
1
1
1
1
1
1
1
1
1
1
1
1
1
1
0.999991
1.00083
1
1
0.999949
1
1
1
1
1
1
1
1
1
1
1
1.00165
1
0.999997
1
1
1
1.00002
1
1
1
1
1
1
1
1
1
1
1
1
0.998163
1
1
1
1
1.00089
1
1
1
1
1
1
1
1
1
1
1
1
1
1
1
1
1
1
1
1
1
1
1
1
1
1
1
1
1
1
1
1
1
1
1
1
1
1
1
1
1
1
1
1
0.999965
1
1.00004
1
1
1
1
1
1
1
1
1
1
1
1
1
1
1
1
1
1
0.99903
1
1
1
1
1
1
1
1
1
1
1
1
1
1
1
1
1
1
1
1
1
1
1
1
1
1
1
1
1
1
1
1
1
1
1
1
1
1
1
1
1
1
1
1
1
1
1
1
0.999906
1
1
0.999999
1
1
1
1
1
1
1
1
1
1
1
1
1
0.987953
1
1
1
1
1
1
1
1
1
1
1
1
1
1
1
1
1
1
1
1
1
1
1
1
1
1
1
1.00001
1
1
0.997545
1
1
1
1
1
0.9993
1
1
1
1
1
1
1
1
1
1
0.999612
1.00002
1
1
0.99989
1
0.999989
1
1
1
0.989464
1
1
1
1
1
1.00007
1
1
1
1.0013
1
1
1
1
1
1
1
1
1
1
1.00004
1
1
1
1
1
1
1
1
1
1
1
1.00017
0.999962
1
1
1
1
1
0.999901
1
1
1
1
1
1
1
1
1
1
1
1
1
1
1
1
1
1.00055
1
1
1
0.999998
1
1
1
1
0.99998
1
1.00002
1
1
1
1
1
1
1
1
1
1
1
1
1
1
1
1
1
1
1
1
1.00081
1
1
1
1
1
1
0.998725
1
1
1
1
1
1
1
1
1
1
1
1
1
1
0.999552
1
1
1
1
1
1
1
1
1
1
1
1
1
1
1
1
1
1
1
1
1
1
1.00009
1
1
1
1
1
1
1
1
1
1
1
1
1
1
1
1
1
0.995219
1
1
1
1
1
1.00062
1
1
0.999999
1
1
1
1
1
1
1
1
1
1
1
1
1
1
1
1
1
1
1
1
1
1
1
1
1
1
1
1.00122
1
1
1
1
1
1
1
1
1
1
1
1
0.999996
1
1
1
1
1
1
1
1
1
1
1
1
1
1
1
1
1
0.999813
1
1
0.999984
1
1
1
1
1
1
1
1
1
1
1
1
1
1
1
1
1
1
1
1
1
1
0.997923
1.00001
1
1.00043
1.00003
1
1
1
1
1
1
1
1
1
1
1
1
1
1
1
1
1
1
1
1
1
1
1
1
1
1
1
1
1
1
1
1
1
1
0.999656
1
1
1
1
1
1
1
1
1.00057
1
1
1
1
1
1
1
1
1
1
1
1
1
1
1
1
1
1
1
1
1
1
1
1
1
1
1
1
1
1
1
1
1
1
1
1
1.00006
0.99995
1
1
1
1
1
1
0.998647
0.999978
1
1
1
1
1
1
1
1
1
1
1
1
1
0.999987
1
1
1
0.999933
1
1
1
1.00008
1
0.999999
0.99788
1
1
1
1.00036
1
1
1
1
1
1
1
1
1
1
1
1
1
1
1
1
1
1
1
1
0.999996
1
1
1
1
1
1
0.999897
1
1
1
1
1
1
1
0.999996
1
1
1.00055
1
1
0.999383
1
1
1
1
1
1
1
1
1.00002
1
1
1
1
0.999999
1
1
1
1
1.00079
1
1
1
1
1
1
1
1
1
1
1
1
1
1
1
1
1
1
1
1
1
1
1
1.00076
1
1
1
1
1
1
1
1
1
1
1
1
1
1.00012
1
1
1
1
0.999938
1
1
1
0.999613
1
1
1
1
1
1
0.999985
1
1
1
1
1
1
1
1
1
1
1
1
1
1
1
1
1
1
1
1
1
1
1
0.996497
1
1
1
1
0.999999
1
1
1.00016
1
1
1.00006
1
1
1
1
1
1
1
1
1
1
1
1
1
1
1
1
1.00029
1
1
1
1
1
1
1
1
1
1
1
1
1
1
1
1
1
1
1
1
1
1
1.00007
1
1
1
1
1
1
1
1
1
1
1.00088
1
1
1
1
1
1
1.00011
1
1
1
1
0.999967
1
1
1
1
1
1
1
1
1
1
1.0001
1
1
1
1
1
1
1
1
1
0.999982
1
1
1
1
1
1
1
1
1
1
1
1
1
1
1
1
0.999974
1
1
1
1
0.999946
1
1
1
1
1
1
1
1
1
0.999979
1
1
0.999943
1
1
1
0.999814
1
1
1
1
1
1
1
1
1
1
1
1
1
1
1
1
1
1
1
1
1
1
1
1
1
1
0.998296
1
1
1
1
1
1
1
1
1
1
1
1
1
1
1
1
1
1
1
1
1
1
1
1
0.99981
1
1
1
1
1
1
1
1
1
1.00074
1
1
1
1
1
1
1
1
1
1
1
1
1
1
1
1
1.00076
1
1
1
1
1
1
1
1
1
1
1
1
1
1
1
1
1
1
1
1
1
1
1
1
1
1
1
1
1
1
1
1
1
1
1
1
1
1
1
1
0.999997
1
1
1
1.00005
1
1
1
1
1
1
1
1
1
1
1
1
1
1
1
1
1
1
1
1
1
1
1
1
1
1
1
1
1
1
1
1
1
1
1
1
1
1
1
1
1
1
1.0001
1
1
1
1
1
1
1
1
1
1
1
1
1
1
1
1
1
1
1
1
1
1
1
1
1
1
1
1
1
1
1
1
1
1
1
1
1
1
1
1
1
1
1
1
1.00009
1
1
1
1
1
1
1
1
1
1
1
1
1
1
1
1
1
1
1
1
1
1
1
1
1
1
1
1
1
1
1
1.00003
1
1
1
1
1
1
1
1
1
0.999996
1
1
1.00001
1
1
1.00001
1
1
1
1
1
1
1
1
1
1
1
1
1
1
1
1
1
1
0.999911
1
1
1
1
1
1
0.997022
1
1
1
1
1
1
1
1
1
1
1
1
1
1
1
1
1
1
1
1
1
1
1
1
1
1
1
1
1
1
1
1
1
1
1
1
1
1
1
1
1
1
1
1
1
1
1
1
1
1
1
1
1
1
1
1
1
1
1
1
1
1
1
1
1
1
1
1
1
1
1
1
1
1
1
1
1
1
1
1
1
1
1
1
1
1
1
1
1
1
1
1
1
1
1
1
1
0.996835
1
1
1
1
1
1
1
0.999852
1
1
1
1
1
1
1
1
1
1
1
1
1
1
1
1
1
1
1
1
1
1
1
1
1
1
1
1
0.999984
1
1
1
1
1
1
1
1
1
1
1
1
1.00002
1
1
1
1
1
1
1
1
1
1
1
1.00015
1
1
1
1
1
1
1
1
1
1
1
1.00008
1
1
1
1
1
1
1
1
1
1
1
1
1
1
1
1
1
1
1
1
1
1
1
0.999977
1
1
1
1
1
1
1
1
1
1
1
1
1
0.999985
1
0.999999
1
1
1
1
1
1
1
1
1
1
1
1
1
1
1
0.999924
1.00075
1
1
1
1
1
1
1
1
1
1
1
1
1
1
1
1
0.999998
1
1.00001
1
1
1
1
1
1
1
1
1
1
1
1
1
0.999939
1
1
0.999875
1
1
1
1
1
1
1
1
1
1.00006
1
1
1
1
1
1.00005
1
1
1
1.00002
1
1
1
1
1
1
1
1
1
1
1
1
1
1
1
1
1
1
1
1
1
1
1
1
1
1
1
1
1
1
1
1.00049
1
0.999372
1
1
1
1.00015
1
1
1
1
1
1
1
1
1
1
1
1
1
1
1
1.00017
1
1
1
1
1
1
0.999276
1
1
1
1
1
0.999818
1
1
1
0.999975
1
1
1
1
1
1
1
1
0.997428
0.999972
1
1
1
1
0.999998
1
1
1
1
1
1
1
1
1.00033
1
1
1
1
1
1
1
1
1
1
1
1
1
1.00085
1
1
1.00041
1
1
1
1
1
1
1
1
1
1
1
1
1
1
1
1
1
1
1
1
1
1
1
1
0.999998
1
1
1
1
1
1
1
1
1
1
1
1
1
1
1
1
1
1
1
1
1
1
1
1
1.00001
1
1
1
1
1
1
1
1
1.00007
1
1
1
1
0.999588
1
1
1
1
0.999999
1
1
1
1
1
1
1
1
1
1
1
1
1
1
1
1
1
1
1
1
0.999685
1
1
1
1
1
1
1
1
1
1
1
1
1
1
1
1
1
1.0007
1
1
1
1
1
1
1
1
1
1
1
1
1
1
1
1
1
1
1
1
1
1
1
1
1
1
1.00003
1
1
1
1
1
1
1
1
1
1
1
1
1
1
1
1
1
1
1
1
1
1
1
1
1
1
1
1
1
1
1
1
1
1
1
1
1
1
1
0.999998
1
1
1
1
1
1
0.999999
1
1
1
1
1
1
1
1
1
1
1
1
1
1
1
1
1
1
1
1
1.00002
1
1
1
1
1
1
1
1
1
1
1
0.999995
1
1
1
1
1
1
1
1
1
1
1
1
1
1
1
1
1
1
1
1
1
1
1
1
1
1
1
1
1
1
1
1
1
1
1
1
1
1
1.00005
1
0.999559
1
1
1
1
1
1
1
1
1.00008
1
1
1
1
1
0.999927
1
1
1
1
1
1
0.999999
1
1
1
1
1
1.00004
1
1
1
1
1
1
1
1
1
1
1
1
1
1
1
1
1
1
1
1
1
1
1
1
1
1
1
1
1
1
1
1
1
1
1
1
1
1
1
1
1
1
1
1
1
1
1
0.996853
1
1
1
1
1
1
1
1
1
1
1
1
1
1
0.99787
1
1
1
1
1
1
1
1
1
1
1
1
1
1
1
1
1
1
1
1
1
1
1
1
1
1
1
1
0.999953
1
1
1
0.999829
1
1
1
1
1
1
0.999976
1
1
1
1
1
1
1
1
0.999999
1.00016
1
1
1
1
1
1
1
1
1
0.999999
1
0.999997
1
1
1
1
1
1
1
1
0.999876
1
1
1
1
1
1
1.00054
1
1
1
1
1
1
1
1
1
1
1
1
1
1
1
1
1
1
1
1
1
1
1
1
1
1
1
1
1
1
1
1
1
0.999564
1
1
0.999998
1
1
1
1
1
1
1
1
1
1
1
1
0.999998
1
1
0.999992
0.996126
1
1
1
1
1
1
1
1
1
1
1
1
1
1
1
1
1
0.999996
0.999999
1
1
1
1
1
1
1
1
1
1
1
1
0.996753
1
1
0.999991
1
1
1
1
1
1
1
1
0.999998
1
1
1
1
1
1
1
1
1
1
1
1
1
1.00001
1
1
1
1
1
1
1
1.00018
1
1
1
0.999579
1
1
1
1
1
1
1
1
1
1
1
1
1
1.00001
1
1
1
1
1
1
1
1
1
1
1
1
1
1
1
1
1
1
1
1
1
1
1
1
1
1
1
1
1
1
1
1
1
1
0.998055
1
1
1
1
1
1
1
1
1
1
1
1
1
1
1
1
1
1
1
1
1
1
1
1.00018
1
1
1
1
1
1
1
1
1
1
1
1
1
1
1
1
1
1
1
1
1
1
0.999999
1
1
1
1
1
1
1
1
1
1
1
1
1
1
1
0.997893
1
1
1
1
1
1
1
1
1
1
1
1
1
1
1
1
1
1
1
1
1
1
1
1.00002
1
1
1
1
1
1
1
1
1
1
1
1
1
1
1
1
1
1
1
1
1
1
1
1
1
1
1
1
1
1
1
1
0.999999
1
1
1
1
1
1
1
1
1.00001
1
1
1
1
1
1
1
1
1
1
1
1
1
1
1
1
1
1
1
1
1
1
1
1
1
1
1
1
1
1
1
1
1
1
1
1
0.999999
1
1
1
1
1
1
1
1
1
1
1
1
1
1
1
1
1
1
1
1
1.00001
1
1
1
1
1
1
0.999992
1.00001
1
0.999618
1
1
1
1
1
1
1
1
1
1
1
1
1
1
1
1
1
1
1
1
1
1
1
1
1
1
1
1.00001
1
1
1
1
1
1
1
1
1
1
1
1
1
1
1
1
1
1
1
1
1
1
1
1
1
1
1
1
1
1
1
1
1
1
1
1
1
1
1
1
1
1
1
1
1
0.999993
1
1
1
1
1
1
1
1
1
1
1
1
1
1
1
1
1
1
1
1
1
1
1
1
1
1
1
1
1
1
1
1
1
1
1
1
1
0.99728
1
1
1
1
1
1
1
1
1
1
1
1
1
1
1
0.999997
1
1
1
1
1
1
1
1
1
1
1
1
1
1
1
1
1.00001
1
1
1
1.00001
1
1
1
1
1
1
1
1
1
1
1
1
1
1
1
1
1
1
1
1
1
1
1
1
1
1
1
1
1
1
1
1
1
1
1
1
1
1
1
1
0.999989
1
1
1
1
1
1
1
1
1
1
1
1
1
1
1
1
1
1.00001
1
1
1
1
1
1
1
1
1
0.999956
1
1
1
1
1
1
1
1
1
0.999216
1
1
1
1
1
1
1
1
1
1
1
1
1
1
1
1
1
1
1
1
1
1
1
0.999999
1
1
1
1
1
1
1
1
1
1
1
1
1
1
1
1
1
1
1
0.999739
1
1
1
1
1
1
1
1
1
1
1
1
1
1
1
1
1
1
0.997385
1
1
1
1
1
1
1
1
1
1.00001
1
1
1
1
1
1
1
1
1
1
1
1
1
1
0.999351
1
1
1
1
1
1
1
1
1
1
1
1
1
1
1
1
1
1
1
1
1
1
1
1
1
1
1
1
1
1
1
1
0.999908
1
1
1
1
1
1
1
1
1
1
1
1
1
1
1
1
1
0.999992
1
1
1
1
1
1
1
1
1
1
1
1
1
1
1
1
1
1
1
1
1
1
0.996698
1
1
1
1
1
0.999998
1
1
0.999794
1
1
1
1
1
1
1
1
1
1
1
1
1
1
1
1
1
1
1.00011
1
1
1
0.999939
1
1
1
1
1
1
1
1
0.999104
1
1
1
1
1
1
1.00033
1
1
1
1
1
1
1
1
1
0.999995
1
1
1
1
1
1
0.999992
1
1
1
1
1
1
1
1
1
1
1
1
1
1
1
1
1
1
1
1
1
1
1
1
1
1
1
1
1
1
1
1
1
1
1
1
1
1
1
1
1
1
1
1
1
1
1
1
1
0.999987
1
1
1
1
1
0.99889
1
1
1
1
1
1
1
1
1
1
1
1
1
1
1
1
1
1
1
1
1
1
1
1
1
1
1
1
1
1
1
1
1
1
1
1
1
1
1
1
1
1
1
1
1
1
1
1
1
1
1
1
1
1
1
1
1
1
1
1
1
0.999954
1
1
1
1
0.999989
1
1
1
1
1
1
1
1.00071
1
1
1
1
1
1
1
1
1
1
1
1
1
1
1
1
1
1
1
1.00034
1
1.00068
0.987828
1
1
1
1
1
1
1
1
1.00002
1
1
1
1
1
1
1
1
0.999764
1
1
1
0.999924
1
1.00002
1
0.96963
1
1
1
1
1
1
1
1
1
1
1
0.999747
1
1
1
1
1
1
1
1
1
1
0.999256
1
1
1
1
1.00001
1
1
1
1
1
1
1
1
1
1
1
1
1
1
1
1
1
1
0.999996
1
1
1
1
1
1
1
1
1
1.00001
1
1
1
1
0.999984
0.999995
1
1
1
1
1
1
0.99963
1
1
1
1
1.00025
1.00012
1
1
0.999983
1
1
0.999985
1
1
1
1.00005
0.999572
0.999994
1.00077
1
1
1
1
1
1
1.00001
1
1
1
0.99971
1
1
1
1
1
0.999952
1
1
1
1
1
1
1.00038
0.99962
0.999678
1
1
1
1
1
1
1
1.00054
1
1
0.99991
1
1
1
1
1
1
1
0.99788
1
1
1
1.00023
1.00012
1
1
1
1
1
1
1
0.999994
1
1
1
1
1
1
1
1
1
1
1
1
0.999789
0.999964
1.0001
1
1
1
1
1
1
0.999489
1
1
1
1
1.00044
1
1
1.00003
1
1
1
1
1
1
1
1
1
1
1
1
1
1
1
1
1
1
1
1
1
1
1
1
1
1
1
1
1
1
1
1
1
1
1
1
1
1
1
1
1
1
1
1
1.00009
1
0.998409
1
1
1
1
1
1
1
1
1
1
1
1
1
1
1
1
1
1
1.00009
1
1
1
1.00009
1
1
1
1
1
1
1
1
1
1
1
1
1
1
1
1
1
1
1
1
1
1
1
1
1
1
1
1
1
1
1
1
1
1
1
1
1
1
1
1
1
1
0.999868
1
1
1
1
1.00082
1
1
1
1
1
1
1
0.999837
1
0.999655
1
1
1
1
1
1
1
1.0001
1
1
0.999998
1
1
1
1
1
1
1
1
1
1
1
1
1
1
1
1
1
1.00014
1
1
1
1
1
1
1
1
1.00082
1
1
1
1
1
1
1
1
1
1
1
1
1
1
1
1
1
1
1
1
1.00001
1
1
1
1
1
1
1
0.99781
1
1
0.995713
0.997097
1
1
1
0.999893
1
1
1
1
1
1
1
1
1
1
1
1
1
0.999912
1
1
1
0.999662
1
1
1
1
1
1
1
1
1
1
1
1
1
1
0.999994
0.995057
1.00001
1
1
0.999345
1
1
1
1
1
1
1
1
1
1
1
1
1
1
1
1
1
1.00004
1
1
1
1
1
0.999999
1
0.995759
0.999276
1
1
1
0.999963
1
1
1.00015
1
1
1
1
0.999964
1
1
1
1
1
1
1
1
1
1
1
1
1
1.00009
1
1
1
0.999984
1
1
1
0.999999
1
1
1
1
1
0.999967
1
1
1
1
1.00001
1
1
1
1.00014
1
1
1
1
1
1
1
1
1
1
1
1
1
1
1
1
1
1
1
1
1
1
1
1.00021
1
1
1
1
1
1
1.00002
1
0.999484
0.999994
1
1
1
1
1
1
1
1
1
0.99996
1
1
1
1
1
1
1
1
1
1
1
1
1.00001
0.999997
1
1
1
1
1
1
0.999999
1
1
1
1
1
1
0.999948
1
1
1
1
1
1
1
1
1
1
1
1
1
1
1
1
1
1
1
1
1.00005
1.00075
1
1
1
1
1.00001
1
1
0.999983
1
1
1
1
1
0.999984
1
0.999999
1
1
1
1
1
1
1
1
1
1
1
1.00001
1
1
1
1
1
1
1
1
1
1
1
0.999999
1
1
1
1
1
1
1
1
1
1
1
1
1
1
1
1
1
1
1
1
1
1
1
1
1
1
1
1
1.00001
1
1
1
1
0.999995
1
1
1
1
1.00001
1
1
1
1
1
1
1
1
1
1
1
1
1
1
0.999461
1
1
1
1
0.999999
1
1
1
1
1
1
1
1
1
1
1
1
1
0.999959
1
0.999989
1
0.999972
1
1
1
1
1
1
1
1
1
1
1
1
1
1
1
1
1
1
1
1
1
1
1
1
1
1
1
0.997821
1
1
1
1
1
1
1
1
1
1
1
1
1
1
1
1
1
1
1
1
1
1
1
1
1
1
1
1
1
1
1
1.00007
1
1
0.998665
1.00005
1
1
1
1
0.999998
1
1
1
1
1
1
1
1
1
1
1
1
1
1
1
1
1
1
1
1
1
1
1
1
1
1
1
1
1
1
1
1
1
1
1
1
1
1
1
1
1
1
1
1
1
1
1
1
1
1
1
1
1
1
1
1
1
1
1
1
1
1
1
1
1
1
1
1
1
1
1
1
1
1
1
1
1
1
1
1
1
1
1
1
1
1
1
1
1
1
1
1
1
1
1
1
1
1
1
1
1
1
1
1
1
1
1
1
1
1
1
1
1
1
1
0.999993
1
1
1
1
1
1
1
1
1
1
1
1
1
1
1
1
1
1
1
1
1
1
1
1
1
1
1
1
1
1
1.00001
1
1.00002
1
0.999959
1
1
1
1
1
1
1
1
1
1
1
1
1
1
1
1
1
1
1
1
1
1
1
1
1
1
1
1
1
1
1
1
1
1
1
1
1
1
1.00023
1
1
1
1
1
1
1
1
1
1
1
1
1
1
1
1
1
1
1
1
1
1
1
1
1
1
1
1
1
1
1
1
1
1
1
1
1
1
1
1
1
1
1
1
1
1
1
1
1
1
1
1
1
1
1
1
1
1
1
1
1
1
1
1
1
1
1
1
1
1
1
1
1
1
1
1
1
1
1
1
1
1
1
1
1
1
1
1
1
1
1
1
1
1
1
1
1
1
1
1
1
1
1
1
1
1
1
1
1
1
1
1
1
1
1
1
1
1
1
1
1
1
1
1
1
1
1
1
1
1
1
1
1
1
1
1
1
1
1
1
1
1
1
1
1
1
1
1
1
1
1
1
1
1
1
1
1
1
1
1
1
1
1
1
1
1
1
1
1
1
1
1
1
1
1
1
1
1
1
1
1
1
1
1
1
1
1
1
1
1
1
1
1
1
1
1
1
1
1
1
1
1
1
1
1
1
1
1
1
1
1
1
1
1
1
1
1
1
1
1
1
1
1
1
1
0.99924
1
1
1
1
1
1
1
1
1
1
1
1
1
1
1
1
1
1
1
1
1
1
1
0.998636
1
1
1
1
1
1
1
1
1
1
1
1
1
1
1
1
1
1
1
1
1
1
1
1
1
1
1
0.999558
1
1
1.00004
1
1
0.999968
1
1
1
1
1
1
1
0.999998
1
1
1
1
1
1
1
1
1
1
1
1
1
1
1
1
1
1
0.99997
1
1
1.0002
1
1
1
1.00086
1
1
1
1
1
1
1
1
1
1
1
1
1
1
1
1
1
1.00099
1
1
1
1
1
1
1
1
1
1
1
1
1
1
1
1
1
1
1
1
1
1
1
1
1
1
1
1
1
1
1
1
1
1
1.00007
1
1
1
1
1
1
1
1
1
1
1
1
1
1
0.999732
1
1
1
1
1
1
1
1
1
1
1
1
1
1
1
1
1
1
1
1
1
1
1
1
1
1
1
1
1
1
1
1
1
1
1
1
1
1
1
1
1
1
1
1
1.00004
1
1
1
1
1
1
1
1
1
1
1
1
1
1.00019
1
1
1
1
1
1
1
1
1.00067
1
1
1
1
1
1
1
1
1
1
1.00002
1
1
1
1
1
1
1
1
1
1
1
1
1
1
1
1
1
1
1
1
1
1
1
1
1
0.998703
1
1
1
1
1
1
1
1
1
1
1
1
1
1
1
1
1
1
1
1
1
1
1
1
1
1
1
1
1
1
1
1
1
1
1
1
1
1
1
0.997451
1
1
1
1
1
1
1
1
1
0.992406
1
1
1
1
1
1
1
1
1
1
1
0.997583
1
1
1
1
1
1
1
1
1
1
1
1
1
1
1
1
1
1
1
1
1
1.00001
1
1
1
1
1
1
1
1
1
1
1
1
1
1
1
1
1
1
1
1
1
1
1
1
1
1
1
1
1
1
1
1
1
1
1
1
1
1
1
1
1
1
1
1.00008
1
1
1
1
1
1
1
1
1
1
1
1
1
1
1
1
1
1
1
1
1
1.00004
1
1
1
1
1
1
1
1
1
1
1
1
1
1
1
1
1
1
1
1
1
1
1
1
1
1
1
1
1
1
1
1
1
1
1
1
1
1
1
1.00033
1
1
1
1
1.00001
1
1
1
1
1
1
1
1
1
1
1
1
1
1
1
1
1
1
1.00049
1
1
1
1
1
1
1
1
1
1
1
1
1
1
0.999986
1
1
1
1
1
1
1
1
1
1
1
1
1
1
1
1
1
1
1
1
1
1
1
1
0.999998
1
1
1
1
1
1
1
1
1
0.999897
1
1
1.00002
1
1
1
1
1
1
1
1
1
1
1
1
0.99495
1
1
1
1
1
1
1
1.00001
1
1
1
1
1
1
1
1
1
1
1
0.999083
1
1
1.00001
1
1
1
1
1
1
1
1
1
1
1
1
1
1
1
1
1
0.999949
1
1
1
0.999989
1
1
0.999989
1
1
1
1
1
1
1
1
1
1
1
1
1
1
0.999674
1
1
1
1
1
1
1
1
1
1
1
1
1
1
1
1
1
1
1
1
1
1
1
1
1
1
1
1
1
0.999589
1
1
1
0.997955
1
1
1
1
1
1
1
1
1
1
1
1
1
1.00001
1
1
1
1
1
1
1
1
1
1
1
1
0.999592
1
1
1
1
1
1
1
1
1
1
1
1
1
1
1
1
1
1
1
1
1
1
1
1
1
1
1
1
1
1
1
1
1
1
1
0.999979
1
0.999736
1
1
1
1
1
1
1
1
1
1
1
1.00068
1
1
1
1
1
1
1
1
1
1
1
1
1
1
1
1
1
1
1
1
0.999999
1
0.996105
0.999584
1
1
1
1
1
1
1
1
1
1
1
1
1
1
1
1
1
1
1
1
1
1
1
1
1
1
0.999999
1
1.00012
1
1
1
1
1
1
1
1
1
1
1.00054
1
1
1
1
1
1
1
1
1
0.992716
1
1
1
1
1
1.00037
1
1
1
1
1
1
0.999995
1
1
1
1.00002
1
1.00024
1
1
1
1
1
1
1
1
1
1
1
1
1
1
1
1
1
1
1
1
1
1
1
1
1
1
1
1.00007
1
1
1
1
1
1
1
1
1
1
1
1
1
1
1.00001
1
1
1
1
1
1
1
1
1.00013
1
1
1
1
1
1
1
1
1
1
1
1
1.00001
1.00007
1
1
1
1
1
1.00012
1
1
1
1
1
1
1
1
1
1
1
1
1
1
1
1
1
1.00001
1
1
1
1
1
1
1
1
0.992066
1
1
1
1
1
1
1
1
1
1
1
1
1
1
1
1
1
1
1
1
1
1
1
1
1
1
1
0.999992
1.00011
1
0.999999
1
1
1
0.99998
1
0.999041
1
0.999966
1
1
1
1
1
1
1
1
1
1
1
1
1
0.995163
1
1
1
0.999999
1
1
1
1
1
1
1
1
1
1
1
0.999947
1
1
1
1
1
1
1
0.999999
1
1
1
1
1
1
1
1.00015
1
1.00001
1
1
1
1
1
1
1
1
1
1
1
1
1
1
1
1
1
1
1
1
1
0.999953
1
1
1
1
0.98181
1.00001
1
1
1
1
1
1
1
1
1
1
1
1
1
1
1
1
0.998322
1
1
1
1
1
1.00001
1
1
0.999998
1
1
1
1
1
1
1
1
1
1
1
1
1
1
1
1
1
1
1
1
1
1
1
1.00006
1
1
1
1
1
1
1
1.00063
1
1
1
1
1
1
1
1
1
1
1
1
1
1
1
1
1
1
1
1
1
1
1
1
1
1
1
1
1
1
1
1.00037
1
1
1
1
1
1
1
1
1
1
1
1
1
1
1
1
1
1
0.995149
1
1
1
0.999501
1
1
1
1
1
0.998238
1
1.00001
1
1
1
1
1
1
1
1
1
1
1
1
1
1
1
1
1
1
1
1
1
1
1
1
0.9933
1
1
1
1
1
1
1
1
1
1
1
1
1
1
1
1
1
1
1
1
0.999557
1
1
1
1
1
1
1
1
1
1
1
1
1
1
1
1
1
1
1
1
1
1
1
0.999874
1
1
1
1
1
1
1
1
1
1
1.00006
1
1
0.999999
1
1
1
1
0.999707
1.00119
1
1
1
1
1
1
1
1
1
1
0.998466
1
1
1
1
1
0.999714
1
0.999547
1
1
0.999666
1
1
1
1
1
0.998394
1
1
1
1
1
1
1.00005
1
1
1
1
1
1
1
1
1
1
0.998693
1.00001
1
1
1
1
1
1
0.999958
1
1.00001
1
1
1
1
1
1
1
1
1
1
1
1
1
1
1
1
1
1
1
1
1
1
1
1
1
1
0.999998
1
1
1
1
1
1
1
0.999999
1
1
1
1
1
1
1
1.00002
1
1
1
1
1
1
1.00002
1
1
1
1
1
1
1
1
1
1
1
1
1
1
0.99995
1
1
1
1
1
1
1
1
1
1
1
1
1
1
1
1
1
1
1
1
1
1
1
1
0.999999
1
1
1
1
1
1
0.999512
1
1
1
1
1
0.99995
1
1
1.00002
1
1
1
1
1
1
1
1
1
1
1
1
1
1
1
1
1
1
1
1
1
1
1
1
1
1
1
1
1
1
1
1
1
1
1
1
1
1
1
1
1
1
1
1
1
1
1
1
1
1
1
1
1
1
1
1
1
1
1
1
1
1
1
1
1
1
0.999846
1
1
1
1
1
1
1
1
1
1
1
1
1
1
1
1
1
1
1
1
1
1
1
1
1
1
1.00001
1
1
1
1
1
1
1
1
1
1
1
1
1
1
1
1
1
1
1
1
1
1
1
1
1
1
0.999769
1
1
1
1
1
1
1
1
1
1
1
1
1
1
1
1
1
1
1
1
1
1
1
1.00002
1
1
1
1
1
1
0.997538
1
1
1
1.00001
1
1
1
1
1
1
1
1
1
1
1
1
1
1.00136
0.999173
1.00001
1.00002
1
1
1
1
1
1.00003
1
1
1
1
1
0.999999
1
1
1
1
1
1
1
0.999999
1
1
1
1
1
1
1
1
1
1
1
1
1
1
1
1.00002
0.999807
1
1
1
1
1
1
1
1
1
1
1
0.999998
1
1
1
1
1
1
1
1
1
1
1
1
1
1
1
1
1
1
1
1
0.999968
1
1
0.999999
1
1
1
1
1
1
1
1
1
1
1
1
1
1
1
1
1
0.999899
1
1
1.00005
1
1
1
1
0.999992
1
1
1
1
1
1
1
1
1
1
1
1
1
1
1
1
1
1
1
1
1
1
1
1
1
1
1
1
1
1
1
1
1
1
1
1
1
1
1
1
1
1
1
1
1
1
1
1
1
0.999914
1
1
1
1
1
1
1
1
1
1
1
1
1
1
1
1
1
1
1
1
1
1
0.999082
1.00003
1
0.999766
1
1
1
1
1
1
1
1
1
1.00001
0.991372
0.999353
1
1
1
1
1
1
1
1
1
1
0.99984
1
0.999632
1
1
1
1
1
1
1
1
1
1
1
1
1
1
1
1
1
1
1
1
1
1
1
1
1
1
1
1
1
1
1
1
1.00003
1
1
1
1
1
1
1
1
1
1
1
1
0.999164
1
1
1
1
1
1
1
1
1
0.995877
1
1
1
1
1.00004
1
1
1
1
1
1
1
1
1
1
1
1
1
1
1
1
1
0.998819
1
0.995281
1
1
1
0.999856
1
0.999988
1
1
1
1
1
1
1
1
0.999423
1
1
0.999885
1
0.998844
1.00094
1
1.00003
1
1
1
1
1
1
0.999995
0.99804
1
1
1
1
1
1
1
1
1
1
1
1
1
1
1
1
1
1
1
1
1
1
1
1
1
1
0.999982
1
1
1
1
1
1
1
0.999431
1
1.00001
1.00001
1
1
1
1
1
1
1
1
1
1
1
1
1
0.999998
0.999149
1.00001
1
1
1
1.00003
0.999987
1
1
1
1
1
1
1
1
1
1
1
1
1
1
1
1
1
1
1
1
1.00041
1
1
1
1
1
1.00003
1
1
1
1
1
1
1
1
1
1
1
1
1
1
1
1
1
1
1
1
1
1
1
1
1
1
1
1
1
1
1
1
1
1
1
1
1
1
1
1
1
1
1
1
0.999998
1
1
1
1
1
1
1
1
1
1
1
1
1
1
1
1.00002
0.999937
0.999995
0.999923
1
1
1
1
1
1
1
1
1
1
1
1
0.999979
1
1.00003
1
1.00001
1
1
1
1
0.999954
1
1
1
1
1
1
1.00006
1
1
0.999999
1
1
1
1
1
1
1
1
0.999969
1
1
0.999999
1
0.999993
1
1
1
1
0.999711
1
1
1
1
1
1
1.00012
1.00004
0.999998
1
1
1
1
1
1
1
1
1
1
0.999817
1
1
1
1
1
1
1
1
1
1
1
1
1
1
1
0.998792
1
1
1
1
1
1
1
1
1
1
1
1
1
1
1
1.00001
1
1
1.00003
1
0.999828
1
1
1
1
1
1
1
1
1
1
1
1
1
1
1.00015
1
1
1
1
1
1
1
1
1
1
1
1
1
1.00001
1
1
1
1
1
1
1
1
1
0.999529
1
1
1
1
1
1
1.00021
0.992458
1
1
1
1
1
1
1
1
1
1
1
0.997666
1
1
1.00001
1
1
1.00007
1
1.00122
1
0.999994
1
1
1
1
1
1
1
1
1
1
1
1
0.999785
1
1
1
1
0.996753
1
1
1
1
1
1
1
1
1
1
1
1
1
1
1
1
0.998522
1
1
1
1
1
1
1
1
1
1
1
1
1
1
1
1
1
1
1
1
1
1
1
1
0.998709
1.00004
1
1.00003
1
1
0.999969
1.00004
1
1
1
1
1
1
1
1
0.992463
1
1
1
1
1
1
0.999984
1
1
1
1
1
1
1
1
1
1
1
1
1
1
1
1
1
1
1
1
1
0.994565
1
1
1
1
1
1
1
1
1
1
1
1
1
1
1
1
1
1.00002
1
1
1
1
1
1
1
1
1
0.997829
1
1
1
1
1
1
1
1
1
1
1
1
0.995812
1
1
1.00037
1
1.0001
1
1
1
1
1
1
1
1
1
1
1
1
1
1
1
1
1
1.00028
1
1
1
1
1
1
1
1.00007
1
1
1
1
1
1
1.00116
0.999129
0.999985
1
1
1
1
1
0.99954
1
1
1
1
1
1
1
0.999815
1
1
1
1
0.999768
0.995964
1
0.998961
1.00004
1
1
1
1
1.00001
1
1
1
1.00021
1
1
1
0.999983
1
1
1
1
1
1
1
1
1
1
1.00001
0.999774
1
1
1
1
1
1
1
1
1
1
1
1
1
1
1.00006
1.00001
1.00001
1
1
1
1
1
1
1
1
1
1
1
1
1
1
1
1
1
1
1
1
1
1
1
1
1
0.999999
0.997716
1
1
1
0.989651
1
1
1
1
1
1
0.999944
1
1
1
1
1
1
1
0.999859
1
1
1.00004
1
1
0.999995
1
1
1
0.999766
1
1
1
1
1
1
1
1.00125
0.999998
1
1
1
1
1
1
1
1
1
1
1
0.999997
0.999973
1
1
1
1.00001
1
1
1
1
1
1
1
1
1
1
1
1
1
1
1
1
1
1
1
1
1
1
0.999912
1
1
1
1
0.999948
1
1
1
1
1
1
1
0.998172
1
1
1
1
1
1
1.00007
1
1
1
1
1
1
1
1
1
1
1.00008
0.999996
1
1
1
1
1
1
1
1.00001
1
1
1
0.999551
1
0.99998
1.00003
1
1
1.00032
1.00051
1
1
1
0.999998
1
1
1
1
1
0.99972
1
1
1
1
1
1
1
1
1
1
1
0.995439
1
1
1
1
1
0.999999
1
1
1
1
1
1
1
1
1
1
1.00108
1
1
1
1
1
1
1
1
1
1
1
1
1
1
1
1
1
1
1
1
0.999994
1.00011
1
1
1
1
1.00005
1
1
0.999973
1
1
1
1
1
1
1
1
1
1
1.00003
1
1
1
0.999672
1
1
1
1
1.00001
1
1
1
1
0.999999
1
1
1
1
1
1
1.00021
1
1
1
1
1
1
1.00001
1
1
1
1
1
1
1
1
1
1
1
1
0.99979
1
1
1
1
1
1
1
1
1
1
1
1
1
1
1
1.00002
1
1
1
1
1
1
1
1
1.00013
1
1.00001
1
1
1
1
1
1
1
1
1
1
1
1
1
1
1
1
1
0.999548
1
1
1
1
1
1
1
1
1
1
1
1
1
1
1
1
1
1
1
1
1
1
1
1
1
1
1
0.999815
1
1
1
1
1
1
1
1
1.00001
1
1
1.00005
1
1
1
1
1
1
1
1
1
1
1
1
1.00003
1
1
1
1
1
1
1
1
1
1
1
1
1
1
1
1
1
1
1
0.99993
1
1
1
1
1
1
1
1
1
1
1
1
1
0.994541
1
1
1
1
1
1
1
1
1
1
1
1
1
1
1
1
1
1
1
1
1
0.999997
1
1
1
0.993788
1
1
1
1
1
1
1
1
1
1
1
1
1
1
1
1
1
1
1
1
1
1
1
1
1
0.999999
1
1
0.999922
1
1
1
1
1
1
1
1
1.00002
1
1
1
1
1
1
1
1
1.00001
1
1
0.999998
1
1
1
1
1
1
1
1
1
1
1
1
1
1
1
1
1
1
1
1
1
1
1
1
1
1
1
1
1
1
1
0.99406
1
1
1
1
1
1
1
1
1
1
1
1
1
1
1
1
0.996109
1
0.999945
1
1
1
1
0.999997
1
1
1
1
0.999074
0.999969
1
1.00001
1
1
1
1
1
1
1.00009
1
1
1
1
1
1
1
1
1
0.999843
1
1
1
1
1
1
1
1
1
1
1
1
1
1
1
1
1
1
1.00001
1
1
1
1.00024
1
1
1
1
1
1
0.999414
1
1
0.999384
1
1
1
1
1
1
0.999303
0.999917
1
1
1
1
1
1
1
1
1
1
1
1
1
1
1
1
1
1
1
1
1
1
1
1
1
1
1
1
1
1
1
1
1
1
1
1
0.999926
1
1
1
1
1
1
1
0.999961
1
1.00001
1
1
1
1
1.00005
1
0.99969
1
1
1
1
1
1
1
1
0.999808
1
1
1
0.999956
1
1
0.999999
1
0.999903
1
1
0.995358
0.999965
1
1
1
1
1
1
1
1
1
1
1
1
1
1
1
1
1
1
1
0.999385
1.00012
1.00032
1.00001
1
1
1
1
1
0.998958
1
1
1
1
1
1
1
1
1
1.00009
1
1.00002
1.00004
1
1
1
0.999999
1
1
1
1
1.00003
1
1
1
0.997534
1
1
1
1
1
1
1
1
1
1
1
1
1
1
1
1
1
0.999985
1
1
1
1
1
1
0.999995
1
1
1
1
1
1
1
1
1
1
1
1
1
1
1
1
1
1
1
1
1
1
1
1
1
1
1
1
1
1
1
1
1
1
0.999796
1
1
1
1
1
1
1
1
0.994071
1
1
1
1
1
1
1
1
1
1
0.999357
1
0.993477
0.999999
1
0.998622
1
1
1.00001
1
1
1
1
1
1
0.999933
1
1
1
1
1
1
1.00001
1
1
0.999914
1
0.999822
1
1
0.999999
1
1
1.00007
1
1
0.999998
1.00001
1
0.999973
1
1
1
1
1
1
1
1
1
1
0.998929
1
1
1
1
1
1
1.00001
1
1.00001
1
1
1.00015
1
1
1
1
1
1
1
1
1
1
1
1
1
1.00008
1
1
1
1
1
0.999889
1
1
1
1
1
1
1
1
1
1
1
1
1
1
1
1
1
1
1
1
1.00001
1
1
1
1
1
1
1
1
1
1
1
1
1
1
1
1
1
1
1
1.00001
1
0.999882
1
1
1
1
1
1
1
1
1
1
1
1
1
1
1
1
1
1
1
1
1
1
1
1
1
1
1
1
1
1
1
1.00001
1
1
1
1
1
1
1
1
1
1
1
1
0.999999
1
1
1
1
1
1.00001
1
1
0.995445
1
1
1
1
1
1
1
1
1
1
1
1
1.00002
1
1
1
1
1
1
1
0.999889
1
1
1
1
1
1
1
1
1
1
1
1
1
1.00002
1
1
1
1
1
1
1
1
1
1
1
1
1
1
1
1
1
1
1
1
1
1
0.997144
1
1
1
1
1
1
1
1
1
1
1
1
1
1
1
1
1
1
1
1
1.00001
1.00001
1
1
1
1
1
1
1
1
1
1
1
1
1
1
1
1
1
1
1
1
1
1
1
1
1
1
1
1
1
1
1
1
1
0.999995
1
1
1
1
1
1
0.999731
1
1
1
1
1
1
1
1
1.0001
1
1
1.00001
1
1
1
1
1
1
1
1
0.999994
1
1
1
1
1
1
1
1
1
1
1
1
1
1
1
1
1
1
1
1
1
1
0.999861
1
0.999997
1
1
1
1
1
0.999973
1
1
1.00016
1
1
1
1
1
1
1
1
1
1
1
1
1
1
1
1
1
1
1.00002
0.999862
1
1
1
1
1
1
1.00002
1
1
1
1.00001
1
1
1
1
1
1
1
1
1
1
0.999691
1
1
1
1
1
1
1.00001
1
1
1
1
1
1
1
1
1
1
1
1
1
1
0.999865
1
1
0.99872
1
1
1
1
1
1
1
1
1
1
1
1
1
1
1
1
1
1
1
1
1
1
1
1
1
1.00059
1
1
1
1
1
1
1
1
1
1
1
1
1
1
1
1
0.992852
1
0.999999
1
1
1
1
1
1
1
1
1
1
1
1
1.00002
0.999996
1
1
1
1
1
1
1
1
1
1
1
1
1
1
1
1
1
1
0.999994
1
1
1
1
1
1
1
1
0.999889
0.997203
1
1
0.999849
1
1
1.00013
1.00003
1
1
1
1
1
1
1.00022
1
1
1
1
1
1
1
1
1
1
1.00007
1
1
1
1.00008
1
1
1
1
1
1
1
0.999994
1
1
1
1
0.999842
1
1
1
0.99983
1
1
1
1
0.999919
1
1
1
1
1
1
0.999979
1
1
1
1
1
1
1.0006
1
1.00006
1
1
1
1
1
1
1
1
1
1
1
1
1
1
1
1
1
1
1
1
1
1
1
1
1
1
1
1
1
1
1
1.0006
1
1
1
1
1
1
1
1
1
1
1
1
1
1
1
1
1
1
1.00001
1.00019
1
1
1
0.999999
1
1
1.00001
1
1
1
1
1
1
1
1
1
1
1
1
1
1
1
1
0.999634
1
0.999738
1
1
1
1
1.00002
1
1.00006
1
1
1
1
1
1
1
1
1
1
1
1
1.00001
1
1
1
1
1
1
1
1
1
0.999611
1
1
1
1
1
0.99998
1
1
1
1
1
1
1
1
1
0.997439
0.999894
1
1
1
1
0.999999
1
1
1
1
1
1
1
1
1
1
1
1
0.998178
1
1
1
1
1
1
1
1
0.999989
1
1
1
1
1
1
1
1
1
1
1
1
1
0.999922
1
1
1
1
1
1
1
0.999239
1
0.998272
1
1
1.00005
1
1
1
1
1
1
1
1
1
1
1
1
1
1
0.999986
1
1
1
1
1
1
1
0.999983
1
1
1
1
1
1
0.995685
1
1
1
1
1
1
1
1
1
1
1
1
1
1
1
1
1
1
1
1
1
1
1
1
1
1
1
1
1
1
1
1
1
1
1
1
1
1
1
1
1
1
1
1
1
1
1
1
1
1
1
0.999988
1.00002
1
1
1
0.999999
1
1
1
1
1
1
1
1
1
1
0.999313
1
1
1
1
1
0.999712
1
1
1
1
1
1
1
1
1
1
1
1
1
1
0.999884
1
1
0.999998
1
1
1
1
1
1
1
1
1
1
1
1
1
1
1
0.999894
1
1
1
1
1
1
1
1
1
1
1.00074
1
1
1
0.999999
1
1
1
1
1
1
0.999944
1
0.999889
1
0.999992
1
1
1
1.00034
1
1
1
1
0.999999
1
1
1
1
1
1
1
1
1
1
1
1
1
1
1
1
1
1
1
1
1
1
1
0.999898
1
1
1
1
1
1
1
0.999998
1
1
0.999995
1
1
1.0006
1
1
1
1
1
1
1
1.00004
1
1
1
1
1
1
1
1
1
1
0.994952
1
1
1
1
1
1
1
1
1
1
1
0.999999
1
1
1
1
1
1
0.999847
1
1
1
1
1
1
1
0.997633
1
1
1
1
1
0.999824
0.999953
1
1
1
1
1
1
1
1
0.999995
1
1
1
1
1
1.00001
1
1
1
1
1
0.995118
1
1
1
1
1
1
1
1
1
1
1
1
1
1
1
1
1
1
1
1.00001
0.999521
1
1
1
1
1
1
1
1
1
1
1
0.99499
1.00004
1
1
1
1
1
1
1
1
1
1
1
1
1
1
0.999972
1
1
1
1
1
1
1
1
1
1
1
1
1
1
1
1
1
1
1
1
1
1
1.00001
1
1
0.999999
1
1
1
1
1
1
0.999999
1.00008
1
1
1
0.999902
1
1
1
1
1
1
1
0.999999
1
1
1
1
1
1
1
1
1
1
1
1
1
1
1
1
1
0.999894
1
1
1
1
1
1
1
1
1
1
1
1.00092
1
1
1
1
1
1
1
1
1
1
1
1
1
1
1
1
1
1
1
1
1
1
1
1
1.0013
0.995563
1
1
1
1
1
1
1
0.999344
1
1
0.999996
1
1
1
1.00003
1
1
1
1
1
1
1
1
1
1
1
1
1
1
1
1
1
1
1
1
1
1
0.99977
1
1
1
1
1
1
1
1
1
1
1
1
1
1
1
1
1
1
0.999954
1
0.999972
0.999996
1
1.00005
1
1
1
1
1
1
1
1
1
1
0.993718
1.00001
1
1
1
1
1
1
1
1
1
1
1
1
1
1
1
1
1
1
1
0.999999
1
1
1
1
1
1
1
1
1
0.999999
1
0.999998
1
1
1
1
1
1
1
1
1
1
1
1
1
1.00047
1
1
1.00001
1
1
1
1
1
1
1
1
1
1
0.999999
1
1
1
1
0.999732
1
1
1.00001
1
1
1
1
1
1
1
1
1
1
1
1
1
1
1
1
1
1
0.999997
1.0003
1
1
1
1
1
1.00003
1
1
1
1
1
1
1
1
1
1
1
1
1
1
1
1
0.999889
1
1
1
1
1
0.999999
1
1
1
1
1
1
1
1
1
1
1
1
1
1
1
1
1
1
0.995753
1
1
1
0.999859
1
1.00016
1
1
1.00001
1
1
1
1
1
1
1
1
0.98911
1
1
1
1
1
1
1
1
1
1
1
1
1
1
1
1
1
1
1
1
1
1
0.999553
1
0.998923
1
1
1
1
1.00003
1
1
1
0.999999
1
1
0.999991
1
1
0.998313
0.999997
1
1
1
1
1
1
1
1
1
1
1
1
0.999993
1
1
1
1
1
0.999999
1
1
1.00002
1
1
1
1
1
1
1
1
1
1
1
1
0.999757
1
1
1
1
1
1
1
1
1
1
1
1
1
1
1
1
1
1
1
1
1
1
1
1
1
0.998484
1
1
1
1
1
1
1
1
1
1
1
1
1
1
1
1
1
1
1
0.989507
1
1
0.999945
1
1
1
1
1.00001
1
1
1
1
1
1
1
1
1
1
1
1
1
1
1
1
0.999944
1
1
1
1
1
1
1
1
1
1
1
1
1
1
1
1
1
1
1
1
1
0.999949
1
1
1
1
1
1
1
1
1
1
1
1
1
1
1
1
1
1
0.999969
1
1
1
1
1
1
0.999999
1
1
1
1.00004
1
1
1
1
1
1
1
1
1
1
1
1
1
1
1
1
1
1
1
1
1
1
1
1
1
1
1
1
1
1
1
1
1
1
1
1
0.999996
1
1
1
1
1
0.995429
1
0.999995
1
1
1
0.994123
1
1
1
1
1
1
1
1
1
1
1
1
1
1
0.999995
1
1
1
1
1
1
1
1
1
1
1
1
1
1
0.999997
1
1
1
1
1
1
1
1
1
1
1
1
1
1
1
1
1
1.00003
1
1
1
1
1
1
1
1
1
1
1
1
1
1
1
1
1
1
1
1
1
1
1
1
1
1
1.0001
1
1
1
1
1
1
1
1
1
1
1
1
1
1
0.999938
1
0.999721
1
1
1
1
1
0.992365
1
1
1
0.999979
1
1
1
1
1.00003
1
1
1
1
1
1
1
1
1
1
1
1
1
1
1
1
1
1
1
1
1
1
1
0.997054
1
0.999999
1
1
1
1
1
1
1
1
1
0.999996
1
1
1
1
1
1
0.997887
1
1
1
1
1
1
1
1
0.999994
0.999855
1
1.00045
1
1
1
0.998926
1
1
1
1
1
1
1.00001
1
1
1
1
1
1
1
1
1
1
1
1
1
1
1
1
1
1
1
1
1
1
1
1.00002
1
1
1
0.999999
0.999992
1
1
1
1
1
1
1
1
1
1.00001
1
1
1.00001
1
1
1
1.00008
1
1
1
1
1
0.998995
1
1
1
1
1
0.999053
1
1
1
1
1
1
1
1
1
1
1
1
1.00007
0.999588
1
1
1
1
1
1
1
1
1
1
0.99683
0.999914
1
1
1
1
1
1
1
1
1
1
1
1
1
1
0.999442
1
0.999861
1
1
1
0.999921
1
1
1
1
1
1
1
0.999998
1
1
1
1
1
1
1
1
1
0.999792
1
1
1.00037
1
1
1
1
1
1
0.999999
1
1.00003
1
1
1.00006
1
1
1
1
1
1
1.00003
1
1
1
1
1
1
1
1
1
1
1
1
1
0.999999
1
1
1
1
1
1
1
1
1
1
1
1
1
1
1
1
1
0.999982
1
1
1
1
1.00001
1
1
1
1
1
1
1
1
1
1.00001
1
1
1
1
1
1
1
1
1
0.993653
1
1
1
1
1
1
1
1
1.00002
1
1
1
0.999975
1
1
1
1
1
1
1
1
0.999164
0.996511
1
1.00002
0.999999
1
1
1
1
1
1
1
1
1
1
1
1
0.996439
1
1
1
1
1
1
0.999981
1
1
1
1
1
1.00001
1
1
1
1
1
1
1
1
1
1
1
1
1
1
1.00003
1
1
1
1
0.987012
1
1
1
1
0.999996
1
1.00001
1
1
1
1
1
1
1
1
1
1
1
1.00002
1
1
1
1
1
1
1
1
1
1
1
1
1
1
1
0.999997
1
0.999999
1
1
1
1.00001
1
1
1
1
1
1
1
1
1
1
1
1
1
1
0.999972
1
1.00001
1
1
1
0.998865
0.999991
1
1
1
1
1
1
1.00002
1
1
1
1
1
1
1
1
0.998159
1
1
1
1
1
1
1
1
1
1
1
1
1
1
1
1
1
1
1
1
1
1
1
1
1
1
1
1
1
1
1
1
1
1
1
1
1
0.999996
1
1
1
1
1
1
1
1
1
1
1
0.999835
1
1
0.999558
1
1
1
1
1
1
1
1
0.995679
1
1
1
1
1
1
1
1
1
1
1
1
1
1
1
1
0.999991
1
0.994518
1
1
1
1
1
1
1
1
1
1
1
1.00002
1
1
1.00001
1
1
0.999936
1
1
1
1
1
1
1
1
1
1
1
1
1
1
1.00001
1
1
1
1
1
1
1
1
1
1
1
1.00004
1
1
1
0.999997
1
1
1
1
1
1
1
1
1
1
1
1
0.99993
1
1
1
0.992346
1.00002
1
1
1
1
1
1
1.00017
1
1
1
1
1
1
0.999894
1
1
0.999958
1
1
1
1
1
1
1
1.00011
1
1
1
1
1
1
1
1
1
1
1
1
0.999996
1
1
1
1
1
1
1
1
1
1
1
0.999627
1
1
1
1
1
1
1
1
1
0.996387
1
1.00001
1
1
1
1
1
1
1
1
0.999985
1
1
1
1
1
1
1
1
1
1
1
1
1
0.999993
1
1
0.999981
1
1
1
1
1
1
1
1
1
1.00001
1
1
1
1
1
1
1
1
1
1
1
1
1
1
1
1
1
0.999835
0.999686
1
1
1
1
1
1
1
1.00064
1
1
1
1
1
1
1
1
1
0.999999
1
1
1
1
1
1
0.999988
0.996981
1
1
1
1
1
1
1
1
0.985958
1
0.999655
1
1
1
1
1
1
1
1
1
1
1
1
1
1
1
1
1
1
1
1
0.999894
1
0.993366
1
1
1
1
0.999788
1
1.00043
1
1
1
1
1
0.999985
0.999159
1
1
1
1
1
0.999942
1
1
1
1
1
1
1
1
1
1
1
1
1
0.999418
1
1
1
1
1
1
1
1
1
1
1
1
1
1
1
1
1
1
1
1
1
1
1
1
1
1
1
1
1
1
1
1
1
1
1
1
0.999998
0.999983
1
1
1
1
1
1
1
0.998922
1
1
1
1
1
1
1
1
1
1
1
1
1
1
0.999885
1
1
1
1
1
0.995393
1
1
1
1
1
1
1
1
1
1
1
1
1
1
1
1
1
1
1
1
0.994912
1
1
1
1
1
1
1
1
1
1
1
1
1
1
1
1
1
1
1
1
1
1
0.99998
1
1
1
1
1
1
1
1
0.999632
1
1
1
1
0.996902
1
1
1
1
1
1
1
1
1
1
1
1
1
1
1
1
1
1
1
1
1
1
1
1
1
1
1
1.00001
1
0.999608
1
1
1
1
1
1
1
1
1
1
1
1
1
1
1
1
1
1.00039
1
1
1
1
1
1
1
1
1
1
1
1
1
1
1
1
1
1
1
1
1
1
1
1
1
1
0.999033
1
0.999795
1
1
1
1
0.999779
1
1
1
1
0.999248
1.00001
1
1
1
1
1
1
1
1
1
1
1
1
0.999439
1
1
1
1
1
1
1
1
1
1
1
1
1
1
1
1
1
1
1
1
1
1
1
0.999945
0.997931
1
1
1
1
1
1
1
1
1
1
1
1
1
1
1
1
1
1
1
1
1
1
1
1
1
1
1
1
1
1
1
1
1
0.999525
1
1
1
1
1
1
1
1
1
1
1
1
1
1
1
1
1
1
1
1
1
1
1
1
1
1
1
1
0.996046
1
0.999983
1
1
1
1
1
1
1
1
1
1
1
1
1
1
1
1
1
1
1
0.998379
1
1
1
1
1
1
1
1
1
1
1
1
1
1
1
1
1
1
1
1.00002
1
1
1
1
1
1
1
1
1
1
1
1
1
1
1
1
0.998954
0.996245
1
0.999861
0.99867
1
1
1
1
1
1
1
1
1
1
1
1
1
1
0.999999
1
1
1
1.00139
1
1
1
1
1
1
1
1
1
1
1
1
1
1
1
1
1
1
1
1
0.999802
1
1
1
1
1
1
1
1
1
1
1
1
1
1
1
1
1
1
1
0.999997
1
1
1
1
1
1
1
1
0.999998
1
1
1
1
1
1
1
1
1.00089
1
1
0.999993
1.00001
0.999998
1
1
1
0.999839
0.999879
0.995007
1
1
1
1
1
1
1
1
1
1
1
1
1
1
1
1
1
1
1
1
1
1
1
1
1
1
1
1
1
1
1
1
1
1
1
1
1
1
0.987632
1
1
1
1
1
1
1
1
1
1
1
1
1
1
1
1
1
1
1
1
1
1
1
1
1
1
1
1
1
1
0.999999
1
1
1
1
1
1
1
1
1
1
1
1
1
1
1
0.999995
1
1
1
1
1
1
1
1
1
1
1
0.999999
1
1
0.998449
1
1
1
1
1
1
1
1
1
0.997724
1.00001
1
1
1
1
1
0.999995
1
1
1
1
1
1
1
1
1
0.999998
1
1
1
1
1
0.999999
1
1
1
1
1
1
1
1
1
1
1
1
1
1
1
1
1
1
0.99671
1
1
1
1
1
1
1
1
1
1
1
1
1
0.99997
1
1
1
1
1
1
1
1
1
1
1
1
1
1
1
1
1
1
1
1
1
1
1
1
1
1
1
1
1
1
1
1
1
1
1
1
1
1
1
1
1
1
1
1
1
1
1
1
1
1
1
1
1
1
1
1
1
1
1
1
1
1
1
1
1
0.997957
1
1
1
1
0.994949
1
1
1
1
1
1
1
1
1
1
1
1
1
1
1
1
0.999904
1
1
1
1
1
1
1
1
1
1.00122
1
1
1
1
1
1
1
1
1
1
1
1
1
1
1
1
1
1
0.999999
1
1
1.00001
1
1
1
1
1
1
1
1
1
1
1
1
1
1
1
1
1
1
1
1
1
1
1
1
1
1
1
1
1
1
1
0.998779
1
1
1
0.999999
1
1
1
1
1
1
1
1
1
1
1
1
1
1.00003
1
1
1
1
1
1
1
1
1
1
1
1
1
1
1
1
1
1
1
1
1
1
1
1.00005
1
1
1
1
1
1
1
1
1
1
1
1.00022
1
1
1
1
1.00025
1
1
1
1
1
1.00004
1
1
1
1
0.999991
1
1
1
1
1
1
1
1
1
1
1
1
1
1
1
1
1
1
1
1
1
1
1
1
1
0.999347
0.998702
1
1.00165
1
1
1
1
1
1
1
1
1
1
1
1
1
1
1
1
1
1
1
1
1
1
1
1
1
1
1
1
1
1
1
1
1
0.995954
1
1
1
1
1
1
1
1
1.00003
1
1
1
)
;

boundaryField
{
    frontback
    {
        type            empty;
    }
    topbottom
    {
        type            zeroGradient;
    }
    outlet
    {
        type            zeroGradient;
    }
    inlet
    {
        type            fixedValue;
        value           uniform 1;
    }
    walls
    {
        type            zeroGradient;
    }
    procBoundary2to0
    {
        type            processor;
        value           nonuniform List<scalar> 
83
(
1
1
1
1
1
1
1
1
1
1
1
1
1
1
1
1
1
1
1
1
1
1
1
1
1
1
1
1
1
1
1
1
1
1
1
1
1
1
1
1
1
1
1
1
1
1
1
1
1
1
1
1
1
1
1
1
1
1
1
1
1
1
0.999836
1
1
1
1
1
1
1
1
1
1
1
1
1
1
1
1
1
1
1
1
)
;
    }
    procBoundary2to3
    {
        type            processor;
        value           nonuniform List<scalar> 
99
(
1
1
1
1
1
1
1
1
1
1.00001
1
1
1
1
1
1
1
1
1
1
1
0.999997
1
1
1
1
1
1
1.00001
0.997311
1
1
1.00001
0.988041
1
1
1.00156
1
1
1.00017
1
1
1
1
1
1
1
1
1
1
1
1
1
1
1
1
1
1
1
1
1
1
1
1.00002
1
1
1
1
1
1
1
1
1
1
1
1
1
1
1
1
1
1
1
1
1
1
1
1
1
1
1
1
0.999991
1
1
1
1
1
0.999956
)
;
    }
}


// ************************************************************************* //
