/*--------------------------------*- C++ -*----------------------------------*\
| =========                 |                                                 |
| \\      /  F ield         | OpenFOAM: The Open Source CFD Toolbox           |
|  \\    /   O peration     | Version:  v2012                                 |
|   \\  /    A nd           | Website:  www.openfoam.com                      |
|    \\/     M anipulation  |                                                 |
\*---------------------------------------------------------------------------*/
FoamFile
{
    version     2.0;
    format      ascii;
    class       labelList;
    location    "constant/polyMesh";
    object      cellProcAddressing;
}
// * * * * * * * * * * * * * * * * * * * * * * * * * * * * * * * * * * * * * //


14315
(
2
18
20
23
24
27
28
29
32
35
37
40
49
51
52
54
57
58
59
63
65
67
68
75
77
78
84
91
99
100
102
103
105
106
110
113
114
115
116
117
127
128
135
142
145
148
149
150
152
159
161
164
165
168
169
171
183
186
189
195
201
204
206
210
211
213
214
219
220
221
222
226
231
233
238
239
240
244
246
248
252
253
257
258
259
263
265
269
270
275
276
282
284
286
287
292
294
295
298
306
309
317
320
321
322
331
332
336
337
343
347
349
350
351
353
355
361
362
366
367
369
370
372
380
381
384
385
386
388
390
391
394
396
397
402
404
409
410
416
429
430
431
436
438
439
442
443
444
447
449
450
454
455
456
457
462
470
472
473
476
477
481
482
483
484
489
491
492
494
496
502
506
511
514
516
519
523
525
527
529
533
537
538
540
545
547
551
553
559
562
563
565
566
569
570
572
581
583
587
588
590
591
599
602
603
605
615
617
618
619
621
623
624
626
628
634
636
640
643
650
652
656
663
664
667
669
672
673
676
677
678
680
681
687
690
700
705
706
708
711
713
716
718
719
720
723
724
725
727
742
748
749
750
752
754
759
760
767
769
770
773
774
776
777
780
784
786
789
790
792
794
796
801
805
810
812
813
816
817
819
821
823
824
825
826
830
831
832
834
836
839
843
845
854
856
863
867
869
875
876
881
887
890
898
899
903
904
906
907
911
912
913
916
918
921
929
931
934
942
944
946
948
950
951
952
953
959
961
966
968
969
970
972
978
979
980
985
987
994
996
998
999
1000
1003
1008
1010
1011
1018
1019
1020
1022
1028
1031
1034
1036
1046
1047
1051
1056
1058
1059
1060
1061
1066
1067
1072
1073
1075
1087
1091
1095
1098
1100
1101
1102
1103
1106
1107
1110
1114
1118
1119
1125
1127
1131
1134
1135
1136
1137
1138
1139
1148
1155
1160
1161
1163
1165
1166
1170
1175
1181
1182
1185
1186
1187
1188
1189
1195
1196
1199
1202
1205
1209
1211
1213
1214
1220
1223
1226
1228
1233
1234
1236
1240
1244
1255
1256
1259
1264
1269
1276
1277
1279
1282
1284
1288
1293
1296
1299
1301
1307
1310
1313
1314
1317
1318
1323
1324
1327
1328
1329
1330
1332
1334
1338
1339
1343
1344
1348
1349
1350
1354
1355
1359
1366
1370
1378
1387
1388
1389
1395
1398
1399
1410
1411
1415
1419
1422
1423
1429
1432
1433
1436
1440
1445
1447
1453
1454
1455
1456
1460
1461
1465
1475
1478
1480
1484
1485
1486
1487
1488
1491
1494
1497
1498
1507
1510
1514
1519
1525
1530
1533
1538
1539
1544
1547
1550
1557
1558
1562
1563
1564
1565
1566
1572
1574
1576
1583
1596
1599
1600
1603
1605
1606
1607
1611
1612
1613
1614
1617
1620
1621
1627
1637
1638
1639
1641
1642
1647
1664
1669
1671
1672
1678
1689
1690
1692
1693
1699
1701
1703
1705
1709
1716
1718
1719
1721
1727
1730
1731
1747
1750
1755
1760
1762
1763
1766
1767
1768
1772
1783
1784
1788
1789
1791
1794
1798
1804
1805
1807
1810
1811
1812
1817
1827
1828
1829
1838
1844
1850
1854
1855
1856
1857
1859
1863
1866
1868
1871
1873
1875
1882
1886
1887
1889
1894
1897
1898
1903
1905
1906
1907
1910
1911
1914
1920
1924
1928
1931
1936
1937
1946
1947
1949
1950
1952
1955
1959
1969
1974
1975
1977
1983
1984
1988
1994
1995
1997
2002
2003
2008
2012
2015
2023
2024
2026
2027
2034
2035
2037
2043
2045
2046
2047
2053
2055
2056
2057
2059
2061
2064
2067
2071
2074
2075
2077
2084
2089
2097
2100
2111
2114
2120
2123
2125
2126
2127
2131
2135
2136
2140
2141
2148
2149
2152
2155
2156
2157
2163
2166
2173
2174
2176
2178
2179
2180
2186
2187
2189
2192
2195
2202
2203
2210
2212
2214
2216
2217
2218
2223
2224
2225
2229
2230
2232
2234
2240
2245
2251
2254
2255
2256
2257
2260
2264
2265
2266
2267
2272
2275
2276
2280
2282
2285
2288
2289
2291
2292
2294
2299
2300
2301
2305
2308
2309
2313
2316
2317
2318
2319
2326
2332
2333
2334
2335
2339
2341
2344
2349
2351
2353
2355
2358
2366
2369
2375
2378
2380
2384
2385
2386
2387
2388
2395
2399
2402
2414
2415
2425
2426
2432
2438
2441
2442
2444
2445
2448
2449
2455
2457
2458
2460
2466
2469
2470
2475
2476
2480
2483
2484
2487
2488
2489
2494
2495
2512
2513
2514
2519
2522
2524
2526
2534
2536
2541
2546
2554
2556
2564
2569
2571
2573
2574
2576
2584
2587
2589
2592
2594
2595
2596
2604
2606
2608
2609
2614
2617
2619
2622
2627
2629
2631
2635
2643
2645
2649
2651
2652
2655
2657
2658
2662
2669
2672
2675
2677
2679
2680
2684
2686
2688
2693
2695
2699
2706
2714
2715
2716
2718
2720
2723
2732
2738
2742
2753
2756
2757
2760
2763
2767
2771
2774
2777
2786
2790
2791
2794
2801
2812
2813
2815
2816
2817
2824
2826
2827
2830
2835
2837
2839
2844
2847
2855
2862
2863
2867
2868
2872
2875
2876
2881
2882
2883
2887
2889
2893
2894
2896
2911
2913
2920
2924
2926
2933
2934
2937
2939
2944
2949
2956
2957
2959
2964
2965
2966
2969
2973
2975
2979
2980
2984
2986
2988
2992
2997
3001
3006
3013
3014
3016
3017
3021
3022
3027
3030
3032
3034
3038
3043
3044
3045
3046
3047
3051
3055
3059
3060
3064
3068
3071
3088
3089
3091
3097
3099
3103
3104
3113
3114
3115
3116
3117
3121
3122
3123
3124
3127
3136
3140
3150
3153
3154
3155
3156
3162
3168
3169
3170
3173
3180
3182
3187
3191
3192
3194
3195
3199
3203
3204
3208
3212
3213
3214
3216
3217
3221
3224
3226
3228
3230
3240
3243
3244
3247
3248
3251
3255
3259
3261
3265
3266
3270
3276
3282
3283
3285
3286
3290
3292
3293
3297
3298
3299
3300
3301
3304
3308
3309
3313
3315
3316
3319
3323
3326
3333
3338
3340
3342
3343
3349
3353
3356
3360
3363
3364
3365
3370
3374
3377
3383
3386
3390
3392
3393
3394
3396
3397
3398
3402
3403
3404
3405
3406
3411
3414
3415
3416
3419
3422
3428
3429
3433
3441
3445
3450
3455
3457
3463
3464
3473
3477
3480
3487
3494
3495
3503
3505
3518
3520
3529
3534
3537
3544
3552
3560
3564
3568
3571
3573
3575
3577
3578
3580
3581
3583
3589
3593
3594
3596
3600
3601
3604
3606
3608
3611
3614
3615
3618
3624
3627
3629
3630
3639
3646
3662
3663
3671
3673
3674
3678
3680
3681
3682
3683
3689
3691
3695
3702
3703
3707
3714
3722
3726
3734
3746
3747
3750
3755
3757
3760
3763
3764
3765
3768
3771
3778
3784
3786
3791
3792
3794
3796
3799
3801
3810
3823
3824
3827
3832
3833
3837
3844
3847
3849
3851
3852
3853
3855
3860
3867
3870
3873
3874
3880
3884
3885
3886
3888
3889
3890
3892
3894
3898
3900
3901
3902
3905
3907
3908
3913
3916
3917
3919
3920
3922
3929
3935
3939
3943
3944
3948
3949
3950
3958
3959
3964
3968
3974
3977
3978
3979
3983
3990
3994
4000
4001
4003
4007
4010
4015
4016
4019
4023
4031
4032
4039
4041
4042
4044
4046
4047
4057
4062
4069
4071
4073
4074
4080
4081
4084
4085
4087
4088
4091
4092
4095
4104
4107
4114
4119
4122
4132
4141
4142
4145
4149
4152
4164
4170
4171
4174
4176
4178
4180
4195
4198
4199
4210
4211
4212
4213
4214
4217
4218
4221
4222
4226
4233
4242
4243
4246
4250
4252
4263
4264
4265
4268
4269
4271
4272
4273
4282
4286
4287
4290
4292
4293
4297
4298
4300
4301
4302
4303
4304
4306
4308
4315
4317
4318
4319
4320
4327
4336
4340
4345
4346
4349
4350
4364
4365
4373
4377
4378
4391
4392
4393
4395
4396
4399
4402
4409
4410
4411
4412
4413
4415
4432
4434
4435
4439
4440
4441
4448
4456
4457
4465
4466
4469
4471
4472
4477
4482
4487
4495
4497
4500
4504
4506
4512
4513
4514
4521
4525
4526
4533
4534
4537
4539
4547
4554
4555
4556
4559
4561
4566
4568
4574
4577
4578
4579
4584
4585
4588
4589
4591
4595
4599
4600
4602
4604
4606
4611
4613
4614
4618
4620
4623
4627
4632
4633
4634
4635
4644
4647
4656
4659
4661
4663
4673
4678
4687
4688
4698
4703
4716
4726
4734
4742
4749
4751
4756
4757
4761
4764
4766
4768
4769
4775
4778
4788
4789
4797
4798
4799
4809
4813
4815
4821
4825
4826
4829
4831
4833
4837
4840
4842
4844
4847
4851
4852
4855
4856
4864
4871
4878
4880
4896
4900
4913
4915
4916
4931
4934
4937
4938
4939
4942
4952
4956
4958
4961
4964
4966
4968
4981
4982
4983
4988
4991
4995
5003
5005
5008
5011
5013
5018
5020
5024
5025
5028
5029
5034
5037
5038
5043
5045
5050
5051
5053
5059
5062
5063
5068
5074
5079
5081
5082
5084
5092
5099
5101
5103
5106
5111
5119
5123
5126
5130
5135
5140
5141
5142
5146
5151
5152
5155
5157
5163
5167
5172
5173
5178
5182
5188
5190
5195
5198
5199
5202
5203
5208
5214
5216
5217
5218
5224
5232
5233
5234
5236
5237
5242
5246
5253
5255
5258
5263
5267
5276
5281
5283
5285
5286
5287
5288
5290
5292
5293
5294
5296
5297
5301
5305
5313
5316
5321
5327
5328
5329
5335
5338
5345
5346
5347
5348
5349
5351
5354
5356
5360
5361
5362
5363
5364
5366
5368
5379
5381
5385
5397
5402
5404
5407
5411
5412
5416
5420
5421
5423
5424
5425
5428
5429
5430
5435
5441
5445
5448
5451
5454
5458
5459
5460
5466
5474
5476
5483
5489
5491
5493
5494
5495
5498
5504
5510
5512
5513
5520
5524
5525
5530
5533
5536
5537
5546
5550
5553
5557
5561
5563
5564
5565
5569
5573
5579
5582
5584
5594
5595
5598
5599
5601
5604
5606
5608
5609
5610
5614
5620
5621
5623
5624
5625
5628
5629
5630
5632
5633
5636
5640
5641
5642
5648
5652
5653
5661
5676
5678
5679
5682
5683
5688
5693
5704
5707
5711
5718
5720
5722
5723
5725
5727
5728
5730
5739
5744
5748
5749
5757
5759
5769
5770
5772
5775
5777
5778
5780
5782
5784
5785
5788
5791
5803
5805
5808
5811
5813
5815
5820
5826
5832
5836
5838
5842
5845
5847
5851
5858
5867
5871
5874
5877
5882
5887
5895
5899
5907
5910
5913
5914
5918
5921
5924
5931
5933
5938
5940
5941
5946
5947
5949
5950
5958
5959
5961
5962
5964
5968
5970
5974
5979
5980
5982
5987
5989
5990
5993
6001
6006
6008
6012
6015
6022
6030
6034
6036
6040
6041
6042
6051
6052
6054
6058
6060
6061
6065
6067
6068
6074
6076
6078
6081
6089
6092
6094
6097
6098
6101
6102
6104
6105
6109
6114
6116
6118
6121
6125
6127
6132
6135
6138
6141
6146
6154
6156
6157
6161
6162
6163
6166
6167
6168
6172
6174
6175
6177
6178
6179
6192
6195
6197
6205
6207
6210
6215
6216
6219
6222
6223
6225
6236
6240
6245
6248
6253
6267
6269
6270
6271
6275
6278
6280
6285
6286
6288
6289
6290
6291
6295
6305
6313
6315
6320
6326
6327
6333
6349
6351
6352
6354
6357
6363
6365
6366
6367
6368
6370
6375
6376
6378
6382
6392
6395
6396
6397
6401
6402
6404
6405
6407
6416
6422
6425
6426
6428
6429
6430
6434
6438
6440
6448
6454
6456
6458
6461
6476
6481
6482
6484
6485
6486
6487
6489
6491
6492
6495
6498
6501
6503
6504
6506
6508
6509
6510
6511
6515
6516
6519
6524
6525
6528
6530
6536
6538
6540
6541
6548
6555
6556
6564
6566
6570
6581
6584
6587
6588
6593
6594
6602
6603
6606
6609
6612
6614
6615
6616
6618
6620
6623
6624
6628
6629
6637
6638
6641
6643
6644
6646
6648
6649
6653
6656
6661
6667
6670
6673
6684
6687
6702
6705
6707
6708
6715
6722
6724
6727
6734
6738
6748
6768
6773
6778
6779
6783
6785
6787
6792
6793
6795
6801
6802
6806
6808
6810
6812
6813
6814
6815
6817
6823
6824
6829
6830
6832
6833
6834
6835
6839
6841
6842
6846
6852
6856
6860
6861
6863
6864
6865
6871
6875
6881
6882
6884
6885
6886
6890
6893
6899
6900
6906
6907
6909
6913
6915
6917
6925
6930
6932
6933
6934
6935
6940
6949
6951
6954
6956
6959
6960
6962
6964
6970
6973
6977
6984
6985
6990
6991
6995
6998
7000
7001
7002
7006
7009
7014
7015
7017
7018
7022
7023
7025
7026
7027
7028
7030
7033
7034
7038
7039
7041
7042
7043
7045
7053
7055
7058
7060
7062
7063
7065
7066
7068
7071
7073
7079
7084
7085
7090
7091
7094
7097
7099
7104
7107
7113
7118
7125
7126
7131
7137
7139
7150
7151
7152
7158
7159
7169
7170
7179
7180
7195
7201
7202
7203
7204
7207
7208
7212
7213
7215
7217
7218
7222
7223
7226
7227
7231
7235
7238
7240
7241
7244
7246
7256
7257
7261
7262
7264
7267
7269
7271
7276
7278
7279
7284
7288
7290
7292
7293
7294
7295
7296
7298
7300
7304
7305
7306
7313
7314
7316
7317
7320
7326
7328
7329
7330
7336
7354
7355
7357
7359
7360
7375
7379
7385
7386
7390
7395
7397
7403
7404
7405
7408
7409
7410
7411
7413
7416
7417
7419
7421
7422
7426
7427
7428
7434
7436
7437
7441
7446
7447
7453
7454
7459
7460
7461
7462
7463
7464
7467
7468
7473
7476
7478
7481
7483
7486
7487
7489
7496
7498
7499
7503
7506
7508
7510
7512
7513
7519
7520
7525
7526
7527
7529
7530
7532
7534
7538
7540
7544
7548
7553
7556
7559
7562
7565
7566
7572
7574
7578
7585
7589
7591
7593
7595
7596
7597
7598
7604
7609
7610
7616
7618
7620
7627
7629
7630
7635
7641
7645
7648
7651
7652
7653
7656
7665
7669
7670
7671
7678
7679
7682
7683
7685
7687
7688
7693
7694
7695
7696
7698
7701
7706
7707
7708
7709
7712
7713
7715
7718
7720
7721
7727
7730
7731
7733
7735
7736
7738
7743
7744
7757
7760
7772
7775
7780
7782
7786
7788
7794
7795
7796
7800
7803
7810
7813
7814
7818
7821
7823
7829
7830
7835
7837
7839
7841
7845
7846
7849
7850
7853
7856
7859
7862
7867
7872
7873
7875
7876
7877
7879
7882
7884
7886
7888
7890
7900
7905
7906
7907
7911
7912
7915
7917
7920
7921
7924
7925
7930
7941
7942
7946
7947
7949
7955
7957
7958
7960
7961
7964
7966
7969
7970
7977
7978
7982
7983
7990
7999
8008
8011
8013
8014
8017
8018
8021
8022
8023
8024
8030
8031
8034
8040
8041
8046
8056
8057
8060
8061
8064
8074
8075
8079
8088
8090
8092
8095
8100
8102
8103
8104
8108
8111
8119
8122
8130
8133
8138
8141
8142
8145
8151
8152
8155
8158
8159
8160
8161
8164
8166
8172
8176
8181
8182
8188
8193
8198
8199
8201
8206
8207
8208
8210
8214
8216
8222
8230
8239
8242
8243
8245
8247
8248
8252
8256
8257
8263
8264
8267
8275
8280
8289
8290
8291
8292
8296
8298
8300
8303
8305
8306
8314
8318
8320
8321
8322
8324
8328
8334
8338
8350
8352
8353
8356
8357
8370
8371
8375
8377
8378
8380
8382
8385
8387
8398
8402
8405
8412
8423
8430
8432
8435
8439
8442
8444
8451
8465
8467
8468
8474
8477
8478
8488
8489
8491
8494
8495
8508
8510
8513
8514
8516
8525
8531
8542
8544
8548
8549
8555
8560
8563
8564
8565
8567
8571
8573
8574
8577
8587
8588
8602
8614
8619
8621
8622
8626
8627
8629
8631
8637
8639
8642
8645
8651
8652
8654
8661
8663
8664
8666
8678
8679
8683
8685
8687
8689
8690
8692
8693
8695
8697
8699
8700
8705
8709
8710
8711
8713
8714
8715
8726
8729
8730
8735
8748
8750
8758
8759
8760
8763
8776
8781
8789
8792
8794
8795
8800
8801
8802
8803
8810
8812
8816
8820
8822
8832
8833
8834
8837
8842
8843
8845
8848
8851
8854
8856
8857
8858
8863
8865
8867
8870
8873
8879
8882
8883
8889
8890
8893
8896
8897
8899
8903
8908
8913
8914
8918
8919
8925
8926
8927
8928
8929
8933
8934
8937
8941
8944
8946
8953
8955
8962
8963
8968
8974
8975
8976
8979
8982
8989
8995
8996
8997
8998
9001
9002
9003
9005
9012
9020
9035
9036
9043
9050
9056
9057
9065
9068
9069
9073
9078
9083
9085
9086
9088
9096
9103
9109
9113
9115
9116
9120
9124
9127
9128
9129
9130
9133
9135
9136
9138
9142
9146
9151
9155
9157
9158
9160
9163
9166
9179
9183
9184
9186
9192
9194
9195
9201
9202
9203
9208
9210
9216
9227
9228
9232
9237
9242
9244
9255
9262
9265
9267
9268
9269
9273
9280
9281
9282
9286
9290
9298
9303
9306
9307
9308
9310
9313
9316
9320
9323
9324
9326
9331
9332
9333
9335
9338
9345
9346
9350
9355
9360
9362
9365
9367
9368
9369
9372
9379
9380
9381
9388
9389
9391
9393
9402
9407
9412
9413
9424
9425
9426
9432
9434
9435
9442
9446
9449
9450
9456
9463
9469
9470
9474
9479
9481
9482
9487
9494
9495
9503
9504
9508
9510
9513
9516
9522
9523
9529
9531
9536
9539
9541
9545
9547
9548
9552
9563
9565
9568
9571
9573
9574
9575
9578
9579
9580
9585
9586
9587
9599
9608
9614
9620
9627
9631
9632
9634
9641
9648
9650
9652
9653
9660
9666
9670
9672
9676
9681
9689
9700
9702
9703
9705
9706
9708
9710
9713
9714
9719
9722
9732
9737
9738
9742
9744
9745
9753
9755
9756
9764
9772
9775
9777
9783
9784
9786
9789
9790
9794
9796
9799
9804
9806
9807
9809
9815
9818
9819
9822
9824
9826
9828
9830
9832
9835
9837
9840
9841
9845
9847
9848
9851
9852
9855
9857
9859
9860
9862
9863
9866
9867
9869
9872
9874
9876
9877
9879
9885
9890
9899
9900
9902
9904
9905
9906
9907
9910
9917
9920
9921
9922
9924
9934
9937
9945
9951
9959
9961
9962
9965
9983
9988
9990
9992
9995
9998
10005
10008
10010
10011
10015
10016
10020
10023
10028
10030
10032
10036
10038
10041
10043
10044
10047
10050
10053
10055
10070
10072
10074
10075
10076
10078
10080
10081
10082
10085
10086
10091
10094
10095
10096
10097
10102
10106
10108
10113
10116
10120
10125
10134
10136
10139
10140
10141
10142
10143
10146
10147
10149
10154
10158
10169
10172
10173
10179
10183
10188
10189
10203
10205
10207
10209
10221
10224
10225
10228
10230
10231
10237
10241
10245
10246
10248
10250
10258
10264
10265
10273
10278
10279
10280
10284
10286
10289
10291
10297
10298
10299
10302
10311
10314
10321
10322
10325
10327
10328
10329
10332
10334
10343
10356
10357
10366
10367
10385
10387
10388
10398
10400
10407
10409
10419
10424
10427
10431
10437
10438
10439
10441
10444
10449
10451
10452
10453
10456
10457
10465
10470
10472
10474
10477
10483
10486
10493
10495
10496
10498
10500
10503
10506
10507
10511
10512
10516
10519
10520
10527
10531
10534
10538
10540
10547
10551
10554
10560
10561
10562
10563
10565
10567
10572
10573
10575
10576
10580
10582
10584
10586
10590
10593
10595
10597
10599
10601
10604
10606
10607
10611
10613
10618
10619
10631
10638
10641
10642
10644
10648
10649
10650
10655
10663
10664
10667
10670
10673
10676
10680
10682
10683
10687
10688
10690
10691
10693
10694
10696
10710
10713
10715
10718
10719
10725
10730
10734
10739
10740
10742
10744
10745
10747
10751
10752
10753
10754
10756
10757
10759
10762
10765
10768
10771
10779
10784
10785
10786
10787
10795
10798
10800
10803
10807
10814
10817
10821
10823
10824
10834
10836
10838
10843
10851
10853
10855
10858
10859
10862
10864
10865
10866
10869
10873
10874
10879
10883
10884
10892
10894
10896
10900
10901
10902
10905
10909
10910
10913
10915
10916
10917
10918
10919
10920
10922
10928
10929
10930
10931
10935
10946
10947
10948
10950
10951
10959
10964
10968
10971
10978
10981
10984
10987
10990
10991
10996
10997
10998
11001
11008
11009
11017
11022
11023
11028
11030
11031
11032
11033
11036
11037
11038
11040
11042
11044
11045
11048
11052
11053
11061
11064
11065
11067
11068
11071
11072
11073
11074
11075
11076
11078
11079
11080
11084
11085
11086
11089
11090
11095
11099
11100
11101
11105
11106
11110
11111
11112
11113
11119
11120
11124
11125
11127
11129
11136
11145
11146
11149
11151
11154
11159
11160
11165
11170
11171
11173
11174
11176
11177
11180
11185
11187
11188
11189
11196
11200
11201
11202
11203
11213
11214
11216
11217
11218
11220
11221
11223
11229
11231
11233
11235
11237
11239
11240
11246
11251
11252
11255
11256
11259
11262
11266
11269
11273
11278
11279
11285
11287
11289
11293
11296
11297
11303
11306
11316
11321
11322
11324
11327
11331
11333
11342
11346
11347
11352
11357
11359
11361
11367
11370
11384
11389
11393
11396
11405
11407
11410
11412
11414
11415
11418
11427
11432
11433
11438
11439
11440
11441
11451
11453
11457
11459
11460
11461
11466
11474
11479
11484
11485
11488
11489
11490
11495
11496
11498
11499
11503
11505
11513
11515
11519
11522
11523
11527
11530
11533
11554
11555
11564
11568
11575
11576
11584
11588
11589
11595
11597
11601
11602
11604
11607
11608
11610
11613
11614
11616
11617
11619
11620
11626
11629
11631
11633
11635
11639
11642
11648
11649
11653
11654
11656
11657
11668
11669
11673
11674
11679
11682
11684
11685
11691
11695
11696
11698
11700
11703
11704
11705
11706
11707
11708
11712
11715
11718
11723
11728
11730
11745
11748
11750
11751
11752
11756
11768
11771
11772
11773
11774
11785
11787
11789
11790
11791
11792
11797
11801
11802
11803
11804
11806
11813
11815
11817
11822
11823
11824
11825
11830
11831
11832
11835
11836
11840
11841
11842
11844
11851
11855
11856
11857
11860
11862
11868
11871
11874
11875
11879
11880
11883
11891
11892
11893
11894
11895
11900
11904
11906
11909
11911
11915
11918
11923
11925
11926
11929
11930
11935
11940
11943
11946
11949
11950
11951
11952
11956
11957
11959
11967
11968
11982
11983
11984
11985
11986
11987
11989
11990
11992
11994
11995
11997
12000
12001
12004
12005
12007
12012
12015
12017
12022
12029
12036
12037
12038
12042
12043
12046
12047
12049
12051
12053
12055
12057
12059
12060
12061
12063
12064
12074
12081
12082
12083
12085
12088
12091
12093
12097
12100
12102
12107
12110
12113
12115
12116
12117
12120
12127
12129
12130
12132
12134
12137
12146
12151
12152
12159
12160
12161
12163
12165
12167
12168
12169
12173
12177
12179
12183
12185
12193
12196
12198
12201
12202
12204
12206
12213
12215
12222
12225
12227
12229
12230
12233
12235
12238
12240
12241
12246
12247
12252
12253
12254
12260
12262
12263
12265
12270
12272
12276
12278
12279
12280
12283
12284
12287
12289
12290
12292
12293
12295
12297
12298
12299
12302
12304
12306
12310
12311
12312
12314
12323
12325
12328
12329
12339
12340
12341
12342
12343
12344
12346
12354
12355
12357
12359
12360
12361
12362
12374
12377
12381
12386
12388
12390
12391
12393
12398
12401
12403
12407
12408
12411
12413
12414
12415
12418
12420
12422
12423
12430
12435
12437
12438
12439
12442
12446
12449
12454
12457
12465
12468
12471
12475
12479
12482
12483
12484
12486
12490
12494
12497
12499
12500
12502
12503
12504
12505
12506
12507
12511
12514
12516
12519
12520
12527
12531
12535
12536
12538
12539
12540
12544
12546
12548
12549
12550
12553
12558
12563
12567
12568
12570
12577
12582
12583
12585
12602
12604
12606
12607
12610
12616
12620
12622
12624
12627
12637
12638
12648
12649
12650
12651
12653
12654
12657
12659
12663
12664
12665
12666
12668
12671
12672
12681
12682
12685
12688
12689
12690
12691
12692
12699
12700
12701
12706
12707
12708
12709
12711
12713
12714
12715
12718
12722
12725
12727
12729
12731
12735
12739
12742
12745
12749
12756
12759
12769
12787
12789
12795
12798
12801
12803
12804
12805
12806
12811
12821
12823
12830
12834
12841
12842
12843
12846
12852
12856
12857
12860
12861
12862
12864
12867
12874
12875
12876
12879
12881
12882
12888
12892
12899
12900
12901
12907
12912
12914
12915
12916
12918
12920
12924
12926
12928
12935
12936
12937
12938
12942
12948
12951
12952
12961
12964
12968
12969
12970
12971
12972
12974
12976
12979
12986
12989
12995
12998
13002
13005
13009
13010
13013
13016
13018
13021
13023
13027
13037
13041
13042
13045
13047
13048
13049
13050
13051
13054
13062
13065
13066
13067
13074
13075
13086
13093
13094
13099
13102
13115
13116
13117
13118
13122
13129
13132
13136
13137
13139
13140
13143
13144
13147
13149
13150
13155
13160
13165
13166
13167
13168
13172
13173
13181
13187
13188
13189
13190
13201
13202
13205
13211
13213
13215
13230
13239
13240
13247
13250
13253
13255
13256
13260
13262
13264
13267
13271
13273
13275
13281
13287
13291
13299
13306
13312
13315
13318
13319
13325
13331
13332
13336
13338
13343
13345
13346
13348
13351
13352
13359
13361
13362
13369
13370
13371
13377
13379
13382
13388
13389
13392
13395
13396
13400
13401
13404
13409
13413
13416
13418
13422
13426
13434
13436
13437
13440
13444
13446
13447
13454
13455
13458
13467
13476
13477
13478
13485
13487
13488
13489
13493
13494
13497
13498
13500
13501
13504
13507
13510
13511
13515
13520
13522
13541
13542
13544
13547
13552
13555
13556
13559
13562
13564
13565
13567
13569
13572
13578
13581
13583
13586
13588
13589
13591
13595
13600
13605
13607
13608
13609
13612
13615
13617
13621
13623
13627
13632
13635
13638
13639
13640
13644
13647
13649
13650
13651
13655
13656
13659
13660
13662
13664
13667
13668
13669
13670
13674
13679
13680
13681
13694
13698
13704
13708
13709
13713
13716
13733
13735
13736
13741
13744
13745
13753
13769
13772
13775
13777
13779
13785
13788
13791
13793
13805
13806
13811
13816
13819
13829
13830
13840
13843
13847
13854
13858
13863
13865
13871
13872
13878
13883
13884
13892
13895
13896
13898
13903
13906
13908
13911
13918
13919
13920
13921
13928
13929
13934
13948
13949
13950
13956
13970
13973
13977
13995
14002
14005
14006
14008
14013
14025
14027
14029
14034
14036
14038
14043
14049
14066
14067
14080
14081
14085
14097
14102
14108
14115
14116
14118
14126
14144
14146
14150
14153
14154
14162
14168
14172
14175
14177
14183
14185
14188
14195
14196
14202
14203
14206
14208
14221
14239
14246
14251
14252
14254
14257
14272
14276
14277
14283
14289
14290
14294
14295
14297
14298
14300
14302
14305
14306
14307
14308
14316
14317
14322
14334
14336
14342
14346
14349
14353
14356
14359
14366
14368
14369
14370
14371
14374
14375
14378
14384
14392
14396
14401
14410
14411
14412
14415
14421
14431
14432
14437
14438
14441
14442
14448
14449
14452
14454
14457
14460
14468
14473
14476
14478
14480
14481
14483
14486
14491
14493
14494
14496
14497
14505
14506
14507
14511
14512
14514
14515
14522
14525
14526
14528
14530
14534
14541
14542
14551
14553
14554
14555
14557
14560
14561
14563
14567
14572
14576
14577
14582
14583
14595
14596
14600
14603
14612
14614
14617
14619
14630
14634
14638
14640
14642
14647
14649
14660
14662
14664
14682
14683
14686
14692
14695
14696
14698
14700
14704
14706
14716
14717
14719
14724
14726
14729
14733
14735
14741
14743
14744
14749
14751
14759
14760
14761
14763
14767
14775
14777
14781
14793
14795
14796
14797
14811
14812
14813
14825
14826
14829
14834
14835
14836
14840
14849
14850
14851
14852
14853
14855
14857
14860
14862
14864
14865
14881
14905
14909
14910
14913
14914
14915
14918
14919
14922
14924
14929
14933
14941
14943
14945
14946
14948
14952
14953
14956
14957
14958
14964
14965
14967
14978
14980
14983
14988
14996
14999
15009
15013
15017
15023
15024
15025
15026
15030
15031
15037
15052
15053
15057
15058
15061
15068
15077
15080
15090
15092
15100
15103
15108
15111
15120
15122
15123
15144
15146
15148
15152
15153
15155
15157
15169
15170
15192
15195
15196
15206
15210
15220
15235
15236
15240
15243
15260
15263
15265
15267
15274
15275
15280
15281
15285
15294
15296
15306
15309
15322
15325
15328
15330
15338
15339
15352
15353
15356
15357
15361
15368
15373
15376
15379
15383
15386
15390
15394
15401
15408
15409
15413
15414
15416
15417
15423
15424
15430
15432
15437
15441
15443
15446
15447
15451
15452
15459
15462
15464
15474
15476
15479
15480
15483
15489
15493
15494
15499
15511
15517
15527
15528
15535
15538
15540
15542
15543
15544
15545
15547
15548
15549
15551
15556
15561
15562
15564
15569
15570
15574
15580
15587
15590
15595
15599
15604
15612
15614
15619
15623
15626
15627
15628
15629
15643
15649
15651
15652
15658
15664
15666
15668
15671
15673
15674
15679
15680
15682
15688
15692
15693
15697
15717
15719
15730
15731
15739
15741
15766
15769
15772
15774
15776
15777
15779
15783
15791
15795
15796
15802
15807
15808
15816
15820
15823
15824
15826
15829
15830
15831
15834
15835
15838
15846
15853
15854
15861
15866
15869
15870
15871
15875
15876
15881
15884
15887
15888
15895
15899
15904
15905
15916
15920
15929
15934
15937
15938
15939
15948
15961
15963
15964
15967
15972
15978
15981
15984
15999
16005
16009
16013
16014
16016
16017
16021
16025
16027
16030
16032
16033
16034
16037
16040
16041
16042
16044
16046
16049
16052
16058
16061
16069
16071
16077
16079
16093
16103
16105
16110
16116
16117
16118
16130
16137
16141
16143
16146
16148
16153
16154
16155
16160
16167
16173
16175
16176
16181
16183
16190
16193
16199
16202
16204
16205
16208
16213
16218
16232
16238
16239
16242
16251
16254
16257
16259
16261
16269
16273
16275
16276
16277
16278
16283
16292
16309
16315
16323
16324
16325
16326
16330
16333
16334
16339
16341
16350
16362
16370
16371
16385
16398
16402
16406
16411
16414
16424
16427
16433
16434
16439
16440
16442
16445
16451
16452
16454
16457
16458
16459
16460
16464
16475
16477
16480
16494
16499
16513
16522
16526
16531
16534
16536
16537
16538
16539
16542
16548
16554
16555
16556
16560
16564
16565
16576
16581
16584
16585
16586
16587
16598
16600
16604
16607
16610
16614
16618
16623
16624
16626
16632
16635
16639
16640
16658
16661
16667
16668
16669
16678
16682
16684
16688
16691
16693
16695
16709
16713
16717
16722
16724
16728
16734
16740
16741
16742
16745
16750
16751
16755
16758
16761
16764
16770
16776
16778
16782
16784
16785
16795
16796
16804
16805
16809
16815
16820
16825
16827
16830
16831
16833
16834
16835
16836
16837
16839
16840
16843
16844
16846
16850
16851
16853
16854
16857
16858
16859
16870
16881
16883
16884
16886
16887
16888
16889
16892
16894
16895
16902
16905
16917
16921
16929
16931
16933
16935
16942
16944
16947
16948
16954
16955
16958
16962
16971
16973
16974
16985
16987
16991
16995
17000
17008
17016
17022
17024
17033
17035
17038
17039
17041
17042
17055
17059
17061
17066
17067
17078
17079
17081
17082
17083
17085
17086
17089
17100
17106
17119
17121
17122
17123
17131
17140
17142
17150
17157
17161
17164
17171
17179
17180
17183
17184
17186
17188
17195
17197
17203
17207
17209
17222
17235
17237
17240
17241
17245
17253
17257
17258
17261
17263
17272
17281
17282
17284
17285
17290
17291
17293
17296
17298
17302
17304
17307
17309
17310
17312
17314
17316
17324
17328
17340
17341
17354
17360
17363
17364
17365
17366
17368
17381
17383
17387
17389
17391
17395
17400
17401
17403
17404
17406
17412
17414
17417
17418
17419
17420
17425
17438
17444
17448
17449
17452
17453
17455
17457
17458
17459
17462
17464
17471
17480
17487
17492
17494
17495
17498
17499
17508
17509
17511
17516
17518
17521
17531
17532
17535
17550
17554
17557
17559
17565
17569
17576
17580
17586
17599
17602
17603
17604
17610
17613
17614
17624
17629
17631
17637
17646
17647
17650
17652
17655
17662
17667
17669
17671
17677
17680
17682
17683
17684
17686
17690
17696
17702
17711
17712
17714
17717
17718
17721
17722
17728
17730
17732
17735
17742
17745
17746
17751
17752
17756
17757
17758
17759
17761
17768
17770
17773
17779
17788
17794
17795
17799
17807
17818
17820
17823
17825
17826
17832
17836
17837
17841
17844
17845
17855
17858
17862
17864
17867
17872
17874
17886
17887
17888
17899
17903
17909
17913
17915
17918
17925
17929
17932
17934
17940
17942
17949
17952
17954
17956
17957
17958
17959
17961
17964
17968
17969
17975
17977
17983
17985
17986
17990
17994
17998
17999
18005
18006
18007
18008
18010
18012
18013
18015
18018
18019
18021
18022
18025
18026
18030
18034
18035
18036
18051
18053
18054
18055
18058
18059
18060
18062
18065
18069
18075
18077
18080
18085
18088
18094
18095
18097
18099
18101
18103
18104
18105
18110
18119
18126
18130
18131
18132
18134
18136
18142
18149
18150
18159
18163
18169
18171
18173
18176
18177
18179
18180
18182
18184
18189
18190
18196
18199
18203
18205
18211
18212
18218
18220
18223
18225
18227
18228
18233
18235
18237
18239
18247
18250
18254
18255
18263
18265
18267
18268
18269
18277
18280
18282
18289
18291
18296
18299
18302
18304
18307
18311
18319
18326
18334
18335
18336
18338
18340
18342
18344
18346
18349
18350
18351
18352
18361
18362
18368
18371
18372
18376
18383
18386
18387
18390
18391
18394
18397
18399
18404
18409
18411
18412
18413
18414
18416
18423
18428
18429
18431
18432
18434
18436
18439
18443
18444
18445
18447
18450
18453
18456
18457
18458
18459
18464
18467
18468
18471
18478
18485
18488
18489
18490
18496
18499
18502
18506
18508
18510
18516
18518
18519
18522
18525
18526
18528
18529
18534
18535
18543
18547
18548
18550
18551
18553
18564
18567
18570
18583
18584
18586
18592
18598
18599
18603
18607
18609
18612
18623
18624
18625
18626
18629
18633
18635
18636
18637
18640
18644
18645
18654
18657
18658
18665
18668
18675
18680
18681
18684
18695
18698
18701
18704
18712
18716
18724
18726
18730
18731
18732
18734
18735
18739
18747
18750
18752
18756
18758
18764
18765
18767
18777
18778
18782
18783
18790
18794
18795
18797
18799
18800
18802
18821
18824
18826
18829
18855
18858
18861
18870
18871
18874
18877
18880
18885
18888
18891
18903
18913
18929
18945
18946
18947
18948
18956
18957
18959
18960
18965
18971
18972
18977
18986
18992
19003
19006
19017
19019
19024
19032
19037
19038
19040
19042
19051
19052
19055
19057
19062
19063
19070
19077
19080
19083
19086
19092
19094
19097
19105
19110
19111
19122
19125
19131
19151
19155
19163
19169
19170
19171
19177
19178
19193
19197
19204
19211
19226
19235
19245
19263
19271
19285
19287
19291
19296
19298
19311
19313
19314
19315
19319
19321
19322
19324
19325
19327
19328
19342
19345
19349
19352
19358
19362
19363
19367
19373
19375
19377
19382
19388
19390
19392
19396
19402
19411
19412
19425
19428
19429
19431
19446
19449
19453
19459
19465
19470
19478
19481
19482
19491
19493
19498
19510
19515
19519
19521
19522
19527
19530
19531
19535
19539
19540
19546
19547
19551
19557
19560
19562
19569
19571
19578
19585
19589
19590
19596
19599
19600
19608
19615
19623
19641
19644
19649
19650
19651
19657
19659
19669
19682
19683
19686
19689
19691
19702
19706
19707
19711
19714
19717
19723
19725
19728
19733
19736
19738
19753
19766
19773
19776
19778
19779
19784
19787
19796
19802
19803
19807
19808
19812
19817
19818
19821
19823
19824
19826
19827
19835
19838
19840
19845
19849
19852
19854
19857
19862
19868
19872
19873
19874
19876
19877
19880
19881
19894
19898
19905
19906
19909
19917
19921
19923
19927
19936
19940
19942
19946
19947
19949
19951
19953
19954
19958
19962
19965
19966
19968
19970
19973
19974
19983
19984
19985
19990
19992
19997
20004
20006
20012
20020
20021
20022
20029
20031
20032
20037
20040
20046
20048
20049
20059
20060
20062
20063
20066
20073
20085
20086
20090
20095
20097
20102
20105
20110
20111
20116
20128
20130
20136
20139
20143
20147
20155
20157
20159
20168
20172
20174
20175
20177
20180
20182
20183
20193
20200
20203
20204
20205
20212
20215
20216
20217
20218
20222
20225
20234
20236
20242
20244
20252
20253
20256
20258
20259
20268
20289
20290
20297
20300
20301
20306
20309
20311
20321
20323
20331
20332
20333
20335
20339
20340
20351
20365
20368
20375
20379
20383
20386
20389
20399
20402
20403
20407
20408
20414
20423
20425
20427
20430
20431
20433
20436
20441
20443
20444
20451
20453
20460
20466
20470
20476
20480
20484
20486
20489
20491
20492
20495
20496
20497
20512
20514
20518
20520
20524
20528
20529
20530
20531
20532
20537
20539
20541
20546
20549
20552
20554
20555
20556
20564
20565
20574
20575
20578
20582
20596
20603
20604
20607
20613
20616
20621
20625
20628
20631
20632
20633
20636
20641
20643
20647
20649
20650
20653
20655
20658
20664
20665
20668
20673
20678
20682
20685
20686
20692
20693
20694
20695
20696
20697
20705
20711
20730
20735
20736
20738
20741
20742
20744
20746
20751
20756
20762
20773
20776
20786
20791
20798
20804
20806
20807
20817
20821
20825
20830
20837
20850
20851
20854
20857
20858
20862
20874
20875
20883
20886
20892
20895
20897
20908
20921
20928
20944
20945
20949
20959
20962
20963
20970
20974
20975
20979
20980
20983
20985
21003
21010
21027
21030
21036
21037
21040
21046
21069
21075
21080
21095
21099
21101
21109
21114
21117
21120
21128
21139
21143
21145
21148
21149
21151
21159
21161
21162
21163
21164
21165
21167
21172
21175
21177
21182
21186
21193
21206
21207
21208
21211
21212
21214
21218
21240
21259
21263
21264
21266
21271
21273
21282
21297
21308
21316
21317
21326
21333
21340
21342
21346
21347
21355
21356
21357
21358
21378
21379
21384
21388
21394
21395
21397
21399
21409
21415
21419
21425
21431
21432
21436
21452
21453
21456
21458
21459
21473
21475
21479
21481
21483
21489
21490
21493
21497
21504
21508
21511
21520
21530
21535
21543
21545
21547
21564
21566
21572
21574
21575
21576
21583
21586
21590
21598
21605
21611
21618
21619
21622
21626
21627
21631
21635
21644
21654
21659
21667
21694
21703
21704
21705
21712
21718
21720
21721
21743
21746
21752
21793
21796
21813
21814
21824
21826
21827
21831
21832
21833
21837
21839
21847
21849
21853
21865
21866
21875
21890
21895
21900
21901
21903
21907
21914
21924
21937
21950
21960
21968
21971
21973
21976
21981
21989
21997
22006
22008
22013
22021
22031
22032
22033
22035
22047
22053
22057
22059
22061
22064
22069
22078
22085
22091
22099
22106
22109
22133
22137
22149
22153
22190
22201
22208
22214
22227
22245
22249
22254
22255
22257
22269
22277
22281
22290
22329
22344
22345
22349
22364
22366
22373
22382
22386
22392
22402
22406
22407
22444
22452
22459
22460
22505
22513
22538
22541
22542
22557
22565
22567
22568
22571
22576
22598
22613
22623
22627
22628
22649
22662
22665
22670
22695
22697
22699
22712
22717
22718
22732
22733
22734
22739
22743
22765
22769
22787
22790
22804
22807
22822
22851
22854
22858
22865
22879
22882
22891
22896
22904
22928
22933
22941
22957
22965
22971
22973
22984
22988
22992
22999
23006
23012
23013
23014
23018
23029
23032
23034
23037
23043
23057
23065
23069
23082
23114
23134
23168
23173
23180
23187
23206
23207
23208
23217
23244
23246
23247
23256
23269
23283
23289
23295
23313
23322
23334
23406
23418
23488
23493
23496
23501
23503
23532
23534
23546
23556
23557
23560
23565
23570
23582
23632
23644
23672
23679
23681
23701
23708
23733
23745
23754
23758
23771
23789
23791
23801
23812
23831
23841
23848
23852
23855
23862
23863
23879
23884
23896
23899
23903
23912
23924
23940
23949
23952
23959
23962
23968
24000
24008
24029
24033
24034
24036
24045
24049
24053
24055
24056
24059
24069
24101
24111
24120
24127
24129
24142
24144
24164
24170
24192
24205
24207
24245
24248
24257
24260
24267
24272
24286
24299
24305
24311
24314
24318
24323
24332
24347
24358
24369
24379
24402
24406
24410
24415
24418
24437
24447
24448
24450
24455
24501
24506
24507
24510
24513
24514
24517
24518
24523
24526
24538
24674
24706
24725
24727
24749
24807
24808
24818
24848
24873
24875
24898
24899
24921
24937
24940
24951
24992
24997
25017
25020
25024
25027
25034
25051
25061
25069
25089
25096
25098
25110
25114
25125
25128
25137
25155
25162
25171
25180
25204
25205
25211
25213
25218
25220
25230
25240
25254
25265
25284
25288
25304
25307
25354
25362
25376
25386
25388
25396
25399
25401
25421
25422
25446
25452
25458
25463
25465
25471
25504
25542
25544
25573
25659
25668
25673
25702
25705
25739
25765
25797
25798
25822
25831
25848
25856
25893
25894
25901
25906
25911
25924
25943
25958
25978
25979
25996
26002
26012
26015
26025
26036
26045
26071
26078
26082
26091
26125
26157
26173
26203
26215
26267
26275
26295
26304
26358
26368
26370
26378
26382
26385
26397
26398
26404
26434
26436
26438
26439
26443
26444
26493
26494
26498
26527
26542
26564
26581
26583
26585
26588
26599
26621
26625
26666
26675
26701
26725
26730
26731
26755
26765
26767
26787
26825
26833
26848
26868
26878
26881
26888
26895
26898
26899
26909
26920
26932
26933
26945
26958
26966
26972
26986
27004
27058
27059
27062
27067
27091
27106
27109
27145
27170
27172
27204
27210
27212
27218
27237
27239
27251
27264
27266
27270
27272
27277
27304
27311
27315
27334
27335
27338
27349
27354
27367
27379
27382
27385
27387
27393
27399
27413
27416
27425
27439
27450
27476
27480
27482
27483
27485
27491
27503
27520
27522
27525
27528
27536
27568
27587
27597
27603
27606
27610
27611
27618
27620
27652
27666
27682
27706
27710
27751
27759
27780
27792
27794
27795
27824
27829
27839
27851
27854
27861
27863
27884
27894
27904
27905
27906
27913
27926
27929
27930
27936
27945
27950
27954
27960
27963
27970
27971
27975
27983
27991
28006
28021
28036
28044
28045
28049
28062
28064
28065
28066
28073
28082
28099
28106
28113
28118
28132
28146
28150
28169
28171
28178
28183
28196
28202
28207
28212
28220
28260
28262
28263
28264
28273
28288
28300
28306
28310
28318
28323
28337
28340
28342
28366
28367
28377
28379
28412
28413
28428
28438
28442
28449
28453
28463
28468
28471
28474
28475
28476
28487
28496
28498
28523
28534
28539
28541
28542
28543
28550
28551
28559
28571
28574
28576
28591
28592
28593
28598
28607
28617
28619
28627
28630
28632
28637
28638
28645
28659
28662
28669
28676
28677
28691
28696
28701
28702
28703
28715
28724
28732
28741
28742
28756
28767
28787
28789
28794
28796
28798
28813
28832
28836
28841
28859
28866
28872
28873
28876
28879
28886
28888
28896
28902
28909
28914
28915
28918
28928
28966
28971
28975
28991
28994
28995
29015
29023
29040
29047
29048
29049
29054
29055
29058
29059
29062
29063
29064
29079
29080
29084
29086
29088
29091
29093
29096
29101
29104
29115
29117
29123
29126
29127
29130
29131
29142
29147
29148
29151
29153
29157
29158
29160
29171
29173
29176
29177
29179
29183
29185
29193
29194
29195
29202
29203
29208
29209
29218
29223
29229
29230
29232
29234
29236
29237
29242
29244
29246
29249
29251
29254
29255
29262
29263
29275
29282
29283
29284
29287
29288
29307
29313
29316
29317
29319
29322
29328
29336
29337
29340
29342
29345
29346
29347
29352
29370
29371
29372
29374
29376
29384
29387
29390
29394
29397
29401
29403
29407
29413
29419
29420
29423
29428
29429
29430
29435
29438
29439
29450
29454
29457
29461
29462
29468
29472
29475
29478
29483
29485
29486
29491
29494
29498
29499
29503
29513
29520
29521
29525
29527
29530
29533
29535
29537
29541
29552
29557
29569
29575
29580
29584
29595
29599
29601
29605
29612
29614
29615
29621
29623
29629
29638
29644
29650
29654
29661
29662
29666
29668
29670
29672
29674
29681
29684
29685
29687
29688
29691
29692
29694
29696
29698
29699
29702
29704
29707
29708
29709
29716
29717
29720
29722
29730
29734
29739
29740
29746
29750
29753
29758
29760
29762
29768
29775
29787
29793
29801
29807
29813
29817
29821
29822
29824
29835
29836
29837
29839
29842
29846
29849
29851
29858
29860
29861
29865
29869
29871
29880
29883
29891
29894
29895
29903
29908
29909
29911
29913
29917
29918
29921
29926
29936
29946
29948
29952
29961
29974
29975
29978
29981
29985
29986
29995
29998
30005
30008
30011
30015
30016
30021
30026
30030
30036
30037
30049
30058
30060
30092
30095
30096
30104
30109
30110
30116
30120
30124
30126
30128
30130
30131
30132
30137
30138
30143
30144
30148
30150
30151
30157
30161
30167
30170
30180
30187
30191
30205
30213
30216
30224
30227
30230
30239
30241
30246
30257
30259
30261
30267
30281
30282
30283
30287
30290
30291
30299
30300
30301
30323
30326
30327
30339
30341
30360
30363
30364
30369
30381
30391
30401
30402
30409
30416
30419
30424
30429
30431
30446
30448
30450
30455
30460
30468
30473
30484
30493
30494
30506
30507
30508
30517
30518
30520
30522
30530
30533
30536
30545
30551
30556
30557
30565
30587
30599
30602
30610
30618
30619
30621
30659
30660
30662
30663
30672
30673
30676
30679
30681
30684
30695
30703
30709
30710
30717
30721
30729
30734
30737
30742
30753
30757
30758
30762
30767
30769
30772
30773
30785
30786
30799
30800
30802
30803
30808
30814
30820
30828
30831
30838
30839
30845
30876
30879
30888
30889
30895
30899
30903
30911
30912
30916
30936
30956
30958
30961
30963
30967
30972
30975
30976
30981
30984
30986
30989
31002
31008
31015
31022
31029
31036
31037
31039
31058
31061
31077
31091
31111
31113
31126
31129
31140
31142
31148
31150
31152
31158
31159
31160
31164
31168
31169
31171
31183
31190
31196
31198
31200
31201
31202
31205
31206
31211
31212
31216
31217
31220
31229
31232
31234
31236
31252
31253
31256
31261
31263
31264
31265
31267
31273
31286
31296
31301
31302
31319
31323
31325
31339
31354
31355
31364
31369
31373
31382
31386
31389
31390
31403
31412
31413
31421
31423
31425
31434
31446
31449
31455
31456
31461
31466
31468
31474
31482
31490
31494
31495
31502
31508
31517
31533
31541
31568
31572
31579
31585
31586
31598
31600
31612
31622
31625
31641
31644
31649
31657
31662
31673
31674
31675
31688
31700
31704
31707
31712
31726
31732
31738
31756
31760
31762
31771
31775
31778
31798
31799
31808
31810
31817
31821
31829
31834
31839
31842
31851
31857
31860
31863
31872
31875
31878
31881
31882
31891
31899
31901
31908
31910
31912
31923
31941
31943
31947
31978
31992
31995
32001
32002
32011
32021
32028
32038
32039
32041
32045
32053
32056
32071
32085
32086
32090
32092
32093
32099
32100
32101
32102
32110
32112
32113
32122
32123
32128
32140
32144
32146
32151
32163
32167
32170
32176
32180
32186
32187
32190
32196
32202
32206
32207
32211
32212
32223
32225
32230
32232
32237
32238
32239
32240
32242
32245
32246
32255
32257
32260
32268
32270
32273
32276
32278
32286
32290
32307
32310
32311
32312
32315
32316
32323
32326
32327
32328
32329
32332
32334
32336
32337
32340
32341
32344
32345
32352
32360
32362
32364
32365
32372
32373
32375
32379
32384
32385
32389
32392
32400
32408
32420
32424
32429
32432
32438
32440
32443
32448
32454
32459
32462
32463
32467
32468
32472
32478
32479
32488
32492
32493
32494
32499
32504
32506
32507
32513
32514
32525
32529
32544
32545
32549
32557
32561
32568
32576
32597
32600
32611
32612
32619
32620
32633
32637
32643
32653
32656
32659
32661
32673
32674
32676
32678
32680
32691
32693
32701
32703
32705
32714
32722
32733
32735
32739
32743
32748
32751
32752
32753
32760
32764
32766
32767
32771
32773
32781
32787
32805
32815
32816
32819
32820
32823
32830
32831
32833
32840
32854
32858
32859
32868
32869
32872
32874
32875
32877
32880
32881
32886
32890
32893
32909
32913
32917
32920
32924
32926
32929
32933
32935
32944
32947
32954
32955
32958
32963
32971
32974
32985
32987
32988
32995
32996
32997
33000
33007
33009
33024
33027
33028
33032
33033
33037
33038
33039
33042
33047
33066
33074
33082
33083
33084
33092
33096
33097
33098
33100
33111
33112
33115
33116
33120
33124
33129
33132
33134
33135
33139
33142
33143
33158
33166
33171
33175
33177
33179
33186
33188
33192
33194
33202
33205
33206
33211
33215
33219
33223
33241
33247
33249
33258
33267
33269
33272
33274
33277
33289
33291
33298
33302
33311
33314
33319
33320
33332
33337
33345
33347
33351
33359
33369
33373
33377
33380
33383
33408
33410
33414
33426
33428
33432
33433
33453
33455
33462
33468
33470
33477
33517
33522
33524
33539
33544
33546
33549
33554
33561
33562
33565
33569
33576
33585
33587
33591
33595
33597
33602
33604
33621
33626
33638
33641
33649
33657
33662
33669
33682
33683
33684
33685
33693
33702
33706
33713
33715
33718
33719
33723
33729
33731
33732
33733
33737
33739
33742
33745
33747
33750
33755
33756
33761
33762
33764
33768
33769
33771
33772
33778
33779
33780
33781
33782
33783
33784
33785
33790
33797
33799
33801
33802
33807
33810
33813
33815
33817
33821
33822
33827
33830
33831
33842
33850
33854
33860
33866
33869
33872
33874
33876
33879
33880
33883
33888
33891
33895
33896
33897
33901
33903
33907
33910
33912
33914
33919
33922
33925
33928
33930
33934
33936
33943
33945
33950
33951
33955
33961
33968
33974
33979
33980
33983
33992
33993
34001
34011
34032
34035
34046
34049
34053
34054
34057
34064
34065
34072
34075
34076
34077
34082
34089
34097
34099
34101
34106
34111
34112
34113
34123
34124
34125
34126
34130
34141
34142
34145
34148
34156
34159
34171
34172
34177
34178
34182
34183
34191
34198
34202
34211
34216
34217
34232
34236
34239
34240
34242
34244
34262
34264
34267
34273
34285
34286
34287
34295
34299
34300
34303
34308
34316
34318
34319
34320
34324
34332
34333
34337
34338
34340
34341
34342
34343
34345
34359
34361
34363
34367
34369
34373
34379
34381
34385
34389
34392
34400
34401
34409
34414
34416
34421
34424
34426
34428
34438
34446
34448
34453
34458
34459
34462
34464
34466
34472
34474
34484
34486
34492
34496
34498
34499
34504
34505
34506
34508
34509
34511
34513
34520
34528
34539
34541
34543
34547
34552
34554
34556
34559
34562
34567
34573
34574
34578
34581
34584
34585
34590
34596
34597
34598
34599
34601
34604
34606
34607
34609
34611
34612
34613
34616
34619
34624
34629
34640
34646
34651
34657
34659
34668
34672
34676
34687
34689
34691
34696
34699
34702
34703
34708
34716
34717
34719
34720
34727
34734
34735
34736
34737
34748
34756
34757
34758
34764
34771
34773
34776
34777
34779
34781
34782
34787
34789
34790
34800
34801
34812
34814
34818
34820
34822
34824
34825
34829
34830
34838
34841
34843
34844
34845
34848
34849
34850
34865
34866
34868
34873
34876
34877
34882
34884
34887
34889
34893
34901
34902
34904
34905
34908
34909
34912
34917
34920
34924
34927
34930
34932
34933
34934
34941
34943
34946
34950
34951
34958
34965
34970
34972
34975
34977
34980
34986
34987
34995
34996
34998
34999
35004
35011
35012
35018
35021
35027
35028
35030
35038
35041
35060
35074
35075
35076
35077
35079
35086
35088
35089
35094
35097
35102
35105
35108
35109
35112
35121
35125
35133
35134
35143
35144
35147
35148
35151
35156
35164
35168
35171
35179
35182
35184
35185
35186
35189
35190
35193
35196
35201
35208
35212
35216
35217
35234
35255
35257
35259
35261
35263
35268
35273
35274
35278
35281
35283
35285
35298
35302
35305
35316
35323
35329
35331
35332
35335
35343
35350
35353
35355
35361
35362
35365
35375
35377
35381
35383
35384
35388
35391
35392
35393
35394
35398
35401
35403
35404
35407
35410
35414
35417
35429
35431
35437
35447
35448
35450
35456
35457
35461
35468
35472
35479
35484
35485
35488
35503
35505
35509
35510
35511
35512
35514
35515
35517
35523
35524
35526
35531
35535
35536
35540
35542
35552
35553
35560
35561
35566
35567
35569
35570
35573
35576
35577
35578
35581
35584
35586
35590
35593
35599
35604
35606
35611
35616
35619
35621
35622
35624
35632
35633
35634
35637
35638
35639
35650
35651
35653
35656
35659
35667
35675
35682
35688
35689
35691
35695
35697
35699
35700
35707
35710
35712
35714
35719
35730
35731
35733
35738
35746
35753
35757
35760
35774
35781
35785
35787
35788
35789
35791
35793
35796
35797
35800
35801
35802
35807
35811
35812
35813
35819
35820
35822
35825
35827
35832
35841
35844
35850
35868
35877
35880
35892
35894
35896
35903
35916
35917
35927
35937
35941
35948
35954
35959
35965
35966
35971
35977
35978
35979
35983
35987
35998
36007
36011
36018
36019
36021
36028
36030
36033
36035
36037
36043
36047
36051
36052
36053
36054
36062
36063
36069
36072
36073
36076
36077
36079
36081
36082
36084
36085
36090
36100
36102
36107
36110
36114
36115
36117
36118
36120
36121
36124
36126
36128
36141
36147
36149
36151
36152
36153
36164
36168
36169
36175
36181
36192
36200
36205
36206
36207
36216
36222
36229
36230
36232
36236
36251
36263
36265
36267
36269
36274
36275
36277
36281
36285
36291
36295
36299
36315
36317
36322
36330
36338
36343
36350
36352
36358
36361
36362
36363
36364
36365
36366
36370
36371
36374
36375
36377
36380
36383
36391
36407
36411
36415
36422
36426
36430
36434
36436
36441
36442
36444
36450
36456
36464
36466
36471
36472
36474
36478
36480
36481
36482
36491
36495
36496
36513
36516
36517
36522
36530
36536
36540
36544
36545
36550
36552
36553
36557
36559
36565
36570
36571
36578
36585
36586
36589
36590
36591
36593
36596
36599
36600
36601
36620
36622
36626
36634
36640
36647
36649
36652
36658
36659
36660
36661
36667
36669
36671
36672
36673
36678
36684
36685
36688
36689
36694
36698
36701
36714
36716
36725
36730
36732
36733
36735
36737
36739
36742
36743
36746
36751
36752
36754
36760
36762
36766
36767
36770
36772
36773
36778
36780
36782
36786
36787
36795
36801
36803
36809
36820
36821
36822
36825
36826
36828
36831
36836
36840
36841
36843
36844
36847
36848
36849
36854
36856
36862
36865
36873
36874
36877
36885
36887
36889
36899
36901
36909
36910
36916
36920
36921
36922
36928
36932
36933
36938
36940
36944
36948
36954
36960
36963
36964
36966
36970
36974
36982
36983
36989
36991
36995
37000
37002
37003
37005
37015
37025
37030
37034
37035
37042
37043
37044
37047
37048
37055
37060
37068
37073
37084
37088
37090
37094
37096
37104
37108
37109
37113
37114
37119
37121
37125
37126
37128
37130
37131
37136
37137
37138
37141
37144
37153
37154
37158
37160
37161
37162
37166
37173
37175
37176
37178
37180
37183
37184
37189
37196
37197
37200
37202
37204
37205
37210
37213
37216
37218
37219
37226
37237
37253
37255
37256
37257
37260
37264
37265
37268
37274
37277
37279
37285
37286
37298
37305
37315
37318
37319
37321
37324
37325
37327
37341
37342
37343
37356
37361
37364
37365
37369
37375
37379
37380
37381
37385
37388
37390
37401
37404
37411
37412
37414
37426
37428
37438
37439
37440
37441
37442
37443
37450
37451
37452
37453
37456
37458
37459
37460
37462
37469
37473
37476
37490
37491
37495
37497
37499
37502
37503
37504
37506
37507
37508
37510
37511
37515
37523
37524
37533
37534
37538
37542
37545
37546
37548
37556
37560
37563
37568
37579
37580
37583
37591
37592
37594
37599
37601
37603
37605
37606
37607
37610
37611
37613
37618
37619
37621
37627
37628
37630
37632
37636
37642
37644
37654
37655
37658
37660
37663
37666
37672
37673
37674
37679
37680
37684
37687
37689
37692
37697
37699
37705
37707
37711
37716
37717
37719
37721
37724
37725
37727
37729
37736
37739
37742
37747
37752
37754
37755
37757
37763
37766
37767
37771
37774
37775
37776
37780
37781
37782
37789
37790
37792
37799
37807
37809
37812
37814
37816
37819
37825
37827
37828
37832
37833
37840
37842
37850
37852
37858
37860
37861
37862
37865
37867
37869
37870
37872
37876
37878
37882
37896
37898
37899
37901
37902
37910
37914
37921
37923
37924
37925
37927
37932
37935
37942
37946
37948
37950
37954
37956
37975
37979
37981
37990
38004
38007
38019
38020
38023
38026
38031
38033
38034
38046
38055
38058
38063
38069
38070
38072
38077
38079
38086
38087
38090
38095
38096
38097
38098
38102
38103
38106
38112
38114
38117
38119
38124
38125
38127
38129
38130
38133
38140
38144
38151
38153
38154
38157
38162
38174
38178
38194
38195
38196
38197
38200
38205
38210
38215
38219
38225
38236
38238
38241
38242
38244
38246
38255
38259
38265
38266
38267
38270
38275
38276
38282
38289
38304
38310
38318
38323
38324
38327
38332
38337
38341
38353
38358
38361
38371
38376
38381
38385
38386
38391
38394
38395
38400
38401
38403
38405
38411
38415
38416
38417
38418
38419
38423
38431
38432
38433
38435
38437
38446
38447
38453
38456
38457
38479
38486
38489
38498
38502
38506
38509
38511
38515
38516
38519
38535
38536
38538
38539
38552
38555
38556
38561
38562
38568
38574
38576
38578
38580
38587
38590
38593
38597
38601
38603
38604
38607
38608
38610
38615
38616
38617
38622
38623
38628
38629
38631
38633
38635
38637
38638
38641
38642
38653
38654
38655
38659
38660
38662
38666
38667
38670
38672
38673
38679
38684
38690
38691
38693
38699
38708
38714
38715
38721
38726
38727
38737
38751
38757
38761
38762
38767
38768
38778
38783
38788
38790
38795
38796
38800
38802
38804
38806
38809
38811
38813
38815
38816
38822
38830
38832
38840
38847
38849
38857
38859
38860
38861
38863
38864
38865
38869
38874
38876
38878
38882
38899
38900
38901
38904
38908
38910
38911
38912
38916
38918
38921
38925
38929
38935
38939
38944
38945
38952
38954
38957
38958
38959
38964
38968
38970
38974
38975
38977
38981
38983
38984
38987
38992
39001
39007
39008
39010
39015
39017
39018
39021
39023
39025
39026
39027
39031
39034
39035
39038
39039
39040
39041
39042
39043
39049
39054
39056
39062
39063
39066
39073
39077
39078
39079
39091
39103
39105
39107
39110
39111
39113
39114
39118
39121
39122
39129
39130
39131
39134
39135
39139
39142
39144
39145
39150
39157
39159
39160
39163
39165
39167
39169
39171
39172
39173
39179
39186
39187
39191
39193
39197
39200
39207
39209
39212
39214
39222
39223
39225
39226
39229
39232
39235
39236
39246
39249
39252
39253
39256
39259
39264
39266
39267
39268
39270
39274
39284
39286
39291
39297
39301
39310
39316
39318
39319
39324
39328
39329
39331
39332
39336
39337
39340
39341
39345
39350
39355
39358
39359
39360
39367
39370
39373
39376
39379
39381
39382
39385
39387
39388
39391
39393
39398
39404
39406
39407
39411
39418
39421
39439
39440
39444
39446
39447
39449
39452
39456
39457
39460
39462
39464
39465
39474
39478
39481
39487
39488
39490
39495
39500
39501
39502
39504
39505
39506
39508
39511
39516
39519
39521
39522
39526
39528
39529
39530
39534
39537
39538
39541
39546
39548
39550
39554
39556
39565
39573
39576
39581
39582
39583
39587
39589
39592
39593
39596
39598
39599
39608
39610
39616
39621
39624
39627
39630
39631
39633
39635
39637
39642
39648
39650
39659
39660
39662
39664
39668
39671
39673
39676
39682
39686
39688
39690
39691
39693
39696
39697
39713
39715
39719
39720
39723
39724
39734
39735
39736
39739
39741
39746
39749
39751
39755
39758
39762
39763
39765
39771
39772
39780
39781
39782
39789
39793
39798
39800
39801
39805
39819
39821
39827
39829
39830
39832
39834
39835
39840
39843
39844
39849
39851
39853
39860
39861
39865
39867
39870
39872
39874
39877
39879
39883
39889
39893
39894
39895
39897
39900
39901
39907
39908
39914
39915
39916
39922
39930
39932
39933
39937
39941
39943
39951
39954
39955
39956
39962
39969
39973
39978
39979
39983
39987
39988
39993
39994
39996
40000
40001
40002
40007
40008
40013
40017
40018
40021
40022
40032
40033
40034
40039
40043
40045
40048
40051
40059
40063
40066
40068
40069
40070
40072
40073
40075
40076
40077
40078
40080
40082
40087
40088
40091
40096
40099
40101
40102
40105
40113
40118
40120
40121
40122
40123
40126
40130
40132
40133
40134
40136
40137
40138
40145
40147
40150
40153
40154
40155
40160
40167
40169
40171
40174
40175
40177
40184
40185
40192
40196
40197
40199
40202
40213
40215
40216
40222
40224
40227
40228
40233
40236
40239
40241
40242
40244
40245
40250
40259
40262
40265
40269
40273
40274
40275
40276
40277
40284
40286
40290
40293
40299
40304
40308
40313
40314
40315
40320
40322
40325
40328
40333
40334
40335
40343
40348
40353
40354
40355
40361
40362
40364
40368
40373
40376
40383
40385
40386
40387
40391
40393
40394
40395
40402
40406
40407
40408
40409
40410
40415
40417
40421
40422
40427
40429
40432
40437
40439
40443
40448
40450
40461
40462
40466
40467
40470
40476
40478
40481
40482
40484
40485
40486
40487
40499
40502
40503
40505
40506
40507
40508
40509
40510
40518
40530
40532
40540
40543
40547
40549
40553
40554
40558
40561
40565
40568
40569
40574
40575
40578
40585
40587
40603
40605
40606
40611
40618
40628
40631
40632
40635
40638
40648
40649
40650
40655
40668
40669
40671
40674
40676
40678
40680
40693
40696
40697
40699
40701
40706
40711
40712
40713
40714
40716
40717
40718
40722
40731
40734
40738
40744
40746
40751
40752
40754
40758
40765
40767
40770
40772
40782
40787
40788
40789
40790
40791
40793
40797
40801
40813
40818
40825
40828
40836
40841
40843
40844
40848
40850
40859
40860
40870
40871
40875
40882
40885
40886
40887
40897
40903
40905
40908
40909
40910
40917
40919
40925
40927
40928
40932
40933
40935
40936
40937
40939
40940
40949
40954
40955
40956
40959
40963
40968
40969
40972
40973
40974
40980
40983
40985
40988
40991
40993
40994
40997
40998
41001
41005
41006
41009
41012
41013
41014
41019
41022
41024
41025
41030
41031
41032
41035
41040
41046
41048
41054
41055
41057
41059
41062
41067
41071
41072
41075
41079
41084
41085
41090
41093
41094
41095
41106
41108
41110
41111
41115
41116
41122
41123
41127
41129
41130
41134
41137
41139
41140
41143
41145
41147
41163
41166
41169
41172
41174
41176
41181
41182
41185
41193
41195
41201
41204
41206
41209
41210
41216
41225
41228
41234
41243
41244
41246
41250
41252
41257
41264
41266
41272
41274
41276
41280
41282
41283
41285
41288
41290
41292
41296
41299
41300
41303
41306
41309
41311
41313
41314
41316
41328
41333
41334
41344
41347
41348
41357
41363
41364
41370
41373
41377
41378
41379
41385
41386
41388
41389
41391
41393
41394
41406
41410
41418
41425
41431
41432
41435
41438
41444
41448
41450
41453
41457
41462
41467
41479
41480
41483
41485
41486
41489
41497
41503
41508
41512
41513
41515
41519
41521
41525
41527
41529
41536
41537
41545
41548
41549
41555
41558
41562
41563
41564
41565
41566
41570
41574
41575
41577
41582
41583
41586
41594
41598
41601
41602
41610
41613
41615
41621
41623
41624
41625
41633
41637
41638
41644
41648
41650
41653
41660
41666
41667
41671
41673
41678
41680
41683
41686
41690
41691
41693
41698
41699
41702
41707
41710
41711
41713
41716
41718
41720
41722
41723
41724
41725
41728
41729
41731
41744
41748
41749
41750
41754
41757
41763
41767
41769
41771
41773
41776
41779
41785
41787
41788
41791
41794
41799
41802
41806
41812
41815
41823
41828
41829
41834
41841
41842
41844
41845
41846
41848
41851
41852
41861
41866
41871
41874
41876
41880
41884
41885
41892
41893
41903
41904
41905
41908
41911
41913
41917
41921
41924
41926
41930
41936
41937
41944
41945
41949
41958
41961
41965
41968
41973
41976
41979
41981
41992
41994
41998
42003
42004
42005
42006
42007
42008
42014
42019
42024
42029
42033
42037
42047
42049
42050
42054
42059
42061
42062
42064
42069
42073
42074
42083
42084
42086
42089
42092
42093
42095
42101
42103
42106
42110
42112
42113
42114
42119
42127
42131
42134
42135
42137
42140
42147
42151
42153
42160
42161
42162
42170
42171
42178
42181
42182
42189
42193
42195
42196
42205
42209
42210
42211
42212
42213
42215
42222
42223
42225
42227
42229
42236
42237
42244
42250
42251
42255
42256
42257
42259
42260
42261
42265
42269
42272
42275
42281
42282
42288
42293
42294
42301
42302
42305
42314
42316
42319
42320
42321
42324
42327
42328
42330
42332
42333
42335
42336
42338
42341
42342
42345
42349
42356
42360
42363
42364
42365
42368
42369
42370
42372
42374
42377
42378
42379
42385
42387
42391
42392
42399
42400
42401
42404
42405
42407
42408
42409
42413
42417
42418
42421
42424
42426
42427
42431
42437
42439
42441
42442
42443
42444
42447
42453
42454
42459
42460
42462
42463
42464
42466
42470
42471
42472
42473
42474
42475
42476
42478
42484
42486
42490
42491
42492
42494
42495
42499
42501
42502
42503
42504
42507
42508
42509
42511
42513
42514
42515
42516
42517
42519
42524
42526
42528
42536
42538
42540
42541
42543
42544
42557
42563
42565
42567
42571
42575
42577
42578
42579
42583
42584
42591
42593
42595
42608
42609
42610
42614
42617
42625
42626
42627
42629
42630
42640
42641
42642
42645
42649
42651
42653
42656
42660
42661
42668
42670
42675
42680
42683
42691
42692
42693
42701
42709
42719
42720
42721
42722
42723
42728
42732
42736
42746
42748
42749
42750
42751
42753
42755
42760
42766
42772
42776
42777
42779
42783
42789
42796
42798
42807
42812
42815
42816
42818
42823
42827
42829
42837
42845
42847
42852
42856
42862
42865
42867
42868
42869
42877
42878
42879
42880
42887
42895
42904
42906
42909
42913
42914
42915
42919
42921
42922
42931
42933
42934
42935
42936
42938
42939
42940
42944
42949
42954
42955
42957
42963
42969
42971
42974
42975
42976
42978
42982
42984
42986
42989
43002
43009
43019
43020
43023
43028
43030
43033
43035
43036
43038
43041
43043
43048
43051
43052
43059
43063
43065
43066
43069
43070
43071
43072
43075
43076
43077
43078
43081
43089
43096
43098
43100
43113
43116
43120
43131
43132
43135
43138
43139
43141
43144
43152
43153
43159
43160
43162
43167
43169
43172
43174
43175
43177
43178
43180
43184
43185
43186
43202
43212
43213
43217
43220
43227
43230
43234
43235
43236
43239
43240
43241
43243
43245
43246
43250
43251
43256
43257
43259
43261
43264
43265
43269
43270
43271
43281
43284
43286
43288
43291
43292
43296
43297
43299
43301
43304
43309
43315
43316
43318
43324
43326
43342
43345
43347
43350
43351
43355
43358
43365
43369
43373
43375
43378
43385
43386
43390
43392
43394
43396
43403
43404
43405
43410
43414
43415
43416
43419
43420
43424
43432
43433
43434
43435
43437
43444
43449
43454
43457
43460
43461
43463
43464
43469
43476
43478
43482
43490
43491
43494
43495
43497
43500
43508
43511
43513
43522
43529
43538
43542
43545
43546
43548
43551
43557
43568
43572
43575
43578
43582
43585
43586
43594
43595
43596
43597
43602
43604
43605
43606
43613
43614
43618
43619
43628
43631
43633
43635
43637
43642
43646
43648
43650
43652
43656
43657
43659
43661
43662
43664
43665
43670
43671
43672
43673
43674
43675
43676
43679
43682
43686
43688
43696
43697
43699
43700
43702
43712
43714
43715
43716
43718
43720
43724
43725
43728
43729
43730
43734
43743
43744
43746
43748
43759
43760
43764
43765
43767
43773
43775
43777
43782
43783
43784
43792
43801
43808
43816
43818
43826
43827
43829
43832
43836
43838
43842
43844
43847
43848
43852
43853
43854
43859
43862
43865
43871
43875
43876
43877
43878
43881
43884
43886
43887
43888
43894
43896
43897
43900
43905
43907
43908
43910
43913
43917
43922
43928
43933
43935
43936
43937
43938
43939
43941
43942
43944
43945
43947
43948
43952
43953
43958
43960
43962
43965
43966
43968
43969
43971
43975
43976
43979
43983
43986
43987
43988
43990
43992
43993
43994
43996
43999
44000
44002
44005
44008
44010
44012
44013
44014
44015
44016
44019
44022
44024
44026
44029
44032
44034
44035
44036
44038
44039
44042
44046
44047
44050
44051
44055
44057
44060
44061
44063
44065
44066
44072
44074
44076
44082
44083
44087
44090
44096
44097
44098
44100
44104
44110
44111
44113
44114
44116
44120
44122
44128
44129
44130
44133
44134
44139
44140
44141
44142
44144
44148
44153
44156
44162
44164
44166
44169
44170
44171
44175
44176
44178
44179
44183
44187
44188
44190
44192
44194
44196
44197
44199
44201
44202
44209
44211
44218
44221
44223
44225
44232
44233
44238
44239
44240
44245
44251
44255
44256
44259
44261
44262
44263
44264
44268
44273
44275
44280
44287
44288
44289
44293
44296
44300
44302
44304
44308
44310
44313
44317
44318
44319
44322
44328
44333
44334
44336
44341
44344
44345
44347
44348
44349
44350
44352
44357
44358
44359
44360
44362
44363
44365
44376
44377
44389
44390
44391
44396
44399
44400
44404
44406
44408
44411
44413
44419
44426
44428
44429
44431
44433
44436
44437
44440
44447
44452
44457
44464
44465
44466
44467
44470
44476
44481
44482
44486
44490
44491
44499
44503
44504
44506
44510
44515
44516
44517
44522
44523
44528
44529
44536
44544
44545
44549
44552
44557
44563
44565
44567
44568
44569
44575
44578
44579
44581
44582
44584
44585
44587
44589
44591
44597
44600
44602
44603
44607
44608
44609
44610
44616
44618
44622
44630
44632
44633
44636
44637
44638
44639
44643
44646
44647
44649
44653
44654
44655
44656
44657
44658
44660
44661
44664
44667
44668
44671
44675
44676
44677
44678
44679
44680
44687
44688
44689
44694
44695
44699
44700
44703
44704
44705
44709
44713
44716
44718
44728
44730
44734
44735
44738
44739
44740
44744
44751
44755
44758
44759
44765
44766
44770
44772
44773
44777
44780
44782
44785
44788
44790
44792
44798
44800
44803
44804
44806
44808
44809
44812
44814
44821
44824
44825
44829
44830
44833
44841
44842
44843
44849
44853
44854
44861
44862
44864
44866
44867
44869
44870
44871
44875
44876
44877
44879
44885
44887
44888
44889
44890
44891
44892
44897
44898
44922
44925
44927
44928
44933
44935
44937
44938
44941
44943
44945
44947
44950
44958
44963
44964
44969
44970
44971
44975
44979
44980
44981
44985
44987
44988
44992
44995
44999
45002
45007
45011
45012
45015
45020
45021
45022
45025
45026
45028
45032
45035
45039
45040
45041
45048
45052
45054
45058
45062
45063
45065
45067
45068
45069
45074
45075
45077
45078
45079
45080
45087
45099
45102
45108
45119
45125
45129
45135
45139
45142
45146
45148
45150
45153
45157
45160
45161
45169
45173
45174
45177
45178
45179
45182
45188
45192
45195
45197
45199
45200
45209
45211
45212
45213
45214
45215
45216
45219
45223
45226
45231
45232
45235
45238
45240
45242
45248
45249
45250
45251
45253
45256
45258
45260
45261
45266
45268
45272
45275
45276
45277
45286
45289
45291
45292
45299
45300
45304
45309
45310
45315
45318
45338
45339
45340
45342
45346
45350
45352
45357
45359
45362
45367
45368
45369
45371
45373
45375
45380
45383
45389
45390
45392
45396
45398
45400
45401
45403
45408
45410
45412
45415
45419
45424
45426
45433
45437
45440
45442
45443
45447
45448
45450
45453
45455
45458
45459
45460
45461
45463
45464
45466
45467
45471
45474
45476
45480
45481
45484
45488
45500
45502
45504
45505
45507
45510
45513
45522
45524
45526
45527
45528
45534
45538
45548
45551
45553
45554
45555
45558
45559
45563
45566
45569
45571
45573
45574
45576
45578
45580
45581
45583
45585
45598
45604
45608
45610
45618
45621
45622
45628
45633
45634
45643
45647
45649
45650
45651
45654
45658
45661
45663
45664
45672
45676
45680
45681
45686
45687
45695
45697
45702
45711
45713
45714
45730
45731
45732
45734
45738
45741
45742
45743
45752
45753
45754
45760
45761
45762
45764
45765
45771
45774
45777
45778
45780
45783
45788
45789
45790
45796
45799
45801
45802
45805
45807
45819
45824
45829
45835
45842
45849
45851
45855
45860
45863
45868
45874
45879
45882
45888
45890
45894
45896
45899
45901
45904
45906
45915
45917
45918
45920
45924
45930
45933
45939
45950
45951
45952
45961
45962
45963
45968
45970
45984
45987
45988
45991
45993
45998
45999
46008
46009
46014
46015
46017
46018
46020
46022
46024
46025
46028
46029
46030
46032
46035
46044
46045
46046
46056
46063
46065
46072
46079
46080
46082
46084
46085
46086
46087
46090
46091
46101
46102
46105
46108
46116
46118
46119
46120
46121
46125
46130
46133
46138
46150
46151
46152
46153
46158
46163
46169
46171
46177
46178
46180
46184
46186
46196
46198
46202
46209
46212
46219
46221
46222
46224
46225
46227
46230
46236
46242
46243
46244
46246
46254
46255
46269
46270
46273
46274
46275
46276
46277
46279
46284
46285
46289
46295
46296
46297
46303
46307
46308
46310
46320
46326
46330
46332
46338
46340
46342
46343
46345
46348
46349
46362
46366
46368
46371
46373
46379
46383
46393
46406
46408
46409
46410
46415
46420
46421
46423
46424
46430
46437
46441
46443
46444
46447
46451
46454
46456
46459
46460
46466
46469
46470
46473
46474
46476
46477
46485
46487
46490
46494
46499
46502
46503
46504
46505
46514
46516
46517
46521
46528
46529
46533
46545
46547
46550
46552
46553
46555
46556
46560
46563
46568
46569
46578
46579
46582
46585
46596
46620
46625
46628
46629
46630
46634
46635
46640
46646
46653
46654
46659
46662
46672
46673
46687
46688
46689
46699
46707
46710
46712
46715
46717
46725
46730
46733
46739
46749
46751
46753
46754
46760
46765
46767
46769
46770
46771
46773
46775
46778
46783
46787
46795
46798
46803
46804
46814
46816
46829
46836
46838
46840
46844
46847
46855
46862
46869
46871
46873
46882
46885
46886
46890
46895
46898
46899
46902
46904
46905
46906
46907
46913
46920
46923
46937
46938
46942
46947
46953
46958
46959
46960
46963
46964
46966
46971
46977
46978
46979
46980
46981
46982
46985
46990
46992
46999
47000
47004
47006
47008
47022
47026
47029
47037
47040
47042
47044
47048
47050
47053
47059
47066
47069
47071
47079
47080
47085
47087
47092
47093
47100
47101
47102
47103
47105
47108
47115
47126
47127
47134
47139
47142
47154
47155
47159
47161
47162
47165
47172
47189
47199
47205
47208
47210
47212
47215
47217
47224
47230
47232
47234
47236
47240
47244
47246
47257
47259
47262
47265
47267
47271
47272
47273
47278
47279
47280
47287
47297
47303
47308
47309
47311
47325
47331
47332
47343
47344
47347
47350
47366
47370
47374
47375
47382
47390
47393
47396
47407
47408
47409
47415
47419
47423
47432
47435
47443
47446
47448
47452
47454
47456
47457
47458
47461
47463
47472
47473
47474
47478
47481
47483
47484
47492
47501
47502
47505
47526
47528
47533
47535
47536
47537
47540
47542
47546
47547
47550
47552
47555
47563
47566
47569
47575
47579
47589
47591
47592
47593
47594
47595
47600
47602
47610
47611
47612
47617
47619
47620
47621
47622
47623
47626
47630
47635
47638
47640
47641
47642
47645
47649
47650
47653
47654
47666
47667
47668
47671
47672
47678
47679
47700
47701
47706
47708
47714
47715
47719
47723
47728
47730
47731
47732
47734
47737
47738
47740
47743
47748
47749
47766
47767
47768
47770
47778
47780
47784
47785
47786
47791
47796
47802
47803
47806
47809
47818
47819
47820
47823
47828
47833
47841
47850
47855
47856
47866
47869
47881
47887
47890
47893
47896
47903
47910
47912
47913
47916
47922
47924
47930
47932
47937
47941
47942
47949
47953
47954
47955
47956
47965
47967
47970
47971
47972
47973
47979
47992
47996
47997
47998
48000
48001
48002
48003
48006
48010
48020
48027
48031
48037
48040
48041
48042
48043
48050
48057
48059
48062
48065
48066
48067
48069
48070
48072
48073
48077
48079
48081
48087
48088
48095
48096
48101
48103
48104
48111
48112
48114
48116
48120
48127
48128
48131
48134
48135
48137
48138
48141
48148
48149
48155
48162
48163
48167
48168
48173
48175
48176
48182
48183
48190
48194
48196
48203
48209
48219
48221
48225
48226
48227
48232
48234
48235
48247
48249
48256
48259
48268
48274
48278
48283
48287
48289
48290
48301
48314
48316
48317
48318
48322
48325
48329
48333
48336
48337
48338
48339
48340
48341
48342
48343
48348
48352
48356
48362
48363
48364
48366
48372
48377
48381
48382
48385
48387
48388
48395
48397
48398
48399
48402
48405
48411
48417
48418
48419
48423
48425
48429
48434
48437
48438
48439
48443
48446
48447
48449
48451
48456
48457
48458
48459
48460
48462
48467
48471
48472
48476
48482
48484
48485
48490
48491
48494
48495
48496
48499
48501
48504
48507
48508
48510
48513
48517
48519
48523
48525
48528
48532
48537
48539
48542
48543
48551
48552
48556
48560
48565
48568
48569
48575
48582
48590
48595
48596
48597
48602
48604
48609
48610
48614
48618
48622
48623
48626
48632
48636
48638
48642
48644
48646
48650
48653
48662
48663
48665
48670
48673
48678
48679
48680
48681
48683
48690
48692
48696
48701
48706
48715
48717
48718
48719
48720
48722
48723
48726
48730
48736
48739
48740
48747
48748
48753
48755
48762
48763
48771
48772
48773
48781
48783
48785
48786
48788
48795
48801
48804
48805
48807
48813
48814
48816
48818
48824
48825
48828
48829
48833
48837
48839
48842
48844
48846
48847
48856
48858
48862
48864
48867
48871
48873
48880
48888
48892
48896
48898
48904
48907
48908
48910
48916
48922
48923
48925
48927
48928
48929
48931
48933
48942
48944
48948
48950
48952
48953
48958
48965
48967
48977
48979
48980
48982
48984
48987
48990
48994
48995
48998
49000
49001
49005
49007
49009
49011
49012
49013
49018
49019
49026
49032
49034
49038
49039
49041
49043
49049
49052
49053
49054
49055
49063
49064
49067
49068
49070
49071
49072
49073
49077
49079
49080
49081
49084
49087
49093
49094
49098
49101
49108
49110
49111
49117
49119
49120
49121
49124
49127
49130
49133
49136
49137
49138
49140
49142
49143
49144
49152
49158
49160
49161
49163
49164
49167
49172
49178
49192
49194
49197
49203
49206
49209
49210
49219
49220
49222
49226
49229
49243
49244
49246
49265
49266
49268
49271
49272
49274
49277
49278
49279
49283
49284
49286
49290
49291
49294
49306
49308
49310
49320
49321
49323
49324
49326
49328
49332
49333
49334
49335
49337
49338
49341
49342
49345
49347
49349
49350
49352
49355
49357
49359
49361
49374
49383
49385
49388
49389
49390
49392
49394
49397
49413
49416
49417
49423
49424
49427
49429
49430
49433
49438
49440
49442
49443
49444
49447
49452
49456
49457
49462
49463
49464
49468
49473
49478
49484
49493
49495
49502
49510
49512
49517
49525
49527
49529
49532
49533
49541
49542
49547
49556
49560
49564
49565
49568
49570
49574
49575
49581
49584
49588
49596
49600
49606
49608
49610
49620
49621
49622
49625
49626
49630
49631
49632
49633
49637
49639
49640
49641
49642
49645
49646
49648
49654
49657
49659
49663
49664
49666
49667
49675
49678
49679
49680
49681
49689
49693
49695
49703
49704
49707
49711
49713
49716
49719
49725
49733
49735
49736
49739
49740
49743
49745
49746
49747
49751
49755
49760
49766
49770
49772
49774
49777
49785
49787
49794
49796
49797
49798
49806
49810
49819
49823
49831
49833
49834
49839
49845
49846
49848
49849
49850
49851
49860
49862
49868
49869
49871
49874
49878
49879
49880
49883
49886
49890
49891
49897
49907
49913
49915
49927
49929
49933
49934
49936
49938
49939
49940
49942
49945
49946
49947
49961
49965
49974
49979
49982
49983
49987
49990
49991
49992
49994
49995
49998
50003
50006
50007
50012
50013
50015
50018
50021
50023
50030
50032
50033
50036
50040
50041
50044
50047
50057
50063
50064
50069
50071
50072
50077
50078
50082
50084
50085
50088
50089
50093
50096
50104
50105
50106
50114
50118
50123
50124
50126
50132
50133
50136
50137
50146
50147
50148
50149
50153
50159
50162
50171
50172
50173
50176
50177
50181
50182
50184
50189
50192
50199
50201
50206
50208
50211
50212
50214
50216
50218
50223
50230
50233
50237
50239
50240
50242
50243
50244
50247
50248
50250
50254
50259
50262
50263
50264
50268
50275
50276
50279
50281
50285
50287
50290
50301
50311
50314
50330
50331
50333
50334
50335
50336
50342
50343
50347
50348
50357
50360
50363
50370
50373
50374
50375
50381
50385
50386
50395
50396
50399
50401
50403
50406
50409
50411
50413
50419
50427
50430
50435
50436
50437
50441
50445
50450
50451
50452
50455
50463
50467
50469
50478
50484
50486
50488
50491
50501
50503
50504
50510
50511
50514
50522
50532
50534
50537
50538
50544
50546
50548
50549
50550
50554
50556
50557
50563
50564
50565
50567
50572
50574
50575
50578
50584
50588
50598
50601
50603
50604
50607
50608
50619
50627
50634
50638
50639
50643
50645
50646
50650
50652
50658
50659
50660
50661
50662
50666
50674
50686
50692
50698
50699
50700
50703
50705
50708
50710
50711
50716
50719
50721
50724
50728
50730
50732
50738
50740
50742
50743
50744
50749
50750
50755
50757
50759
50761
50764
50767
50769
50775
50782
50789
50798
50802
50803
50806
50807
50809
50812
50813
50814
50818
50823
50824
50826
50828
50829
50830
50834
50835
50837
50840
50847
50850
50861
50863
50864
50869
50870
50871
50879
50887
50888
50889
50898
50899
50901
50907
50913
50918
50920
50922
50925
50926
50928
50930
50933
50936
50942
50943
50945
50946
50951
50961
50963
50965
50974
50977
50980
50982
50983
50985
50987
50994
50995
50998
51001
51003
51015
51016
51021
51025
51027
51033
51039
51040
51043
51044
51063
51064
51071
51081
51082
51083
51089
51090
51091
51094
51097
51109
51123
51127
51128
51129
51134
51136
51140
51141
51142
51145
51153
51157
51158
51164
51169
51176
51178
51179
51181
51183
51187
51188
51192
51196
51197
51198
51206
51208
51209
51219
51221
51222
51226
51232
51233
51235
51238
51239
51244
51246
51248
51249
51253
51256
51268
51270
51273
51274
51275
51277
51292
51296
51298
51299
51301
51302
51306
51315
51316
51318
51322
51325
51327
51329
51331
51332
51335
51336
51337
51341
51343
51344
51346
51351
51354
51361
51362
51366
51369
51385
51389
51392
51396
51402
51409
51416
51418
51419
51423
51427
51435
51440
51446
51449
51454
51463
51464
51465
51471
51472
51475
51477
51478
51484
51486
51487
51488
51493
51498
51499
51500
51502
51505
51506
51507
51508
51513
51515
51516
51523
51525
51526
51527
51529
51530
51532
51534
51535
51537
51541
51547
51548
51552
51555
51556
51558
51573
51574
51576
51582
51585
51589
51591
51593
51596
51600
51602
51605
51609
51611
51615
51623
51629
51637
51639
51643
51647
51649
51650
51652
51654
51655
51656
51662
51664
51667
51670
51672
51675
51679
51684
51691
51696
51699
51700
51703
51704
51707
51709
51712
51717
51720
51722
51725
51727
51729
51731
51737
51739
51740
51741
51743
51748
51753
51761
51763
51774
51784
51785
51788
51789
51791
51795
51797
51798
51806
51809
51810
51811
51816
51820
51821
51822
51835
51839
51840
51846
51851
51852
51861
51865
51877
51883
51884
51885
51888
51891
51901
51905
51908
51909
51921
51926
51931
51936
51937
51944
51950
51959
51960
51967
51969
51972
51973
51990
51993
51994
51997
51999
52000
52001
52003
52005
52006
52011
52013
52018
52020
52025
52031
52033
52035
52037
52044
52045
52051
52055
52056
52071
52080
52093
52095
52096
52097
52099
52100
52104
52108
52120
52121
52123
52125
52126
52135
52141
52145
52147
52149
52151
52152
52159
52160
52163
52164
52166
52169
52178
52182
52183
52193
52194
52197
52200
52204
52213
52220
52221
52223
52226
52227
52228
52230
52234
52241
52245
52246
52247
52250
52251
52260
52261
52266
52272
52274
52275
52279
52281
52292
52297
52298
52299
52300
52303
52305
52308
52312
52313
52317
52318
52320
52326
52332
52333
52336
52339
52340
52342
52344
52349
52360
52361
52364
52368
52371
52372
52373
52377
52380
52381
52386
52388
52389
52390
52396
52397
52399
52404
52407
52408
52410
52414
52417
52422
52423
52426
52430
52440
52442
52443
52447
52452
52455
52456
52458
52459
52460
52464
52466
52467
52468
52471
52483
52490
52492
52496
52509
52523
52527
52529
52531
52534
52536
52538
52539
52540
52547
52552
52558
52559
52564
52565
52566
52569
52570
52577
52578
52580
52581
52584
52589
52600
52602
52605
52606
52608
52610
52618
52622
52635
52639
52645
52661
52663
52665
52667
52671
52672
52676
52679
52685
52686
52688
52691
52695
52696
52697
52699
52704
52707
52710
52711
52712
52713
52719
52720
52727
52733
52737
52739
52742
52743
52749
52752
52758
52760
52765
52768
52770
52772
52774
52788
52790
52799
52801
52803
52804
52809
52813
52814
52815
52816
52819
52822
52824
52825
52829
52830
52831
52834
52835
52837
52838
52839
52852
52853
52854
52857
52859
52860
52867
52868
52870
52871
52876
52879
52883
52885
52886
52887
52889
52899
52903
52908
52911
52912
52916
52917
52918
52919
52931
52933
52936
52937
52945
52949
52956
52962
52963
52964
52966
52986
52991
52999
53000
53001
53004
53010
53011
53012
53013
53016
53018
53023
53025
53031
53032
53037
53038
53047
53050
53051
53053
53054
53060
53061
53063
53065
53066
53070
53071
53082
53084
53093
53094
53096
53098
53099
53104
53107
53116
53118
53119
53122
53125
53130
53132
53137
53139
53142
53145
53147
53148
53150
53155
53158
53162
53163
53164
53166
53168
53173
53183
53187
53192
53199
53200
53202
53208
53213
53215
53216
53219
53220
53225
53226
53229
53230
53232
53243
53250
53252
53253
53257
53258
53260
53265
53266
53268
53270
53274
53295
53303
53304
53305
53322
53325
53326
53327
53328
53331
53335
53336
53337
53341
53345
53353
53354
53355
53356
53358
53365
53367
53376
53377
53383
53388
53396
53397
53399
53401
53416
53420
53422
53424
53428
53431
53439
53441
53445
53446
53448
53450
53458
53459
53460
53464
53471
53482
53483
53485
53489
53497
53502
53505
53511
53513
53515
53519
53522
53528
53529
53544
53546
53548
53557
53564
53566
53568
53570
53577
53579
53580
53589
53592
53596
53599
53600
53605
53611
53615
53621
53626
53628
53629
53633
53634
53636
53638
53639
53643
53650
53652
53657
53665
53666
53667
53671
53672
53693
53695
53696
53697
53699
53702
53712
53714
53715
53722
53739
53740
53741
53747
53752
53754
53760
53765
53766
53768
53769
53773
53774
53777
53779
53781
53788
53789
53792
53796
53798
53801
53805
53808
53809
53810
53816
53818
53821
53824
53825
53826
53835
53837
53841
53845
53852
53858
53861
53865
53866
53871
53876
53877
53878
53880
53885
53888
53892
53900
53903
53908
53910
53915
53916
53918
53923
53927
53929
53939
53949
53950
53953
53955
53956
53957
53961
53963
53964
53968
53972
53975
53978
53981
53983
53988
53991
53992
53993
53994
53995
54014
54015
54016
54022
54026
54027
54028
54031
54033
54041
54043
54051
54054
54056
54062
54071
54073
54074
54084
54087
54091
54101
54103
54106
54110
54114
54117
54121
54131
54138
54139
54140
54141
54142
54143
54145
54149
54153
54154
54157
54160
54167
54169
54172
54181
54191
54199
54201
54203
54206
54208
54212
54218
54234
54239
54246
54257
54258
54262
54265
54266
54268
54270
54271
54276
54280
54284
54290
54291
54295
54298
54300
54310
54313
54315
54318
54321
54325
54330
54331
54337
54338
54340
54341
54350
54351
54354
54356
54360
54361
54362
54363
54365
54370
54371
54376
54379
54382
54383
54384
54388
54395
54397
54403
54408
54409
54410
54415
54417
54422
54423
54428
54430
54431
54433
54434
54437
54439
54443
54450
54467
54469
54476
54480
54482
54483
54494
54505
54507
54514
54523
54527
54534
54535
54544
54550
54553
54554
54562
54563
54568
54574
54576
54577
54579
54580
54582
54583
54586
54588
54591
54593
54599
54607
54610
54615
54616
54617
54620
54622
54629
54630
54633
54634
54635
54644
54646
54649
54650
54651
54653
54654
54660
54662
54663
54666
54669
54670
54672
54677
54682
54687
54699
54701
54703
54704
54705
54707
54715
54717
54719
54730
54733
54735
54736
54738
54739
54752
54754
54763
54765
54769
54775
54776
54780
54783
54790
54791
54793
54797
54799
54802
54806
54810
54818
54826
54829
54831
54843
54846
54847
54853
54861
54862
54864
54865
54866
54873
54875
54876
54877
54883
54885
54886
54889
54890
54897
54898
54906
54909
54911
54912
54915
54916
54917
54921
54926
54931
54934
54937
54938
54941
54943
54946
54947
54954
54955
54959
54960
54962
54964
54968
54969
54970
54973
54979
54982
54989
54997
55001
55006
55008
55009
55015
55016
55018
55021
55025
55027
55028
55031
55033
55035
55037
55048
55050
55052
55053
55054
55060
55064
55068
55070
55072
55074
55076
55077
55081
55082
55083
55084
55085
55089
55104
55106
55109
55119
55120
55121
55122
55128
55130
55133
55141
55143
55145
55150
55151
55152
55154
55157
55158
55164
55165
55175
55176
55179
55180
55181
55183
55187
55191
55192
55194
55205
55215
55219
55223
55225
55226
55228
55230
55233
55234
55236
55239
55243
55244
55247
55248
55251
55253
55257
55259
55260
55261
55267
55268
55270
55277
55280
55282
55290
55291
55292
55293
55297
55298
55302
55304
55305
55306
55316
55318
55319
55326
55336
55339
55344
55345
55347
55349
55350
55351
55358
55364
55368
55374
55377
55379
55382
55383
55385
55386
55388
55391
55392
55394
55397
55398
55402
55403
55404
55406
55407
55410
55415
55416
55420
55421
55422
55425
55433
55436
55439
55440
55442
55444
55446
55451
55458
55459
55465
55471
55473
55480
55489
55491
55492
55499
55501
55502
55504
55505
55516
55520
55521
55524
55526
55529
55539
55543
55544
55545
55546
55550
55558
55564
55566
55567
55569
55570
55575
55577
55578
55584
55588
55589
55592
55593
55596
55598
55600
55601
55602
55607
55609
55614
55617
55622
55625
55627
55628
55633
55635
55636
55639
55640
55643
55645
55654
55659
55660
55664
55667
55669
55670
55671
55677
55679
55683
55686
55689
55697
55714
55716
55719
55720
55721
55724
55727
55729
55730
55731
55732
55736
55737
55739
55744
55745
55746
55747
55748
55749
55750
55751
55754
55770
55771
55773
55775
55778
55786
55788
55796
55797
55800
55801
55804
55808
55819
55824
55827
55835
55836
55846
55848
55849
55854
55855
55856
55857
55862
55863
55865
55868
55870
55875
55877
55880
55886
55888
55891
55893
55898
55900
55902
55908
55910
55911
55920
55924
55928
55929
55934
55938
55939
55943
55944
55945
55947
55951
55952
55956
55958
55962
55968
55970
55973
55976
55984
55987
55992
55995
55997
56001
56002
56003
56004
56005
56011
56012
56014
56018
56021
56024
56026
56027
56028
56029
56031
56033
56034
56036
56039
56043
56049
56050
56054
56058
56060
56078
56081
)


// ************************************************************************* //
