/*--------------------------------*- C++ -*----------------------------------*\
| =========                 |                                                 |
| \\      /  F ield         | OpenFOAM: The Open Source CFD Toolbox           |
|  \\    /   O peration     | Version:  v2012                                 |
|   \\  /    A nd           | Website:  www.openfoam.com                      |
|    \\/     M anipulation  |                                                 |
\*---------------------------------------------------------------------------*/
FoamFile
{
    version     2.0;
    format      ascii;
    class       labelList;
    location    "constant/polyMesh";
    object      pointProcAddressing;
}
// * * * * * * * * * * * * * * * * * * * * * * * * * * * * * * * * * * * * * //


14246
(
0
5
8
12
16
17
18
19
20
21
22
23
24
25
26
27
28
29
30
31
32
33
34
35
36
37
38
39
40
41
42
43
44
45
46
47
48
49
50
51
52
53
381
382
383
384
385
386
387
388
389
390
391
392
393
394
395
396
397
398
399
400
401
402
403
404
405
406
407
408
409
410
411
412
413
414
415
416
417
418
419
420
421
422
423
424
425
426
427
428
429
430
431
432
433
434
435
436
437
438
439
440
441
442
443
444
445
446
447
448
449
450
451
452
453
454
455
456
457
458
459
460
461
462
463
464
465
466
467
468
469
470
471
472
473
474
475
476
477
478
479
480
481
482
483
484
485
486
487
488
489
490
491
492
493
494
495
496
497
498
499
500
501
502
503
504
505
506
507
508
509
510
511
512
513
514
515
516
517
518
519
520
521
522
523
524
525
526
527
528
529
530
531
532
533
534
535
536
537
538
539
540
541
542
543
544
545
546
768
769
770
771
772
773
774
775
776
777
778
779
780
781
782
783
784
785
786
787
788
789
790
791
792
793
794
795
796
797
798
799
800
801
802
803
804
805
806
807
1135
1136
1137
1138
1139
1140
1141
1142
1143
1144
1145
1146
1147
1148
1149
1150
1151
1152
1153
1154
1155
1156
1157
1158
1159
1160
1161
1162
1163
1164
1165
1166
1167
1168
1169
1170
1171
1172
1173
1174
1175
1176
1177
1178
1179
1180
1181
1182
1183
1184
1185
1186
1187
1188
1189
1190
1191
1192
1193
1194
1195
1196
1197
1198
1199
1200
1201
1202
1203
1204
1205
1206
1207
1208
1209
1210
1211
1212
1213
1214
1215
1216
1217
1218
1219
1220
1221
1222
1223
1224
1225
1226
1227
1228
1229
1230
1231
1232
1233
1234
1235
1236
1237
1238
1239
1240
1241
1242
1243
1244
1245
1246
1247
1248
1249
1250
1251
1252
1253
1254
1255
1256
1257
1258
1259
1260
1261
1262
1263
1264
1265
1266
1267
1268
1269
1270
1271
1272
1273
1274
1275
1276
1277
1278
1279
1280
1281
1282
1283
1284
1285
1286
1287
1288
1289
1290
1291
1292
1293
1294
1295
1296
1297
1298
1299
1300
1522
1523
1528
1529
1530
1531
1532
1533
1534
1535
1537
1538
1539
1540
1541
1542
1543
1577
1583
1586
1590
1594
1597
1603
1607
1610
1613
1615
1627
1630
1633
1636
1639
1642
1643
1647
1650
1651
1652
1655
1656
1657
1661
1664
1670
1673
1679
1685
1688
1707
1711
1714
1716
1717
1722
1723
1733
1735
1738
1740
1766
1768
1769
1770
1771
1772
1773
1774
1775
1776
1777
1778
1779
1780
1781
1782
1783
1784
1785
1786
1787
1788
1789
1790
1791
1792
1793
1794
1795
1796
1797
1798
1799
1800
1801
1802
1803
1804
1805
1806
1807
1808
1809
1810
1811
1812
1813
1814
1815
1816
1817
1818
1819
1820
1821
1822
1823
1824
1825
1826
1827
1828
1829
1830
1831
1832
1833
1834
1835
1836
1837
1838
1839
1840
1841
1842
1843
1844
1845
1846
1847
1848
1849
1850
1851
1852
1853
1854
1855
1856
1857
1858
1859
1860
1861
1862
1863
1864
1865
1866
1867
1868
1869
1870
1871
1872
1873
1874
1875
1876
1877
1878
1879
1880
1881
1882
1883
1884
1885
1886
1887
1888
1889
1890
1891
1892
1893
1894
1895
1896
1897
1898
1899
1900
1901
1902
1903
1904
1905
1906
1907
1908
1909
1910
1911
1912
1913
1914
1915
1916
1917
1918
1919
1920
1921
1922
1923
1924
1925
1926
2230
2236
2439
2443
2444
2451
2452
2476
2512
2513
2524
2525
2538
2539
2549
2550
2556
2566
2567
2572
2575
2576
2592
2593
2594
2605
2612
2613
2614
2615
2616
2617
2626
2627
2630
2631
2634
2635
2636
2637
2638
2639
2640
2641
2642
2643
2644
2645
2646
2647
2648
2649
2650
2651
2652
2653
2654
2655
2656
2657
2658
2659
2660
2661
2662
2663
2664
2665
2666
2667
2668
2669
2670
2671
2672
2673
2674
2675
2676
2677
2678
2679
2680
2681
2682
2683
2684
2685
2686
2687
2688
2689
2690
2691
2692
2693
2694
2695
2696
2697
2698
2699
2700
2701
2702
2703
2704
2705
2706
2707
2708
2709
2710
2711
2712
2713
2714
2715
2716
2717
2718
2719
2720
2721
2722
2723
2724
2725
2726
2727
2728
2729
2730
2731
2732
2733
2734
2735
2736
2737
2738
2739
2740
2741
2742
2743
2744
2745
2746
2747
2748
2749
2750
2751
2752
2753
2754
2755
2756
2757
2758
2759
2760
2761
2770
2774
2775
2778
2781
2782
2794
2795
2796
2797
2798
2801
2802
2803
2807
2808
2809
2810
2869
2870
2893
2918
2919
2923
2953
2954
2970
2971
2990
2991
3221
3222
3223
3224
3225
3226
3227
3228
3229
3242
3247
3248
3291
3292
3293
3294
3295
3358
3493
3509
3512
3513
3514
3515
3516
3517
3523
3524
3568
3569
3570
3571
3572
3573
3574
3579
3609
3610
3625
3626
3640
3641
3643
3644
3720
3721
3725
4004
4005
4006
4007
4008
4009
4010
4011
4012
4013
4014
4015
4016
4017
4018
4019
4020
4021
4022
4023
4024
4025
4026
4027
4028
4029
4030
4031
4032
4033
4034
4040
4041
4042
4043
4044
4045
4046
4047
4048
4049
4050
4051
4052
4053
4054
4055
4056
4057
4058
4059
4060
4061
4062
4063
4064
4065
4066
4067
4068
4069
4070
4071
4072
4073
4074
4075
4076
4077
4078
4079
4080
4081
4082
4083
4084
4085
4086
4087
4090
4091
4096
4097
4098
4101
4107
4108
4114
4117
4118
4123
4124
4128
4129
4144
4146
4155
4157
4195
4196
4197
4198
4199
4200
4201
4202
4203
4204
4205
4206
4207
4208
4209
4210
4211
4212
4213
4214
4215
4216
4217
4218
4219
4220
4221
4222
4223
4224
4225
4226
4227
4228
4229
4230
4231
4232
4233
4234
4235
4236
4237
4238
4239
4240
4241
4242
4243
4244
4245
4246
4247
4248
4249
4250
4251
4252
4253
4254
4255
4256
4257
4258
4259
4260
4261
4262
4263
4264
4265
4266
4267
4268
4269
4270
4271
4272
4273
4274
4275
4276
4277
4278
4279
4280
4281
4285
4286
4287
4288
4289
4290
4291
4292
4293
4294
4295
4298
4299
4300
4301
4302
4303
4304
4305
4306
4307
4308
4309
4310
4311
4314
4315
4316
4317
4318
4319
4320
4321
4322
4323
4324
4325
4326
4327
4328
4331
4332
4333
4334
4335
4336
4337
4338
4339
4340
4341
4342
4343
4344
4345
4346
4347
4348
4349
4350
4351
4352
4356
4357
4358
4359
4360
4361
4362
4363
4364
4367
4368
4369
4372
4373
4374
4375
4376
4377
4380
4381
4382
4383
4384
4387
4391
4408
4409
4410
4411
4413
4414
4415
4418
4421
4445
4447
4460
4466
4472
4473
4474
4505
4506
4507
4508
4509
4510
4511
4512
4513
4514
4515
4516
4517
4518
4519
4520
4521
4522
4523
4524
4525
4526
4527
4528
4529
4530
4531
4532
4533
4534
4535
4536
4537
4538
4539
4540
4541
4542
4543
4544
4545
4546
4547
4548
4549
4550
4551
4552
4553
4554
4555
4556
4557
4558
4559
4560
4561
4562
4563
4564
4565
4566
4567
4568
4569
4570
4571
4572
4573
4574
4575
4576
4577
4578
4579
4580
4581
4582
4583
4584
4585
4586
4587
4588
4589
4590
4591
4592
4593
4594
4595
4596
4597
4598
4599
4600
4601
4602
4603
4616
4617
4618
4619
4621
4624
4625
4663
4664
4666
4667
4692
4693
4694
4695
4696
4697
4698
4699
4700
4701
4702
4703
4704
4705
4706
4707
4708
4709
4710
4711
4712
4713
4714
4715
4723
4724
4742
4743
4744
4800
4803
4804
4919
4920
4921
4922
4923
4925
4929
4930
4931
4939
4948
4949
4952
4953
4956
4958
4959
4960
4961
4962
4963
4964
4965
4966
4967
4968
4969
4970
4971
4972
4973
4999
5000
5001
5002
5003
5009
5010
5011
5012
5023
5024
5025
5026
5027
5028
5029
5030
5031
5032
5033
5034
5035
5036
5037
5038
5039
5040
5041
5042
5043
5044
5045
5046
5047
5048
5049
5050
5051
5052
5053
5054
5055
5056
5057
5058
5059
5060
5061
5062
5063
5074
5075
5078
5079
5093
5094
5095
5096
5097
5174
5175
5176
5181
5184
5195
5196
5197
5198
5199
5200
5201
5202
5203
5204
5205
5206
5207
5208
5209
5210
5213
5229
5241
5242
5243
5244
5245
5246
5250
5526
5527
5558
5562
5583
5586
5587
5592
5596
5597
5599
5604
5605
5611
5612
5613
5614
5619
5629
5643
5644
5645
5646
5654
5655
5657
5658
5659
5672
5690
5692
5693
5694
5695
5696
5697
5698
5699
5700
5701
5702
5703
5704
5705
5706
5707
5729
5751
5752
5753
5754
5755
5756
5757
5758
5759
5813
5814
5815
5816
5823
5827
5828
5829
5830
5831
5832
5833
5834
5835
5836
5837
5839
5840
5852
5853
5854
5855
5856
5862
5869
5870
5871
5872
5873
5874
5875
5876
5884
5893
5903
5904
5905
5919
5933
5934
5954
5955
5956
5957
5960
6084
6089
6090
6092
6140
6141
6142
6143
6144
6145
6146
6147
6148
6149
6150
6151
6152
6153
6154
6155
6156
6159
6164
6165
6172
6173
6174
6175
6176
6177
6178
6179
6180
6181
6182
6183
6184
6185
6186
6187
6188
6189
6190
6191
6192
6193
6194
6195
6196
6197
6198
6199
6200
6201
6202
6203
6204
6205
6206
6207
6208
6209
6210
6211
6212
6213
6214
6215
6216
6217
6218
6219
6220
6221
6222
6223
6224
6229
6253
6254
6259
6260
6272
6273
6274
6275
6276
6277
6278
6279
6280
6281
6286
6287
6288
6289
6290
6291
6292
6293
6294
6302
6303
6304
6305
6320
6341
6342
6343
6358
6359
6360
6361
6362
6363
6364
6365
6366
6367
6368
6369
6370
6371
6372
6373
6374
6375
6376
6377
6378
6379
6380
6381
6382
6383
6384
6385
6386
6387
6388
6389
6390
6391
6392
6393
6394
6395
6396
6397
6398
6399
6400
6401
6402
6403
6404
6405
6406
6407
6408
6409
6410
6411
6419
6420
6422
6423
6466
6607
6674
6675
6677
6681
6682
6683
6684
6685
6686
6696
6697
6698
6699
6700
6701
6702
6703
6704
6705
6706
6707
6726
6727
6728
6729
6730
6731
6732
6733
6734
6735
6736
6741
6743
6744
6751
6759
6760
6761
6762
6763
6764
6765
6766
6767
6768
6769
6770
6771
6772
6778
6779
6780
6781
6785
6786
6787
6788
6789
6790
6791
6792
6793
6794
6795
6799
6800
6801
6802
6803
6804
6805
6806
6807
6808
6809
6810
6811
6812
6813
6814
6815
6816
6817
6818
6821
6826
6992
6993
6996
6997
6998
6999
7000
7001
7002
7003
7004
7005
7006
7007
7008
7009
7010
7011
7012
7013
7014
7015
7016
7017
7018
7019
7020
7021
7022
7023
7024
7025
7026
7027
7028
7029
7030
7031
7032
7033
7034
7035
7036
7037
7038
7039
7040
7041
7042
7043
7044
7045
7046
7047
7048
7049
7050
7051
7052
7053
7054
7055
7056
7057
7058
7059
7060
7061
7062
7063
7064
7065
7066
7067
7068
7069
7070
7071
7072
7073
7074
7075
7076
7077
7078
7079
7080
7081
7082
7083
7084
7085
7086
7087
7088
7089
7090
7091
7092
7093
7094
7095
7096
7097
7098
7099
7100
7101
7102
7103
7104
7105
7106
7107
7108
7109
7110
7111
7113
7114
7127
7132
7148
7149
7153
7157
7158
7159
7162
7172
7173
7185
7189
7190
7195
7196
7197
7200
7208
7209
7216
7217
7219
7220
7223
7224
7225
7229
7230
7231
7234
7241
7245
7246
7247
7248
7249
7250
7251
7252
7273
7274
7292
7294
7295
7305
7306
7307
7308
7309
7310
7311
7312
7315
7317
7318
7329
7330
7331
7332
7333
7334
7335
7336
7337
7338
7339
7343
7344
7345
7346
7353
7354
7355
7356
7357
7369
7376
7382
7387
7389
7394
7395
7396
7397
7398
7399
7400
7401
7404
7410
7435
7436
7441
7443
7448
7452
7453
7454
7455
7456
7462
7464
7465
7475
7476
7478
7479
7480
7481
7488
7493
7495
7499
7508
7509
7510
7511
7514
7515
7516
7517
7518
7519
7522
7534
7537
7538
7539
7540
7545
7548
7550
7590
7591
7594
7597
7601
7603
7606
7607
7608
7610
7611
7612
7617
7620
7621
7622
7623
7625
7629
7630
7635
7636
7637
7639
7640
7649
7661
7665
7673
7675
7676
7679
7692
7693
7695
7696
7697
7698
7699
7700
7701
7702
7703
7704
7707
7708
7709
7710
7711
7712
7713
7714
7715
7716
7717
7718
7719
7720
7721
7722
7723
7724
7725
7726
7727
7735
7748
7749
7754
7760
7761
7764
7765
7773
7776
7777
7780
7781
7782
7783
7784
7785
7786
7787
7788
7789
7790
7791
7792
7793
7794
7799
7803
7804
7805
7806
7808
7811
7812
7814
7815
7816
7817
7818
7844
7845
7846
7848
7855
7864
7865
7868
7874
7880
7885
7886
7887
7896
7897
7939
7947
7948
7949
7951
7953
7954
7955
7956
7960
7961
7962
7963
7964
7965
7966
7967
7972
7973
7974
7975
7976
7980
7981
7982
7986
8095
8098
8103
8130
8139
8140
8181
8254
8274
8275
8276
8277
8278
8279
8280
8281
8282
8283
8284
8285
8286
8287
8288
8289
8290
8354
8365
8366
8367
8368
8369
8370
8371
8372
8373
8374
8375
8376
8396
8427
8428
8429
8430
8464
8470
8483
8486
8487
8488
8489
8490
8491
8493
8497
8511
8636
8646
8647
8652
8662
8663
8664
8665
8666
8667
8674
8675
8676
8678
8679
8680
8681
8682
8687
8688
8689
8690
8692
8693
8694
8695
8696
8698
8703
8708
8712
8724
8737
8738
8765
8766
8822
8832
8833
8863
8867
8868
8903
8904
8905
8921
8922
8923
8938
8939
8943
8944
8945
8953
8954
8956
8960
8964
8966
8967
8968
8981
8987
8988
8989
8990
8991
8992
8993
8997
9003
9004
9009
9010
9011
9012
9014
9015
9017
9021
9024
9026
9028
9032
9033
9036
9049
9097
9198
9199
9203
9206
9207
9208
9216
9217
9218
9228
9246
9251
9252
9253
9254
9262
9265
9266
9273
9274
9288
9289
9291
9292
9293
9307
9308
9309
9310
9311
9313
9314
9316
9317
9321
9326
9329
9330
9334
9335
9337
9338
9341
9357
9358
9359
9361
9411
9414
9415
9416
9417
9418
9419
9420
9429
9431
9437
9473
9476
9478
9488
9495
9497
9521
9522
9523
9524
9525
9543
9544
9546
9560
9564
9571
9593
9594
9595
9596
9601
9602
9608
9617
9619
9620
9624
9650
9654
9659
9669
9670
9671
9672
9680
9699
9704
9705
9712
9725
9732
9733
9740
9741
9742
9744
9758
9759
9765
9766
9767
9826
9827
9830
9835
9836
9837
9851
9852
9869
9878
9879
9886
9889
9894
9895
9912
9913
9925
9926
9949
9962
9963
9984
10001
10002
10025
10027
10028
10047
10048
10052
10059
10061
10062
10063
10064
10065
10066
10067
10068
10069
10070
10071
10072
10073
10074
10075
10076
10077
10078
10079
10080
10081
10090
10093
10100
10101
10106
10135
10140
10141
10146
10147
10148
10149
10167
10168
10180
10185
10244
10259
10260
10262
10374
10375
10376
10377
10378
10379
10380
10381
10382
10383
10384
10385
10388
10389
10390
10391
10392
10393
10394
10395
10399
10403
10404
10405
10406
10407
10408
10409
10410
10411
10419
10424
10425
10435
10436
10437
10438
10439
10440
10441
10442
10443
10444
10445
10446
10447
10448
10449
10450
10451
10452
10453
10454
10455
10456
10457
10458
10459
10460
10461
10462
10463
10464
10465
10466
10467
10468
10469
10470
10471
10472
10473
10474
10475
10476
10477
10478
10479
10480
10481
10482
10483
10484
10485
10486
10487
10488
10489
10490
10491
10492
10493
10494
10495
10496
10497
10498
10499
10516
10517
10518
10521
10524
10525
10528
10529
10530
10564
10565
10566
10579
10580
10581
10582
10583
10584
10585
10586
10587
10588
10589
10590
10591
10592
10593
10594
10597
10627
10632
10644
10645
10646
10647
10648
10649
10650
10651
10652
10653
10654
10655
10656
10657
10658
10665
10707
10708
10709
10710
10711
10712
10713
10714
10715
10716
10717
10718
10719
10720
10721
10722
10723
10747
10748
10749
10781
10782
10783
10804
10805
10806
10807
10808
10829
10836
10838
10839
10843
10866
10898
10899
10917
10918
10945
10991
11026
11027
11051
11127
11131
11132
11151
11152
11162
11163
11170
11171
11172
11185
11187
11188
11189
11190
11207
11208
11209
11210
11211
11212
11213
11214
11215
11216
11217
11218
11219
11220
11221
11222
11223
11224
11225
11226
11227
11228
11229
11239
11240
11241
11242
11256
11273
11281
11282
11283
11286
11289
11293
11294
11303
11345
11348
11350
11352
11385
11388
11389
11405
11422
11434
11435
11439
11440
11441
11442
11443
11444
11447
11448
11449
11464
11465
11466
11467
11468
11470
11474
11478
11479
11480
11481
11482
11483
11488
11489
11493
11494
11505
11506
11507
11508
11509
11510
11511
11512
11513
11514
11515
11516
11517
11518
11523
11524
11525
11526
11527
11528
11529
11530
11531
11532
11533
11534
11535
11536
11537
11538
11539
11540
11541
11546
11548
11549
11550
11551
11552
11553
11554
11555
11556
11557
11558
11563
11564
11565
11566
11567
11568
11583
11584
11585
11591
11592
11622
11623
11624
11625
11626
11627
11632
11637
11638
11642
11644
11645
11646
11655
11657
11658
11662
11663
11664
11665
11666
11669
11670
11701
11702
11703
11714
11715
11721
11722
11724
11725
11728
11733
11734
11742
11743
11751
11752
11763
11764
11766
11767
11768
11778
11788
11789
11790
11791
11792
11793
11794
11795
11796
11797
11798
11799
11800
11801
11802
11803
11809
11810
11811
11820
11826
11827
11828
11829
11830
11831
11832
11833
11834
11835
11836
11837
11838
11839
11840
11841
11842
11843
11845
11846
11853
11854
11857
11862
11864
11874
11875
11876
11892
11895
11899
11900
11901
11903
11909
11922
11923
11924
11942
11945
11946
11947
11948
11962
11963
11970
11977
11979
11980
11981
11992
11993
11994
11995
11996
11998
12001
12002
12008
12009
12038
12039
12045
12073
12081
12082
12083
12086
12097
12098
12099
12100
12101
12102
12103
12104
12105
12106
12111
12112
12113
12114
12141
12142
12144
12145
12156
12161
12162
12163
12181
12187
12192
12193
12194
12213
12215
12237
12258
12262
12270
12273
12277
12299
12300
12301
12304
12305
12306
12307
12308
12316
12325
12331
12339
12340
12341
12347
12348
12352
12353
12356
12357
12359
12360
12361
12366
12367
12369
12370
12373
12383
12384
12396
12397
12399
12413
12416
12423
12430
12442
12449
12450
12451
12477
12478
12487
12488
12490
12495
12503
12504
12505
12512
12527
12537
12549
12556
12576
12577
12578
12579
12580
12581
12582
12583
12584
12585
12586
12587
12588
12589
12590
12591
12592
12593
12594
12595
12596
12597
12598
12599
12600
12601
12602
12603
12604
12605
12606
12607
12608
12627
12628
12629
12640
12642
12648
12649
12654
12664
12676
12695
12696
12702
12773
12774
12775
12778
12779
12780
12785
12786
12787
12788
12790
12794
12816
12817
12821
12822
12828
12829
12838
12839
12840
12841
12842
12843
12849
12850
12851
12852
12865
12870
12872
12873
12883
12887
12889
12890
12899
12909
12910
12921
12927
12928
12931
12932
12934
12949
12955
12957
12968
12969
12970
12971
12978
12979
12984
12985
12991
12992
12993
12995
13009
13013
13014
13016
13017
13021
13022
13024
13026
13028
13029
13032
13040
13041
13043
13045
13048
13068
13074
13075
13076
13110
13111
13112
13113
13114
13115
13116
13121
13122
13127
13142
13143
13144
13145
13146
13147
13148
13149
13150
13151
13152
13153
13154
13155
13156
13157
13158
13159
13164
13165
13175
13176
13177
13186
13187
13189
13190
13191
13192
13196
13198
13203
13207
13210
13211
13214
13215
13218
13226
13227
13228
13232
13233
13234
13235
13236
13237
13238
13239
13245
13246
13247
13251
13252
13253
13254
13256
13260
13261
13267
13282
13283
13284
13285
13286
13287
13288
13291
13306
13307
13308
13312
13313
13317
13318
13319
13328
13330
13331
13333
13342
13343
13344
13345
13346
13347
13348
13349
13350
13351
13352
13353
13354
13355
13356
13357
13358
13359
13360
13361
13362
13363
13364
13365
13366
13367
13368
13392
13411
13412
13413
13414
13415
13418
13420
13421
13422
13423
13462
13472
13478
13479
13500
13506
13507
13508
13509
13510
13511
13514
13521
13534
13562
13563
13601
13602
13607
13611
13614
13627
13675
13676
13677
13678
13679
13696
13697
13698
13714
13715
13716
13717
13718
13719
13720
13721
13722
13729
13736
13737
13738
13784
13785
13786
13806
13807
13812
13813
13820
13837
13838
13862
13864
13865
13901
13902
13923
13924
13925
13926
13927
13928
13936
13940
13946
13947
13962
13981
13995
14002
14003
14004
14005
14006
14007
14019
14028
14045
14048
14049
14059
14064
14079
14108
14111
14118
14119
14120
14121
14122
14123
14131
14132
14149
14150
14151
14152
14153
14163
14176
14181
14191
14196
14199
14202
14209
14210
14211
14236
14237
14241
14242
14244
14247
14248
14262
14263
14264
14266
14267
14268
14269
14270
14271
14272
14273
14274
14275
14276
14277
14278
14279
14280
14281
14282
14283
14284
14285
14300
14301
14302
14303
14314
14315
14316
14328
14329
14330
14331
14332
14333
14334
14335
14336
14337
14338
14339
14340
14341
14342
14343
14344
14345
14346
14347
14348
14349
14350
14351
14352
14353
14354
14355
14356
14358
14359
14360
14361
14362
14363
14364
14365
14366
14367
14368
14388
14389
14405
14412
14425
14432
14433
14434
14436
14454
14461
14462
14466
14470
14481
14482
14489
14490
14491
14492
14493
14502
14505
14510
14511
14517
14518
14519
14520
14524
14532
14536
14541
14550
14551
14559
14560
14561
14562
14567
14568
14573
14589
14601
14606
14607
14608
14609
14610
14613
14614
14615
14616
14617
14618
14619
14620
14621
14622
14623
14625
14626
14627
14628
14629
14636
14637
14638
14654
14656
14657
14660
14677
14678
14680
14681
14682
14683
14684
14685
14686
14687
14688
14689
14690
14703
14707
14709
14710
14712
14715
14716
14720
14723
14724
14725
14726
14727
14728
14729
14730
14731
14732
14733
14734
14735
14736
14737
14738
14739
14740
14741
14742
14743
14744
14745
14746
14747
14748
14749
14750
14751
14752
14753
14754
14755
14756
14757
14758
14759
14760
14761
14762
14763
14764
14765
14766
14767
14768
14769
14770
14771
14772
14773
14775
14782
14783
14788
14791
14798
14799
14800
14801
14802
14803
14804
14805
14806
14807
14808
14811
14812
14813
14814
14815
14816
14817
14818
14819
14821
14822
14823
14837
14840
14845
14846
14847
14848
14849
14850
14851
14852
14858
14869
14873
14879
14880
14881
14902
14903
14904
14905
14906
14907
14908
14909
14910
14911
14912
14913
14914
14915
14916
14917
14918
14919
14920
14925
14938
14939
14940
14945
14949
14960
14961
14963
14975
14976
14978
14989
14996
14999
15008
15012
15038
15049
15050
15051
15052
15055
15056
15058
15059
15060
15077
15083
15087
15088
15090
15091
15092
15093
15112
15113
15115
15119
15120
15138
15140
15141
15148
15150
15158
15172
15173
15174
15175
15176
15177
15178
15187
15188
15189
15190
15191
15193
15194
15195
15198
15199
15200
15201
15202
15203
15204
15205
15206
15207
15208
15209
15210
15211
15212
15213
15214
15215
15216
15217
15218
15219
15220
15221
15222
15223
15224
15225
15231
15232
15234
15251
15252
15253
15255
15256
15257
15270
15282
15296
15297
15298
15299
15300
15301
15302
15309
15322
15323
15324
15325
15326
15327
15328
15329
15330
15331
15332
15336
15342
15345
15348
15349
15350
15351
15352
15353
15354
15355
15356
15357
15358
15359
15360
15361
15365
15366
15367
15380
15384
15385
15386
15387
15388
15389
15390
15391
15392
15395
15396
15414
15419
15420
15421
15422
15423
15424
15435
15437
15438
15439
15442
15443
15446
15450
15454
15455
15456
15458
15487
15490
15491
15496
15497
15498
15513
15514
15515
15516
15548
15553
15554
15563
15590
15594
15598
15599
15602
15603
15606
15619
15633
15643
15651
15652
15653
15659
15661
15680
15681
15696
15697
15698
15708
15710
15716
15722
15723
15724
15740
15742
15743
15753
15754
15755
15756
15757
15758
15773
15774
15784
15789
15790
15791
15792
15793
15795
15796
15797
15798
15806
15807
15808
15834
15835
15836
15841
15857
15858
15859
15860
15862
15863
15870
15871
15872
15873
15874
15875
15880
15881
15884
15888
15890
15908
15909
15917
15918
15920
15922
15923
15939
15940
15948
15949
15951
15952
15954
15955
15956
15957
15958
15960
15961
15971
15972
16004
16007
16009
16015
16016
16017
16018
16024
16026
16027
16035
16036
16038
16043
16044
16047
16049
16050
16053
16061
16068
16069
16070
16071
16072
16073
16074
16075
16076
16077
16079
16085
16091
16092
16093
16094
16095
16096
16098
16105
16109
16110
16117
16120
16121
16122
16126
16127
16128
16148
16149
16151
16155
16156
16157
16163
16165
16166
16167
16168
16173
16180
16185
16186
16187
16188
16193
16198
16202
16203
16212
16213
16220
16221
16222
16223
16224
16225
16226
16227
16228
16229
16230
16231
16232
16233
16234
16235
16236
16237
16238
16239
16244
16259
16260
16261
16262
16274
16285
16286
16288
16290
16292
16295
16317
16318
16319
16320
16322
16332
16337
16347
16348
16351
16354
16356
16357
16358
16360
16361
16362
16364
16366
16374
16379
16380
16387
16391
16393
16396
16397
16400
16403
16404
16405
16408
16409
16411
16424
16429
16430
16431
16436
16441
16442
16447
16448
16449
16453
16454
16455
16458
16464
16465
16466
16475
16476
16477
16478
16479
16480
16481
16482
16483
16487
16503
16506
16507
16525
16536
16542
16552
16572
16573
16579
16582
16583
16584
16594
16598
16600
16606
16607
16611
16614
16615
16619
16623
16624
16642
16643
16645
16650
16651
16656
16657
16668
16678
16679
16682
16686
16687
16688
16689
16690
16703
16704
16705
16706
16707
16726
16733
16736
16742
16752
16753
16759
16760
16761
16762
16763
16764
16765
16784
16785
16786
16792
16793
16799
16801
16805
16808
16809
16810
16811
16812
16813
16815
16816
16817
16818
16819
16820
16821
16822
16823
16824
16825
16826
16827
16828
16829
16830
16831
16832
16833
16834
16835
16836
16837
16838
16839
16840
16841
16848
16849
16851
16859
16861
16862
16863
16864
16865
16866
16867
16868
16869
16870
16872
16873
16878
16881
16882
16883
16890
16891
16903
16904
16906
16907
16910
16911
16915
16922
16923
16930
16931
16932
16933
16934
16935
16936
16945
16947
16954
16958
16966
16969
16972
16975
16976
16977
16983
16986
16988
16991
17002
17003
17004
17006
17008
17013
17016
17017
17021
17023
17024
17025
17026
17027
17028
17038
17055
17056
17057
17064
17065
17078
17079
17080
17081
17082
17085
17086
17087
17088
17089
17102
17103
17109
17113
17116
17117
17122
17123
17126
17127
17134
17135
17136
17138
17146
17151
17152
17158
17161
17162
17163
17164
17165
17166
17167
17174
17175
17176
17177
17178
17179
17182
17183
17200
17201
17202
17210
17211
17212
17219
17225
17228
17233
17240
17241
17242
17243
17252
17265
17266
17270
17279
17282
17285
17286
17287
17288
17289
17290
17291
17329
17331
17333
17337
17340
17341
17362
17366
17369
17393
17394
17397
17398
17399
17407
17408
17429
17430
17431
17432
17440
17441
17477
17488
17489
17502
17505
17508
17512
17513
17514
17519
17520
17522
17527
17529
17537
17538
17539
17540
17542
17543
17544
17545
17546
17547
17549
17556
17563
17564
17565
17566
17567
17568
17569
17570
17577
17578
17579
17603
17610
17611
17616
17618
17638
17639
17654
17655
17656
17657
17659
17677
17678
17679
17683
17686
17712
17717
17724
17725
17726
17732
17733
17734
17735
17736
17737
17738
17739
17763
17764
17766
17768
17770
17772
17773
17781
17782
17791
17793
17794
17801
17802
17805
17809
17810
17811
17812
17813
17814
17826
17827
17828
17855
17856
17860
17870
17871
17877
17878
17879
17880
17881
17882
17883
17884
17885
17890
17898
17915
17916
17917
17918
17922
17962
17963
17971
17973
17974
17975
17976
17977
17978
17985
17986
18001
18002
18008
18029
18044
18045
18046
18047
18048
18049
18050
18051
18052
18053
18055
18064
18065
18066
18067
18068
18069
18070
18071
18072
18073
18074
18075
18076
18077
18078
18079
18080
18081
18082
18083
18084
18085
18086
18087
18088
18089
18090
18091
18092
18093
18094
18095
18113
18114
18116
18117
18119
18120
18121
18122
18123
18124
18125
18126
18134
18136
18193
18198
18208
18209
18216
18219
18220
18223
18227
18234
18257
18258
18265
18266
18267
18268
18269
18270
18290
18297
18298
18299
18300
18301
18302
18303
18304
18305
18306
18307
18308
18309
18310
18312
18315
18324
18341
18351
18352
18353
18354
18356
18358
18359
18360
18363
18367
18368
18369
18371
18388
18389
18390
18391
18407
18409
18410
18411
18413
18414
18416
18434
18436
18437
18451
18462
18463
18464
18465
18472
18473
18474
18475
18476
18477
18478
18486
18495
18496
18505
18508
18509
18513
18514
18515
18516
18517
18518
18523
18527
18531
18535
18536
18538
18539
18579
18580
18581
18582
18583
18584
18585
18595
18598
18632
18649
18650
18651
18660
18674
18678
18679
18680
18682
18690
18691
18692
18693
18694
18695
18698
18699
18700
18701
18702
18703
18704
18705
18706
18707
18708
18725
18727
18732
18733
18741
18742
18743
18744
18745
18746
18747
18748
18749
18750
18755
18764
18765
18766
18767
18768
18775
18776
18777
18778
18783
18784
18785
18786
18787
18788
18789
18790
18791
18792
18793
18794
18795
18802
18803
18804
18808
18809
18811
18812
18813
18814
18815
18816
18817
18818
18819
18820
18821
18822
18823
18824
18829
18830
18831
18832
18833
18834
18835
18836
18837
18838
18839
18840
18841
18842
18843
18844
18845
18846
18854
18855
18856
18857
18858
18859
18860
18861
18862
18863
18864
18865
18866
18867
18868
18870
18871
18872
18873
18874
18875
18876
18877
18881
18897
18905
18909
18910
18911
18913
18915
18916
18917
18918
18919
18920
18921
18922
18923
18924
18925
18926
18927
18928
18929
18930
18931
18932
18933
18934
18935
18936
18937
18939
18940
18941
18942
18943
18944
18945
18946
18947
18950
18951
18952
18953
18954
18955
18956
18957
18958
18959
18960
18961
18963
18968
18969
18990
18995
18996
18997
18998
19001
19002
19003
19006
19007
19008
19009
19010
19011
19012
19013
19014
19015
19021
19022
19023
19026
19028
19029
19031
19039
19040
19041
19042
19043
19044
19045
19046
19048
19049
19050
19051
19070
19081
19084
19086
19087
19088
19092
19093
19103
19104
19106
19108
19115
19116
19117
19118
19119
19120
19121
19122
19123
19124
19127
19128
19129
19130
19131
19132
19133
19134
19135
19136
19168
19170
19171
19172
19173
19174
19175
19176
19177
19178
19185
19186
19187
19212
19215
19216
19217
19218
19219
19220
19230
19231
19237
19238
19242
19260
19261
19270
19279
19280
19281
19282
19290
19291
19292
19293
19294
19297
19299
19307
19308
19310
19311
19312
19313
19314
19315
19316
19317
19318
19319
19320
19324
19325
19326
19327
19328
19329
19330
19331
19343
19344
19345
19346
19347
19348
19352
19353
19354
19355
19356
19375
19376
19377
19388
19397
19398
19399
19400
19401
19413
19415
19416
19417
19419
19425
19426
19427
19428
19429
19430
19431
19432
19433
19436
19440
19450
19451
19452
19453
19466
19467
19473
19474
19478
19479
19480
19481
19494
19495
19496
19497
19499
19505
19506
19509
19510
19512
19515
19516
19519
19520
19521
19522
19523
19524
19525
19537
19539
19540
19541
19543
19564
19569
19570
19571
19572
19581
19582
19583
19584
19585
19586
19591
19592
19593
19594
19595
19601
19609
19610
19611
19612
19613
19614
19616
19617
19618
19619
19620
19621
19622
19623
19624
19625
19626
19627
19628
19629
19630
19632
19633
19634
19635
19636
19638
19643
19646
19670
19674
19675
19676
19677
19678
19679
19688
19689
19690
19692
19693
19694
19695
19703
19704
19706
19707
19723
19727
19729
19730
19731
19732
19733
19734
19735
19736
19737
19738
19739
19740
19741
19743
19745
19746
19747
19748
19751
19761
19762
19763
19770
19772
19774
19775
19776
19777
19778
19793
19800
19801
19802
19803
19804
19806
19807
19808
19809
19810
19815
19816
19820
19824
19825
19826
19827
19829
19831
19832
19850
19853
19860
19873
19876
19878
19879
19881
19883
19884
19887
19888
19904
19910
19927
19928
19929
19930
19931
19932
19933
19934
19935
19936
19937
19938
19939
19940
19949
19950
19954
19955
19956
19957
19958
19959
19984
19985
19989
19993
19996
19997
19998
20005
20006
20007
20008
20009
20010
20011
20016
20019
20020
20037
20038
20039
20040
20041
20042
20043
20050
20051
20052
20053
20054
20055
20059
20074
20077
20082
20083
20084
20086
20103
20110
20111
20116
20117
20118
20124
20125
20126
20127
20131
20134
20135
20136
20137
20156
20157
20158
20161
20165
20171
20172
20173
20181
20186
20187
20193
20194
20195
20196
20197
20198
20199
20200
20201
20202
20203
20204
20205
20206
20207
20208
20209
20210
20211
20212
20213
20214
20215
20216
20223
20224
20243
20245
20246
20248
20254
20255
20256
20266
20273
20284
20289
20296
20297
20302
20313
20314
20330
20336
20337
20338
20339
20350
20363
20364
20369
20376
20380
20384
20389
20394
20398
20408
20409
20430
20435
20440
20441
20442
20443
20444
20449
20457
20458
20459
20460
20461
20462
20463
20464
20470
20471
20472
20476
20477
20515
20524
20534
20535
20541
20542
20596
20597
20601
20606
20635
20640
20645
20651
20652
20661
20665
20673
20674
20677
20680
20686
20702
20706
20717
20718
20719
20720
20731
20732
20735
20738
20739
20740
20741
20742
20745
20748
20750
20751
20757
20761
20762
20765
20768
20769
20770
20777
20781
20783
20791
20795
20828
20829
20830
20844
20869
20870
20883
20884
20885
20886
20893
20916
20935
20936
20949
20950
20971
20975
20979
20980
20988
20991
20993
20996
21000
21001
21002
21003
21008
21009
21024
21043
21044
21045
21046
21047
21056
21057
21059
21060
21066
21082
21083
21084
21087
21090
21098
21104
21107
21120
21121
21122
21139
21166
21168
21170
21192
21201
21204
21212
21230
21231
21232
21234
21236
21242
21252
21256
21258
21274
21297
21298
21315
21347
21399
21456
21517
21605
21613
21614
21615
21616
21617
21618
21619
21620
21621
21622
21623
21624
21625
21626
21627
21628
21629
21630
21631
21632
21633
21642
21653
21692
21693
21698
21699
21700
21726
21727
21745
21749
21750
21751
21774
21793
21794
21812
21822
21823
21824
21825
21826
21827
21828
21829
21830
21834
21845
21846
21847
21848
21849
21854
21943
21950
21952
21956
21982
21993
21997
22012
22015
22016
22024
22026
22057
22070
22077
22083
22090
22102
22112
22124
22138
22153
22160
22161
22172
22173
22183
22187
22188
22206
22209
22215
22230
22253
22268
22269
22271
22277
22285
22298
22309
22316
22326
22360
22372
22379
22380
22399
22404
22423
22443
22457
22461
22467
22469
22471
22472
22482
22484
22493
22495
22503
22508
22515
22522
22565
22577
22582
22587
22594
22603
22606
22625
22648
22657
22664
22672
22673
22687
22691
22700
22719
22721
22722
22725
22726
22727
22730
22734
22735
22743
22752
22760
22774
22781
22789
22793
22798
22804
22807
22810
22811
22820
22824
22826
22839
22844
22849
22850
22851
22856
22860
22862
22864
22866
22867
22872
22877
22878
22879
22880
22884
22885
22887
22888
22891
22898
22905
22909
22915
22918
22921
22923
22926
22929
22939
22950
22951
22959
22967
22968
22969
22970
22971
22974
22977
22978
22979
22992
22994
22995
22997
23001
23005
23010
23016
23024
23028
23029
23030
23031
23033
23048
23055
23061
23067
23069
23077
23079
23094
23105
23106
23117
23121
23123
23125
23142
23151
23157
23164
23172
23173
23176
23181
23184
23189
23196
23205
23207
23211
23223
23226
23227
23229
23235
23239
23240
23252
23253
23260
23266
23273
23274
23287
23288
23297
23300
23313
23314
23315
23316
23330
23335
23350
23353
23359
23367
23370
23371
23374
23375
23377
23380
23381
23396
23399
23405
23406
23409
23410
23412
23413
23422
23426
23428
23434
23437
23438
23439
23440
23455
23461
23464
23466
23467
23472
23480
23481
23487
23489
23493
23531
23538
23540
23543
23546
23548
23553
23559
23564
23566
23575
23580
23581
23585
23589
23590
23596
23605
23606
23609
23614
23619
23620
23622
23633
23634
23647
23656
23662
23663
23664
23665
23666
23667
23675
23678
23681
23684
23685
23686
23690
23696
23699
23711
23712
23714
23718
23720
23721
23730
23731
23746
23747
23748
23749
23752
23753
23758
23766
23768
23776
23777
23782
23783
23788
23790
23798
23802
23803
23806
23807
23815
23816
23818
23820
23823
23824
23827
23829
23832
23835
23836
23841
23844
23849
23853
23854
23856
23859
23863
23864
23868
23869
23872
23873
23878
23881
23882
23883
23884
23886
23887
23892
23893
23894
23898
23900
23901
23903
23904
23905
23907
23910
23912
23913
23917
23920
23921
23922
23925
23926
23931
23933
23934
23936
23937
23939
23940
23950
23952
23958
23960
23962
23965
23966
23970
23971
23973
23974
23975
23976
23977
23983
23985
23986
23987
23988
23995
23996
23998
24000
24004
24005
24006
24007
24008
24011
24012
24016
24018
24020
24026
24031
24034
24035
24043
24044
24045
24051
24052
24064
24067
24069
24070
24072
24075
24077
24080
24083
24084
24085
24087
24091
24092
24093
24099
24100
24102
24106
24109
24112
24120
24121
24123
24126
24128
24129
24132
24134
24140
24141
24147
24149
24150
24152
24153
24154
24155
24158
24166
24167
24169
24170
24172
24174
24175
24181
24184
24188
24189
24192
24194
24198
24199
24203
24204
24210
24213
24214
24215
24216
24218
24220
24225
24228
24229
24230
24234
24239
24243
24244
24252
24254
24263
24264
24266
24271
24272
24276
24279
24285
24290
24292
24295
24299
24307
24309
24312
24319
24320
24329
24337
24341
24344
24346
24349
24355
24360
24362
24363
24370
24375
24378
24385
24396
24397
24400
24404
24416
24430
24435
24440
24441
24446
24447
24448
24456
24459
24469
24494
24495
24498
24499
24501
24504
24505
24508
24512
24514
24517
24520
24523
24527
24529
24535
24538
24539
24542
24544
24546
24547
24565
24574
24576
24579
24583
24591
24594
24596
24598
24599
24601
24613
24616
24621
24622
24624
24625
24631
24637
24638
24642
24646
24648
24650
24651
24654
24660
24665
24666
24668
24672
24673
24674
24684
24691
24692
24694
24701
24707
24708
24711
24715
24717
24720
24725
24726
24727
24728
24729
24733
24745
24752
24753
24759
24760
24762
24771
24774
24779
24781
24785
24787
24789
24798
24800
24804
24814
24818
24826
24829
24840
24841
24842
24846
24848
24849
24850
24853
24856
24861
24862
24863
24864
24865
24866
24867
24869
24872
24873
24880
24882
24887
24891
24892
24896
24899
24903
24907
24908
24910
24915
24917
24918
24919
24924
24929
24932
24934
24942
24948
24950
24953
24954
24955
24963
24965
24967
24971
24976
24977
24982
24993
24995
25000
25002
25004
25008
25010
25013
25020
25023
25031
25032
25035
25045
25048
25051
25052
25056
25057
25058
25060
25062
25066
25071
25072
25076
25080
25090
25091
25092
25097
25098
25102
25103
25107
25110
25115
25116
25122
25123
25131
25132
25133
25145
25151
25153
25157
25160
25167
25168
25170
25174
25180
25191
25192
25205
25212
25214
25220
25221
25222
25223
25227
25228
25234
25235
25237
25238
25241
25250
25256
25261
25270
25275
25280
25281
25282
25283
25285
25289
25290
25301
25302
25306
25307
25309
25314
25325
25330
25332
25335
25336
25340
25344
25346
25347
25355
25356
25359
25364
25368
25371
25373
25374
25376
25381
25387
25392
25393
25397
25400
25403
25405
25407
25408
25413
25415
25423
25432
25435
25437
25442
25444
25451
25459
25461
25462
25467
25474
25475
25479
25483
25484
25485
25486
25490
25491
25492
25501
25505
25511
25525
25527
25528
25529
25531
25534
25535
25536
25540
25544
25551
25554
25558
25574
25576
25582
25584
25587
25594
25597
25599
25600
25601
25604
25606
25607
25608
25622
25623
25624
25626
25628
25630
25631
25640
25647
25649
25653
25668
25671
25679
25680
25691
25696
25700
25707
25711
25716
25723
25725
25726
25728
25730
25731
25732
25735
25740
25749
25750
25754
25755
25757
25758
25767
25768
25771
25772
25777
25778
25782
25784
25789
25801
25802
25803
25817
25824
25827
25830
25834
25838
25843
25852
25853
25854
25860
25864
25867
25869
25874
25881
25884
25886
25890
25891
25892
25902
25903
25905
25907
25914
25923
25928
25931
25936
25940
25947
25953
25957
25960
25962
25966
25972
25973
25980
25981
25982
25985
25986
25988
25990
25994
25998
25999
26000
26001
26002
26004
26012
26016
26020
26022
26024
26026
26027
26030
26033
26037
26038
26051
26052
26062
26065
26066
26069
26070
26073
26075
26076
26084
26090
26091
26093
26096
26102
26106
26109
26112
26114
26117
26123
26126
26131
26133
26139
26143
26147
26149
26151
26152
26155
26157
26160
26161
26162
26163
26165
26166
26172
26174
26176
26177
26181
26190
26194
26196
26198
26199
26200
26203
26204
26209
26211
26215
26219
26221
26223
26226
26230
26233
26234
26236
26241
26250
26259
26261
26264
26266
26267
26270
26272
26273
26277
26282
26286
26287
26293
26298
26299
26301
26303
26315
26316
26321
26322
26323
26329
26330
26331
26334
26340
26344
26347
26350
26355
26356
26358
26360
26363
26378
26380
26388
26391
26392
26394
26395
26397
26399
26401
26403
26405
26406
26407
26411
26414
26419
26420
26422
26425
26431
26436
26439
26440
26453
26459
26460
26466
26467
26471
26472
26478
26479
26482
26483
26485
26486
26493
26497
26502
26503
26505
26515
26524
26525
26526
26528
26530
26531
26534
26537
26540
26541
26542
26545
26548
26549
26550
26553
26554
26555
26558
26561
26564
26565
26571
26574
26582
26587
26588
26592
26594
26596
26600
26603
26605
26607
26614
26618
26619
26621
26622
26623
26624
26625
26626
26634
26639
26641
26644
26646
26647
26649
26656
26686
26687
26690
26693
26695
26700
26706
26709
26711
26712
26717
26720
26723
26726
26732
26736
26740
26742
26743
26745
26751
26753
26754
26756
26758
26766
26768
26771
26772
26773
26774
26776
26778
26783
26786
26787
26788
26789
26791
26792
26794
26797
26798
26799
26800
26802
26803
26805
26806
26808
26810
26814
26815
26816
26820
26825
26827
26830
26837
26842
26843
26844
26846
26847
26849
26857
26861
26863
26865
26866
26871
26892
26894
26897
26903
26910
26913
26918
26919
26922
26926
26938
26940
26946
26950
26951
26955
26959
26960
26961
26964
26965
26971
26973
26974
26976
26979
26984
26986
26993
26994
26995
26996
26998
27003
27004
27008
27012
27017
27018
27021
27024
27028
27029
27034
27036
27040
27044
27045
27052
27054
27055
27062
27063
27068
27069
27070
27071
27073
27074
27075
27077
27079
27080
27084
27085
27087
27092
27096
27097
27098
27100
27101
27102
27107
27115
27124
27126
27128
27129
27131
27132
27134
27138
27140
27141
27144
27145
27148
27150
27151
27154
27159
27161
27166
27167
27170
27173
27179
27185
27194
27195
27196
27198
27199
27209
27210
27212
27213
27216
27219
27220
27222
27224
27230
27231
27233
27234
27242
27260
27261
27269
27271
27272
27277
27287
27297
27299
27301
27303
27308
27309
27312
27316
27317
27328
27333
27336
27348
27351
27357
27359
27370
27377
27381
27391
27392
27393
27398
27399
27400
27403
27412
27416
27419
27422
27424
27427
27429
27433
27434
27435
27441
27450
27451
27456
27457
27459
27463
27464
27466
27467
27468
27472
27473
27476
27486
27489
27492
27494
27496
27500
27501
27510
27513
27516
27517
27520
27522
27534
27538
27552
27558
27561
27564
27565
27570
27572
27574
27584
27585
27588
27595
27601
27609
27610
27618
27623
27628
27632
27635
27636
27637
27642
27643
27646
27647
27653
27654
27656
27657
27662
27663
27664
27671
27679
27682
27684
27703
27705
27711
27712
27718
27720
27731
27734
27741
27742
27745
27751
27753
27759
27765
27768
27773
27774
27781
27785
27788
27792
27800
27808
27810
27814
27824
27827
27829
27831
27832
27836
27838
27840
27843
27845
27852
27858
27861
27862
27871
27874
27876
27882
27888
27889
27890
27898
27904
27905
27906
27908
27910
27915
27923
27926
27929
27932
27939
27943
27945
27946
27947
27949
27950
27953
27954
27957
27971
27976
27979
27980
27982
27984
27985
27994
27995
27996
28002
28004
28013
28014
28022
28029
28032
28034
28036
28037
28038
28039
28042
28050
28051
28052
28058
28059
28071
28072
28076
28079
28081
28084
28085
28086
28087
28089
28093
28094
28102
28103
28105
28106
28108
28111
28112
28113
28114
28121
28126
28131
28134
28137
28144
28145
28155
28156
28158
28159
28160
28162
28168
28179
28185
28191
28198
28199
28203
28207
28208
28212
28219
28220
28222
28241
28242
28243
28246
28248
28253
28255
28257
28260
28262
28267
28272
28282
28293
28296
28306
28311
28312
28314
28319
28321
28323
28332
28333
28337
28346
28347
28349
28350
28354
28356
28360
28368
28369
28370
28376
28379
28390
28392
28395
28400
28404
28411
28412
28415
28421
28422
28431
28446
28460
28467
28469
28471
28475
28478
28480
28488
28491
28495
28499
28506
28508
28520
28523
28524
28528
28535
28537
28538
28541
28542
28543
28546
28547
28549
28551
28552
28557
28572
28574
28578
28584
28586
28589
28598
28602
28607
28608
28616
28621
28622
28624
28634
28639
28642
28645
28651
28654
28657
28663
28665
28666
28679
28682
28686
28691
28695
28704
28706
28710
28714
28716
28722
28727
28729
28730
28736
28740
28741
28748
28751
28752
28757
28758
28761
28766
28767
28768
28770
28777
28782
28792
28797
28798
28804
28806
28808
28811
28816
28820
28822
28824
28826
28834
28836
28838
28839
28841
28843
28846
28847
28860
28862
28864
28865
28867
28871
28873
28876
28878
28879
28885
28887
28890
28891
28894
28900
28902
28905
28908
28915
28916
28917
28918
28919
28920
28921
28922
28924
28925
28926
28927
28928
28929
28930
28964
28970
28973
28977
28981
28984
28990
28994
28997
29000
29002
29014
29017
29020
29023
29026
29029
29030
29034
29037
29038
29039
29042
29043
29044
29048
29051
29057
29060
29066
29072
29075
29094
29098
29101
29103
29104
29109
29110
29120
29122
29125
29127
29153
29155
29156
29157
29158
29159
29160
29161
29162
29163
29164
29165
29166
29167
29168
29169
29170
29171
29172
29173
29174
29175
29176
29177
29178
29179
29180
29181
29182
29183
29184
29185
29186
29187
29188
29189
29190
29191
29192
29193
29194
29195
29196
29197
29198
29199
29200
29201
29202
29203
29204
29205
29206
29207
29208
29209
29210
29211
29212
29213
29214
29215
29216
29217
29218
29219
29220
29221
29222
29223
29224
29225
29226
29227
29228
29229
29230
29231
29232
29233
29234
29235
29236
29237
29238
29239
29240
29241
29242
29243
29244
29245
29246
29247
29248
29249
29250
29251
29252
29253
29254
29255
29256
29257
29258
29259
29260
29261
29262
29263
29264
29265
29266
29267
29268
29269
29270
29271
29272
29273
29274
29275
29276
29277
29278
29279
29280
29281
29282
29283
29284
29285
29286
29287
29288
29289
29290
29291
29292
29293
29294
29295
29296
29297
29298
29299
29300
29301
29302
29303
29304
29305
29306
29307
29308
29309
29310
29311
29312
29313
29617
29623
29826
29830
29831
29838
29839
29863
29899
29900
29911
29912
29925
29926
29936
29937
29943
29953
29954
29959
29962
29963
29979
29980
29981
29992
29999
30000
30001
30002
30003
30004
30013
30014
30017
30018
30021
30022
30023
30024
30025
30026
30027
30028
30029
30030
30031
30032
30033
30034
30035
30036
30037
30038
30039
30040
30041
30042
30043
30044
30045
30046
30047
30048
30049
30050
30051
30052
30053
30054
30055
30056
30057
30058
30059
30060
30061
30062
30063
30064
30065
30066
30067
30068
30069
30070
30071
30072
30073
30074
30075
30076
30077
30078
30079
30080
30081
30082
30083
30084
30085
30086
30087
30088
30089
30090
30091
30092
30093
30094
30095
30096
30097
30098
30099
30100
30101
30102
30103
30104
30105
30106
30107
30108
30109
30110
30111
30112
30113
30114
30115
30116
30117
30118
30119
30120
30121
30122
30123
30124
30125
30126
30127
30128
30129
30130
30131
30132
30133
30134
30135
30136
30137
30138
30139
30140
30141
30142
30143
30144
30145
30146
30147
30148
30157
30161
30162
30165
30168
30169
30181
30182
30183
30184
30185
30188
30189
30190
30194
30195
30196
30197
30256
30257
30280
30305
30306
30310
30340
30341
30357
30358
30377
30378
30608
30609
30610
30611
30612
30613
30614
30615
30616
30629
30634
30635
30678
30679
30680
30681
30682
30745
30880
30896
30899
30900
30901
30902
30903
30904
30910
30911
30955
30956
30957
30958
30959
30960
30961
30966
30996
30997
31012
31013
31027
31028
31030
31031
31107
31108
31112
31391
31392
31393
31394
31395
31396
31397
31398
31399
31400
31401
31402
31403
31404
31405
31406
31407
31408
31409
31410
31411
31412
31413
31414
31415
31416
31417
31418
31419
31420
31421
31427
31428
31429
31430
31431
31432
31433
31434
31435
31436
31437
31438
31439
31440
31441
31442
31443
31444
31445
31446
31447
31448
31449
31450
31451
31452
31453
31454
31455
31456
31457
31458
31459
31460
31461
31462
31463
31464
31465
31466
31467
31468
31469
31470
31471
31472
31473
31474
31477
31478
31483
31484
31485
31488
31494
31495
31501
31504
31505
31510
31511
31515
31516
31531
31533
31542
31544
31582
31583
31584
31585
31586
31587
31588
31589
31590
31591
31592
31593
31594
31595
31596
31597
31598
31599
31600
31601
31602
31603
31604
31605
31606
31607
31608
31609
31610
31611
31612
31613
31614
31615
31616
31617
31618
31619
31620
31621
31622
31623
31624
31625
31626
31627
31628
31629
31630
31631
31632
31633
31634
31635
31636
31637
31638
31639
31640
31641
31642
31643
31644
31645
31646
31647
31648
31649
31650
31651
31652
31653
31654
31655
31656
31657
31658
31659
31660
31661
31662
31663
31664
31665
31666
31667
31668
31672
31673
31674
31675
31676
31677
31678
31679
31680
31681
31682
31685
31686
31687
31688
31689
31690
31691
31692
31693
31694
31695
31696
31697
31698
31701
31702
31703
31704
31705
31706
31707
31708
31709
31710
31711
31712
31713
31714
31715
31718
31719
31720
31721
31722
31723
31724
31725
31726
31727
31728
31729
31730
31731
31732
31733
31734
31735
31736
31737
31738
31739
31743
31744
31745
31746
31747
31748
31749
31750
31751
31754
31755
31756
31759
31760
31761
31762
31763
31764
31767
31768
31769
31770
31771
31774
31778
31795
31796
31797
31798
31800
31801
31802
31805
31808
31832
31834
31847
31853
31859
31860
31861
31892
31893
31894
31895
31896
31897
31898
31899
31900
31901
31902
31903
31904
31905
31906
31907
31908
31909
31910
31911
31912
31913
31914
31915
31916
31917
31918
31919
31920
31921
31922
31923
31924
31925
31926
31927
31928
31929
31930
31931
31932
31933
31934
31935
31936
31937
31938
31939
31940
31941
31942
31943
31944
31945
31946
31947
31948
31949
31950
31951
31952
31953
31954
31955
31956
31957
31958
31959
31960
31961
31962
31963
31964
31965
31966
31967
31968
31969
31970
31971
31972
31973
31974
31975
31976
31977
31978
31979
31980
31981
31982
31983
31984
31985
31986
31987
31988
31989
31990
32003
32004
32005
32006
32008
32011
32012
32050
32051
32053
32054
32079
32080
32081
32082
32083
32084
32085
32086
32087
32088
32089
32090
32091
32092
32093
32094
32095
32096
32097
32098
32099
32100
32101
32102
32110
32111
32129
32130
32131
32187
32190
32191
32306
32307
32308
32309
32310
32312
32316
32317
32318
32326
32335
32336
32339
32340
32343
32345
32346
32347
32348
32349
32350
32351
32352
32353
32354
32355
32356
32357
32358
32359
32360
32386
32387
32388
32389
32390
32396
32397
32398
32399
32410
32411
32412
32413
32414
32415
32416
32417
32418
32419
32420
32421
32422
32423
32424
32425
32426
32427
32428
32429
32430
32431
32432
32433
32434
32435
32436
32437
32438
32439
32440
32441
32442
32443
32444
32445
32446
32447
32448
32449
32450
32461
32462
32465
32466
32480
32481
32482
32483
32484
32561
32562
32563
32568
32571
32582
32583
32584
32585
32586
32587
32588
32589
32590
32591
32592
32593
32594
32595
32596
32597
32600
32616
32628
32629
32630
32631
32632
32633
32637
32913
32914
32945
32949
32970
32973
32974
32979
32983
32984
32986
32991
32992
32998
32999
33000
33001
33006
33016
33030
33031
33032
33033
33041
33042
33044
33045
33046
33059
33077
33079
33080
33081
33082
33083
33084
33085
33086
33087
33088
33089
33090
33091
33092
33093
33094
33116
33138
33139
33140
33141
33142
33143
33144
33145
33146
33200
33201
33202
33203
33210
33214
33215
33216
33217
33218
33219
33220
33221
33222
33223
33224
33226
33227
33239
33240
33241
33242
33243
33249
33256
33257
33258
33259
33260
33261
33262
33263
33271
33280
33290
33291
33292
33306
33320
33321
33341
33342
33343
33344
33347
33471
33476
33477
33479
33527
33528
33529
33530
33531
33532
33533
33534
33535
33536
33537
33538
33539
33540
33541
33542
33543
33546
33551
33552
33559
33560
33561
33562
33563
33564
33565
33566
33567
33568
33569
33570
33571
33572
33573
33574
33575
33576
33577
33578
33579
33580
33581
33582
33583
33584
33585
33586
33587
33588
33589
33590
33591
33592
33593
33594
33595
33596
33597
33598
33599
33600
33601
33602
33603
33604
33605
33606
33607
33608
33609
33610
33611
33616
33640
33641
33646
33647
33659
33660
33661
33662
33663
33664
33665
33666
33667
33668
33673
33674
33675
33676
33677
33678
33679
33680
33681
33689
33690
33691
33692
33707
33728
33729
33730
33745
33746
33747
33748
33749
33750
33751
33752
33753
33754
33755
33756
33757
33758
33759
33760
33761
33762
33763
33764
33765
33766
33767
33768
33769
33770
33771
33772
33773
33774
33775
33776
33777
33778
33779
33780
33781
33782
33783
33784
33785
33786
33787
33788
33789
33790
33791
33792
33793
33794
33795
33796
33797
33798
33806
33807
33809
33810
33853
33994
34061
34062
34064
34068
34069
34070
34071
34072
34073
34083
34084
34085
34086
34087
34088
34089
34090
34091
34092
34093
34094
34113
34114
34115
34116
34117
34118
34119
34120
34121
34122
34123
34128
34130
34131
34138
34146
34147
34148
34149
34150
34151
34152
34153
34154
34155
34156
34157
34158
34159
34165
34166
34167
34168
34172
34173
34174
34175
34176
34177
34178
34179
34180
34181
34182
34186
34187
34188
34189
34190
34191
34192
34193
34194
34195
34196
34197
34198
34199
34200
34201
34202
34203
34204
34205
34208
34213
34379
34380
34383
34384
34385
34386
34387
34388
34389
34390
34391
34392
34393
34394
34395
34396
34397
34398
34399
34400
34401
34402
34403
34404
34405
34406
34407
34408
34409
34410
34411
34412
34413
34414
34415
34416
34417
34418
34419
34420
34421
34422
34423
34424
34425
34426
34427
34428
34429
34430
34431
34432
34433
34434
34435
34436
34437
34438
34439
34440
34441
34442
34443
34444
34445
34446
34447
34448
34449
34450
34451
34452
34453
34454
34455
34456
34457
34458
34459
34460
34461
34462
34463
34464
34465
34466
34467
34468
34469
34470
34471
34472
34473
34474
34475
34476
34477
34478
34479
34480
34481
34482
34483
34484
34485
34486
34487
34488
34489
34490
34491
34492
34493
34494
34495
34496
34497
34498
34500
34501
34514
34519
34535
34536
34540
34544
34545
34546
34549
34559
34560
34572
34576
34577
34582
34583
34584
34587
34595
34596
34603
34604
34606
34607
34610
34611
34612
34616
34617
34618
34621
34628
34632
34633
34634
34635
34636
34637
34638
34639
34660
34661
34679
34681
34682
34692
34693
34694
34695
34696
34697
34698
34699
34702
34704
34705
34716
34717
34718
34719
34720
34721
34722
34723
34724
34725
34726
34730
34731
34732
34733
34740
34741
34742
34743
34744
34756
34763
34769
34774
34776
34781
34782
34783
34784
34785
34786
34787
34788
34791
34797
34822
34823
34828
34830
34835
34839
34840
34841
34842
34843
34849
34851
34852
34862
34863
34865
34866
34867
34868
34875
34880
34882
34886
34895
34896
34897
34898
34901
34902
34903
34904
34905
34906
34909
34921
34924
34925
34926
34927
34932
34935
34937
34977
34978
34981
34984
34988
34990
34993
34994
34995
34997
34998
34999
35004
35007
35008
35009
35010
35012
35016
35017
35022
35023
35024
35026
35027
35036
35048
35052
35060
35062
35063
35066
35079
35080
35082
35083
35084
35085
35086
35087
35088
35089
35090
35091
35094
35095
35096
35097
35098
35099
35100
35101
35102
35103
35104
35105
35106
35107
35108
35109
35110
35111
35112
35113
35114
35122
35135
35136
35141
35147
35148
35151
35152
35160
35163
35164
35167
35168
35169
35170
35171
35172
35173
35174
35175
35176
35177
35178
35179
35180
35181
35186
35190
35191
35192
35193
35195
35198
35199
35201
35202
35203
35204
35205
35231
35232
35233
35235
35242
35251
35252
35255
35261
35267
35272
35273
35274
35283
35284
35326
35334
35335
35336
35338
35340
35341
35342
35343
35347
35348
35349
35350
35351
35352
35353
35354
35359
35360
35361
35362
35363
35367
35368
35369
35373
35482
35485
35490
35517
35526
35527
35568
35641
35661
35662
35663
35664
35665
35666
35667
35668
35669
35670
35671
35672
35673
35674
35675
35676
35677
35741
35752
35753
35754
35755
35756
35757
35758
35759
35760
35761
35762
35763
35783
35814
35815
35816
35817
35851
35857
35870
35873
35874
35875
35876
35877
35878
35880
35884
35898
36023
36033
36034
36039
36049
36050
36051
36052
36053
36054
36061
36062
36063
36065
36066
36067
36068
36069
36074
36075
36076
36077
36079
36080
36081
36082
36083
36085
36090
36095
36099
36111
36124
36125
36152
36153
36209
36219
36220
36250
36254
36255
36290
36291
36292
36308
36309
36310
36325
36326
36330
36331
36332
36340
36341
36343
36347
36351
36353
36354
36355
36368
36374
36375
36376
36377
36378
36379
36380
36384
36390
36391
36396
36397
36398
36399
36401
36402
36404
36408
36411
36413
36415
36419
36420
36423
36436
36484
36585
36586
36590
36593
36594
36595
36603
36604
36605
36615
36633
36638
36639
36640
36641
36649
36652
36653
36660
36661
36675
36676
36678
36679
36680
36694
36695
36696
36697
36698
36700
36701
36703
36704
36708
36713
36716
36717
36721
36722
36724
36725
36728
36744
36745
36746
36748
36798
36801
36802
36803
36804
36805
36806
36807
36816
36818
36824
36860
36863
36865
36875
36882
36884
36908
36909
36910
36911
36912
36930
36931
36933
36947
36951
36958
36980
36981
36982
36983
36988
36989
36995
37004
37006
37007
37011
37037
37041
37046
37056
37057
37058
37059
37067
37086
37091
37092
37099
37112
37119
37120
37127
37128
37129
37131
37145
37146
37152
37153
37154
37213
37214
37217
37222
37223
37224
37238
37239
37256
37265
37266
37273
37276
37281
37282
37299
37300
37312
37313
37336
37349
37350
37371
37388
37389
37412
37414
37415
37434
37435
37439
37446
37448
37449
37450
37451
37452
37453
37454
37455
37456
37457
37458
37459
37460
37461
37462
37463
37464
37465
37466
37467
37468
37477
37480
37487
37488
37493
37522
37527
37528
37533
37534
37535
37536
37554
37555
37567
37572
37631
37646
37647
37649
37761
37762
37763
37764
37765
37766
37767
37768
37769
37770
37771
37772
37775
37776
37777
37778
37779
37780
37781
37782
37786
37790
37791
37792
37793
37794
37795
37796
37797
37798
37806
37811
37812
37822
37823
37824
37825
37826
37827
37828
37829
37830
37831
37832
37833
37834
37835
37836
37837
37838
37839
37840
37841
37842
37843
37844
37845
37846
37847
37848
37849
37850
37851
37852
37853
37854
37855
37856
37857
37858
37859
37860
37861
37862
37863
37864
37865
37866
37867
37868
37869
37870
37871
37872
37873
37874
37875
37876
37877
37878
37879
37880
37881
37882
37883
37884
37885
37886
37903
37904
37905
37908
37911
37912
37915
37916
37917
37951
37952
37953
37966
37967
37968
37969
37970
37971
37972
37973
37974
37975
37976
37977
37978
37979
37980
37981
37984
38014
38019
38031
38032
38033
38034
38035
38036
38037
38038
38039
38040
38041
38042
38043
38044
38045
38052
38094
38095
38096
38097
38098
38099
38100
38101
38102
38103
38104
38105
38106
38107
38108
38109
38110
38134
38135
38136
38168
38169
38170
38191
38192
38193
38194
38195
38216
38223
38225
38226
38230
38253
38285
38286
38304
38305
38332
38378
38413
38414
38438
38514
38518
38519
38538
38539
38549
38550
38557
38558
38559
38572
38574
38575
38576
38577
38594
38595
38596
38597
38598
38599
38600
38601
38602
38603
38604
38605
38606
38607
38608
38609
38610
38611
38612
38613
38614
38615
38616
38626
38627
38628
38629
38643
38660
38668
38669
38670
38673
38676
38680
38681
38690
38732
38735
38737
38739
38772
38775
38776
38792
38809
38821
38822
38826
38827
38828
38829
38830
38831
38834
38835
38836
38851
38852
38853
38854
38855
38857
38861
38865
38866
38867
38868
38869
38870
38875
38876
38880
38881
38892
38893
38894
38895
38896
38897
38898
38899
38900
38901
38902
38903
38904
38905
38910
38911
38912
38913
38914
38915
38916
38917
38918
38919
38920
38921
38922
38923
38924
38925
38926
38927
38928
38933
38935
38936
38937
38938
38939
38940
38941
38942
38943
38944
38945
38950
38951
38952
38953
38954
38955
38970
38971
38972
38978
38979
39009
39010
39011
39012
39013
39014
39019
39024
39025
39029
39031
39032
39033
39042
39044
39045
39049
39050
39051
39052
39053
39056
39057
39088
39089
39090
39101
39102
39108
39109
39111
39112
39115
39120
39121
39129
39130
39138
39139
39150
39151
39153
39154
39155
39165
39175
39176
39177
39178
39179
39180
39181
39182
39183
39184
39185
39186
39187
39188
39189
39190
39196
39197
39198
39207
39213
39214
39215
39216
39217
39218
39219
39220
39221
39222
39223
39224
39225
39226
39227
39228
39229
39230
39232
39233
39240
39241
39244
39249
39251
39261
39262
39263
39279
39282
39286
39287
39288
39290
39296
39309
39310
39311
39329
39332
39333
39334
39335
39349
39350
39357
39364
39366
39367
39368
39379
39380
39381
39382
39383
39385
39388
39389
39395
39396
39425
39426
39432
39460
39468
39469
39470
39473
39484
39485
39486
39487
39488
39489
39490
39491
39492
39493
39498
39499
39500
39501
39528
39529
39531
39532
39543
39548
39549
39550
39568
39574
39579
39580
39581
39600
39602
39624
39645
39649
39657
39660
39664
39686
39687
39688
39691
39692
39693
39694
39695
39703
39712
39718
39726
39727
39728
39734
39735
39739
39740
39743
39744
39746
39747
39748
39753
39754
39756
39757
39760
39770
39771
39783
39784
39786
39800
39803
39810
39817
39829
39836
39837
39838
39864
39865
39874
39875
39877
39882
39890
39891
39892
39899
39914
39924
39936
39943
39963
39964
39965
39966
39967
39968
39969
39970
39971
39972
39973
39974
39975
39976
39977
39978
39979
39980
39981
39982
39983
39984
39985
39986
39987
39988
39989
39990
39991
39992
39993
39994
39995
40014
40015
40016
40027
40029
40035
40036
40041
40051
40063
40082
40083
40089
40160
40161
40162
40165
40166
40167
40172
40173
40174
40175
40177
40181
40203
40204
40208
40209
40215
40216
40225
40226
40227
40228
40229
40230
40236
40237
40238
40239
40252
40257
40259
40260
40270
40274
40276
40277
40286
40296
40297
40308
40314
40315
40318
40319
40321
40336
40342
40344
40355
40356
40357
40358
40365
40366
40371
40372
40378
40379
40380
40382
40396
40400
40401
40403
40404
40408
40409
40411
40413
40415
40416
40419
40427
40428
40430
40432
40435
40455
40461
40462
40463
40497
40498
40499
40500
40501
40502
40503
40508
40509
40514
40529
40530
40531
40532
40533
40534
40535
40536
40537
40538
40539
40540
40541
40542
40543
40544
40545
40546
40551
40552
40562
40563
40564
40573
40574
40576
40577
40578
40579
40583
40585
40590
40594
40597
40598
40601
40602
40605
40613
40614
40615
40619
40620
40621
40622
40623
40624
40625
40626
40632
40633
40634
40638
40639
40640
40641
40643
40647
40648
40654
40669
40670
40671
40672
40673
40674
40675
40678
40693
40694
40695
40699
40700
40704
40705
40706
40715
40717
40718
40720
40729
40730
40731
40732
40733
40734
40735
40736
40737
40738
40739
40740
40741
40742
40743
40744
40745
40746
40747
40748
40749
40750
40751
40752
40753
40754
40755
40779
40798
40799
40800
40801
40802
40805
40807
40808
40809
40810
40849
40859
40865
40866
40887
40893
40894
40895
40896
40897
40898
40901
40908
40921
40949
40950
40988
40989
40994
40998
41001
41014
41062
41063
41064
41065
41066
41083
41084
41085
41101
41102
41103
41104
41105
41106
41107
41108
41109
41116
41123
41124
41125
41171
41172
41173
41193
41194
41199
41200
41207
41224
41225
41249
41251
41252
41288
41289
41310
41311
41312
41313
41314
41315
41323
41327
41333
41334
41349
41368
41382
41389
41390
41391
41392
41393
41394
41406
41415
41432
41435
41436
41446
41451
41466
41495
41498
41505
41506
41507
41508
41509
41510
41518
41519
41536
41537
41538
41539
41540
41550
41563
41568
41578
41583
41586
41589
41596
41597
41598
41623
41624
41628
41629
41631
41634
41635
41649
41650
41651
41653
41654
41655
41656
41657
41658
41659
41660
41661
41662
41663
41664
41665
41666
41667
41668
41669
41670
41671
41672
41687
41688
41689
41690
41701
41702
41703
41715
41716
41717
41718
41719
41720
41721
41722
41723
41724
41725
41726
41727
41728
41729
41730
41731
41732
41733
41734
41735
41736
41737
41738
41739
41740
41741
41742
41743
41745
41746
41747
41748
41749
41750
41751
41752
41753
41754
41755
41775
41776
41792
41799
41812
41819
41820
41821
41823
41841
41848
41849
41853
41857
41868
41869
41876
41877
41878
41879
41880
41889
41892
41897
41898
41904
41905
41906
41907
41911
41919
41923
41928
41937
41938
41946
41947
41948
41949
41954
41955
41960
41976
41988
41993
41994
41995
41996
41997
42000
42001
42002
42003
42004
42005
42006
42007
42008
42009
42010
42012
42013
42014
42015
42016
42023
42024
42025
42041
42043
42044
42047
42064
42065
42067
42068
42069
42070
42071
42072
42073
42074
42075
42076
42077
42090
42094
42096
42097
42099
42102
42103
42107
42110
42111
42112
42113
42114
42115
42116
42117
42118
42119
42120
42121
42122
42123
42124
42125
42126
42127
42128
42129
42130
42131
42132
42133
42134
42135
42136
42137
42138
42139
42140
42141
42142
42143
42144
42145
42146
42147
42148
42149
42150
42151
42152
42153
42154
42155
42156
42157
42158
42159
42160
42162
42169
42170
42175
42178
42185
42186
42187
42188
42189
42190
42191
42192
42193
42194
42195
42198
42199
42200
42201
42202
42203
42204
42205
42206
42208
42209
42210
42224
42227
42232
42233
42234
42235
42236
42237
42238
42239
42245
42256
42260
42266
42267
42268
42289
42290
42291
42292
42293
42294
42295
42296
42297
42298
42299
42300
42301
42302
42303
42304
42305
42306
42307
42312
42325
42326
42327
42332
42336
42347
42348
42350
42362
42363
42365
42376
42383
42386
42395
42399
42425
42436
42437
42438
42439
42442
42443
42445
42446
42447
42464
42470
42474
42475
42477
42478
42479
42480
42499
42500
42502
42506
42507
42525
42527
42528
42535
42537
42545
42559
42560
42561
42562
42563
42564
42565
42574
42575
42576
42577
42578
42580
42581
42582
42585
42586
42587
42588
42589
42590
42591
42592
42593
42594
42595
42596
42597
42598
42599
42600
42601
42602
42603
42604
42605
42606
42607
42608
42609
42610
42611
42612
42618
42619
42621
42638
42639
42640
42642
42643
42644
42657
42669
42683
42684
42685
42686
42687
42688
42689
42696
42709
42710
42711
42712
42713
42714
42715
42716
42717
42718
42719
42723
42729
42732
42735
42736
42737
42738
42739
42740
42741
42742
42743
42744
42745
42746
42747
42748
42752
42753
42754
42767
42771
42772
42773
42774
42775
42776
42777
42778
42779
42782
42783
42801
42806
42807
42808
42809
42810
42811
42822
42824
42825
42826
42829
42830
42833
42837
42841
42842
42843
42845
42874
42877
42878
42883
42884
42885
42900
42901
42902
42903
42935
42940
42941
42950
42977
42981
42985
42986
42989
42990
42993
43006
43020
43030
43038
43039
43040
43046
43048
43067
43068
43083
43084
43085
43095
43097
43103
43109
43110
43111
43127
43129
43130
43140
43141
43142
43143
43144
43145
43160
43161
43171
43176
43177
43178
43179
43180
43182
43183
43184
43185
43193
43194
43195
43221
43222
43223
43228
43244
43245
43246
43247
43249
43250
43257
43258
43259
43260
43261
43262
43267
43268
43271
43275
43277
43295
43296
43304
43305
43307
43309
43310
43326
43327
43335
43336
43338
43339
43341
43342
43343
43344
43345
43347
43348
43358
43359
43391
43394
43396
43402
43403
43404
43405
43411
43413
43414
43422
43423
43425
43430
43431
43434
43436
43437
43440
43448
43455
43456
43457
43458
43459
43460
43461
43462
43463
43464
43466
43472
43478
43479
43480
43481
43482
43483
43485
43492
43496
43497
43504
43507
43508
43509
43513
43514
43515
43535
43536
43538
43542
43543
43544
43550
43552
43553
43554
43555
43560
43567
43572
43573
43574
43575
43580
43585
43589
43590
43599
43600
43607
43608
43609
43610
43611
43612
43613
43614
43615
43616
43617
43618
43619
43620
43621
43622
43623
43624
43625
43626
43631
43646
43647
43648
43649
43661
43672
43673
43675
43677
43679
43682
43704
43705
43706
43707
43709
43719
43724
43734
43735
43738
43741
43743
43744
43745
43747
43748
43749
43751
43753
43761
43766
43767
43774
43778
43780
43783
43784
43787
43790
43791
43792
43795
43796
43798
43811
43816
43817
43818
43823
43828
43829
43834
43835
43836
43840
43841
43842
43845
43851
43852
43853
43862
43863
43864
43865
43866
43867
43868
43869
43870
43874
43890
43893
43894
43912
43923
43929
43939
43959
43960
43966
43969
43970
43971
43981
43985
43987
43993
43994
43998
44001
44002
44006
44010
44011
44029
44030
44032
44037
44038
44043
44044
44055
44065
44066
44069
44073
44074
44075
44076
44077
44090
44091
44092
44093
44094
44113
44120
44123
44129
44139
44140
44146
44147
44148
44149
44150
44151
44152
44171
44172
44173
44179
44180
44186
44188
44192
44195
44196
44197
44198
44199
44200
44202
44203
44204
44205
44206
44207
44208
44209
44210
44211
44212
44213
44214
44215
44216
44217
44218
44219
44220
44221
44222
44223
44224
44225
44226
44227
44228
44235
44236
44238
44246
44248
44249
44250
44251
44252
44253
44254
44255
44256
44257
44259
44260
44265
44268
44269
44270
44277
44278
44290
44291
44293
44294
44297
44298
44302
44309
44310
44317
44318
44319
44320
44321
44322
44323
44332
44334
44341
44345
44353
44356
44359
44362
44363
44364
44370
44373
44375
44378
44389
44390
44391
44393
44395
44400
44403
44404
44408
44410
44411
44412
44413
44414
44415
44425
44442
44443
44444
44451
44452
44465
44466
44467
44468
44469
44472
44473
44474
44475
44476
44489
44490
44496
44500
44503
44504
44509
44510
44513
44514
44521
44522
44523
44525
44533
44538
44539
44545
44548
44549
44550
44551
44552
44553
44554
44561
44562
44563
44564
44565
44566
44569
44570
44587
44588
44589
44597
44598
44599
44606
44612
44615
44620
44627
44628
44629
44630
44639
44652
44653
44657
44666
44669
44672
44673
44674
44675
44676
44677
44678
44716
44718
44720
44724
44727
44728
44749
44753
44756
44780
44781
44784
44785
44786
44794
44795
44816
44817
44818
44819
44827
44828
44864
44875
44876
44889
44892
44895
44899
44900
44901
44906
44907
44909
44914
44916
44924
44925
44926
44927
44929
44930
44931
44932
44933
44934
44936
44943
44950
44951
44952
44953
44954
44955
44956
44957
44964
44965
44966
44990
44997
44998
45003
45005
45025
45026
45041
45042
45043
45044
45046
45064
45065
45066
45070
45073
45099
45104
45111
45112
45113
45119
45120
45121
45122
45123
45124
45125
45126
45150
45151
45153
45155
45157
45159
45160
45168
45169
45178
45180
45181
45188
45189
45192
45196
45197
45198
45199
45200
45201
45213
45214
45215
45242
45243
45247
45257
45258
45264
45265
45266
45267
45268
45269
45270
45271
45272
45277
45285
45302
45303
45304
45305
45309
45349
45350
45358
45360
45361
45362
45363
45364
45365
45372
45373
45388
45389
45395
45416
45431
45432
45433
45434
45435
45436
45437
45438
45439
45440
45442
45451
45452
45453
45454
45455
45456
45457
45458
45459
45460
45461
45462
45463
45464
45465
45466
45467
45468
45469
45470
45471
45472
45473
45474
45475
45476
45477
45478
45479
45480
45481
45482
45500
45501
45503
45504
45506
45507
45508
45509
45510
45511
45512
45513
45521
45523
45580
45585
45595
45596
45603
45606
45607
45610
45614
45621
45644
45645
45652
45653
45654
45655
45656
45657
45677
45684
45685
45686
45687
45688
45689
45690
45691
45692
45693
45694
45695
45696
45697
45699
45702
45711
45728
45738
45739
45740
45741
45743
45745
45746
45747
45750
45754
45755
45756
45758
45775
45776
45777
45778
45794
45796
45797
45798
45800
45801
45803
45821
45823
45824
45838
45849
45850
45851
45852
45859
45860
45861
45862
45863
45864
45865
45873
45882
45883
45892
45895
45896
45900
45901
45902
45903
45904
45905
45910
45914
45918
45922
45923
45925
45926
45966
45967
45968
45969
45970
45971
45972
45982
45985
46019
46036
46037
46038
46047
46061
46065
46066
46067
46069
46077
46078
46079
46080
46081
46082
46085
46086
46087
46088
46089
46090
46091
46092
46093
46094
46095
46112
46114
46119
46120
46128
46129
46130
46131
46132
46133
46134
46135
46136
46137
46142
46151
46152
46153
46154
46155
46162
46163
46164
46165
46170
46171
46172
46173
46174
46175
46176
46177
46178
46179
46180
46181
46182
46189
46190
46191
46195
46196
46198
46199
46200
46201
46202
46203
46204
46205
46206
46207
46208
46209
46210
46211
46216
46217
46218
46219
46220
46221
46222
46223
46224
46225
46226
46227
46228
46229
46230
46231
46232
46233
46241
46242
46243
46244
46245
46246
46247
46248
46249
46250
46251
46252
46253
46254
46255
46257
46258
46259
46260
46261
46262
46263
46264
46268
46284
46292
46296
46297
46298
46300
46302
46303
46304
46305
46306
46307
46308
46309
46310
46311
46312
46313
46314
46315
46316
46317
46318
46319
46320
46321
46322
46323
46324
46326
46327
46328
46329
46330
46331
46332
46333
46334
46337
46338
46339
46340
46341
46342
46343
46344
46345
46346
46347
46348
46350
46355
46356
46377
46382
46383
46384
46385
46388
46389
46390
46393
46394
46395
46396
46397
46398
46399
46400
46401
46402
46408
46409
46410
46413
46415
46416
46418
46426
46427
46428
46429
46430
46431
46432
46433
46435
46436
46437
46438
46457
46468
46471
46473
46474
46475
46479
46480
46490
46491
46493
46495
46502
46503
46504
46505
46506
46507
46508
46509
46510
46511
46514
46515
46516
46517
46518
46519
46520
46521
46522
46523
46555
46557
46558
46559
46560
46561
46562
46563
46564
46565
46572
46573
46574
46599
46602
46603
46604
46605
46606
46607
46617
46618
46624
46625
46629
46647
46648
46657
46666
46667
46668
46669
46677
46678
46679
46680
46681
46684
46686
46694
46695
46697
46698
46699
46700
46701
46702
46703
46704
46705
46706
46707
46711
46712
46713
46714
46715
46716
46717
46718
46730
46731
46732
46733
46734
46735
46739
46740
46741
46742
46743
46762
46763
46764
46775
46784
46785
46786
46787
46788
46800
46802
46803
46804
46806
46812
46813
46814
46815
46816
46817
46818
46819
46820
46823
46827
46837
46838
46839
46840
46853
46854
46860
46861
46865
46866
46867
46868
46881
46882
46883
46884
46886
46892
46893
46896
46897
46899
46902
46903
46906
46907
46908
46909
46910
46911
46912
46924
46926
46927
46928
46930
46951
46956
46957
46958
46959
46968
46969
46970
46971
46972
46973
46978
46979
46980
46981
46982
46988
46996
46997
46998
46999
47000
47001
47003
47004
47005
47006
47007
47008
47009
47010
47011
47012
47013
47014
47015
47016
47017
47019
47020
47021
47022
47023
47025
47030
47033
47057
47061
47062
47063
47064
47065
47066
47075
47076
47077
47079
47080
47081
47082
47090
47091
47093
47094
47110
47114
47116
47117
47118
47119
47120
47121
47122
47123
47124
47125
47126
47127
47128
47130
47132
47133
47134
47135
47138
47148
47149
47150
47157
47159
47161
47162
47163
47164
47165
47180
47187
47188
47189
47190
47191
47193
47194
47195
47196
47197
47202
47203
47207
47211
47212
47213
47214
47216
47218
47219
47237
47240
47247
47260
47263
47265
47266
47268
47270
47271
47274
47275
47291
47297
47314
47315
47316
47317
47318
47319
47320
47321
47322
47323
47324
47325
47326
47327
47336
47337
47341
47342
47343
47344
47345
47346
47371
47372
47376
47380
47383
47384
47385
47392
47393
47394
47395
47396
47397
47398
47403
47406
47407
47424
47425
47426
47427
47428
47429
47430
47437
47438
47439
47440
47441
47442
47446
47461
47464
47469
47470
47471
47473
47490
47497
47498
47503
47504
47505
47511
47512
47513
47514
47518
47521
47522
47523
47524
47543
47544
47545
47548
47552
47558
47559
47560
47568
47573
47574
47580
47581
47582
47583
47584
47585
47586
47587
47588
47589
47590
47591
47592
47593
47594
47595
47596
47597
47598
47599
47600
47601
47602
47603
47610
47611
47630
47632
47633
47635
47641
47642
47643
47653
47660
47671
47676
47683
47684
47689
47700
47701
47717
47723
47724
47725
47726
47737
47750
47751
47756
47763
47767
47771
47776
47781
47785
47795
47796
47817
47822
47827
47828
47829
47830
47831
47836
47844
47845
47846
47847
47848
47849
47850
47851
47857
47858
47859
47863
47864
47902
47911
47921
47922
47928
47929
47983
47984
47988
47993
48022
48027
48032
48038
48039
48048
48052
48060
48061
48064
48067
48073
48089
48093
48104
48105
48106
48107
48118
48119
48122
48125
48126
48127
48128
48129
48132
48135
48137
48138
48144
48148
48149
48152
48155
48156
48157
48164
48168
48170
48178
48182
48215
48216
48217
48231
48256
48257
48270
48271
48272
48273
48280
48303
48322
48323
48336
48337
48358
48362
48366
48367
48375
48378
48380
48383
48387
48388
48389
48390
48395
48396
48411
48430
48431
48432
48433
48434
48443
48444
48446
48447
48453
48469
48470
48471
48474
48477
48485
48491
48494
48507
48508
48509
48526
48553
48555
48557
48579
48588
48591
48599
48617
48618
48619
48621
48623
48629
48639
48643
48645
48661
48684
48685
48702
48734
48786
48843
48904
48992
49000
49001
49002
49003
49004
49005
49006
49007
49008
49009
49010
49011
49012
49013
49014
49015
49016
49017
49018
49019
49020
49029
49040
49079
49080
49085
49086
49087
49113
49114
49132
49136
49137
49138
49161
49180
49181
49199
49209
49210
49211
49212
49213
49214
49215
49216
49217
49221
49232
49233
49234
49235
49236
49241
49330
49337
49339
49343
49369
49380
49384
49399
49402
49403
49411
49413
49444
49457
49464
49470
49477
49489
49499
49511
49525
49540
49547
49548
49559
49560
49570
49574
49575
49593
49596
49602
49617
49640
49655
49656
49658
49664
49672
49685
49696
49703
49713
49747
49759
49766
49767
49786
49791
49810
49830
49844
49848
49854
49856
49858
49859
49869
49871
49880
49882
49890
49895
49902
49909
49952
49964
49969
49974
49981
49990
49993
50012
50035
50044
50051
50059
50060
50074
50078
50087
50106
50108
50109
50112
50113
50114
50117
50121
50122
50130
50139
50147
50161
50168
50176
50180
50185
50191
50194
50197
50198
50207
50211
50213
50226
50231
50236
50237
50238
50243
50247
50249
50251
50253
50254
50259
50264
50265
50266
50267
50271
50272
50274
50275
50278
50285
50292
50296
50302
50305
50308
50310
50313
50316
50326
50337
50338
50346
50354
50355
50356
50357
50358
50361
50364
50365
50366
50379
50381
50382
50384
50388
50392
50397
50403
50411
50415
50416
50417
50418
50420
50435
50442
50448
50454
50456
50464
50466
50481
50492
50493
50504
50508
50510
50512
50529
50538
50544
50551
50559
50560
50563
50568
50571
50576
50583
50592
50594
50598
50610
50613
50614
50616
50622
50626
50627
50639
50640
50647
50653
50660
50661
50674
50675
50684
50687
50700
50701
50702
50703
50717
50722
50737
50740
50746
50754
50757
50758
50761
50762
50764
50767
50768
50783
50786
50792
50793
50796
50797
50799
50800
50809
50813
50815
50821
50824
50825
50826
50827
50842
50848
50851
50853
50854
50859
50867
50868
50874
50876
50880
50918
50925
50927
50930
50933
50935
50940
50946
50951
50953
50962
50967
50968
50972
50976
50977
50983
50992
50993
50996
51001
51006
51007
51009
51020
51021
51034
51043
51049
51050
51051
51052
51053
51054
51062
51065
51068
51071
51072
51073
51077
51083
51086
51098
51099
51101
51105
51107
51108
51117
51118
51133
51134
51135
51136
51139
51140
51145
51153
51155
51163
51164
51169
51170
51175
51177
51185
51189
51190
51193
51194
51202
51203
51205
51207
51210
51211
51214
51216
51219
51222
51223
51228
51231
51236
51240
51241
51243
51246
51250
51251
51255
51256
51259
51260
51265
51268
51269
51270
51271
51273
51274
51279
51280
51281
51285
51287
51288
51290
51291
51292
51294
51297
51299
51300
51304
51307
51308
51309
51312
51313
51318
51320
51321
51323
51324
51326
51327
51337
51339
51345
51347
51349
51352
51353
51357
51358
51360
51361
51362
51363
51364
51370
51372
51373
51374
51375
51382
51383
51385
51387
51391
51392
51393
51394
51395
51398
51399
51403
51405
51407
51413
51418
51421
51422
51430
51431
51432
51438
51439
51451
51454
51456
51457
51459
51462
51464
51467
51470
51471
51472
51474
51478
51479
51480
51486
51487
51489
51493
51496
51499
51507
51508
51510
51513
51515
51516
51519
51521
51527
51528
51534
51536
51537
51539
51540
51541
51542
51545
51553
51554
51556
51557
51559
51561
51562
51568
51571
51575
51576
51579
51581
51585
51586
51590
51591
51597
51600
51601
51602
51603
51605
51607
51612
51615
51616
51617
51621
51626
51630
51631
51639
51641
51650
51651
51653
51658
51659
51663
51666
51672
51677
51679
51682
51686
51694
51696
51699
51706
51707
51716
51724
51728
51731
51733
51736
51742
51747
51749
51750
51757
51762
51765
51772
51783
51784
51787
51791
51803
51817
51822
51827
51828
51833
51834
51835
51843
51846
51856
51881
51882
51885
51886
51888
51891
51892
51895
51899
51901
51904
51907
51910
51914
51916
51922
51925
51926
51929
51931
51933
51934
51952
51961
51963
51966
51970
51978
51981
51983
51985
51986
51988
52000
52003
52008
52009
52011
52012
52018
52024
52025
52029
52033
52035
52037
52038
52041
52047
52052
52053
52055
52059
52060
52061
52071
52078
52079
52081
52088
52094
52095
52098
52102
52104
52107
52112
52113
52114
52115
52116
52120
52132
52139
52140
52146
52147
52149
52158
52161
52166
52168
52172
52174
52176
52185
52187
52191
52201
52205
52213
52216
52227
52228
52229
52233
52235
52236
52237
52240
52243
52248
52249
52250
52251
52252
52253
52254
52256
52259
52260
52267
52269
52274
52278
52279
52283
52286
52290
52294
52295
52297
52302
52304
52305
52306
52311
52316
52319
52321
52329
52335
52337
52340
52341
52342
52350
52352
52354
52358
52363
52364
52369
52380
52382
52387
52389
52391
52395
52397
52400
52407
52410
52418
52419
52422
52432
52435
52438
52439
52443
52444
52445
52447
52449
52453
52458
52459
52463
52467
52477
52478
52479
52484
52485
52489
52490
52494
52497
52502
52503
52509
52510
52518
52519
52520
52532
52538
52540
52544
52547
52554
52555
52557
52561
52567
52578
52579
52592
52599
52601
52607
52608
52609
52610
52614
52615
52621
52622
52624
52625
52628
52637
52643
52648
52657
52662
52667
52668
52669
52670
52672
52676
52677
52688
52689
52693
52694
52696
52701
52712
52717
52719
52722
52723
52727
52731
52733
52734
52742
52743
52746
52751
52755
52758
52760
52761
52763
52768
52774
52779
52780
52784
52787
52790
52792
52794
52795
52800
52802
52810
52819
52822
52824
52829
52831
52838
52846
52848
52849
52854
52861
52862
52866
52870
52871
52872
52873
52877
52878
52879
52888
52892
52898
52912
52914
52915
52916
52918
52921
52922
52923
52927
52931
52938
52941
52945
52961
52963
52969
52971
52974
52981
52984
52986
52987
52988
52991
52993
52994
52995
53009
53010
53011
53013
53015
53017
53018
53027
53034
53036
53040
53055
53058
53066
53067
53078
53083
53087
53094
53098
53103
53110
53112
53113
53115
53117
53118
53119
53122
53127
53136
53137
53141
53142
53144
53145
53154
53155
53158
53159
53164
53165
53169
53171
53176
53188
53189
53190
53204
53211
53214
53217
53221
53225
53230
53239
53240
53241
53247
53251
53254
53256
53261
53268
53271
53273
53277
53278
53279
53289
53290
53292
53294
53301
53310
53315
53318
53323
53327
53334
53340
53344
53347
53349
53353
53359
53360
53367
53368
53369
53372
53373
53375
53377
53381
53385
53386
53387
53388
53389
53391
53399
53403
53407
53409
53411
53413
53414
53417
53420
53424
53425
53438
53439
53449
53452
53453
53456
53457
53460
53462
53463
53471
53477
53478
53480
53483
53489
53493
53496
53499
53501
53504
53510
53513
53518
53520
53526
53530
53534
53536
53538
53539
53542
53544
53547
53548
53549
53550
53552
53553
53559
53561
53563
53564
53568
53577
53581
53583
53585
53586
53587
53590
53591
53596
53598
53602
53606
53608
53610
53613
53617
53620
53621
53623
53628
53637
53646
53648
53651
53653
53654
53657
53659
53660
53664
53669
53673
53674
53680
53685
53686
53688
53690
53702
53703
53708
53709
53710
53716
53717
53718
53721
53727
53731
53734
53737
53742
53743
53745
53747
53750
53765
53767
53775
53778
53779
53781
53782
53784
53786
53788
53790
53792
53793
53794
53798
53801
53806
53807
53809
53812
53818
53823
53826
53827
53840
53846
53847
53853
53854
53858
53859
53865
53866
53869
53870
53872
53873
53880
53884
53889
53890
53892
53902
53911
53912
53913
53915
53917
53918
53921
53924
53927
53928
53929
53932
53935
53936
53937
53940
53941
53942
53945
53948
53951
53952
53958
53961
53969
53974
53975
53979
53981
53983
53987
53990
53992
53994
54001
54005
54006
54008
54009
54010
54011
54012
54013
54021
54026
54028
54031
54033
54034
54036
54043
54073
54074
54077
54080
54082
54087
54093
54096
54098
54099
54104
54107
54110
54113
54119
54123
54127
54129
54130
54132
54138
54140
54141
54143
54145
54153
54155
54158
54159
54160
54161
54163
54165
54170
54173
54174
54175
54176
54178
54179
54181
54184
54185
54186
54187
54189
54190
54192
54193
54195
54197
54201
54202
54203
54207
54212
54214
54217
54224
54229
54230
54231
54233
54234
54236
54244
54248
54250
54252
54253
54258
54279
54281
54284
54290
54297
54300
54305
54306
54309
54313
54325
54327
54333
54337
54338
54342
54346
54347
54348
54351
54352
54358
54360
54361
54363
54366
54371
54373
54380
54381
54382
54383
54385
54390
54391
54395
54399
54404
54405
54408
54411
54415
54416
54421
54423
54427
54431
54432
54439
54441
54442
54449
54450
54455
54456
54457
54458
54460
54461
54462
54464
54466
54467
54471
54472
54474
54479
54483
54484
54485
54487
54488
54489
54494
54502
54511
54513
54515
54516
54518
54519
54521
54525
54527
54528
54531
54532
54535
54537
54538
54541
54546
54548
54553
54554
54557
54560
54566
54572
54581
54582
54583
54585
54586
54596
54597
54599
54600
54603
54606
54607
54609
54611
54617
54618
54620
54621
54629
54647
54648
54656
54658
54659
54664
54674
54684
54686
54688
54690
54695
54696
54699
54703
54704
54715
54720
54723
54735
54738
54744
54746
54757
54764
54768
54778
54779
54780
54785
54786
54787
54790
54799
54803
54806
54809
54811
54814
54816
54820
54821
54822
54828
54837
54838
54843
54844
54846
54850
54851
54853
54854
54855
54859
54860
54863
54873
54876
54879
54881
54883
54887
54888
54897
54900
54903
54904
54907
54909
54921
54925
54939
54945
54948
54951
54952
54957
54959
54961
54971
54972
54975
54982
54988
54996
54997
55005
55010
55015
55019
55022
55023
55024
55029
55030
55033
55034
55040
55041
55043
55044
55049
55050
55051
55058
55066
55069
55071
55090
55092
55098
55099
55105
55107
55118
55121
55128
55129
55132
55138
55140
55146
55152
55155
55160
55161
55168
55172
55175
55179
55187
55195
55197
55201
55211
55214
55216
55218
55219
55223
55225
55227
55230
55232
55239
55245
55248
55249
55258
55261
55263
55269
55275
55276
55277
55285
55291
55292
55293
55295
55297
55302
55310
55313
55316
55319
55326
55330
55332
55333
55334
55336
55337
55340
55341
55344
55358
55363
55366
55367
55369
55371
55372
55381
55382
55383
55389
55391
55400
55401
55409
55416
55419
55421
55423
55424
55425
55426
55429
55437
55438
55439
55445
55446
55458
55459
55463
55466
55468
55471
55472
55473
55474
55476
55480
55481
55489
55490
55492
55493
55495
55498
55499
55500
55501
55508
55513
55518
55521
55524
55531
55532
55542
55543
55545
55546
55547
55549
55555
55566
55572
55578
55585
55586
55590
55594
55595
55599
55606
55607
55609
55628
55629
55630
55633
55635
55640
55642
55644
55647
55649
55654
55659
55669
55680
55683
55693
55698
55699
55701
55706
55708
55710
55719
55720
55724
55733
55734
55736
55737
55741
55743
55747
55755
55756
55757
55763
55766
55777
55779
55782
55787
55791
55798
55799
55802
55808
55809
55818
55833
55847
55854
55856
55858
55862
55865
55867
55875
55878
55882
55886
55893
55895
55907
55910
55911
55915
55922
55924
55925
55928
55929
55930
55933
55934
55936
55938
55939
55944
55959
55961
55965
55971
55973
55976
55985
55989
55994
55995
56003
56008
56009
56011
56021
56026
56029
56032
56038
56041
56044
56050
56052
56053
56066
56069
56073
56078
56082
56091
56093
56097
56101
56103
56109
56114
56116
56117
56123
56127
56128
56135
56138
56139
56144
56145
56148
56153
56154
56155
56157
56164
56169
56179
56184
56185
56191
56193
56195
56198
56203
56207
56209
56211
56213
56221
56223
56225
56226
56228
56230
56233
56234
56247
56249
56251
56252
56254
56258
56260
56263
56265
56266
56272
56274
56277
56278
56281
56287
56289
56292
56295
)


// ************************************************************************* //
