/*--------------------------------*- C++ -*----------------------------------*\
| =========                 |                                                 |
| \\      /  F ield         | OpenFOAM: The Open Source CFD Toolbox           |
|  \\    /   O peration     | Version:  v2012                                 |
|   \\  /    A nd           | Website:  www.openfoam.com                      |
|    \\/     M anipulation  |                                                 |
\*---------------------------------------------------------------------------*/
FoamFile
{
    version     2.0;
    format      ascii;
    class       labelList;
    location    "constant/polyMesh";
    object      cellProcAddressing;
}
// * * * * * * * * * * * * * * * * * * * * * * * * * * * * * * * * * * * * * //


13749
(
8
9
10
19
22
24
26
28
36
41
43
66
73
76
79
80
81
98
116
117
119
120
122
126
127
133
134
137
140
143
144
148
150
155
166
169
170
189
191
192
196
199
202
207
209
221
236
244
252
253
257
262
277
283
284
285
288
289
292
294
298
306
312
317
320
327
336
345
358
362
365
370
374
377
379
380
382
390
391
392
394
395
403
419
421
422
434
435
436
439
442
444
450
456
469
472
476
481
491
496
497
506
508
513
515
517
521
523
524
529
533
542
551
556
558
565
569
571
574
575
576
578
579
580
583
591
593
596
597
603
606
607
609
626
630
631
642
646
648
653
662
670
683
685
692
695
697
698
699
707
716
726
729
734
735
741
742
750
760
770
775
779
785
791
794
801
803
805
812
815
819
823
824
836
861
862
866
868
869
870
873
881
886
894
901
903
910
914
921
924
925
929
931
933
938
945
948
952
955
964
965
967
978
991
998
999
1003
1004
1007
1008
1032
1034
1048
1060
1062
1071
1089
1102
1103
1104
1107
1111
1114
1129
1132
1134
1136
1137
1141
1142
1148
1157
1163
1176
1190
1192
1195
1201
1209
1215
1216
1220
1221
1227
1228
1235
1244
1248
1250
1272
1278
1281
1285
1287
1297
1299
1302
1303
1307
1308
1322
1323
1327
1333
1338
1342
1344
1351
1352
1355
1356
1363
1377
1394
1395
1396
1398
1402
1407
1408
1417
1419
1426
1438
1444
1450
1451
1453
1458
1462
1469
1476
1477
1479
1483
1490
1498
1499
1505
1507
1522
1527
1528
1530
1556
1558
1569
1572
1576
1580
1586
1587
1591
1602
1606
1609
1612
1620
1621
1633
1638
1646
1665
1670
1679
1680
1683
1684
1693
1712
1717
1718
1720
1728
1733
1736
1737
1741
1751
1759
1763
1771
1778
1779
1780
1783
1790
1807
1808
1809
1810
1811
1823
1828
1832
1833
1834
1836
1853
1860
1862
1863
1867
1868
1869
1870
1889
1899
1911
1919
1937
1938
1949
1951
1953
1954
1958
1962
1964
1967
1969
1977
1988
1993
1994
1998
2001
2004
2009
2015
2017
2026
2029
2030
2032
2033
2034
2038
2050
2053
2055
2060
2062
2065
2067
2068
2078
2082
2088
2090
2094
2095
2101
2105
2106
2108
2109
2121
2122
2130
2131
2139
2141
2142
2145
2146
2150
2155
2158
2159
2162
2163
2170
2171
2180
2187
2191
2193
2202
2205
2214
2220
2225
2227
2228
2230
2241
2246
2262
2271
2275
2276
2279
2282
2287
2288
2298
2316
2320
2330
2331
2337
2341
2350
2351
2352
2353
2368
2378
2381
2399
2402
2405
2416
2424
2425
2429
2439
2440
2441
2450
2452
2454
2459
2465
2467
2470
2471
2477
2480
2486
2494
2497
2498
2513
2518
2523
2524
2536
2539
2544
2553
2564
2565
2569
2570
2574
2576
2578
2586
2592
2593
2601
2603
2611
2612
2614
2624
2626
2631
2636
2641
2642
2645
2650
2657
2659
2672
2676
2680
2681
2686
2689
2694
2698
2700
2708
2716
2717
2720
2724
2728
2734
2746
2748
2749
2753
2760
2762
2768
2772
2782
2783
2799
2806
2812
2818
2823
2824
2825
2830
2837
2840
2841
2845
2852
2853
2854
2859
2867
2869
2882
2895
2901
2905
2913
2914
2917
2918
2919
2920
2921
2922
2928
2930
2934
2936
2938
2939
2940
2944
2945
2947
2950
2954
2962
2963
2967
2985
2998
3003
3011
3020
3024
3044
3046
3047
3050
3054
3061
3063
3067
3070
3074
3080
3082
3083
3087
3094
3095
3098
3102
3104
3107
3108
3109
3110
3115
3118
3123
3126
3129
3141
3143
3148
3149
3166
3171
3177
3187
3188
3195
3199
3200
3202
3206
3213
3221
3237
3244
3249
3251
3255
3263
3275
3276
3279
3289
3291
3302
3313
3316
3319
3321
3323
3324
3325
3337
3346
3348
3352
3353
3354
3355
3356
3365
3367
3370
3377
3380
3381
3390
3391
3394
3396
3412
3416
3426
3436
3441
3452
3474
3475
3478
3508
3509
3515
3520
3536
3542
3551
3552
3554
3556
3557
3559
3560
3569
3573
3574
3578
3582
3585
3586
3590
3595
3600
3606
3611
3615
3616
3619
3625
3627
3631
3632
3636
3638
3641
3644
3645
3647
3654
3658
3660
3661
3665
3667
3670
3671
3675
3679
3697
3700
3707
3709
3714
3715
3716
3720
3726
3727
3736
3741
3756
3768
3770
3771
3774
3781
3783
3784
3786
3789
3800
3803
3814
3815
3826
3840
3845
3846
3850
3857
3862
3865
3870
3871
3879
3881
3894
3895
3899
3903
3906
3908
3910
3914
3916
3917
3918
3922
3930
3956
3962
3969
3970
3976
3984
3989
3990
3991
3993
3994
3995
3996
4000
4010
4023
4030
4038
4039
4041
4042
4043
4045
4050
4051
4053
4054
4061
4062
4063
4066
4069
4073
4074
4085
4099
4100
4102
4105
4107
4110
4111
4114
4117
4119
4120
4122
4124
4128
4135
4138
4142
4143
4148
4150
4154
4158
4160
4161
4162
4165
4166
4171
4173
4179
4184
4186
4188
4190
4192
4196
4199
4202
4203
4204
4208
4210
4214
4220
4224
4236
4248
4249
4254
4260
4264
4267
4268
4269
4271
4276
4285
4287
4289
4290
4292
4298
4300
4305
4307
4308
4316
4318
4327
4330
4335
4336
4337
4341
4352
4359
4361
4363
4371
4373
4374
4375
4377
4379
4385
4387
4389
4390
4392
4395
4406
4407
4409
4413
4417
4426
4427
4439
4441
4442
4451
4457
4463
4465
4474
4479
4480
4483
4488
4489
4491
4492
4494
4510
4518
4520
4523
4525
4527
4528
4537
4542
4546
4555
4559
4560
4561
4563
4571
4572
4575
4578
4581
4585
4594
4596
4602
4604
4609
4611
4616
4619
4625
4634
4636
4641
4642
4646
4650
4652
4667
4670
4678
4683
4692
4700
4704
4711
4713
4717
4722
4723
4724
4735
4742
4743
4745
4752
4757
4760
4763
4765
4770
4787
4794
4795
4801
4805
4806
4807
4827
4829
4835
4840
4842
4850
4851
4853
4854
4858
4866
4869
4873
4876
4879
4881
4890
4892
4897
4899
4901
4903
4904
4908
4910
4917
4918
4920
4922
4925
4926
4927
4929
4930
4932
4934
4935
4952
4959
4960
4964
4966
4973
4983
4987
4989
4994
5000
5002
5003
5007
5017
5018
5023
5024
5025
5041
5048
5051
5055
5063
5064
5073
5075
5076
5077
5079
5082
5093
5096
5097
5101
5106
5112
5123
5124
5125
5127
5131
5133
5134
5135
5145
5146
5164
5167
5177
5189
5190
5196
5197
5204
5207
5225
5230
5235
5242
5243
5255
5256
5258
5273
5274
5278
5283
5284
5287
5292
5293
5301
5316
5324
5328
5329
5332
5335
5338
5341
5350
5351
5353
5362
5367
5368
5370
5371
5375
5378
5380
5393
5395
5410
5421
5423
5427
5428
5431
5432
5434
5435
5436
5446
5455
5458
5459
5464
5467
5469
5471
5480
5483
5487
5494
5498
5508
5513
5515
5516
5518
5520
5522
5525
5531
5544
5545
5548
5550
5551
5554
5558
5559
5560
5562
5563
5565
5567
5569
5573
5574
5575
5576
5577
5581
5582
5583
5589
5593
5594
5603
5605
5618
5627
5630
5631
5636
5640
5641
5646
5651
5652
5657
5658
5667
5672
5675
5677
5678
5684
5685
5689
5691
5692
5694
5701
5705
5707
5711
5713
5717
5726
5739
5744
5746
5751
5757
5763
5768
5771
5772
5773
5775
5781
5787
5793
5799
5801
5809
5816
5827
5828
5829
5834
5836
5837
5838
5839
5843
5845
5849
5850
5851
5856
5857
5862
5863
5870
5871
5881
5883
5884
5888
5889
5891
5897
5899
5904
5906
5909
5910
5912
5916
5920
5925
5931
5932
5935
5950
5953
5955
5957
5958
5963
5973
5985
5987
5992
5997
5999
6003
6006
6011
6012
6016
6019
6021
6022
6024
6025
6028
6029
6031
6033
6035
6041
6044
6046
6058
6070
6075
6076
6078
6080
6083
6087
6091
6093
6102
6103
6111
6113
6114
6115
6116
6126
6128
6131
6133
6134
6137
6141
6153
6154
6157
6161
6167
6168
6171
6172
6174
6179
6181
6182
6183
6184
6185
6186
6188
6194
6196
6200
6202
6205
6211
6217
6220
6227
6228
6232
6233
6239
6244
6253
6254
6258
6259
6269
6270
6276
6284
6286
6291
6293
6296
6304
6305
6311
6318
6330
6333
6334
6336
6339
6342
6343
6344
6346
6353
6357
6361
6364
6365
6368
6369
6370
6389
6392
6409
6411
6412
6413
6414
6418
6420
6422
6425
6426
6439
6441
6443
6449
6455
6457
6458
6459
6471
6474
6479
6480
6491
6499
6502
6505
6506
6510
6512
6515
6516
6522
6527
6535
6539
6541
6547
6555
6556
6570
6573
6576
6580
6583
6584
6588
6589
6595
6599
6602
6603
6604
6608
6609
6610
6612
6613
6616
6617
6619
6620
6622
6628
6630
6631
6634
6641
6644
6650
6651
6654
6655
6657
6658
6661
6664
6667
6668
6669
6673
6674
6682
6684
6693
6708
6711
6713
6714
6717
6721
6727
6733
6734
6740
6741
6743
6744
6753
6762
6778
6782
6787
6799
6803
6807
6809
6810
6825
6833
6842
6851
6859
6861
6882
6888
6903
6905
6916
6919
6920
6921
6924
6927
6936
6937
6944
6948
6950
6954
6955
6959
6960
6967
6968
6974
6979
6985
6989
6990
7013
7024
7025
7027
7030
7033
7034
7035
7052
7060
7061
7065
7069
7078
7080
7083
7087
7089
7090
7101
7109
7115
7119
7120
7121
7123
7128
7129
7147
7148
7150
7152
7156
7161
7173
7174
7201
7202
7212
7219
7222
7223
7227
7230
7231
7233
7237
7238
7244
7256
7270
7271
7277
7279
7284
7285
7297
7303
7315
7318
7320
7325
7326
7334
7335
7355
7364
7368
7375
7397
7398
7404
7413
7422
7426
7430
7432
7435
7444
7447
7456
7458
7466
7471
7472
7479
7482
7484
7491
7508
7510
7511
7521
7527
7541
7544
7554
7563
7566
7567
7585
7588
7591
7592
7593
7595
7596
7600
7610
7611
7623
7630
7631
7632
7633
7646
7649
7665
7669
7676
7680
7685
7688
7689
7691
7693
7702
7703
7704
7712
7717
7718
7720
7723
7724
7727
7734
7751
7753
7756
7772
7774
7784
7790
7792
7795
7802
7813
7829
7834
7836
7847
7854
7858
7860
7883
7884
7887
7895
7904
7906
7918
7921
7922
7924
7926
7929
7930
7932
7935
7955
7960
7963
7967
7972
7973
7975
7980
7982
7984
7988
7995
7999
8005
8006
8012
8021
8025
8038
8043
8052
8053
8054
8059
8075
8076
8080
8081
8083
8090
8095
8096
8105
8107
8109
8124
8128
8129
8132
8138
8153
8156
8160
8170
8178
8182
8187
8189
8195
8201
8203
8206
8209
8213
8214
8219
8230
8231
8240
8244
8260
8270
8273
8274
8276
8278
8279
8287
8290
8328
8331
8339
8341
8347
8348
8378
8381
8393
8395
8401
8404
8405
8410
8411
8412
8418
8428
8429
8431
8433
8440
8446
8448
8451
8455
8457
8465
8474
8475
8480
8481
8482
8485
8486
8488
8493
8494
8504
8505
8510
8521
8522
8530
8534
8537
8547
8551
8553
8555
8560
8567
8568
8569
8570
8572
8573
8576
8577
8581
8590
8592
8595
8605
8618
8624
8627
8634
8636
8641
8645
8646
8647
8648
8657
8658
8660
8661
8666
8674
8682
8688
8691
8692
8695
8697
8701
8706
8710
8713
8714
8715
8718
8722
8729
8730
8731
8736
8739
8743
8744
8747
8749
8754
8759
8760
8766
8775
8781
8782
8788
8793
8795
8796
8800
8805
8809
8812
8816
8826
8832
8843
8845
8851
8854
8859
8861
8862
8863
8866
8877
8901
8903
8908
8910
8912
8915
8918
8926
8927
8934
8940
8941
8956
8962
8964
8965
8968
8979
8986
9002
9004
9005
9008
9009
9010
9023
9025
9026
9027
9030
9035
9039
9043
9053
9057
9064
9065
9068
9071
9072
9075
9079
9081
9095
9101
9102
9113
9120
9122
9126
9128
9131
9136
9140
9141
9149
9157
9158
9169
9176
9177
9179
9181
9190
9198
9199
9200
9201
9205
9210
9213
9215
9219
9224
9230
9232
9233
9234
9238
9243
9249
9260
9261
9262
9270
9277
9280
9282
9298
9300
9301
9304
9307
9314
9320
9321
9322
9324
9326
9330
9332
9333
9339
9353
9357
9362
9364
9376
9380
9387
9388
9392
9402
9409
9411
9414
9418
9426
9428
9429
9444
9448
9449
9460
9462
9480
9484
9493
9513
9514
9515
9518
9520
9521
9522
9523
9527
9528
9535
9548
9551
9553
9558
9564
9575
9576
9577
9581
9582
9585
9586
9587
9588
9596
9600
9611
9612
9617
9620
9622
9633
9641
9644
9649
9651
9653
9655
9657
9674
9677
9678
9681
9682
9685
9688
9695
9698
9701
9705
9715
9719
9727
9728
9737
9741
9745
9746
9747
9748
9751
9752
9755
9757
9768
9771
9772
9778
9784
9786
9787
9788
9790
9795
9799
9800
9804
9806
9808
9809
9810
9815
9816
9818
9820
9821
9822
9823
9825
9831
9835
9841
9845
9847
9851
9852
9855
9858
9863
9864
9866
9867
9869
9872
9875
9877
9880
9881
9883
9890
9891
9895
9898
9899
9904
9908
9920
9924
9925
9926
9930
9932
9936
9941
9948
9951
9957
9959
9973
9974
9975
9979
9980
9993
9995
9999
10006
10008
10016
10018
10019
10021
10024
10027
10035
10038
10040
10047
10053
10060
10062
10068
10076
10078
10080
10085
10088
10093
10095
10098
10102
10105
10106
10111
10118
10132
10138
10140
10145
10150
10153
10166
10167
10169
10180
10181
10188
10195
10196
10203
10215
10218
10223
10227
10228
10233
10237
10247
10248
10253
10255
10257
10259
10260
10268
10279
10281
10283
10284
10291
10297
10302
10308
10310
10312
10316
10320
10321
10322
10331
10332
10333
10348
10350
10356
10362
10363
10372
10374
10376
10378
10390
10394
10404
10410
10415
10422
10426
10428
10429
10432
10433
10437
10438
10446
10447
10454
10464
10473
10478
10483
10484
10489
10492
10494
10495
10504
10505
10506
10510
10513
10518
10521
10524
10530
10532
10534
10537
10542
10549
10550
10557
10560
10561
10567
10569
10570
10571
10572
10574
10585
10588
10593
10596
10598
10612
10613
10627
10628
10630
10658
10660
10672
10683
10686
10690
10693
10700
10701
10703
10704
10714
10719
10724
10725
10727
10729
10736
10741
10743
10748
10751
10754
10759
10762
10772
10775
10784
10791
10794
10795
10803
10809
10810
10824
10826
10832
10839
10840
10852
10853
10855
10858
10859
10885
10889
10890
10899
10913
10934
10939
10951
10956
10958
10963
10964
10965
10966
10971
10974
10987
10989
10991
11001
11005
11007
11008
11010
11018
11023
11041
11042
11050
11055
11064
11065
11066
11070
11071
11080
11081
11089
11100
11103
11106
11109
11114
11115
11117
11119
11126
11138
11145
11149
11150
11153
11163
11164
11170
11171
11181
11204
11207
11215
11219
11220
11227
11230
11233
11236
11238
11241
11247
11252
11254
11271
11273
11278
11279
11282
11284
11292
11293
11297
11308
11321
11322
11332
11335
11339
11346
11358
11399
11407
11412
11440
11444
11446
11457
11489
11499
11511
11523
11528
11529
11530
11554
11559
11561
11566
11571
11574
11580
11640
11642
11644
11647
11662
11671
11678
11693
11706
11711
11713
11714
11715
11719
11730
11739
11756
11764
11767
11768
11803
11804
11805
11821
11828
11836
11841
11843
11845
11852
11861
11872
11884
11889
11895
11896
11904
11905
11917
11920
11931
11932
11946
11959
11962
11965
11966
11970
11981
11992
12000
12004
12010
12026
12032
12035
12036
12050
12059
12061
12062
12075
12078
12079
12085
12087
12090
12094
12102
12110
12113
12121
12126
12128
12133
12143
12144
12156
12161
12169
12171
12182
12199
12221
12231
12243
12246
12248
12249
12273
12275
12279
12280
12293
12294
12303
12313
12314
12316
12329
12330
12332
12336
12341
12344
12351
12362
12369
12377
12384
12386
12388
12392
12396
12399
12401
12403
12409
12435
12436
12446
12447
12448
12467
12478
12496
12505
12510
12514
12532
12539
12540
12548
12550
12559
12569
12570
12572
12574
12585
12588
12594
12612
12614
12618
12624
12626
12653
12654
12662
12673
12678
12680
12693
12694
12704
12722
12724
12725
12740
12746
12764
12766
12773
12780
12799
12801
12802
12809
12812
12815
12822
12838
12839
12840
12846
12850
12860
12881
12898
12911
12925
12927
12929
12937
12940
12950
12973
12981
12999
13000
13005
13011
13015
13029
13036
13037
13038
13045
13054
13063
13099
13100
13103
13106
13117
13127
13144
13159
13160
13161
13162
13164
13165
13181
13182
13191
13203
13215
13232
13233
13235
13236
13241
13248
13249
13255
13259
13282
13285
13294
13301
13310
13314
13319
13321
13352
13357
13364
13366
13372
13394
13396
13407
13425
13483
13484
13486
13498
13500
13505
13511
13515
13530
13538
13540
13550
13563
13565
13568
13569
13571
13581
13592
13593
13596
13604
13611
13614
13619
13650
13659
13661
13668
13683
13691
13693
13702
13704
13706
13718
13721
13722
13732
13736
13745
13747
13759
13770
13786
13799
13811
13817
13824
13825
13830
13836
13838
13845
13847
13851
13863
13866
13867
13878
13883
13887
13916
13928
13948
13949
13970
13974
13984
13993
14003
14012
14013
14040
14041
14044
14046
14054
14061
14076
14080
14087
14096
14099
14101
14105
14107
14118
14125
14137
14139
14145
14146
14153
14155
14161
14162
14167
14192
14196
14198
14199
14201
14203
14206
14219
14228
14229
14231
14238
14239
14244
14248
14249
14251
14253
14270
14271
14276
14287
14295
14301
14302
14308
14309
14314
14315
14320
14328
14330
14331
14332
14333
14341
14343
14344
14346
14358
14359
14360
14361
14368
14373
14381
14392
14398
14405
14410
14425
14444
14480
14485
14489
14491
14499
14509
14510
14517
14518
14531
14540
14542
14544
14555
14558
14561
14563
14566
14571
14576
14588
14614
14622
14623
14626
14635
14654
14655
14668
14670
14678
14690
14691
14692
14693
14700
14705
14711
14722
14732
14733
14737
14739
14744
14745
14751
14754
14757
14766
14779
14781
14793
14795
14803
14818
14823
14824
14828
14841
14854
14870
14872
14876
14885
14894
14898
14911
14916
14917
14925
14927
14932
14938
14939
14944
14956
14962
14970
14975
14984
14993
14995
15002
15004
15014
15018
15035
15047
15049
15059
15064
15067
15072
15073
15074
15082
15085
15088
15089
15099
15100
15103
15113
15115
15125
15133
15135
15156
15163
15167
15171
15173
15180
15181
15183
15186
15190
15203
15206
15211
15212
15224
15227
15240
15242
15253
15254
15267
15274
15278
15280
15285
15290
15296
15305
15307
15309
15310
15317
15337
15339
15340
15348
15352
15355
15359
15365
15366
15368
15372
15375
15379
15383
15392
15401
15412
15417
15419
15422
15424
15425
15428
15429
15433
15437
15439
15442
15444
15455
15460
15467
15469
15473
15478
15479
15483
15485
15490
15493
15496
15497
15507
15536
15538
15539
15540
15549
15550
15552
15553
15562
15563
15565
15566
15571
15587
15595
15599
15601
15609
15619
15621
15639
15648
15656
15662
15665
15667
15669
15685
15687
15689
15691
15693
15698
15708
15711
15722
15723
15733
15743
15753
15757
15764
15767
15771
15776
15780
15788
15795
15800
15805
15807
15808
15821
15822
15825
15831
15832
15838
15844
15845
15852
15856
15875
15886
15890
15893
15897
15903
15914
15929
15933
15934
15941
15952
15957
15963
15977
15978
16001
16002
16013
16019
16020
16023
16027
16036
16037
16038
16050
16053
16063
16066
16069
16070
16072
16077
16080
16084
16085
16090
16092
16094
16097
16102
16103
16104
16105
16108
16109
16113
16117
16118
16119
16125
16128
16138
16139
16142
16147
16156
16164
16165
16170
16172
16174
16182
16188
16191
16195
16196
16201
16204
16205
16206
16209
16213
16218
16219
16223
16230
16239
16240
16244
16245
16250
16251
16252
16278
16285
16289
16294
16302
16308
16313
16315
16319
16322
16323
16325
16330
16331
16334
16336
16337
16342
16351
16354
16364
16366
16373
16377
16390
16391
16394
16407
16409
16416
16418
16447
16454
16457
16458
16467
16471
16473
16481
16482
16484
16489
16490
16491
16498
16512
16515
16516
16518
16521
16529
16531
16537
16542
16544
16556
16561
16563
16565
16571
16588
16602
16603
16614
16620
16621
16625
16626
16631
16656
16657
16665
16673
16674
16675
16677
16679
16691
16708
16714
16719
16728
16735
16738
16743
16750
16753
16757
16759
16768
16776
16780
16782
16789
16792
16802
16809
16812
16815
16816
16820
16824
16829
16832
16848
16849
16852
16854
16859
16872
16873
16880
16883
16886
16895
16901
16906
16909
16911
16914
16917
16921
16922
16925
16929
16931
16934
16937
16947
16963
16967
16968
16985
16992
16995
16996
17004
17010
17013
17015
17018
17019
17027
17028
17033
17034
17035
17042
17043
17044
17048
17053
17056
17062
17064
17066
17072
17073
17074
17077
17088
17089
17095
17107
17115
17124
17126
17132
17141
17144
17152
17156
17160
17161
17174
17179
17186
17192
17200
17201
17203
17206
17208
17214
17220
17229
17232
17236
17238
17243
17249
17253
17264
17265
17269
17278
17283
17287
17289
17292
17297
17300
17301
17303
17304
17306
17315
17318
17322
17324
17343
17344
17346
17350
17355
17360
17361
17370
17371
17374
17375
17380
17384
17388
17389
17390
17393
17396
17401
17407
17408
17411
17420
17423
17425
17426
17427
17428
17431
17436
17441
17451
17460
17465
17470
17472
17482
17491
17501
17503
17504
17516
17518
17519
17531
17543
17546
17551
17562
17571
17572
17579
17588
17591
17592
17601
17602
17605
17630
17634
17638
17641
17652
17654
17663
17668
17670
17684
17686
17687
17688
17689
17690
17692
17704
17716
17720
17721
17727
17728
17736
17746
17747
17749
17753
17755
17756
17757
17762
17764
17767
17768
17770
17771
17773
17778
17786
17792
17793
17797
17800
17802
17805
17807
17815
17823
17826
17828
17831
17839
17840
17843
17848
17853
17854
17858
17867
17871
17873
17874
17881
17885
17893
17895
17898
17900
17904
17908
17912
17913
17914
17921
17930
17931
17932
17934
17939
17940
17945
17948
17960
17977
17978
17981
17982
17987
17991
17992
17994
17998
18005
18007
18023
18030
18032
18034
18037
18038
18045
18052
18057
18058
18062
18067
18072
18076
18082
18083
18088
18089
18094
18095
18096
18100
18101
18106
18107
18112
18114
18117
18122
18124
18126
18141
18145
18146
18150
18151
18158
18161
18162
18168
18169
18170
18181
18182
18186
18188
18189
18193
18201
18207
18214
18216
18220
18221
18227
18228
18232
18235
18245
18247
18249
18253
18269
18270
18279
18282
18289
18294
18296
18299
18304
18305
18314
18319
18326
18351
18360
18361
18370
18379
18385
18394
18405
18407
18408
18411
18413
18416
18420
18439
18445
18446
18462
18465
18473
18487
18488
18490
18492
18499
18500
18504
18514
18515
18520
18527
18528
18529
18542
18547
18552
18554
18555
18563
18566
18569
18575
18579
18581
18585
18591
18595
18601
18613
18621
18624
18628
18637
18638
18640
18645
18651
18654
18661
18662
18669
18674
18680
18685
18688
18693
18699
18704
18706
18707
18708
18713
18714
18715
18717
18719
18725
18727
18731
18732
18733
18751
18765
18776
18786
18799
18801
18808
18813
18814
18822
18829
18831
18838
18840
18844
18848
18849
18851
18852
18853
18857
18858
18864
18866
18870
18871
18872
18874
18878
18882
18885
18887
18904
18915
18916
18917
18921
18929
18945
18947
18948
18952
18953
18957
18959
18967
18976
18979
18980
18981
18982
18983
18988
18991
18993
18995
18998
18999
19002
19004
19009
19019
19022
19028
19038
19039
19040
19051
19053
19056
19060
19062
19070
19074
19075
19078
19079
19080
19082
19083
19084
19085
19097
19100
19106
19113
19120
19125
19133
19139
19140
19149
19159
19160
19161
19163
19177
19182
19184
19188
19189
19191
19192
19193
19197
19199
19201
19202
19205
19206
19220
19221
19227
19232
19234
19251
19252
19253
19260
19275
19276
19282
19286
19293
19304
19308
19309
19315
19317
19319
19320
19322
19327
19329
19338
19339
19341
19343
19344
19345
19351
19356
19359
19366
19369
19373
19382
19383
19389
19393
19397
19399
19406
19408
19416
19419
19420
19422
19423
19424
19426
19427
19430
19431
19442
19446
19450
19452
19454
19456
19457
19458
19464
19470
19474
19476
19487
19488
19494
19495
19502
19503
19509
19512
19516
19517
19526
19532
19533
19538
19545
19547
19551
19560
19561
19564
19566
19572
19584
19585
19589
19597
19605
19613
19616
19617
19626
19627
19629
19633
19636
19644
19649
19655
19663
19672
19675
19682
19683
19693
19699
19700
19720
19722
19723
19724
19728
19729
19731
19735
19747
19751
19758
19763
19768
19778
19779
19785
19786
19787
19789
19791
19792
19794
19795
19801
19808
19810
19811
19812
19813
19818
19823
19824
19828
19829
19830
19833
19836
19838
19839
19841
19847
19850
19852
19859
19860
19866
19867
19873
19876
19880
19882
19883
19884
19886
19888
19889
19898
19902
19907
19908
19911
19916
19922
19925
19928
19929
19930
19941
19942
19948
19949
19951
19954
19957
19961
19963
19965
19967
19970
19979
19980
19981
19992
19993
19996
19998
20000
20004
20009
20012
20023
20024
20027
20029
20030
20033
20046
20050
20052
20054
20055
20056
20061
20070
20071
20079
20083
20084
20086
20087
20088
20091
20092
20094
20099
20106
20110
20112
20114
20116
20117
20119
20120
20127
20130
20131
20138
20147
20150
20158
20164
20168
20174
20189
20190
20193
20198
20202
20204
20212
20213
20215
20216
20221
20225
20231
20233
20234
20253
20254
20256
20257
20259
20261
20269
20273
20274
20277
20281
20283
20291
20293
20294
20299
20305
20306
20307
20310
20316
20317
20319
20321
20323
20326
20340
20341
20344
20358
20363
20367
20369
20371
20372
20376
20387
20388
20389
20394
20396
20399
20409
20414
20415
20419
20423
20429
20437
20441
20450
20452
20457
20458
20459
20463
20467
20468
20469
20471
20472
20478
20481
20483
20494
20509
20513
20515
20521
20524
20525
20531
20532
20535
20542
20547
20551
20554
20560
20565
20568
20569
20570
20573
20581
20583
20589
20591
20592
20594
20596
20597
20598
20601
20611
20615
20619
20623
20624
20625
20629
20635
20636
20638
20640
20642
20643
20645
20654
20656
20657
20660
20661
20664
20665
20666
20674
20683
20685
20686
20688
20699
20704
20706
20709
20710
20715
20718
20720
20721
20724
20728
20730
20734
20740
20743
20746
20751
20752
20759
20766
20772
20778
20784
20787
20790
20793
20796
20802
20804
20809
20810
20811
20812
20814
20815
20819
20823
20825
20826
20827
20829
20830
20835
20841
20851
20855
20857
20860
20861
20862
20863
20865
20870
20876
20886
20894
20897
20898
20908
20911
20915
20925
20928
20929
20933
20943
20951
20954
20955
20961
20969
20971
20973
20976
20979
20985
20986
20991
20992
20993
20995
20996
21001
21002
21004
21005
21006
21012
21023
21030
21031
21033
21034
21042
21047
21053
21054
21056
21059
21060
21061
21063
21064
21065
21067
21069
21070
21076
21077
21079
21080
21081
21083
21095
21097
21099
21100
21105
21107
21108
21111
21116
21118
21120
21122
21123
21124
21130
21133
21135
21136
21146
21153
21156
21158
21159
21160
21161
21162
21164
21165
21170
21171
21173
21176
21181
21183
21185
21186
21188
21191
21195
21199
21205
21207
21208
21209
21223
21225
21226
21227
21230
21233
21235
21239
21248
21251
21253
21254
21257
21259
21262
21276
21279
21284
21285
21288
21293
21298
21301
21303
21305
21308
21312
21314
21315
21318
21320
21324
21325
21328
21330
21335
21336
21338
21341
21342
21344
21345
21346
21351
21357
21361
21372
21375
21378
21379
21384
21387
21389
21390
21392
21393
21397
21398
21404
21411
21414
21416
21420
21421
21423
21431
21432
21433
21434
21437
21441
21442
21443
21444
21450
21451
21453
21455
21458
21459
21461
21464
21475
21479
21481
21482
21487
21489
21490
21493
21494
21496
21499
21501
21510
21511
21515
21522
21526
21527
21528
21531
21534
21539
21542
21544
21545
21551
21552
21553
21554
21555
21562
21563
21566
21567
21568
21573
21574
21575
21576
21577
21579
21580
21584
21585
21586
21589
21592
21593
21600
21602
21604
21605
21611
21612
21615
21617
21619
21632
21636
21640
21643
21647
21661
21662
21669
21671
21680
21683
21684
21685
21686
21691
21695
21697
21699
21704
21705
21709
21711
21712
21719
21721
21727
21728
21732
21735
21738
21740
21744
21747
21750
21760
21761
21766
21767
21770
21772
21773
21778
21780
21781
21786
21789
21790
21794
21795
21796
21799
21800
21801
21803
21806
21809
21820
21821
21823
21824
21830
21833
21834
21839
21840
21841
21845
21852
21860
21864
21877
21879
21888
21890
21891
21892
21896
21897
21901
21906
21910
21914
21918
21925
21928
21934
21937
21941
21943
21945
21950
21963
21964
21968
21970
21971
21972
21974
21978
21979
21981
21983
21984
21986
22000
22002
22005
22007
22011
22012
22014
22015
22017
22018
22020
22023
22031
22037
22040
22044
22047
22049
22051
22052
22054
22055
22058
22063
22064
22066
22072
22075
22076
22078
22085
22087
22088
22089
22090
22094
22095
22096
22109
22110
22111
22113
22118
22119
22122
22125
22127
22128
22131
22134
22135
22137
22140
22150
22154
22155
22158
22164
22165
22176
22178
22183
22185
22186
22187
22192
22193
22197
22198
22205
22208
22211
22214
22216
22229
22230
22237
22238
22246
22255
22256
22257
22268
22273
22280
22281
22285
22289
22293
22294
22295
22298
22299
22305
22306
22308
22310
22311
22312
22313
22315
22317
22319
22320
22325
22327
22332
22336
22338
22346
22348
22356
22357
22360
22362
22367
22369
22379
22380
22386
22387
22390
22392
22395
22396
22398
22403
22404
22406
22416
22418
22428
22429
22430
22437
22439
22441
22444
22447
22450
22451
22453
22461
22463
22466
22470
22471
22480
22481
22487
22489
22490
22494
22497
22499
22500
22502
22503
22506
22507
22508
22511
22514
22521
22522
22530
22534
22535
22538
22540
22544
22545
22546
22551
22552
22554
22561
22564
22566
22567
22569
22572
22573
22574
22576
22578
22579
22582
22583
22587
22589
22590
22593
22602
22603
22606
22607
22608
22618
22619
22621
22622
22624
22627
22635
22636
22637
22640
22641
22646
22649
22652
22653
22655
22658
22661
22662
22664
22670
22671
22678
22679
22683
22684
22688
22689
22690
22693
22694
22699
22705
22707
22709
22710
22711
22715
22716
22718
22723
22724
22730
22733
22738
22739
22741
22744
22746
22747
22751
22752
22757
22759
22760
22761
22763
22764
22765
22771
22774
22777
22778
22780
22782
22783
22784
22785
22789
22794
22796
22801
22802
22807
22812
22814
22818
22820
22821
22823
22824
22827
22832
22833
22835
22836
22837
22840
22841
22851
22852
22853
22854
22855
22857
22860
22862
22863
22868
22869
22878
22886
22887
22892
22896
22898
22899
22904
22905
22906
22908
22910
22911
22917
22920
22921
22922
22927
22933
22934
22938
22942
22944
22945
22946
22948
22949
22950
22951
22953
22959
22962
22963
22965
22967
22969
22972
22974
22977
22980
22981
22982
22983
22984
22987
22988
22989
22990
22991
22993
22997
23007
23012
23017
23018
23022
23024
23027
23030
23034
23036
23040
23044
23045
23047
23050
23056
23060
23066
23067
23068
23071
23073
23074
23075
23079
23080
23084
23086
23092
23093
23095
23096
23097
23098
23100
23101
23102
23107
23108
23111
23114
23115
23120
23123
23125
23126
23127
23128
23129
23136
23137
23138
23141
23145
23146
23147
23148
23150
23151
23152
23153
23158
23162
23165
23167
23169
23170
23171
23173
23175
23181
23184
23188
23189
23190
23194
23195
23196
23200
23202
23204
23205
23207
23211
23212
23213
23214
23216
23219
23220
23222
23224
23231
23235
23237
23238
23240
23242
23245
23246
23247
23249
23250
23255
23258
23261
23262
23263
23268
23269
23270
23271
23274
23275
23279
23284
23287
23288
23290
23296
23299
23303
23304
23310
23312
23313
23314
23315
23317
23318
23322
23324
23325
23326
23329
23330
23332
23334
23338
23339
23341
23343
23347
23348
23350
23353
23354
23356
23358
23359
23362
23363
23365
23367
23369
23370
23374
23376
23382
23383
23385
23386
23387
23388
23390
23392
23399
23401
23407
23408
23412
23414
23415
23416
23417
23425
23433
23435
23437
23443
23445
23446
23448
23456
23458
23461
23462
23465
23467
23470
23476
23478
23488
23493
23495
23498
23500
23504
23513
23516
23523
23525
23528
23530
23535
23542
23546
23550
23552
23553
23554
23557
23559
23561
23571
23573
23574
23575
23576
23577
23581
23583
23585
23586
23588
23590
23591
23594
23600
23601
23604
23605
23608
23609
23610
23611
23612
23613
23614
23615
23616
23617
23618
23620
23623
23630
23631
23632
23633
23635
23637
23639
23641
23642
23647
23648
23649
23655
23661
23662
23666
23667
23668
23669
23675
23685
23687
23690
23692
23695
23700
23703
23705
23709
23710
23711
23713
23715
23717
23718
23719
23721
23722
23723
23725
23730
23731
23733
23736
23737
23738
23741
23742
23744
23745
23746
23747
23749
23750
23755
23756
23757
23759
23762
23764
23766
23767
23769
23776
23777
23779
23780
23781
23782
23787
23788
23790
23794
23795
23798
23799
23803
23804
23806
23810
23811
23812
23817
23818
23821
23825
23829
23832
23834
23840
23843
23845
23848
23850
23855
23858
23862
23868
23870
23871
23873
23878
23880
23881
23882
23887
23888
23893
23895
23896
23904
23907
23909
23913
23914
23917
23918
23921
23922
23930
23932
23933
23934
23937
23941
23942
23943
23945
23946
23949
23950
23951
23952
23953
23957
23960
23961
23963
23967
23974
23975
23984
23985
23988
23994
23996
23998
23999
24000
24003
24007
24008
24009
24012
24014
24016
24017
24022
24023
24027
24030
24035
24036
24041
24043
24044
24047
24051
24054
24056
24057
24058
24060
24064
24067
24068
24069
24070
24073
24075
24076
24077
24080
24085
24087
24092
24094
24095
24099
24103
24104
24112
24113
24114
24116
24117
24121
24122
24127
24128
24129
24130
24132
24136
24138
24142
24143
24146
24147
24149
24152
24153
24154
24160
24161
24162
24163
24164
24167
24169
24171
24172
24173
24176
24177
24179
24183
24184
24185
24186
24187
24188
24192
24196
24198
24205
24207
24208
24215
24217
24221
24222
24223
24224
24227
24233
24238
24244
24246
24249
24252
24253
24254
24261
24262
24266
24274
24276
24277
24278
24281
24284
24286
24287
24288
24290
24295
24298
24302
24306
24308
24312
24315
24316
24317
24319
24320
24321
24323
24325
24330
24332
24334
24338
24339
24342
24344
24350
24354
24357
24359
24362
24370
24379
24380
24382
24384
24388
24391
24398
24403
24404
24405
24406
24415
24416
24418
24424
24425
24429
24430
24431
24432
24433
24435
24437
24439
24440
24441
24442
24444
24446
24448
24449
24455
24459
24462
24463
24464
24466
24471
24472
24476
24477
24484
24486
24487
24492
24494
24495
24497
24499
24500
24501
24502
24504
24505
24511
24512
24513
24514
24515
24517
24518
24521
24524
24525
24526
24527
24528
24530
24532
24534
24535
24538
24539
24542
24545
24546
24547
24550
24551
24552
24553
24557
24558
24560
24562
24563
24566
24570
24572
24576
24578
24580
24581
24584
24585
24588
24589
24590
24594
24596
24597
24598
24604
24605
24607
24610
24611
24615
24618
24621
24622
24623
24624
24625
24627
24628
24631
24632
24634
24640
24641
24642
24643
24644
24645
24646
24650
24651
24652
24654
24655
24656
24657
24658
24668
24672
24674
24675
24676
24680
24681
24682
24685
24686
24688
24689
24692
24693
24696
24697
24698
24700
24702
24703
24704
24706
24707
24709
24710
24711
24712
24713
24715
24721
24722
24723
24729
24733
24734
24735
24738
24740
24741
24742
24744
24745
24747
24748
24750
24751
24753
24754
24755
24756
24760
24761
24762
24763
24765
24767
24769
24773
24775
24778
24779
24781
24782
24783
24787
24788
24789
24790
24796
24797
24802
24807
24808
24809
24811
24812
24814
24816
24818
24822
24823
24825
24827
24828
24829
24830
24832
24833
24834
24837
24839
24840
24841
24842
24843
24844
24845
24846
24847
24853
24855
24857
24858
24859
24860
24864
24868
24869
24870
24871
24877
24883
24889
24890
24891
24893
24894
24899
24901
24903
24907
24908
24909
24916
24917
24920
24921
24924
24933
24947
24950
24952
24955
24956
24957
24958
24960
24962
24963
24964
24965
24966
24967
24970
24973
24974
24975
24976
24978
24979
24980
24982
24984
24985
24986
24987
24989
24990
24991
24992
24993
24994
24995
24996
24997
24998
24999
25000
25001
25002
25003
25004
25022
25023
25028
25029
25032
25034
25035
25037
25041
25042
25043
25045
25047
25048
25049
25054
25055
25056
25057
25058
25059
25060
25062
25064
25065
25066
25069
25070
25072
25073
25074
25075
25077
25089
25093
25094
25095
25096
25097
25098
25101
25103
25104
25105
25107
25109
25114
25116
25117
25123
25127
25129
25131
25132
25133
25136
25137
25138
25140
25141
25145
25146
25149
25150
25152
25153
25155
25157
25159
25160
25161
25162
25164
25167
25172
25173
25176
25178
25181
25187
25191
25198
25210
25211
25212
25213
25216
25221
25222
25225
25226
25227
25228
25229
25232
25233
25238
25239
25241
25242
25243
25245
25247
25248
25251
25252
25259
25263
25264
25267
25269
25272
25273
25276
25277
25279
25281
25284
25285
25286
25292
25301
25302
25303
25304
25305
25309
25315
25316
25318
25319
25320
25322
25323
25326
25328
25329
25330
25331
25332
25333
25335
25338
25340
25341
25342
25351
25353
25359
25360
25363
25367
25368
25371
25373
25374
25376
25377
25379
25384
25385
25386
25387
25390
25393
25395
25397
25398
25403
25404
25405
25407
25410
25411
25413
25415
25417
25418
25423
25425
25426
25427
25430
25433
25436
25438
25439
25444
25445
25448
25449
25452
25457
25458
25459
25460
25467
25470
25474
25476
25477
25478
25480
25481
25485
25486
25489
25490
25493
25494
25495
25497
25499
25503
25506
25507
25512
25514
25516
25517
25518
25519
25522
25524
25526
25528
25531
25535
25537
25545
25547
25548
25554
25555
25556
25557
25558
25559
25561
25562
25563
25564
25567
25576
25577
25578
25579
25584
25585
25587
25589
25590
25592
25593
25595
25596
25599
25602
25603
25604
25605
25606
25608
25612
25613
25615
25616
25617
25618
25619
25620
25623
25625
25626
25627
25628
25630
25631
25633
25636
25638
25639
25640
25641
25642
25643
25644
25649
25655
25657
25658
25661
25669
25672
25674
25678
25679
25680
25681
25683
25685
25692
25700
25701
25703
25705
25709
25715
25716
25717
25719
25720
25723
25724
25725
25726
25729
25730
25732
25734
25735
25740
25741
25742
25744
25745
25746
25747
25749
25753
25755
25756
25757
25760
25763
25764
25765
25771
25773
25774
25776
25778
25780
25783
25789
25793
25795
25806
25807
25812
25813
25814
25816
25817
25821
25823
25824
25829
25832
25833
25837
25839
25850
25851
25854
25855
25858
25859
25861
25863
25864
25866
25868
25870
25873
25878
25881
25884
25885
25887
25888
25889
25890
25891
25892
25894
25895
25897
25899
25901
25904
25906
25908
25909
25910
25913
25915
25918
25920
25923
25924
25926
25927
25934
25937
25938
25939
25940
25943
25946
25947
25948
25949
25952
25953
25954
25956
25957
25960
25964
25970
25971
25972
25977
25979
25981
25984
25986
25987
25990
25991
25992
25994
25995
25996
25997
25998
26002
26005
26008
26013
26016
26018
26021
26026
26031
26033
26034
26036
26040
26049
26051
26052
26053
26055
26058
26059
26060
26061
26063
26064
26065
26069
26073
26075
26079
26081
26082
26083
26084
26086
26090
26094
26097
26099
26100
26101
26102
26103
26107
26110
26111
26114
26117
26118
26119
26123
26126
26129
26130
26133
26136
26139
26145
26147
26148
26149
26153
26155
26156
26158
26159
26162
26164
26167
26168
26169
26170
26174
26176
26177
26178
26179
26180
26181
26184
26186
26189
26194
26195
26196
26201
26203
26205
26207
26208
26209
26210
26214
26220
26224
26225
26227
26228
26229
26230
26231
26233
26234
26239
26246
26248
26252
26258
26259
26260
26261
26263
26265
26266
26272
26273
26274
26276
26277
26278
26279
26284
26286
26287
26288
26289
26296
26297
26300
26302
26304
26308
26310
26314
26315
26317
26318
26320
26322
26323
26325
26326
26327
26330
26334
26335
26336
26342
26346
26356
26359
26361
26362
26363
26367
26369
26370
26371
26372
26373
26374
26375
26376
26380
26382
26386
26388
26389
26390
26393
26394
26396
26397
26398
26402
26404
26405
26406
26407
26408
26409
26410
26412
26413
26417
26418
26419
26420
26422
26423
26426
26429
26438
26439
26441
26446
26448
26449
26450
26452
26458
26460
26464
26467
26468
26469
26470
26471
26473
26477
26478
26481
26482
26483
26487
26489
26491
26493
26494
26495
26496
26498
26502
26504
26506
26509
26510
26511
26512
26513
26514
26515
26517
26520
26523
26524
26525
26526
26527
26529
26530
26534
26537
26541
26543
26544
26547
26548
26549
26551
26554
26556
26561
26562
26564
26565
26568
26572
26573
26576
26579
26580
26582
26583
26585
26587
26590
26591
26592
26594
26595
26596
26598
26599
26601
26603
26606
26608
26610
26611
26614
26618
26619
26621
26622
26623
26628
26630
26632
26635
26636
26640
26641
26644
26648
26650
26653
26655
26660
26661
26664
26665
26666
26668
26671
26674
26676
26685
26686
26687
26689
26692
26693
26694
26695
26700
26704
26705
26706
26707
26709
26710
26712
26717
26721
26723
26725
26726
26729
26730
26731
26732
26738
26740
26741
26742
26745
26746
26748
26749
26753
26756
26758
26759
26760
26761
26762
26764
26778
26779
26780
26784
26786
26788
26793
26802
26805
26806
26809
26812
26813
26815
26816
26818
26820
26822
26826
26828
26829
26830
26831
26833
26837
26839
26840
26842
26844
26845
26848
26850
26852
26854
26855
26859
26860
26864
26866
26867
26869
26872
26873
26877
26878
26879
26880
26881
26882
26885
26896
26899
26900
26901
26905
26912
26914
26916
26917
26920
26923
26925
26927
26928
26931
26934
26935
26939
26940
26941
26942
26943
26944
26946
26948
26949
26952
26953
26954
26955
26956
26959
26960
26968
26969
26970
26971
26972
26975
26977
26980
26981
26983
26984
26985
26986
26992
26994
26996
26997
26999
27000
27002
27006
27008
27010
27012
27013
27016
27017
27018
27019
27020
27021
27022
27027
27028
27030
27033
27036
27037
27038
27040
27041
27044
27045
27048
27049
27050
27052
27064
27066
27067
27068
27073
27078
27082
27083
27086
27087
27090
27094
27096
27101
27102
27103
27104
27107
27108
27109
27110
27112
27113
27115
27116
27117
27118
27119
27120
27121
27122
27124
27125
27126
27135
27136
27137
27141
27144
27146
27147
27148
27150
27151
27156
27157
27158
27159
27160
27161
27163
27166
27169
27171
27172
27175
27180
27181
27184
27188
27192
27193
27197
27198
27199
27205
27208
27212
27214
27215
27224
27231
27232
27234
27237
27243
27244
27245
27247
27253
27255
27256
27258
27260
27261
27262
27266
27268
27275
27276
27277
27278
27283
27284
27290
27291
27292
27294
27299
27300
27301
27304
27307
27309
27311
27312
27313
27315
27316
27317
27319
27322
27325
27326
27327
27328
27332
27334
27335
27336
27341
27342
27343
27344
27347
27348
27349
27352
27353
27354
27355
27356
27359
27361
27362
27366
27367
27368
27370
27372
27373
27376
27377
27382
27385
27386
27389
27390
27391
27392
27395
27397
27401
27402
27405
27410
27411
27412
27415
27416
27417
27419
27422
27424
27430
27432
27434
27435
27437
27438
27439
27441
27442
27445
27452
27455
27456
27458
27459
27460
27461
27463
27465
27468
27470
27471
27472
27473
27474
27477
27479
27482
27484
27487
27490
27491
27492
27495
27497
27499
27502
27505
27507
27508
27513
27514
27520
27523
27525
27526
27527
27529
27534
27535
27536
27538
27539
27541
27543
27544
27545
27553
27556
27558
27564
27566
27567
27568
27569
27570
27571
27573
27575
27578
27582
27585
27586
27587
27588
27589
27592
27594
27595
27597
27598
27600
27603
27604
27606
27608
27612
27621
27623
27625
27626
27628
27631
27636
27640
27643
27645
27648
27649
27653
27657
27658
27662
27667
27669
27671
27678
27682
27683
27687
27691
27699
27700
27703
27708
27711
27712
27713
27719
27720
27723
27724
27725
27729
27732
27733
27734
27737
27738
27739
27741
27743
27744
27745
27746
27748
27749
27754
27755
27756
27757
27758
27759
27761
27762
27764
27765
27768
27769
27770
27772
27773
27775
27777
27778
27781
27784
27787
27788
27790
27793
27794
27797
27801
27802
27805
27806
27807
27811
27815
27816
27817
27818
27820
27821
27824
27828
27830
27834
27835
27842
27843
27845
27848
27849
27852
27854
27857
27858
27859
27861
27862
27864
27867
27872
27873
27875
27878
27879
27884
27890
27892
27900
27902
27903
27904
27905
27910
27912
27913
27916
27917
27918
27919
27924
27931
27932
27933
27934
27941
27943
27944
27945
27947
27948
27949
27950
27954
27955
27956
27960
27962
27963
27966
27969
27970
27975
27978
27979
27982
27986
27988
27989
27991
27993
27994
27998
28001
28004
28007
28008
28009
28011
28013
28014
28026
28029
28033
28034
28035
28036
28038
28039
28042
28047
28049
28053
28057
28058
28064
28067
28069
28070
28071
28072
28076
28078
28080
28085
28092
28093
28094
28095
28097
28100
28103
28104
28108
28110
28111
28113
28115
28121
28123
28125
28129
28130
28131
28142
28143
28144
28147
28149
28150
28153
28158
28160
28161
28163
28166
28169
28170
28172
28177
28178
28179
28181
28183
28191
28195
28196
28199
28205
28208
28209
28211
28212
28219
28222
28223
28225
28226
28228
28230
28234
28241
28247
28253
28258
28260
28262
28263
28266
28267
28270
28273
28276
28285
28288
28291
28293
28296
28300
28301
28302
28304
28306
28308
28310
28312
28315
28317
28318
28320
28321
28322
28323
28324
28327
28329
28331
28332
28333
28336
28338
28346
28349
28350
28352
28356
28357
28362
28365
28366
28370
28372
28373
28374
28384
28390
28392
28396
28397
28401
28402
28405
28412
28413
28416
28422
28427
28430
28439
28440
28441
28443
28450
28451
28452
28455
28458
28459
28463
28464
28468
28469
28470
28472
28473
28475
28477
28478
28489
28494
28495
28498
28499
28505
28506
28511
28513
28515
28516
28517
28522
28524
28525
28526
28527
28530
28533
28534
28537
28539
28542
28546
28548
28549
28551
28556
28566
28567
28572
28573
28576
28578
28584
28587
28588
28593
28594
28595
28598
28605
28606
28607
28611
28612
28614
28617
28619
28621
28627
28629
28632
28633
28634
28636
28642
28649
28651
28653
28655
28657
28658
28664
28670
28675
28681
28682
28686
28687
28689
28693
28696
28700
28702
28709
28711
28713
28715
28718
28719
28724
28733
28736
28738
28744
28751
28752
28758
28759
28764
28765
28766
28767
28772
28776
28777
28784
28788
28790
28804
28805
28807
28810
28811
28814
28816
28817
28819
28822
28827
28828
28834
28835
28836
28838
28839
28846
28849
28850
28852
28857
28858
28871
28878
28884
28885
28886
28887
28889
28891
28892
28893
28905
28906
28907
28908
28909
28912
28914
28920
28925
28929
28930
28931
28934
28936
28941
28942
28944
28945
28946
28947
28951
28956
28957
28958
28962
28969
28971
28972
28975
28977
28980
28981
28983
28992
28993
28996
28998
28999
29000
29003
29008
29011
29014
29016
29017
29018
29027
29031
29037
29041
29042
29044
29045
29046
29048
29052
29059
29061
29064
29065
29067
29069
29073
29077
29079
29085
29086
29090
29092
29093
29096
29097
29099
29101
29103
29105
29108
29110
29114
29120
29125
29129
29130
29132
29136
29140
29142
29143
29144
29150
29154
29155
29156
29157
29160
29165
29168
29174
29176
29177
29178
29185
29188
29191
29194
29197
29198
29204
29211
29212
29214
29215
29216
29220
29224
29228
29229
29230
29232
29236
29237
29238
29239
29242
29249
29250
29251
29257
29258
29262
29263
29270
29276
29277
29279
29281
29287
29288
29290
29294
29295
29300
29304
29305
29308
29310
29311
29313
29316
29318
29321
29328
29329
29336
29339
29341
29342
29344
29346
29349
29350
29351
29358
29359
29361
29364
29366
29367
29368
29370
29371
29373
29375
29379
29381
29382
29384
29389
29393
29396
29397
29403
29404
29406
29413
29416
29419
29420
29422
29423
29426
29433
29436
29437
29439
29441
29447
29449
29450
29452
29453
29454
29455
29459
29462
29464
29467
29468
29469
29471
29475
29476
29480
29484
29485
29491
29494
29495
29497
29500
29501
29502
29507
29508
29509
29510
29511
29513
29515
29520
29521
29523
29524
29529
29531
29538
29539
29540
29541
29542
29547
29550
29555
29559
29563
29565
29568
29569
29573
29576
29578
29580
29584
29585
29590
29593
29594
29595
29597
29606
29612
29618
29625
29631
29638
29641
29642
29645
29647
29649
29650
29654
29656
29664
29666
29667
29673
29677
29680
29681
29683
29684
29685
29687
29690
29693
29698
29701
29705
29709
29713
29717
29730
29733
29735
29739
29744
29746
29750
29751
29752
29757
29758
29759
29764
29765
29768
29771
29773
29781
29783
29785
29787
29788
29798
29799
29801
29805
29809
29821
29824
29826
29835
29836
29838
29842
29843
29844
29845
29848
29849
29851
29855
29856
29858
29861
29862
29867
29870
29875
29880
29882
29886
29889
29891
29893
29894
29899
29901
29906
29908
29913
29915
29920
29929
29939
29940
29946
29947
29950
29953
29955
29959
29961
29962
29964
29966
29974
29976
29977
29980
29985
29990
29994
29996
29999
30002
30003
30004
30006
30009
30013
30014
30015
30017
30019
30023
30025
30028
30033
30035
30040
30049
30050
30051
30053
30060
30068
30072
30073
30080
30081
30083
30086
30090
30091
30092
30096
30097
30098
30101
30102
30104
30106
30108
30110
30113
30114
30117
30118
30119
30121
30125
30129
30131
30137
30140
30141
30144
30147
30149
30151
30157
30160
30161
30164
30166
30169
30172
30177
30178
30179
30181
30182
30183
30186
30191
30197
30199
30203
30207
30210
30215
30218
30221
30222
30226
30230
30232
30239
30241
30243
30246
30248
30253
30255
30261
30262
30267
30270
30273
30274
30281
30285
30286
30287
30288
30290
30291
30292
30298
30300
30305
30308
30311
30315
30327
30328
30330
30342
30345
30346
30348
30350
30351
30355
30361
30362
30363
30369
30372
30377
30382
30388
30389
30393
30395
30400
30407
30414
30415
30416
30422
30423
30426
30427
30432
30437
30438
30442
30445
30448
30451
30453
30457
30458
30459
30460
30462
30467
30468
30469
30476
30478
30479
30480
30481
30486
30492
30495
30496
30497
30499
30500
30501
30502
30506
30509
30510
30511
30512
30514
30517
30522
30523
30526
30528
30531
30533
30534
30535
30536
30537
30541
30542
30547
30549
30554
30556
30561
30567
30573
30575
30576
30580
30584
30593
30594
30595
30599
30601
30602
30606
30607
30609
30612
30613
30616
30619
30623
30627
30631
30633
30634
30637
30643
30644
30647
30652
30656
30659
30665
30666
30669
30674
30678
30682
30683
30688
30691
30695
30701
30706
30708
30711
30714
30716
30717
30719
30720
30722
30726
30731
30732
30733
30734
30735
30743
30744
30747
30751
30752
30756
30759
30761
30765
30780
30784
30785
30786
30790
30793
30798
30803
30804
30805
30811
30813
30817
30820
30821
30822
30824
30825
30832
30835
30842
30845
30847
30853
30856
30860
30865
30873
30875
30878
30881
30882
30888
30890
30891
30892
30896
30899
30900
30901
30902
30904
30909
30911
30912
30915
30917
30919
30920
30923
30925
30926
30927
30928
30930
30937
30938
30939
30940
30942
30943
30944
30946
30953
30957
30960
30966
30971
30972
30974
30976
30977
30986
30994
31000
31002
31003
31007
31008
31015
31016
31022
31027
31029
31037
31041
31045
31046
31048
31052
31053
31064
31066
31067
31071
31074
31076
31083
31087
31089
31093
31094
31095
31096
31098
31101
31103
31104
31105
31110
31111
31112
31113
31116
31117
31118
31119
31120
31123
31127
31130
31133
31135
31136
31140
31143
31146
31149
31151
31152
31160
31162
31163
31164
31166
31167
31169
31170
31171
31172
31173
31174
31175
31177
31192
31194
31197
31200
31205
31209
31210
31213
31223
31224
31225
31226
31228
31230
31235
31236
31251
31252
31261
31262
31263
31266
31267
31269
31273
31275
31281
31282
31283
31284
31288
31291
31292
31296
31297
31302
31309
31310
31313
31316
31321
31324
31325
31327
31328
31330
31336
31338
31346
31347
31348
31349
31350
31355
31356
31364
31369
31370
31376
31384
31386
31389
31393
31399
31407
31411
31415
31416
31417
31420
31422
31425
31426
31428
31429
31435
31436
31437
31438
31440
31442
31444
31445
31449
31451
31455
31458
31459
31462
31465
31466
31468
31472
31478
31480
31484
31486
31490
31492
31496
31503
31505
31510
31511
31515
31524
31529
31530
31537
31539
31541
31545
31547
31554
31561
31563
31564
31567
31572
31573
31577
31578
31580
31581
31582
31584
31588
31590
31591
31593
31595
31603
31608
31613
31614
31615
31617
31621
31623
31627
31628
31632
31636
31642
31644
31645
31646
31647
31649
31651
31652
31653
31656
31657
31666
31669
31675
31679
31684
31686
31690
31697
31700
31707
31712
31715
31717
31725
31727
31729
31732
31737
31743
31746
31751
31752
31753
31759
31762
31778
31781
31783
31786
31798
31800
31803
31826
31827
31828
31829
31830
31831
31836
31838
31841
31846
31849
31851
31855
31864
31873
31874
31875
31878
31880
31885
31891
31892
31893
31894
31903
31904
31912
31920
31921
31928
31939
31941
31950
31951
31956
31959
31960
31961
31962
31963
31965
31966
31968
31969
31970
31972
31976
31977
31978
31986
31989
31990
31993
31996
31999
32018
32020
32030
32031
32035
32037
32038
32044
32047
32050
32057
32064
32077
32080
32083
32084
32087
32090
32103
32104
32105
32110
32111
32112
32113
32114
32118
32119
32123
32125
32128
32131
32132
32133
32134
32135
32137
32138
32143
32145
32149
32153
32155
32159
32166
32168
32170
32172
32178
32179
32184
32188
32190
32193
32194
32208
32209
32210
32211
32213
32215
32218
32226
32229
32230
32231
32232
32237
32241
32243
32245
32246
32248
32249
32250
32251
32255
32256
32259
32262
32265
32268
32271
32273
32275
32277
32278
32282
32283
32289
32292
32294
32301
32312
32313
32318
32321
32322
32323
32326
32332
32338
32342
32346
32348
32350
32351
32352
32354
32356
32357
32360
32361
32364
32366
32375
32382
32385
32387
32388
32391
32392
32394
32412
32419
32421
32425
32426
32427
32436
32439
32441
32443
32445
32446
32457
32461
32462
32464
32472
32477
32478
32480
32484
32487
32488
32489
32491
32492
32496
32497
32498
32500
32502
32510
32512
32513
32514
32520
32522
32525
32529
32530
32531
32533
32534
32539
32552
32555
32557
32559
32561
32563
32567
32569
32576
32579
32582
32594
32595
32598
32599
32606
32611
32612
32614
32615
32621
32631
32637
32638
32639
32641
32644
32652
32653
32654
32656
32657
32659
32660
32665
32668
32670
32675
32680
32681
32683
32685
32698
32700
32712
32721
32722
32724
32726
32727
32741
32742
32744
32749
32752
32757
32759
32760
32766
32769
32774
32778
32783
32792
32800
32803
32811
32815
32818
32820
32821
32822
32823
32829
32834
32835
32836
32837
32838
32839
32843
32848
32850
32852
32859
32861
32877
32878
32879
32881
32886
32887
32892
32894
32905
32911
32913
32917
32918
32920
32925
32928
32940
32942
32948
32951
32953
32954
32963
32964
32965
32972
32973
32974
32975
32978
32979
32983
32986
32987
32992
32997
33005
33007
33008
33011
33020
33028
33032
33046
33049
33055
33060
33070
33071
33074
33076
33078
33079
33081
33082
33088
33092
33095
33099
33107
33113
33119
33120
33136
33138
33141
33143
33145
33146
33152
33158
33165
33175
33177
33183
33185
33187
33189
33190
33191
33195
33196
33198
33199
33200
33206
33216
33222
33228
33235
33236
33239
33240
33241
33243
33247
33248
33251
33252
33257
33259
33261
33263
33264
33265
33266
33268
33278
33281
33285
33286
33287
33291
33293
33307
33308
33312
33313
33317
33322
33323
33324
33325
33331
33332
33334
33335
33345
33346
33352
33355
33359
33361
33364
33366
33380
33382
33387
33390
33391
33396
33402
33404
33405
33406
33411
33415
33419
33424
33425
33435
33436
33440
33444
33457
33458
33460
33470
33471
33472
33473
33476
33477
33491
33492
33493
33497
33500
33503
33506
33512
33514
33523
33525
33528
33530
33531
33535
33536
33537
33545
33546
33549
33553
33555
33557
33560
33567
33572
33575
33578
33579
33586
33587
33589
33592
33595
33596
33597
33602
33609
33613
33616
33618
33619
33622
33633
33634
33637
33641
33642
33644
33650
33654
33659
33663
33664
33665
33666
33669
33672
33679
33680
33686
33687
33688
33693
33695
33702
33703
33705
33707
33708
33710
33712
33714
33716
33717
33722
33723
33724
33727
33729
33730
33735
33736
33745
33749
33756
33758
33761
33764
33767
33769
33771
33772
33777
33779
33780
33782
33785
33786
33791
33797
33799
33803
33804
33807
33809
33811
33813
33815
33817
33820
33821
33828
33830
33831
33838
33860
33863
33874
33875
33876
33879
33882
33891
33892
33902
33912
33917
33921
33923
33931
33939
33955
33957
33959
33962
33966
33969
33973
33978
33981
33982
33985
33989
33997
34003
34006
34007
34012
34014
34017
34033
34037
34038
34042
34045
34046
34047
34048
34049
34050
34053
34056
34058
34059
34067
34070
34072
34084
34089
34092
34096
34104
34106
34111
34125
34129
34131
34132
34133
34147
34148
34150
34155
34161
34162
34164
34165
34166
34168
34175
34176
34177
34180
34182
34184
34185
34188
34195
34201
34203
34209
34210
34213
34218
34219
34222
34227
34229
34230
34231
34233
34234
34235
34244
34249
34258
34260
34262
34265
34266
34268
34281
34283
34290
34292
34295
34305
34316
34317
34323
34336
34338
34341
34343
34350
34355
34358
34361
34364
34369
34373
34375
34377
34383
34391
34398
34411
34412
34419
34422
34425
34432
34435
34437
34439
34442
34448
34449
34451
34454
34456
34460
34461
34462
34468
34471
34473
34476
34478
34479
34480
34491
34495
34500
34501
34504
34507
34513
34516
34517
34519
34522
34531
34535
34538
34550
34552
34557
34558
34566
34567
34573
34575
34580
34581
34584
34586
34591
34593
34594
34595
34600
34601
34613
34617
34619
34623
34627
34640
34647
34657
34658
34662
34663
34666
34669
34674
34676
34688
34689
34698
34704
34709
34713
34717
34720
34728
34734
34739
34761
34762
34773
34774
34776
34782
34784
34787
34793
34794
34805
34809
34813
34822
34829
34834
34839
34841
34844
34847
34851
34858
34860
34869
34885
34889
34900
34902
34903
34906
34909
34912
34916
34934
34939
34941
34950
34952
34953
34955
34957
34958
34961
34969
34970
34975
34976
34977
34983
34989
35005
35009
35010
35016
35017
35018
35020
35024
35025
35027
35028
35031
35032
35034
35037
35041
35042
35044
35050
35058
35060
35062
35063
35068
35070
35082
35084
35088
35092
35093
35094
35095
35097
35100
35106
35109
35110
35116
35125
35136
35138
35143
35144
35157
35160
35161
35163
35176
35178
35180
35189
35195
35198
35201
35206
35212
35213
35226
35241
35242
35246
35249
35255
35256
35263
35268
35270
35275
35280
35290
35294
35296
35298
35299
35300
35301
35305
35318
35321
35323
35327
35329
35337
35340
35345
35348
35353
35355
35359
35360
35366
35367
35372
35378
35383
35384
35389
35391
35393
35399
35410
35415
35416
35418
35420
35426
35427
35429
35434
35437
35442
35449
35452
35455
35464
35466
35468
35470
35471
35475
35479
35480
35483
35485
35492
35505
35515
35516
35520
35521
35524
35526
35528
35531
35538
35540
35549
35557
35558
35564
35566
35583
35584
35590
35597
35600
35604
35610
35614
35617
35619
35621
35625
35641
35642
35644
35645
35646
35649
35651
35653
35658
35661
35669
35672
35673
35674
35679
35683
35684
35685
35690
35696
35697
35704
35709
35712
35716
35726
35744
35746
35765
35766
35775
35776
35782
35783
35785
35786
35787
35788
35789
35797
35799
35800
35801
35802
35806
35810
35815
35827
35828
35829
35837
35839
35840
35841
35844
35845
35846
35850
35852
35855
35863
35867
35870
35876
35886
35888
35889
35891
35893
35894
35896
35897
35899
35902
35903
35905
35914
35917
35922
35923
35933
35934
35940
35944
35947
35948
35953
35955
35956
35959
35961
35964
35973
35975
35990
35995
35996
35999
36000
36003
36004
36009
36010
36014
36016
36019
36024
36028
36037
36039
36041
36046
36048
36064
36067
36072
36078
36087
36091
36092
36093
36100
36104
36110
36111
36123
36129
36132
36139
36141
36143
36145
36147
36148
36149
36151
36155
36158
36164
36172
36174
36181
36188
36190
36194
36201
36204
36211
36214
36224
36232
36238
36241
36248
36250
36251
36260
36263
36265
36266
36269
36270
36273
36275
36281
36282
36290
36297
36302
36305
36310
36314
36327
36328
36367
36368
36370
36373
36382
36392
36396
36402
36403
36404
36415
36416
36420
36421
36424
36427
36429
36431
36443
36444
36451
36458
36460
36464
36471
36477
36483
36487
36489
36500
36501
36503
36507
36509
36511
36514
36520
36522
36524
36526
36528
36534
36535
36545
36548
36552
36554
36555
36564
36568
36571
36572
36583
36585
36589
36596
36599
36603
36606
36616
36626
36629
36630
36631
36635
36638
36641
36642
36645
36647
36661
36663
36664
36667
36670
36671
36673
36674
36675
36677
36688
36689
36693
36703
36705
36708
36709
36710
36711
36716
36717
36724
36732
36733
36737
36743
36762
36776
36779
36780
36787
36790
36791
36801
36803
36812
36815
36816
36821
36826
36839
36840
36842
36845
36853
36856
36867
36869
36871
36872
36875
36882
36886
36888
36891
36894
36900
36904
36907
36908
36910
36913
36915
36918
36919
36921
36924
36927
36931
36932
36937
36942
36945
36947
36948
36954
36955
36959
36960
36969
36973
36978
36979
36981
36983
36984
36992
36993
36998
37000
37012
37013
37023
37024
37025
37028
37029
37030
37033
37035
37036
37039
37045
37048
37049
37051
37053
37054
37056
37058
37062
37068
37083
37091
37096
37098
37102
37104
37109
37113
37116
37124
37125
37128
37136
37138
37153
37156
37165
37174
37175
37188
37189
37198
37205
37206
37208
37216
37217
37219
37224
37227
37230
37233
37236
37238
37242
37245
37248
37250
37252
37256
37258
37260
37261
37262
37273
37277
37286
37288
37300
37310
37315
37317
37320
37323
37325
37327
37345
37346
37349
37353
37355
37356
37362
37368
37373
37376
37378
37383
37384
37392
37396
37399
37402
37404
37414
37419
37421
37426
37427
37432
37434
37439
37446
37448
37455
37459
37474
37477
37493
37494
37497
37505
37507
37519
37521
37537
37540
37541
37543
37554
37559
37563
37564
37569
37571
37576
37577
37578
37588
37591
37595
37598
37612
37614
37620
37623
37628
37635
37645
37650
37661
37663
37667
37668
37672
37675
37682
37687
37689
37699
37701
37720
37722
37726
37733
37736
37746
37750
37751
37754
37759
37760
37764
37766
37788
37794
37798
37803
37804
37811
37831
37839
37841
37845
37850
37856
37864
37868
37869
37870
37871
37873
37877
37878
37885
37893
37900
37906
37907
37916
37919
37922
37928
37929
37934
37938
37939
37943
37947
37964
37968
37971
37973
37974
37975
37983
37984
37999
38004
38015
38024
38031
38033
38042
38043
38062
38073
38094
38107
38108
38109
38110
38112
38113
38127
38147
38149
38156
38161
38167
38168
38181
38183
38188
38189
38192
38197
38205
38214
38226
38230
38233
38234
38238
38249
38255
38256
38258
38259
38267
38269
38272
38275
38279
38281
38284
38298
38315
38333
38344
38356
38359
38371
38374
38381
38384
38390
38394
38400
38408
38409
38410
38411
38412
38417
38420
38422
38425
38431
38434
38437
38440
38441
38443
38445
38446
38454
38458
38465
38480
38482
38488
38503
38508
38527
38540
38542
38546
38555
38561
38564
38568
38570
38571
38573
38575
38579
38600
38601
38605
38623
38626
38635
38646
38654
38663
38677
38685
38686
38692
38706
38716
38719
38723
38737
38741
38749
38752
38762
38765
38768
38776
38783
38796
38802
38805
38806
38816
38820
38821
38827
38840
38849
38852
38860
38883
38884
38886
38893
38916
38919
38930
38932
38933
38935
38948
38954
38978
38980
38992
39001
39009
39010
39013
39027
39033
39043
39051
39057
39058
39059
39063
39068
39078
39088
39092
39097
39101
39127
39132
39136
39148
39151
39161
39181
39184
39189
39197
39200
39201
39210
39212
39216
39218
39222
39230
39234
39237
39242
39249
39255
39260
39262
39275
39276
39280
39290
39291
39293
39304
39309
39310
39319
39326
39345
39352
39365
39371
39374
39377
39378
39379
39384
39386
39389
39393
39408
39428
39434
39441
39444
39452
39459
39473
39476
39480
39490
39515
39520
39521
39526
39532
39536
39538
39539
39543
39547
39548
39550
39556
39557
39559
39560
39566
39575
39580
39586
39591
39602
39603
39616
39626
39627
39628
39631
39647
39648
39650
39651
39661
39674
39675
39696
39726
39727
39728
39735
39741
39746
39749
39760
39761
39763
39764
39766
39768
39780
39784
39785
39788
39790
39793
39798
39803
39804
39808
39812
39814
39816
39826
39829
39830
39855
39856
39863
39875
39877
39879
39882
39886
39895
39896
39900
39903
39905
39906
39907
39909
39911
39915
39924
39940
39960
39961
39962
39970
39986
39988
39990
39994
40000
40002
40003
40009
40012
40020
40025
40030
40035
40039
40050
40051
40056
40063
40065
40079
40086
40089
40098
40107
40108
40125
40126
40127
40132
40142
40145
40146
40152
40154
40159
40165
40169
40176
40183
40187
40194
40201
40203
40206
40212
40214
40218
40220
40222
40227
40228
40232
40234
40237
40242
40250
40251
40254
40255
40256
40257
40261
40263
40277
40279
40284
40285
40291
40309
40315
40320
40327
40329
40333
40342
40346
40350
40351
40353
40361
40383
40386
40400
40410
40418
40423
40438
40440
40444
40447
40448
40452
40465
40470
40474
40482
40485
40493
40494
40501
40506
40508
40510
40513
40517
40524
40526
40532
40534
40537
40543
40544
40546
40551
40556
40565
40567
40571
40575
40577
40590
40601
40603
40607
40612
40617
40627
40628
40635
40639
40643
40646
40649
40653
40656
40661
40664
40668
40675
40680
40683
40685
40688
40691
40692
40694
40707
40710
40713
40723
40730
40731
40739
40742
40744
40747
40748
40749
40750
40765
40771
40772
40774
40776
40777
40781
40783
40784
40795
40800
40801
40804
40809
40811
40812
40814
40815
40818
40821
40840
40842
40844
40848
40849
40857
40858
40864
40866
40869
40874
40875
40880
40886
40894
40898
40899
40902
40903
40919
40928
40929
40932
40939
40948
40955
40959
40967
40975
40986
40987
40988
40998
40999
41000
41001
41018
41027
41029
41039
41055
41059
41068
41070
41076
41080
41093
41094
41095
41099
41101
41102
41106
41108
41109
41110
41120
41123
41127
41129
41132
41133
41141
41149
41152
41158
41160
41170
41174
41178
41186
41194
41195
41200
41201
41202
41208
41209
41212
41217
41218
41237
41238
41239
41247
41248
41252
41254
41262
41272
41276
41288
41289
41300
41303
41304
41306
41309
41310
41325
41328
41331
41334
41336
41340
41341
41342
41343
41344
41347
41356
41358
41359
41364
41368
41370
41382
41389
41391
41397
41404
41416
41437
41440
41447
41448
41453
41456
41458
41459
41460
41467
41469
41472
41474
41478
41487
41492
41494
41505
41506
41521
41524
41544
41551
41569
41571
41572
41575
41577
41581
41591
41594
41600
41604
41606
41614
41622
41634
41641
41647
41649
41657
41661
41663
41668
41681
41694
41699
41713
41714
41728
41732
41733
41744
41745
41748
41753
41765
41766
41769
41773
41779
41783
41784
41790
41791
41797
41800
41804
41807
41811
41815
41819
41824
41828
41833
41851
41862
41865
41869
41871
41878
41887
41895
41905
41907
41912
41915
41918
41949
41950
41960
41962
41971
41994
41997
42001
42002
42005
42007
42009
42013
42025
42033
42038
42039
42042
42049
42050
42051
42052
42059
42072
42078
42079
42081
42085
42089
42096
42102
42103
42115
42121
42129
42131
42139
42162
42164
42175
42186
42214
42220
42221
42232
42233
42235
42236
42249
42251
42277
42285
42287
42290
42296
42306
42307
42340
42343
42347
42349
42350
42353
42356
42359
42375
42376
42378
42384
42388
42389
42394
42402
42403
42407
42410
42414
42415
42419
42430
42434
42435
42439
42441
42443
42446
42448
42453
42457
42460
42461
42463
42466
42472
42476
42482
42489
42490
42491
42498
42499
42503
42504
42506
42510
42516
42517
42518
42520
42527
42531
42532
42534
42536
42545
42546
42548
42549
42552
42554
42555
42558
42560
42566
42567
42573
42575
42580
42587
42594
42596
42597
42600
42603
42606
42614
42617
42634
42639
42640
42641
42649
42650
42651
42655
42664
42669
42678
42681
42685
42687
42690
42693
42698
42700
42702
42710
42719
42720
42724
42726
42730
42732
42735
42736
42741
42745
42748
42753
42754
42759
42760
42769
42775
42778
42784
42788
42790
42800
42801
42809
42810
42812
42814
42817
42821
42829
42832
42834
42838
42839
42840
42841
42845
42847
42850
42852
42856
42862
42866
42877
42882
42887
42894
42905
42907
42912
42919
42921
42924
42929
42931
42932
42938
42950
42951
42957
42971
42972
42974
42984
42993
43002
43010
43019
43022
43027
43036
43044
43057
43065
43068
43070
43071
43073
43091
43092
43095
43100
43103
43106
43109
43121
43122
43126
43137
43142
43149
43152
43161
43169
43178
43179
43191
43205
43221
43222
43223
43229
43230
43239
43244
43247
43257
43267
43273
43278
43280
43286
43288
43291
43292
43294
43301
43302
43304
43305
43307
43308
43319
43333
43343
43344
43349
43354
43355
43359
43364
43366
43370
43385
43387
43392
43395
43412
43414
43415
43418
43427
43439
43458
43460
43461
43462
43463
43465
43469
43470
43474
43478
43481
43485
43486
43487
43495
43502
43514
43515
43521
43533
43534
43542
43560
43561
43568
43577
43583
43586
43590
43598
43601
43607
43618
43621
43626
43634
43641
43644
43645
43648
43649
43654
43656
43659
43666
43669
43674
43691
43692
43701
43709
43715
43720
43731
43732
43733
43735
43736
43742
43746
43749
43751
43753
43759
43766
43769
43782
43789
43791
43794
43799
43811
43814
43816
43818
43829
43838
43840
43856
43864
43867
43877
43881
43887
43893
43897
43903
43907
43913
43914
43915
43916
43930
43933
43937
43938
43941
43948
43950
43954
43987
43989
43991
43992
43994
43997
43998
43999
44000
44005
44006
44007
44016
44023
44027
44028
44039
44051
44054
44068
44069
44071
44072
44075
44079
44080
44087
44095
44102
44103
44105
44108
44117
44123
44130
44131
44132
44135
44144
44147
44154
44155
44159
44164
44166
44168
44173
44175
44178
44182
44183
44186
44188
44194
44197
44204
44207
44211
44212
44217
44224
44229
44246
44259
44270
44271
44279
44280
44281
44282
44285
44287
44296
44297
44304
44311
44315
44318
44321
44325
44328
44331
44347
44357
44358
44364
44366
44370
44372
44373
44374
44375
44376
44381
44384
44385
44386
44387
44398
44413
44417
44421
44422
44426
44428
44430
44431
44436
44438
44439
44456
44460
44467
44473
44475
44477
44478
44480
44481
44482
44488
44490
44500
44507
44508
44511
44519
44520
44527
44535
44538
44539
44545
44548
44557
44561
44574
44575
44576
44577
44586
44590
44603
44605
44609
44612
44619
44626
44628
44630
44636
44638
44640
44642
44650
44655
44656
44657
44659
44664
44678
44683
44685
44687
44696
44697
44700
44701
44705
44706
44718
44719
44728
44733
44740
44743
44748
44755
44760
44767
44768
44769
44773
44777
44778
44779
44783
44785
44796
44799
44801
44802
44810
44812
44816
44821
44823
44824
44826
44827
44830
44832
44834
44836
44838
44845
44850
44851
44852
44854
44862
44863
44868
44874
44875
44878
44882
44885
44886
44892
44893
44898
44901
44905
44906
44907
44908
44910
44912
44916
44921
44927
44938
44947
44949
44955
44959
44970
44973
44985
44988
44991
44996
45008
45023
45025
45027
45034
45040
45041
45043
45048
45049
45060
45064
45066
45072
45079
45084
45088
45093
45097
45104
45105
45106
45115
45118
45122
45126
45140
45144
45151
45153
45162
45171
45172
45176
45179
45184
45186
45189
45192
45196
45202
45205
45215
45217
45219
45221
45231
45232
45234
45239
45242
45247
45252
45253
45254
45261
45266
45267
45270
45271
45278
45280
45286
45288
45291
45296
45299
45305
45322
45328
45331
45335
45338
45339
45340
45343
45345
45349
45353
45354
45355
45356
45361
45371
45377
45380
45382
45392
45395
45396
45398
45402
45403
45408
45411
45413
45416
45420
45427
45429
45433
45434
45437
45441
45455
45459
45464
45469
45471
45472
45474
45477
45478
45484
45487
45489
45490
45493
45495
45501
45506
45507
45508
45514
45516
45518
45522
45523
45531
45532
45536
45537
45538
45540
45541
45543
45555
45556
45564
45567
45572
45573
45576
45580
45581
45582
45586
45587
45593
45606
45608
45609
45614
45616
45618
45626
45634
45639
45648
45653
45655
45656
45667
45676
45677
45683
45685
45687
45691
45694
45709
45713
45715
45720
45723
45727
45741
45744
45751
45752
45756
45759
45769
45772
45775
45776
45777
45782
45785
45787
45792
45794
45796
45797
45800
45804
45809
45816
45817
45819
45823
45825
45830
45836
45840
45846
45850
45855
45859
45861
45863
45864
45880
45881
45888
45889
45893
45896
45898
45906
45917
45919
45922
45926
45944
45945
45949
45950
45951
45955
45958
45972
45983
45987
46000
46001
46007
46016
46021
46023
46032
46040
46044
46047
46051
46056
46058
46063
46064
46075
46076
46080
46081
46082
46088
46089
46101
46103
46106
46109
46114
46118
46123
46127
46128
46130
46131
46132
46135
46138
46142
46159
46164
46167
46169
46171
46175
46176
46182
46183
46194
46196
46197
46201
46208
46210
46213
46214
46216
46218
46223
46225
46227
46232
46236
46237
46242
46244
46246
46248
46253
46257
46258
46263
46265
46272
46274
46280
46284
46287
46293
46295
46298
46301
46304
46311
46312
46313
46326
46334
46343
46344
46347
46348
46350
46352
46353
46354
46357
46358
46360
46372
46373
46374
46379
46380
46381
46382
46383
46384
46385
46387
46396
46398
46410
46412
46416
46418
46421
46432
46433
46434
46443
46447
46467
46468
46474
46476
46479
46483
46485
46494
46498
46499
46508
46510
46512
46513
46515
46517
46530
46534
46537
46540
46544
46545
46547
46548
46550
46552
46555
46565
46569
46573
46576
46580
46586
46593
46600
46601
46602
46603
46608
46610
46613
46625
46626
46627
46630
46633
46637
46640
46641
46646
46648
46650
46651
46654
46657
46660
46667
46668
46669
46673
46675
46683
46685
46692
46701
46702
46704
46708
46709
46710
46712
46716
46720
46722
46725
46728
46732
46733
46736
46740
46741
46745
46753
46759
46767
46768
46773
46775
46777
46780
46797
46801
46805
46808
46809
46815
46816
46817
46822
46826
46829
46833
46839
46845
46854
46856
46858
46860
46861
46863
46866
46868
46870
46874
46877
46878
46884
46886
46888
46889
46893
46895
46900
46901
46907
46908
46912
46917
46921
46932
46936
46938
46940
46941
46945
46946
46950
46952
46953
46954
46956
46957
46964
46966
46968
46969
46981
46982
46987
46989
46990
46994
47001
47005
47016
47023
47026
47028
47031
47039
47046
47049
47050
47059
47062
47064
47065
47066
47068
47080
47084
47089
47092
47101
47102
47105
47110
47114
47119
47121
47124
47130
47133
47134
47137
47146
47147
47157
47162
47170
47172
47176
47177
47178
47181
47186
47188
47191
47200
47201
47202
47203
47217
47218
47224
47231
47232
47234
47240
47241
47242
47250
47251
47252
47260
47262
47271
47273
47278
47287
47288
47292
47294
47296
47297
47305
47308
47312
47316
47317
47318
47322
47327
47328
47331
47336
47339
47340
47343
47344
47354
47355
47356
47363
47364
47375
47382
47383
47390
47391
47394
47396
47398
47402
47403
47410
47412
47413
47418
47419
47421
47423
47426
47428
47438
47441
47443
47451
47456
47461
47466
47467
47470
47475
47477
47478
47480
47490
47491
47493
47494
47498
47499
47500
47501
47504
47506
47511
47512
47513
47514
47515
47519
47520
47523
47525
47528
47529
47540
47541
47543
47546
47554
47555
47562
47565
47567
47570
47572
47573
47574
47575
47578
47586
47594
47596
47602
47612
47613
47618
47619
47622
47623
47631
47640
47641
47645
47646
47652
47658
47659
47663
47666
47670
47672
47677
47698
47699
47701
47705
47706
47711
47712
47719
47722
47723
47727
47731
47735
47736
47739
47748
47760
47763
47766
47771
47774
47775
47776
47777
47779
47793
47795
47802
47807
47811
47815
47816
47821
47824
47826
47828
47829
47833
47837
47839
47840
47844
47857
47859
47860
47864
47869
47870
47875
47882
47883
47884
47885
47893
47896
47905
47914
47918
47919
47927
47928
47935
47937
47938
47940
47944
47949
47953
47961
47962
47966
47973
47985
47992
47999
48000
48003
48008
48009
48012
48020
48021
48029
48030
48032
48036
48043
48045
48050
48054
48057
48066
48068
48069
48073
48074
48075
48078
48079
48080
48083
48087
48093
48094
48101
48110
48111
48117
48121
48122
48123
48128
48149
48150
48158
48161
48162
48167
48170
48176
48180
48182
48183
48185
48193
48201
48202
48203
48209
48219
48223
48225
48227
48230
48235
48242
48254
48255
48258
48260
48262
48265
48267
48269
48275
48276
48277
48283
48285
48286
48287
48290
48296
48301
48302
48316
48317
48319
48324
48325
48328
48337
48338
48341
48344
48346
48350
48353
48355
48357
48358
48369
48370
48372
48377
48381
48382
48393
48396
48400
48407
48416
48420
48421
48422
48428
48431
48434
48436
48437
48442
48446
48447
48452
48454
48463
48482
48484
48499
48501
48502
48505
48510
48518
48523
48537
48539
48542
48545
48546
48548
48556
48562
48566
48568
48577
48578
48584
48587
48590
48592
48596
48599
48603
48609
48613
48618
48625
48630
48636
48655
48664
48666
48667
48676
48678
48684
48685
48690
48691
48695
48702
48708
48713
48736
48739
48742
48743
48746
48765
48766
48768
48782
48795
48796
48799
48806
48810
48811
48813
48821
48831
48845
48846
48848
48855
48863
48872
48877
48880
48881
48882
48886
48897
48902
48903
48907
48908
48912
48923
48924
48933
48940
48947
48950
48951
48954
48955
48961
48969
48970
48977
48981
48985
48987
48992
48994
48996
49006
49008
49010
49015
49020
49021
49031
49040
49041
49044
49048
49049
49052
49054
49059
49062
49063
49064
49065
49066
49069
49070
49072
49085
49088
49091
49095
49106
49109
49112
49122
49139
49145
49147
49148
49150
49152
49160
49164
49165
49167
49169
49178
49185
49186
49197
49199
49202
49203
49208
49217
49220
49221
49227
49238
49240
49251
49254
49255
49257
49258
49259
49261
49263
49267
49275
49276
49286
49289
49291
49297
49298
49300
49301
49305
49310
49312
49314
49317
49321
49330
49340
49345
49349
49359
49362
49368
49369
49375
49382
49383
49392
49396
49407
49410
49419
49423
49431
49433
49441
49447
49450
49451
49453
49454
49459
49478
49484
49489
49496
49499
49504
49506
49507
49511
49516
49521
49525
49528
49533
49535
49536
49537
49541
49542
49543
49549
49550
49559
49563
49574
49579
49586
49589
49590
49601
49607
49610
49615
49617
49634
49651
49653
49665
49667
49672
49673
49679
49685
49691
49696
49697
49701
49727
49729
49743
49744
49747
49751
49752
49758
49766
49773
49774
49779
49781
49785
49788
49790
49792
49799
49802
49806
49808
49809
49816
49817
49819
49824
49830
49835
49847
49852
49854
49857
49860
49874
49884
49892
49893
49897
49898
49901
49905
49917
49919
49923
49926
49928
49931
49936
49938
49943
49946
49947
49957
49959
49960
49971
49975
49978
49979
49980
49981
49982
49991
49993
49997
50001
50003
50007
50008
50010
50016
50022
50024
50026
50033
50039
50047
50048
50052
50053
50054
50056
50061
50071
50072
50075
50084
50086
50091
50092
50097
50102
50103
50109
50111
50124
50134
50137
50146
50147
50150
50155
50161
50168
50169
50175
50191
50198
50199
50202
50205
50206
50210
50211
50214
50216
50219
50226
50234
50238
50253
50271
50272
50285
50297
50300
50301
50302
50304
50319
50322
50325
50336
50343
50348
50356
50367
50378
50381
50382
50383
50390
50391
50392
50394
50404
50405
50406
50410
50411
50418
50421
50427
50433
50435
50436
50438
50442
50443
50445
50447
50453
50458
50461
50464
50465
50467
50468
50476
50487
50489
50491
50497
50500
50509
50514
50515
50519
50526
50530
50543
50544
50550
50551
50561
50565
50569
50570
50580
50588
50592
50593
50600
50602
50604
50611
50616
50617
50632
50634
50644
50645
50649
50654
50656
50663
50665
50666
50667
50668
50672
50677
50682
50684
50686
50687
50691
50701
50702
50703
50706
50713
50715
50717
50726
50741
50742
50745
50750
50755
50756
50769
50777
50783
50788
50789
50791
50792
50798
50800
50801
50804
50806
50810
50812
50816
50817
50826
50836
50841
50843
50849
50850
50851
50853
50860
50864
50866
50868
50877
50879
50882
50884
50885
50894
50901
50905
50908
50913
50925
50929
50932
50938
50952
50953
50959
50962
50963
50965
50966
50968
50971
50973
50976
50980
50985
50986
50988
51001
51004
51008
51010
51014
51017
51021
51023
51024
51030
51032
51034
51036
51038
51040
51041
51047
51050
51054
51055
51069
51074
51079
51084
51086
51088
51094
51107
51109
51111
51112
51130
51131
51139
51147
51149
51152
51154
51156
51167
51169
51170
51172
51173
51174
51180
51187
51189
51193
51201
51205
51209
51211
51215
51217
51221
51231
51233
51239
51240
51241
51243
51254
51255
51256
51260
51267
51269
51270
51271
51272
51273
51277
51281
51284
51286
51292
51300
51302
51305
51309
51313
51314
51319
51337
51338
51339
51346
51358
51362
51372
51375
51376
51378
51379
51390
51397
51407
51409
51411
51417
51426
51427
51432
51433
51434
51442
51461
51464
51476
51483
51485
51489
51494
51496
51505
51507
51508
51510
51514
51518
51520
51521
51530
51533
51534
51539
51542
51543
51563
51568
51571
51574
51576
51596
51599
51605
51606
51610
51613
51619
51623
51643
51645
51672
51673
51674
51676
51679
51687
51691
51692
51693
51695
51696
51702
51704
51705
51706
51707
51710
51715
51716
51723
51733
51737
51742
51743
51749
51763
51769
51771
51774
51776
51780
51786
51792
51797
51799
51800
51802
51809
51810
51812
51817
51818
51826
51834
51837
51838
51839
51846
51847
51848
51854
51863
51864
51865
51866
51877
51879
51880
51888
51898
51901
51902
51904
51909
51914
51917
51918
51922
51923
51928
51929
51930
51932
51941
51945
51947
51948
51950
51957
51959
51962
51970
51973
51974
51975
51978
51993
51994
52005
52006
52009
52010
52015
52024
52026
52028
52029
52030
52032
52035
52038
52049
52052
52065
52066
52068
52081
52085
52086
52088
52096
52099
52118
52119
52120
52126
52132
52143
52158
52161
52163
52170
52174
52177
52182
52192
52194
52198
52209
52217
52220
52222
52225
52228
52229
52230
52232
52245
52248
52253
52256
52257
52264
52269
52273
52276
52280
52281
52284
52286
52291
52297
52316
52321
52323
52325
52326
52327
52333
52335
52336
52337
52339
52340
52342
52351
52363
52367
52376
52379
52392
52394
52401
52412
52414
52416
52419
52421
52424
52426
52429
52442
52444
52446
52447
52448
52450
52454
52456
52461
52468
52470
52477
52481
52485
52490
52495
52500
52502
52506
52510
52511
52519
52524
52532
52534
52536
52540
52542
52543
52550
52551
52553
52558
52572
52573
52575
52579
52583
52589
52592
52593
52596
52597
52604
52607
52612
52614
52617
52618
52621
52626
52633
52646
52649
52652
52654
52667
52668
52669
52673
52675
52678
52684
52687
52688
52689
52690
52694
52711
52719
52720
52725
52729
52732
52740
52741
52742
52745
52746
52747
52752
52758
52763
52765
52769
52778
52780
52783
52784
52792
52793
52797
52806
52809
52812
52814
52817
52822
52825
52829
52830
52837
52840
52843
52845
52852
52858
52869
52874
52879
52892
52895
52900
52901
52903
52908
52917
52918
52921
52938
52944
52950
52957
52977
52981
52988
52989
53000
53002
53007
53008
53009
53013
53014
53015
53016
53019
53021
53022
53023
53024
53029
53036
53042
53050
53053
53057
53058
53064
53072
53073
53074
53076
53085
53086
53089
53092
53098
53103
53105
53112
53122
53124
53134
53135
53143
53145
53156
53159
53164
53176
53178
53180
53181
53183
53194
53196
53205
53208
53209
53213
53218
53223
53226
53230
53233
53245
53246
53252
53254
53255
53256
53264
53268
53272
53274
53276
53279
53284
53286
53292
53294
53295
53299
53305
53306
53315
53317
53320
53329
53331
53339
53345
53346
53349
53352
53360
53361
53363
53365
53386
53387
53388
53401
53408
53409
53427
53429
53436
53441
53449
53455
53460
53464
53465
53470
53476
53480
53482
53483
53485
53490
53496
53499
53500
53502
53507
53510
53511
53514
53515
53516
53519
53523
53524
53531
53532
53535
53543
53555
53562
53569
53581
53584
53586
53587
53591
53604
53605
53606
53608
53617
53623
53628
53633
53642
53644
53648
53649
53652
53653
53662
53671
53672
53675
53681
53687
53699
53702
53706
53713
53716
53717
53722
53727
53738
53739
53744
53749
53754
53759
53766
53767
53769
53772
53774
53775
53781
53783
53786
53790
53793
53800
53801
53804
53805
53808
53812
53814
53815
53831
53839
53842
53843
53847
53852
53856
53866
53867
53875
53881
53886
53887
53890
53906
53908
53917
53921
53922
53929
53930
53933
53935
53936
53942
53953
53958
53959
53960
53967
53977
53978
53985
53986
53988
53989
53993
53994
53996
54000
54002
54003
54004
54006
54009
54013
54015
54016
54019
54020
54021
54026
54028
54035
54036
54042
54044
54045
54048
54050
54052
54054
54058
54059
54060
54065
54067
54070
54073
54081
54089
54091
54093
54096
54103
54104
54108
54109
54114
54124
54127
54133
54138
54140
54141
54144
54147
54148
54150
54152
54154
54155
54156
54158
54162
54167
54172
54175
54179
54180
54184
54185
54187
54193
54194
54196
54197
54198
54199
54205
54206
54213
54214
54215
54226
54230
54238
54240
54244
54246
54252
54253
54255
54257
54258
54260
54262
54264
54275
54277
54282
54283
54284
54289
54291
54298
54299
54300
54301
54302
54303
54305
54310
54312
54316
54322
54324
54325
54340
54350
54351
54365
54367
54379
54380
54408
54418
54419
54420
54422
54427
54430
54441
54446
54470
54472
54479
54481
54486
54487
54489
54497
54502
54510
54512
54513
54516
54523
54532
54539
54540
54554
54568
54570
54579
54582
54587
54589
54591
54597
54611
54614
54621
54630
54643
54648
54652
54654
54655
54663
54672
54676
54678
54681
54688
54692
54693
54701
54702
54703
54716
54717
54725
54727
54728
54737
54742
54743
54746
54759
54763
54766
54767
54771
54782
54784
54796
54802
54805
54809
54811
54813
54821
54823
54825
54838
54847
54848
54855
54857
54862
54865
54883
54892
54905
54910
54920
54927
54933
54936
54938
54941
54948
54949
54954
54955
54957
54965
54968
54974
54978
54988
54990
54992
54998
55000
55009
55014
55019
55020
55021
55037
55041
55042
55050
55051
55066
55073
55077
55080
55085
55091
55092
55100
55109
55112
55120
55126
55128
55132
55133
55139
55144
55150
55155
55161
55162
55166
55181
55187
55200
55204
55214
55218
55222
55227
55231
55236
55241
55245
55253
55254
55255
55258
55262
55267
55271
55281
55286
55293
55304
55308
55309
55310
55314
55315
55316
55317
55319
55326
55329
55334
55335
55336
55338
55350
55354
55360
55367
55380
55387
55393
55398
55403
55404
55419
55420
55425
55429
55434
55435
55436
55441
55451
55464
55466
55470
55473
55482
55492
55495
55499
55504
55505
55510
55513
55514
55516
55518
55529
55530
55532
55533
55535
55544
55549
55553
)


// ************************************************************************* //
