/*--------------------------------*- C++ -*----------------------------------*\
| =========                 |                                                 |
| \\      /  F ield         | OpenFOAM: The Open Source CFD Toolbox           |
|  \\    /   O peration     | Version:  v2012                                 |
|   \\  /    A nd           | Website:  www.openfoam.com                      |
|    \\/     M anipulation  |                                                 |
\*---------------------------------------------------------------------------*/
FoamFile
{
    version     2.0;
    format      ascii;
    class       volScalarField;
    location    "200";
    object      gammaInt;
}
// * * * * * * * * * * * * * * * * * * * * * * * * * * * * * * * * * * * * * //

dimensions      [0 0 0 0 0 0 0];


internalField   nonuniform List<scalar> 
13917
(
1
1
1
1
1
1
1
1
1
1
1.00001
1
1
1
1
1
1
1
1
1
1
1
1
1
1
1
1
1
1
1
1
1
1
1
1
0.994415
1
1
1
1
1
1
1
1
1
1
1
1
1
1
1
1
1
1
1
1
1
1
1
1
1
1
1
1
1
0.999871
1
1
1
1
1
1
1
1
1
1
1
1
1
1
1
1
1
1
1
1
1
0.998234
1
1
1
1
1
1
1.00008
1
1
1
0.999999
1
1
1
1
1
1
1
1
1
1
1
1
1
1
1
1
1
1
1
1
1
1
1
1
1
1
1
1
1
1
1
1
1
1
1
0.998017
1
1
1
1
1
0.998939
1
1
1
1
1
1
1
1
1
1
1
1
1
1
1
1
0.999848
1
0.997294
1
1
1
1
1
1
1
1
1
1
1
1
1
1
1
1
1
1
1
1
1
1
1
1
1
1
1.00009
1
1
1
0.998443
1
0.999903
1
1
1
1
1
1
0.999679
1
1
1
1
1
0.997843
1
1
1
1
1
1
1
1
1
1
1
1
1
1
1
1
1
1
1
1
1.00001
1
1
0.997152
1
1
1
1
1
1
1
1
1
1
1
1
1
1.00097
1
1
1
1
1
1
1
1
1
1
1
1
1
1
1
1
1
1
1
0.996776
1
1
1
1.00001
1
1
1
1
1
1
1
1
0.996267
1
1
1
1
1
1
1
1
1
1
0.998566
1
1
0.99947
1
1
1
1.00001
1
1
1
1
1
1
1
1
1
1
1
1
1
1
1
1
1
1
1
1
1
1
1
1
1
1.00001
1
1
1
0.989898
1
1
1
1
1
1
1
1
1
1
1
1
1
1
1
1
1
1
1
1
1
1
1
1
1.00037
1
1
1
0.99655
1
1
1
1
1
1
1
1
1
1
1
1
1
1
1
1
0.998742
1
1
1
1
1
1
1
1
1
1
1
1
1
1
1
1
1
1
1
0.996328
1
0.999997
1
1
1
1
1
1
1
0.999998
1
1
1
1
1
1
1
1
1
1
1
1
1.0004
1
1
1
1
0.999874
1
1
1
1
0.999997
1
1
1
1
1
1
1
1
1
1
1
1
0.998114
1
1
1
1
1
1
1
1
1
1
1
1
1
1
0.999737
1
1
1
1
1
1
1
1
1.00001
1
1
1
1
1
1
1
1
1
1
1
1
1
1
1
0.996591
1
1
1
1
1.00001
1
1
1
1
0.998831
1
1
1
1
1
1
1
1
1
1
1
1
1
1.00001
1
1
0.999506
1
1
1
1.00001
1
1
1
1
1
1
1
1
1
1
1
1
1.00006
1
1
1
1
1
0.999723
1
1.00012
1
1
1
1
1
1
1
1
1
1
1
1
0.998898
1
1
1
1
1
1
1
1.00007
0.999999
1
0.999015
1
1
1
1
1
1
0.998929
1
1
0.999995
1
1
1
1
1
1
1
1.00002
1
1
1
1.00005
1
1
1
1
1
1
1
1
1
1
1
1
1
1
1
1
0.998665
1
1
1
1
1
0.999908
1
1
1
1
1
1
1
1
1
0.999999
1
1
1
1
1
1
1
1
1
1
1
1
1
1
1
1
1
1
1
0.999996
1
0.998551
1
0.999999
1
1
1
1
1
1
1
1
1
1
0.999988
1
1
1
1
1
0.995522
1
1
1
1
1
1
1
0.998443
1
1
1
1
1
1
1
1
1
1
1.00019
1.00003
1
1
1
0.999999
1
1
1
1
1
1
1
1
1
1
1
1
1
1
1
1
1
1
1
1
1
1
1
1
1
1
1
1
1
1
1
1
1
1
1
1.00026
1
0.99915
0.999851
1
1
1
1
1.00002
1
1
1
1
1
1
1
1
1
1
1
1
1
1
1
1
1
1
1
1
1
1
1
1
1
1
1
1
1
1
1
1
1
1
1
1
1
1
1
1
1
1
0.999944
1
1
1
1
0.999996
1
1
1
1
1
1
1
1
1
1
1
1
1
1
1
1
1
1
1
1
1
1
0.99517
1
1
1
1
1
1
1
1.0006
1
1
1
1
1
1
1
1
1
1
1
1
1
1
1
1
1
1
0.999751
1
0.999785
1
1
1
1
1.0001
1
0.999999
1
1
1
1
1
1
1
1
1
1
1
1
1
1
1
1
1
1
1
1
1
1
1
1
1
1
1
1
1
1
1
1
0.999996
1
1
1
1
1
1
1
0.999999
1
0.999999
1
1
1
1
1
1
1
1
1
1
0.999998
1
1
1
0.996971
1
1
1
1
1
1
1
1
0.999999
1
1
1
1
1
1
1
1
1
1
1
1
1
1
1
1
1
1
1
1
1
1
1
1
1
1
1
1
1
1
1
1
1
1
1
1
1
1
1
1
1
1
1
1
1
1
1
1
1
1
1
1
1
1
1
1.00095
0.99852
1
0.997552
1
1
1
1
1
1
1
1
1
1
0.988064
1
1
1
1
0.999999
1
1
1
1
1
1
1
1
1
1
1
1
1
1
1
1
1
1
1
1
0.99646
0.999973
1
1
0.999981
1
1
1
1
1
1
1
1
1
1
1
1
1
1
0.999999
1
1
1
1
1
1
0.999999
1
1
1
1
0.998417
1
1
1
1
1
1
1
1
1
1
1
1
1
1
1
1
1
1
1
1
1
1
1
1
1
1
1
1
1
1
1
1
1
1
1
1
1
1
1
1
1
1
1
1
1
0.999993
1
1
1
1
1
1.0003
1
0.999575
1
1
1
1
1
1
1
1
1
1
1
1
1
1
1
0.999977
1
1
1
1
1
1
1
1
1
1
1
1
1
1
1
1
1
1
0.999903
1
1
1
1
1
1
1
1
1
1
1
1
1
1
1
1
1
0.999912
1
0.999988
1
1
1
1
1
1
1
1
1
1
0.999996
1
1
1
1
1
1
0.99905
1
1
1
1
1
1
1
1
1
1
1
1
1
1
1
1
1
1
0.999523
1
1.00027
1
1
1
0.999827
1
1
1
1
1
1
1
1
1
1
1
1
1
1
1
1
0.999602
1
1.00001
1
1
1
1
1
1
1
1
1
1
1
1
1
1
1
1
1
1
1
1
1
1
1
1
1
1
1
1
1.0007
1
1
1
1
1
1
1
1
1
1
0.999912
1
1
1
1
1
1
0.999984
1
1
1
1
1
1
1
1
1
1
1
1.00001
1
1
1
1
1
1
1
1
1
1
1
1
1
1
1
1
1
1
1
1
1
1
1
1
1
1
1
1
1
1
1
1
1
1
1
1
1
1
1
1
1
1
1
1
1
1
1
1
1
1
1
1
1
1
1
1
0.999999
0.999576
1.00006
1
1
1
1
1
1
1
1
1
1
1
1
1
1
1
1
1
1
1
1
1
1
1
1
1
1
1
1
1
1
1
1
1
1
1
1
1
1
1
1
1
1.00038
1
1
1
1
1
1
1
1
1
1
1
1
1
1
1
1
1
1
1
1.0004
1
1
1
1
1
1
1
1
1
1
1
1
1
1
1
1
1
1
1
1
1
1
1
1
1
1
1
1
1
1
1
1
1
1
1
1
1
1
1
1
1
1
1
1
1
1
1
1
0.998836
1
1
1
1
1
0.999999
1
1
1
1
0.995194
1
1
1.00011
1
1
1
1
1
1
0.999563
1
1.00005
1
1
1
1
1
1
1
1
1
0.999926
1
1
1
1
1.00003
1
1
1
1
1
1
1
1
1
0.999891
1
1
1
1
1
1
1
1
1
1
1
1
1
1
1
1
1.00007
1
1
1
1
1
1
0.999314
1
1
0.986349
1.00002
1
1
1
1
1
1
1
1
1
1
1
1.00004
0.999762
1
1
1
1
1
1
0.999136
0.999746
1
1
1
1
1
1
1
1
1
1
1
1
1
1
1
1
1
1
1
1
1
1
1
1
0.999997
1
1
1
1
1
1
1
1
1
1
1
1
1
1
0.999536
1
1
1
1.00003
1
1
1
1.00271
1.00021
1
1
1
1
1
1
1
1
1
1
1
1
0.999999
1
1
1
1
1
1
1
1
1
1
1
1
1
1
1
1
1
1
1
1
1
1
1
1
0.995691
1
1
1
1
1
1
1
1
1
1
1
1
1
1
1.0009
1
1
1
1
1
1
1
1
1
0.999998
1
1
1
1
1
1
1
1
1
1
1
1
1
0.99172
1
1
1
1
1
1
1
1
1
1
1
1
0.999996
0.999723
1
1
1
1
1
1
1
1
1
1
1.00014
1
1
1
1
1
1
0.999845
1
1
1
1
1
1
1
1
1
1
1
1
1
1
1
1
1
1
1
1.00002
1
1
1
1
1
1
1
1
1
1
1
1
1
1
1
1
1
1
1
1
1
1
1
1
1
1
1
1.00002
1
1
1
1
1.00004
1
1
0.999998
1
0.99994
1
1
1
1
1
1
1
1
1
1
1
1
1
1
1
1
1
1
1
1
1
1
1
1
1
1
1
1
0.999992
1
1
1
1
1
1
1
1
1
1
1
1
0.999261
1
1.00001
1
1
1
1
1
1
1
1
1
1
1
1
1
1
1
1
1
1
1
1
1.00003
0.999258
0.999917
1
1
0.999986
1
1
1
1
1
1
1
1
1
1
1
1
1
1
1
1
1
1
0.999999
1
1
1
1
1
1
1
1
1
1
1
1
1
1
1
1
1
1
1
1
1
1
0.999162
0.997602
1
1
0.999923
1
1
1
1
1
1
1
1
1
1
1
1
1
1
1
1
1
1
1
1
1
1
1.00115
1
1
1
0.998224
1
1
1
1
1
1
1
0.998829
0.999962
1
1.00001
1
1
1
1
1
1
1
1
1
1
1
1
1
1
1
1
1
1
1
1
1
1
0.999999
1
1
1
0.999813
1
1
1
1
1
1
1
1
1
1
1
1
1
1
1
1
1
1
1
1
1
1
1
1
1
1
1
1
1
1
1
1.00003
1
1
1
1
1
1
1
1
1
1
1
1
1
1
1
1
1
1
1
1
1
1
1
1
1
1
1
1
1
1
1
1
1
1.00016
0.999998
1
1
1
1
1
1
1
1
1
1
1
1
1
1
1
1
1
1
1
1
1
1
1
1
1
1
1
1
1
1
0.999962
1
1.00006
1.00008
1
1
1
0.999075
1
1
1
1
1
0.999648
1
1
1
1
1
1
1
1
1
1
1
1
1
1
1
1
1
1
1
1
1
1
1
1
1
1
1.00003
1
1
1.00005
1
1
1
1
1
1
1
1
1
1
1
1
1
0.999718
1
1
1
1
1
1
1
1
0.999873
1
1
1
1
1
1
1.00002
1
1
1
1
1
1
1
1
1
1
1
1
0.999985
1
1
1
1
1
1
1.00001
1
1
0.998777
1
1
1
1
1
1
1
1
1
1
1
1
1
0.999978
1
1
1
1
1
1
1
1
1
1
1
1
1.00015
1
1
1
1.00002
1
1
1
1
1
1
1
1
1
0.99495
1
1
1
0.998896
1
1
1
1
1
1
1.00013
1
1
1
1
1
0.999989
1
1
1
1
1
1
1
1
1
1
1
1
1
1
1
1
1
1
1
1
1
0.999999
1
1
1
1
1
1
1
1
1
1
1
1
1
1
1
1
1
1
1
1
1
1
1
1
1
1
1
1
1
1
1
1
1
1
1
1
1
1
1
1
1
1
0.999461
1
1
1
1
1
1
1
1
1
1
1
0.999998
1
1
1.00068
1
1
1
1
1
1
1
1
1
1
1
0.999161
1
1
0.999805
1
1
1
1
1
1
1
1
1
1.00002
1
1
1
1
1
1
1
1
1
1
1
1
1
1
1
1
1
1
1
1
1
0.999963
1.00033
1
1
1
0.998323
1
1
1
1
1
1
1
1
1
1
1
1
0.999759
1
1
1
1
1
1
1
1
1
1
1
1
1
1
1
0.999957
1
1
1
1
1
1
1
0.998047
1
1
1
1
1
1
1
1
1
1
0.998667
1
1
1
1
1
1
1
1
1
1
1
1
1
1
1
1
1
1
1
1
1
1
1
1.00001
1
0.999987
1
1
1
1.0011
1
1.00006
0.999989
1
1
1
1
1
1
1
0.999935
1
0.999873
1
1
1
1
1
1
1
1
1
1
1
0.999928
1
1
1
1
0.995474
1
1
0.999993
1
1
1
1
1
1
1
1
1
1
1
1
1
1
1
1
1
1
1
1
1
0.999747
0.999917
1
1
1
1
1
1
1
1
1
1
1
1
1
1
1
1
1
1
1
1
1
1
1
1
1
1
1
1
1
1
1
1
1
1
1
1
1
1
1
0.999833
1
1.00003
1
1
1
0.999018
1
1
1
1
1
0.999872
1
1
1
1
1
1
1
1
1
1
1
1
1
0.999988
1
1
1
1
1
1
1
0.999992
1
1
1
1
1
1
1
1
1
1
0.999617
1
1
1
1
1
1
1
1
1
1
1
1
1
1.00004
1
1
1
1
1
1
1
1
1
1
1
1
1
1
1.00024
1
1
1
1
1
1
1
1
1
1
1
1
1
1
1
1
1
1
1
1
1
1
1
1
1
1
1
1.00015
1
1
0.999137
1
1
1
0.997849
1
1
1
1.0002
1
1
1
1.00013
1
1
1
1
0.999996
1.00011
1
1
1
1
1
1
1
1
1
1
1
1
1
1
1
1
1.00001
1
1
1
1
1
1
1
1
1
1
1
1
1
1
1
1
1
0.999998
1
1
1
1
1
1
1
1
1
1
1
1
1
1
1
1
0.997967
1
1
1
1
1
1
1
1
1
1
1
1
1
1
1
1
1
1
1
1
1
1
0.999893
1
1
1
1.00017
1
1
1
1
1
1
0.997592
1
1
1
1
1
1.0003
1
0.999236
1
1
1
1
1
1
0.999969
1
1
1
1
1
1
1
1
1
1
1
1
1
1
1
1
1
1
1
1
1
1
1.00001
1
1
1
1
1
1
1
1
1
1
1
1
1
1
1
1
1
1
0.999877
0.999996
1
1
1
1
1
1
1
1
1
1
1
0.995963
1
1
1
1
1
1
1
1
1
1
1
1
1
1
1.00026
1
1.00009
1
1
1
0.999999
1
1
1
1
1
1
1
1
1
1
1
1
1
1
1
1
1
1
1
1
1
1
1
1
1
1.00001
1
1
1
1
1
1
1
1
0.998799
1
1
1
1
1
1
1
1
1
1
1
1
1
1
1
1
1
1
1
1
1
1
1
1
1
1
1
0.999993
1
1
1
1
1
1
1
1
1
1
1
1.00001
1
1
0.999758
1
1
1
1
1
1
1
1
1
1
0.999682
1
1
1
1
1
1
1
1
1
1
1
1
1
1
1.00001
0.999558
1
1
1
1
1
1
1
0.999427
1
1
1.00001
1
0.998714
1
1
0.999959
1
1
1
1
1
1
1
1
1
1
1
1
0.999808
1
1
1
1
1
1
1
1
1
1
1
1
1
1
1
1
1
1
1
1
1
1
1
1
1
1
1
1.00005
1
1
1
1
0.999773
1
1
1
1
1
1
0.999997
1
1
1
1
1
1
1
1
1
1
1
1
1
1
1
0.999298
1
1
1
1
1
1
1
1
1.00051
1
1
1
1
1
1
1
1
1.00001
1.00061
1
1
1.00015
1
0.999997
1
1
1
1
1
1
1
1
1
1.00011
1
1
1
1
1
1.00001
1
1
1
1
1
1
1
1
1
1
1
1
0.999557
1
1
1
1
0.999995
1
1
1
1
1
1
1
1
1
1
1
1
1
1
1
1
1
1
1
1
1
1
1
1
1
1
1
1
1
1
1
1
1
1
1
1
1
1
1
1
1
1
1
1
0.999425
1
0.997171
1
1
1
1
1
1
1
1
1
0.999999
1
1
1
1
1
1
1
1
0.997141
1
1
1
1
1
1
1
1
0.99999
1
1
1
1
1
1
1
1
1
1
1
1
1
1
1
1
1
1
1
1
1
1
1
1
1
1
1
1
1
1
1
1
1
1
1
1
1
1
1
0.997793
1
1
0.999999
1
1
1
1
1
1
1
1
1
1
1
1
1
0.992853
1
1
1
1
1
1
1
1
1
1
1
1
1
1
1
1
1
1
1
1
1
1
1
1
1
1
1
0.999987
1
0.999924
0.999224
1
1
1
1
1
0.999597
1
1
1
1
1
1
1
1
1
1
1.00008
1.00002
1
1
1.00039
1
1.00001
1
1
1
0.99825
1
1
1
1
1
1.00017
1
1
1
0.999897
1
1
1
1
1
1
1
1
1
1
1.00009
1
1
1
1
1
1
1
1
1
1
1
1.00005
0.999984
1
1
1
1
1
1.00001
1
1
1
1
1
1
1
1
1
1
1
1
1
1
1
1
1
1.00142
1
1
1
0.999997
1
1
1
1
0.999867
1
1.00012
1
1
1
1
1
1
1
1
1
1
1
0.999987
1
1
1
1
1
1
1
1
1.00035
1
1
1
1
1
1
0.992143
1
1
1
1
1
1
1
1
1
1
1
1
1
1.00001
0.999688
1
1
1
1
1
1
1
1
1
1
1
1
1
1
1
1
1
1
1
1
1
1
1.00011
1
1
1
1
1
1
1
1
1
1
1
1
1
1
1
1
1
0.987683
1
1
1
1
1
1.00066
1
1
1
1
1
1
1
1
1
1
1
1
1
1
1
1
1
1
1
1
1
1
1
1
1
1
1
1
1
1
1.00077
1
1
1
1
1
1
1
1
1
1
1
1
1.00001
1
1
1
1
1
1
1
1
1
1
1
1
1
1
1
1
1
0.999887
1
1
1.00041
1
1
1
1
1
1
1
1
1
1
1
1
1
1
1
1
1
1
1
1
1
1
0.998074
0.999989
1
1.00044
0.997822
1
1
1
1
1
1
1
1
1
1
1
1
1
1
1
1
1
1
1
1
1
1
1
1
1
1
1
1
1
1
1
1
1
1
0.99958
1
1
1
1
1
1
1
1
0.999934
1
1
1
1
1
1
1
1
1
1
1
1
1
1
1
1
1
1
1
1
1
1
1
1
1
1
1
1
1
1
1
1
1
1
0.999999
1
1
0.999995
1
1
1
1
1
1
0.998026
0.999992
1
1
1
1
1
1
1
1
1
1
1
1
1
1
1
1
1
0.999011
1
1
1
1.00011
1
1
0.998652
1
1
1
1.00017
1
1
1
1
1
1
1
1
1
1
1
1
1
1
1
1
1
1
1
1
1
1
1
1
1
1
1
1.00017
1
1
1
1
1
1
1
0.999997
1
1
1.0005
1
1
0.999852
1
1
1
1
1
1
1
1
1
1
1
1
1
0.999997
1
1
1
1
1.00094
1
1
1
1
1
1
1
1
1
1
1
1
1
1
1
1
1
1
1
1
1
1
1
1.00032
1
1
1
1
1
1
1
1
1
1
1
1
1
1.00005
1
1
1
1
0.999945
1
1
1
1.0001
1
1
1
1
1
1
1
1
1
1
1
1
1
1
1
1
1
1
1
1
1
1
1
1
1
1
1
1
1
1
0.997619
1
1
1
1
0.999999
1
1
1.00007
1
1
1.00003
1
1
1
1
1
1
1
1
1
1
1
1
1
1
1
1
1.00028
1
1
1
1
1
1
1
1
1
1
1
1
1
1
1
1
1
1
1
1
1
1
1.00003
1
1
1
1
1
1
1
1
1
1
1.00053
1
1
1
1
1
1
1.00005
1
1
1
1
1.00055
1
1
1
1
1
1
1
1
1
1
1.00004
1
1
1
1
1
1
1
1
1
1.00001
1
1
1
1
1
1
1
1
1
1
1
1
1
1
1
1
0.999985
1
1
1
1
1.00023
1
1
1
1
1
1
1
1
1
1.00003
1
1
1.00033
1
1
1
0.999592
1.00001
1
1
1
1
1
1
1
1
1
1
0.999995
1
1
1
1
1
1
1
1
1
1
1
1
1
1
0.999368
1
1
1
1
1
1
1
1
1
1
1
1
1
1
1
0.999897
1
1
1
1
1
1
1
1
0.999709
1
1
1
1
1
1
1
1
1
0.999458
1
1
1
1
1
1
1
1
1
1
1
1
1
1
1
1
0.999292
1
1
1
1
1
1
1
1
1
1
1
1
1
1
1
1
1
1
1
1
1
1
1
1
1
1
1
1
1
1
1
1
1
1
1
1
1
1
1
1
0.999998
1
1
1
1.00002
1
1
1
1
1
1
1
1
0.999989
1
1
1
1
1
1
1
1
1
1
1
1
1
1
1
1
1
1
1
0.999997
1
1
1
1
1
1
1
1
1
1
1
1
1
1.00014
1
1
1
1
1
1
1
1
1
1
1
1
1
1
1
1
1
1
1
1
1
1
1
1
1
1
1
1
1
1
1
1
1
1
1
1
1
1
1
1
1
1
1
1
1.00014
1
1
1
1
1
1
1
1
1
1
1
1
1
1
1
1
1
1
1
1
1
1
1
1
1
1
1
1
1
1
1
1
1
1
1
1
1
1
1
1
1
0.99999
1
1
1
1
1
1.00004
1
1
1
1
1
1
1
1
1
1
1
1
1
1
1
1
1
1
1.00021
1
1
1
1
1
1
0.998111
1
1
1
1
1
1
1
1
1
1
1
1
1
1
1
0.999989
1
1
1
1
1
1
1
1
1
1
1
1
1
1
1
1
1
1
1
1
1
1
1
1
1
1
1
1
1
1
1
1
1
1
1
1
1
1
1
1
1
1
1
1
1
1
1
1
1
1
1
1
1
1
1
1
1
1
1
1
1
1
1
1
1
1
1
1
1
1
1
1
1
1
1
1
1
1
1
1
1
1.00145
1
1
1
1
1
1
1
1.0002
1
1
1
1
1
1
1
1
1
1
1
1
1
1
1
1
1
1
1
1
1
1
1
1
1
1
1
1
0.999963
1
1
1
1
1
1
1
1
1
1
1
1
1.00008
1
1
1
1
1
1
1
1
1
1
1
1.00005
0.999999
1
1
1
1
1
1
1
1
1
1
1.00044
1
1
1
1
1
1
1
1
1
1
1
1
1
1
1
1
1
1
1
1
1
1
1
0.999966
1
1
1
1
1
1
1
1
1
1
1
1
1
0.99996
1
1
1
1
1
1
1
1
1
1
1
1
1
1
1
1
1
0.998655
1.00025
1
1
1
1
1
1
1
1
1
1
1
1
1
1
1
1
0.999993
1
1.00003
1
1
1
1
1
1
1
1
1
1
0.999992
1
1
1.0001
1
1
0.999848
1
1
1
1
1
1
1
1
1
0.999697
1
1
1
1
1
1.00008
1
1
1
0.999933
1
1
1
1
1
1
1
1
1
1
1
1
1
0.999997
1
1
1
1
1
1
1
1
1
1
1
1
1
1
1
1
1
1.00028
1
0.999375
1
1
1
0.999909
1
1
1
1
1
1
1
1
1
1
1
1
1
1
1
0.999439
1
1
1
1
1
1
0.999392
1
1
1
1
1
0.999693
1
1
1
1.00031
1
1
1
1
1
1
1
1
0.995197
0.999875
1
1
1
1
0.999991
1
1
1
1
1
1
1
1
0.994382
1
1
1
1
1
1
1
1
1
1
1
1
1
0.998915
1
1
0.999393
1
1
1
1
1
1
1
1
1
1
1
1
1
1
1
1
1
1
1
1
1
1
1
1
1.00001
1
1
1
1
1
1
1
1
1
1
1
1
1
1
1
1
1
1
1
1
1
1
1
1
1.00001
1
1
1
1
1
1
1
1
1.00014
1
1
1
1
0.999968
1
1
1
1
1
1
1
1
1
1
1
1
1
1
1
1
1
1
1
1
1
1
1
1
1
0.99986
1
1
1
1
1
1
1
1
1
1
1
1
1
1
1
1
1
1.00055
1
1
1
1
1
1
1
1
1
1
1
1
1
1
1
1
1
1
1
1
1
1
1
1
1
1
1.00004
1
1
1
1.00009
1
1
0.999999
1
1
1
1
1
1
1.00001
1
1
1
1
1
1
1
1
1
1
1
1
1
1
1
1
1
1
1
1
1
1
1
1
1
0.999997
1
1
1
1
1
1
1
1
1
1
1
1
1
1
1
1
1
1
1
1
1
1
1
1
1
1
1
0.99986
1
1
1
1
1
1
1
1
1
1
1
0.999967
1
1
1
1
1
1
1
1
1
1
1
1
1
1
1
1
1
1
1
1
1
1
1
1
1
1
1
1
1
1
1
1
1
1
1
1
1
1
1.00014
1
0.999054
1
1
1
1
1
1
1
1
0.999473
1
1
1
1
1
1.00007
1
1
1
1
1
1
1
1
1
1
1
1
1.00003
1
1
1
1
1
1
1
1
1
0.999999
1
1
1
1
1
1
1
1
1
1
1
1
1
1
1
1
1
1
1
1
1
1
1
1
1
1
1
1
1
1
1
1
1
1
1
1
1
0.99649
1
1
1
1
1
1
1
1
1
1
1
1
1
1
0.998726
1
1
1
1
1
1
1
1
1
1
1
1
1
1
1
1
1
1
1
1
1
1
1
1
1
1
0.999989
1
1.0001
1
1
1
0.999357
1
1
1
1
1
1
0.999997
1
1
1
1
1
1
1
1
1
1.00017
1
1
1
1
1
1
1
1
1
1
1
0.999991
1
1
1
1
1
1
1
1
0.999129
1
1
1
1
1
1
1.00059
1
1
1
1
1
1
1
1
1
1
1
1
1
1
1
1
1
1
1
1
1
1
1
1
1
1
1
1
1
1
1
1
1
0.99977
1
1
1
1
1
1
1
1
1
1
1
1
1
1
1
0.999876
1
1
0.999996
0.993273
1
1
1
1
1
1
1
1
1
1
1
1
1
1
1
1
1
0.999966
1
1
0.999993
1
1
1
1
1
1
1
1
1
1
0.994033
1
1
0.999161
1
1
1
1
1
1
1
1
1
1
1
1
1
1
1
1
1
1
1
1
1
1
0.999992
1
1
1
1
1
1
1
1.00021
1
1
1
0.9991
1
1
1
1
1
1
1
1
1
1
1
1
1
0.999954
1
1
1
1
1
1
1
1
1
1
1
1
1
1
1
1
1
1
1
1
1
1
1
1
1
1
1
1
1
1
1
1
1
1
0.998556
1
1
1
1
1
1
1
1
1
1
1
1
1
1
1
1
1
0.999997
1
1
1
1
1
1.00015
1
1
1
1
1
1
1
1
0.999999
1
1
1
1
1
1
1
1
1
1
1
1
1
0.999998
1
1
1
1
1
1
1
1
1
1
1
1
1
1
1
0.998611
1
1
1
1
1
1
1
1
1
1
1
1
1
1
1
1
1
1
1
1
1
1
1
1.00002
1
1
1
1
1
1
1
1
1
1
1
1
1
1
1
1
1
1
1
1
1
1
1
1
1
1
1
1
1
1
1
1
1
1
1
1
1
1
1
1
1
0.999948
1
1
1
1
1
1
1
1
1
1
1
1
1
1
1
1
1
1
1
1
1
1
1
1
1
1
1
1
1
1
1
1
1
1
1
1
1
1
1
1
0.999996
1
1
1
1
1
1
1
1
1
1
1
1
1
1
1
1
0.99998
1
1
1
1
1
1
0.999998
1.00002
1
0.999818
1
1
1
1
1
1
1
1
1
1
1
1
1
1
1
1
1
1
1
1
1
1
1
1
1
1
1
1
1
1
1
1
1
1
1
1
1
1
1
1
1
1
1
1
1
1
1
1
1
1
1
1
1
1
1
1
1
1
1
1
1
1
1
1
1
1
1
1
1
1
1
1
1
1.00001
1
1
1
1
1
1
1
1
1
1
1
1
1
1
1
1
1
1
1
1
1
0.999998
1
1
1
1.00002
1
1
1
1
1
1
1
1
1
1
1
0.999395
1
1
1
1
1
1
1
1
1
1
1
1
1
1
1
1
1
1
1
1
1
1
1
1
1
1
1
1
1
1
1
1
1.00001
1
1
1
1.00004
1
1
1
1
1
1
1
1
1
1
1
1
1
1
1
1
1
1
1
1
1
1
1
1
1
1
1
1
1
1
1
1
1
1
1
1
1
1
1
1
0.999999
1
1
1
1
1
1
1
1
1
1
1
1
1
1
1
1
1
1.00004
1
1
1
1
1
1
1
1
0.999972
1
1
1
1
1
1
1
1
1
1
0.999588
1
1
1
1
1
1
1
1
1
1
1
1
1
1
1
1
1
1
1
1
1
1
1
1.00001
0.999995
1
1
1
1
1
1
1
1
1
1
1
1
1
1
1
1
1
1
0.999207
1
1
1
1
1
1
1
1
1
1
1
1
1
1
1
1
1
1
0.998673
1
1
1
1
1
1
1
1
1
0.999983
1
1
1
1
1
1
1
1
1
1
1
1
1
1
0.999919
1
1
1
1.00001
1
1
1
1
1
1.00001
1
1
1
1
1
1
1
1
1
1
1
1
1
1
1
1
1
1
1
1
1
1
0.999923
1
1
0.99997
1
1
1
1
1
1
1
1
1
1
1
1
1
1
1
1
1
1
1
1
1
1
1
1
1
1
1
1
1
1
1
1
1
1
1
1
1
0.999008
1
1
1
1
1
0.999997
1
1
0.995801
1
1
1
1
1
1
1
1
1
1
1
1
1
1
1
1
1
1
0.999962
1
1
1
0.999874
1
1
1
1
1
1
1
1
0.999537
1
1
1
1
1
1
0.998885
1
1
1
1
1
1
1
1.00001
1
0.999999
1
1
1
1
1
1
0.999994
1
1
1
1
1
1
1
1
1
1
1
1
1
1
1
1
1
1
1
1
1
1
1
1
1
1
1
1
1
1
1
1
1
1
1
1
1
1
1
1
1
1
1
1
1.00003
1
1
1
1
0.99927
1
1
1
1
1
0.997377
1
1
1
1
1
1
1
1
1
1
1
1
1
1
1
1
1
1
1
1
1
1
1
1
1
1
1
1
1
1
1
1
1
1
1
1
1
1
1
1
1
1
1
1
1
1
1
1
1
1
1
1
1
1
1
1
1
1
1
1
1
0.999826
1
1
1
1
0.999986
1
1
1
1
1
1
1
0.999209
1
1
1
1
1
1
1
1
1
1
1
1
1
1
1
1
1
1
1
1.00014
1
1.00018
0.998219
1
1
1
1
1
1
1
1
1.00001
1
1
1
1
1
1
1
1
0.999919
1
1
1
0.999987
1
0.999976
1
0.973456
1
1
1
1
1
1
1
1
1
1
1
0.99989
1
1
1
1
1
1
1
1
1
1
0.999451
1
1
1
1
1.00002
1
1
1
1
1
1
1
1
1
1
1
1
1
1
1
0.999998
1
1
0.999894
1
1
1
1
1
1
1
1
1
0.999883
1
1
1
1
1.00002
0.99998
1
1
1
1
1
0.999918
0.999948
1
1
1
1
1.00014
1.00006
1
1
0.999854
1
1
0.999952
1
1
1
1.00002
1.0007
0.999901
1.00014
1
1
1
1
1
1
1.00019
1
1
1
0.999985
1
1
1
1
1
1.00042
1
1
1
1
1
1
1
0.999851
0.999754
1
1
1
1
1
1
1
1.00005
1
1
0.999804
1
1
1
1
1
1
1
0.99723
1
1
1
0.999988
1.00002
1
1
0.999999
1
1
1
1
0.999811
1
1
1
1
1
1
1
1
1
1
1
1
0.999789
0.999845
0.996946
1
1
1
1
1
1
1.00137
1
1
1
1
0.999511
1
1
0.999932
1
1
1
1
1
1
1
1
1
1
1
1
1
1
1
1
1
1
1
1
1
1
1
1
1
1
1
1
1
1
1
1
1
1
1
1
1
1
1
1
1
1
1
1
1.00009
1
0.996935
1
1
1
1
1
1
1
1
1
1
1
1
1
1
1
1
1
1
0.999967
1
1
1
0.999717
1
1
1
1
1
1
1
1
1
1
1
1
1
1
1
1
1
1
1
1
1
1
1
1
1
1
1
1
1
1
1
1
1
1
1
1
1
1
1
1
1
1
0.999928
1
1
1
1
1.00059
1
1
1
1
1
1
1
1.00013
1
0.991255
1
1
1
1
1
1
1
0.998274
1
1
1
1
1
1
1
1
1
1
1
1
1
1
1
1
1
1
1
1
0.999977
1
1
1
1
1
1
1
1
1.00046
1
1
1
1
1
1
1
1
1
1
1
1
1
1
1
1
1
1
1
1
1.00002
1
1
1
1
1
1
1
0.996755
1
1
0.996364
0.997814
1
1
1
0.999727
1
1
1
1
1
1
1
1
1
1
1
1
1
0.999833
0.999999
1
1
0.999924
1
1
1
1
1.00001
1
1
1
1
1
1
1
1
1
1.00004
0.994491
1.00001
1
1
0.998029
1
1
1
1
1
1
1
1
1
1
1
1
1
1
1
1
1
1
1
1
1
1
1
1
1
0.998731
0.998984
1
1
1
1.00001
1
1
1.00006
1
1
1
1
0.999945
1
1
1
1
1
1
1
1
1
1
1
1
1
1.00007
1
1
1
0.999907
1
1
1
1
1
1
1
1
1
1
1
1
1
1
1
1
1
1
1.00009
1
1
0.999997
1
1
1
1.00007
1
1
1
1
1
1
0.999993
1
1
1
1
1
1
1
0.999999
1
0.999355
1
1
1
1
1
1
1
1
1.00016
1.00001
1
1
1
1
1
1
1
1
1
0.999718
1
1
1
1
1
1
1
1
1
1
1
1
1.00001
0.999997
1
1
1
1
1
0.999997
1
1
1
1
1.00001
1
1
0.999874
1
1
1
1
1
1
1
1
1
1
1
1
1
1
1
1
1
1
1
1
1.00001
1.00027
1
1
1
1
1
1
1
1.00001
1
1
1
1
1
1
1
1.00001
1
0.999978
1
1
1
1
1
1
1
1
1
1.00001
1
1
1
1
1
1
1
1
1
1
1
1
1
1
1
1
1
1
1
1
1
1
1
1
1
1
1
1
1
1
1
1
1
1
1
1
1
1
1
1
0.999986
1
1
1
1
0.999999
1
1
1
1
1
1
1
1
1
1
1
1
1
1
1
1
1
1
1
0.999942
1
1
1
1
1
1
1
1
1
1
1
1
1
1
1
1
1
1
1.00001
1
0.999949
1
1.00017
1
1
1
1
1
1
1
1
1
1
1
1
1
1
1
1
1
1
1
1
1
1
1
1
1
1
1
0.998889
1
1
1
1
1
1
1
1
1
1
1
1
1
1
1
1
1
1
1
1
1
1
1
1
1
1
1
1
1
1
1
0.997303
1
1
0.998822
1
1
1.00002
1
1
1
1
0.999998
1
1
1
1
1
1
1
1
1
1
1
1
1
1.00001
1
1
1
1
1
1
1
1
1
1
1
1
1
1
1
1
1
1
1
1
1
1
1
1
1
1
1
1
1
1
1
1
1
1
1
1
1
1
1
1
1
1
1
1
1
1
1
1
1
1
1
1
1
1
1
1
1
1
1
1
1
1
1
1
1
1
1
1
1
1
1
1
1
1
1
1
1
1
1
1
1
1
1
1
1
1
1
1
1
1
1
1
1
1
1
1
1
1
1
0.999999
1
1
1
1
1
1
1
1
1
1
1
1
1
1
1
1
1
1
1
1
1
1
1
1
1
1
1
1
1
1
0.999987
1
1.00007
1
0.999904
1
1
1
1
1
1
1
1
1
1
1
1
1
1
1
1
1
1
1
1
1
1
1
1
1
1
1
1
1
1
1
1
1
1
1
1
1
1
1.00088
1
1
1
1
1
1
1
1
1
1
1
1
1
1
1
1
1
1
1
0.999996
1
1
1
1
1
1
1
1
1
1
1
1
1
1
1
1
1
1
1
1
1
1
1
1
1
1
1
1
1
1
1
1
1
1
1
1
1
1
1
1
1
1
1
1
1
1
1
1
1
1
1
1
1
1
1
1
1
1
1
1
1
1
1
1
1
1
1
1
1
1
1
1
1
1
1
1
1
1
1
1
1
1
1
1
1
1
1
1
1
1
1
1
1
1
1
1
1
1
1
1
1
1
1
1
1
1
1
1
1
1
1
1
1
1
1
1
1
1
1
1
1
1
1
1
1
1
1
1
1
1
1
1
1
1
1
1
1
1
1
1
1
1
1
1
1
1
1
1
1
1
1
0.99999
1
1
1
1
1
0.999999
1
1
1
1
1
1
1
1
1
1
1
1
1
1
1
1
1
1
1
1
1
1
1
1
1
1
1
1
1
1
1
1
1
1
1
1
1
1
1
1
1
1
1
1
1
1
1
0.999399
1
1
1
1
1
1
1
1
1
1
1
1
1
1
1
1
1
1
1
1
1
1
1
0.999893
1
1
1
1
1
1
1
1
1
1
1
1
1
1
1
1
1
1
1
1
1
1
1
1
1
1
1
0.999921
1
1
1
1
1
1.00002
1
1
1
1
1
1
1
1
1
1
1
1
1
1
1
1
1
1
1
1
1
1
1
1
1
1
0.999796
1
1
1.00016
1
1
1
0.999515
1
1
1
1
1
1
1
1
1
1
1
1
1
1
1
1
1
1.00047
1
1
1
1
1
1
1
1
1
1
1
1
1
1
1
1
1
1
1
1
1
1
1
1
1
1
1
1
1
1
1
1
1
1
1.00012
1
1
1
1
1
1
1
1
1
1
1
1
1
1
0.999736
1
1
1
1
1
1
1
1
1
1
1
1
1
1
1
1
1
1
1
1
1
1
1
1
1
1
1
1
1
1
1
1
1
1
1
1
1
1
1
1
1
1
1
1
1.00001
1
1
1
1
1
1
1
1
1
1
1
1
1
1.00007
1
1
1
1
1
1
1
1
1.00024
1
1
1
1
1
1
1
1
1
1
1
1
1
1
1
1
1
1
1
1
1
1
1
1
1
1
1
1
1
1
1
1
1
1
1
1
0.999229
1
1
1
1
1
1
1
1
1
1
1
1
1
1
1
1
1
1
1
1
1
1
1
1
1
1
1
1
1
1
1
1
1
1
1
1
1
1
1
0.997634
1
1
1
1
1
1
1
1
1
0.999946
1
1
1
1
1
1
1
1
1
1
1
0.999691
1
1
1
1
1
1
1
1
1
1
1
1
1
1
1
1
1
1
1
1
1
0.999992
1
1
1
1
1
1
1
1
1
1
1
1
1
1
1
1
1
1
1
1
1
1
1
1
1
1
1
1
1
1
1
1
1
1
1
1
1
1
1
1
1
1
1
1.00008
1
1
1
1
1
1
1
1
1
1
1
1
1
1
1
1
1
1
1
1
1
1.00002
1
1
1
1
1
1
1
1
1
1
1
1
1
1
1
1
1
1
1
1
1
1
1
1
1
1
1
1
1
1
1
1
1
1
1
1
1
1
1
1.00018
1
1
1
1
0.999986
1
1
1
1
1
1
1
1
1
1
1
1
1
1
1
1
1
1
1.00033
1
1
1
1
1
1
1
1
1
1
1
1
1
1
0.999849
1
1
1
1
1
1
1
1
1
1
1
0.999923
1
1
1
1
1
1
1
1
1
1
1
1
0.999933
1
1
1
1
1
1
1
1
1
1.00034
1
1
0.999887
1
1
1
1
1
1
1
1
1
1
1
1
0.996166
1
1
1
1
1
1
1
0.999882
1
1
1
1
1
1
1
1
1
1
1
0.999429
1
1
0.999957
1
1
1
1
0.999999
1
1
1
1
1
1
1
1.0002
1
1
1
1
1.00003
1
1
1
1.00003
1
1
0.999933
1
1
1
1
1
1
1
1
1
1
1
1
1
1
0.99989
1
1
1
1
1
1
1
1
1
1
1
1
1
1
1
1
1
1
1
1
1
1
1
1
1
1
1
1
1
0.999861
1
1
1
0.998744
1
1
1
1
1
1
1
1
1
1
1
1
1
0.999999
1
1
1
1
1
1
1
1
1
1
1
1
0.999754
1
1
1
1
1
1
1
1
1
1
1
1
1
1
1
1
1
1
1
1
1
1
1
1
1
1
1
1
1
1
1
1
1
1
1
0.999953
1
0.999759
1
1
1
1
1
1
1
1
1
1
1
1.00012
1
1
1
1
1
1
1
1
1
1
1
1
1
1
1
1
1
1
1
1
0.999996
1
0.999964
0.999505
1
1
1
1
1
1
1
1
1
1
1
1
1
1
1
1
1
1
1
1
1
1
1
1
1
1
0.999992
1
0.999921
1
1
1
1
1
1
1
1
1
1
1.00005
1
1
1
1
1
1
1
1
1
0.994799
1
1
1
1
1
0.999995
1
1
1
1
1
1
0.999974
1
1
1
1.00001
1
0.999978
1
1
1
1
1
1
1
1
1
1
1
1
1
1
1
1
1
1
1
1
1
1
1
1
1
1
1
1.00003
1
1
1
1
1
1
1
0.999998
1
1
1
1
1
1
0.999987
1
1
1
1
1
1
1
1
0.999112
1
1
1
1
1
1
1
1
1
1
1
1
1.00001
1.00003
1
1
1
1
1
0.999966
1
1
1
1
1
1
1
1
1
1
1
1
1
1
1
1
1
1
1
1
1
1
1
1
1
1
0.998267
1
1
1
1
1
1
1
1
1
1
1
1
1
1
1
1
1
1
1
1
1
1
1
1
1
1
1
0.999994
0.999756
1
0.999994
1
1
1
0.999547
1
0.999391
1
1.00002
1
1
1
0.999999
1
1
1
1
1
1
1
1
0.999999
0.997787
1
1
1
1
1
1
1.00001
1
1
1
1
1
1
1
1
0.999925
1
1
1
1
1
1
1
1
1
1
1
1
1
1
1
1.00023
1
1.00004
1
1
1
1
1
1
1
1
1
1
1
1
1
1
1
1
1
1
1
1
1
0.999937
1
1
1
1
0.97715
1
1
1
1
1
1
1
1
1
1
1
1
1
1
1
1
1
0.994994
1
1
1
1
1.00001
1.00002
1
1
0.999999
1
0.999999
1
1
1
1
1
1
1
1
1
1
1
1
1
1
1
1
1
1
1
1
1
1.00004
1
1
1
1
1
1
1
0.999579
1
1
1
1
1
1
1
1
1
1
1
1
1
1
1
1
1
1
1
1
1
1
1
1
1
1
1
1
1
1
1
0.999752
1
1
1
1
1
1
1
1
1
1
1
1
0.999744
1
1
1
1
1
0.994673
1
1
1
0.99881
1
1
1
1
1
0.997111
1
1.00004
1
1
1
1
1
1
1
1
1
1
1
1
1
1
1
1
1
1
1
1
1
1
1
1
0.994519
1
1
1
1
1
1
1
1
1
1
1
1
1
1
1
1
1
1
1
1
0.999702
1
1
1
1
0.999973
1
1
1
1
1
1
1
1
1
1
1
1
1
1
1
1
1
1
1.00055
1
1
1
1
1
1
1
1
1
1
1.00002
1
1
0.996997
1
1
1
1
0.999943
1.00039
1
1
1
1
1
1
1
1
1
1
0.997403
1
1
1
1
1
1.00029
1
0.999924
1
1
0.999787
1
1
1
1
1
0.998675
1
1
1
1
1
1
1.00016
1
1
1
1
1
1
1
1
1
1
0.997815
0.999981
1
1
1
1
1
1
1.00001
1
0.999994
1
1
1
1
1
1
1
1
1
1
1
1
1
1
1
1
1
1
1
1
1
1
1
1
1
1
0.999999
1
1
1
1
1
1
1
1
1
1
1
1
1
1
1
0.999978
1
1
1
1
1
1
0.999967
1
1
1
1
1
0.999998
1
1
1
1
1
1
1
1
1.00009
1
1
1
1
1
1
1
1
1
1
1
1
1
1
1
1
1
1
1
1
1
1
1
1
1
1
1
1
1
1
1
0.999792
1
1
1
1
1
1
1
1
1.00001
1
1
1
1
1
1
1
1
1
1
1
1
1
1
1
1
1
1
1
1
1
1
1
1
1
1
1
1
1
1
1
1
1
1
1
1
1
1
1
1
1
1
1
1
1
1
1
1
1
1
1
1
1
1
1
1
1
1
1
1
1
1
1
1
1
1
0.999935
1
1
1
1
1
1
1
1
1
1
1
1
1
1
1
1
1
1
1
1
1
1
1
1
1
1
0.99998
1
1
1
1
1
1
1
1
1
1
1
1
1
1
1
1
1
1
1
1
1
1
1
1
1
1
0.999862
1
1
1
1
1
1
1
1
1
1
1
1
1
1
1
1
1
1
1
1
1
1
1
1.00003
1
1
1
1
1
1
0.999183
1
1
1
0.999998
1
1
1
1
1
1
1
1
1
1
1
1
1
1.00037
0.999535
0.999991
1.00018
1
1
1
0.999968
1
0.999997
1.00001
1
1
1
1
1
1
1
1
1
1
1
1
0.999999
1
1
1
1
1
1
1
1
1
1
1
1
1.00001
1
1
1
1.00002
1
1
1
1
1
1
1
1
1
1
1
1
1
1
1
1
1
1
1
1
1
1
1
1
1.00001
1
1
1
1
1
1
1
1.00004
1
1
1.00001
1
1
1
1
1
1
1
1
1
1
1
1
1
1
1
1
1
0.997005
1
1
0.999987
1
1
1
1.00002
0.999998
1
1
1
1
1
1
1
1
1
1
1.00001
1
1
1
1
1
1
1
1
1
1
1
1
1
1
1
1
1
1
1
1
1
1
1
1
1
1
1
1
1
1
1
1
1
1
1
1
1
1.00001
0.999989
1
1
1
1
1
1
1
1
1
1
1
1
1
1
1
1
1
1
1
1
1
1
0.999354
1.00007
1
0.998733
1
1
1
1
1
1
1
1
1
1.00002
0.994744
1.00008
1
1
1
1
1
1
1
1
1.00003
1
0.999644
1
0.998717
1
1
1
1
1
1
1
1
1
1
1
1
1
1
1
1
1
1
1
1
1
1
1
1
1
1
1
1
1
1
1.00003
1
1
1
1
1
1
1
1.00002
1
1
1
1
1
1
0.994306
0.999998
1
1
1
1
1
1
1
1
0.995935
1
1
1
1
1
1
1
0.999951
1
1
1
1
1
1
1
1
1
1
1
1
1
1
0.99935
1
0.998665
1
1
1
0.999362
1
0.999886
1
1
1
1
1
1
1
1
0.999711
1
1
0.999894
1
0.99876
1.00036
1
1.00017
1
1
1
1
1
1
1.00001
0.995656
1
1
1
1
1
1
1
1
1
1
1
1
1
1
1
1
1
1
1
1
1
0.999995
1
1
1
1
0.999942
1
1
1
1
1
0.999997
1
0.999982
1
0.999978
1.00001
1
1
1
1
1
1
1
1
1
1
1
1
1
1
0.99842
0.999999
1
1
1
0.999718
1
1
1
1
1
1
1
1
1
1
1
1
1
1
1
1
1
1
1
1.00001
1
1.00017
1
1
1
1
1
1.00003
1
1
1
1
1
1
1
1
1
1
1
1
1
1
1
1
1
1
1
1
1
1
1
1
1
1
1
1
1
1
1
1
1
1
1
1
1
1
1
1
1
1
1
1
0.999999
1
1
1
1
1
1
1
1
1
1
1
1
1
1
1
1
1.00001
1
1.00062
1
1
0.999999
1
1
1
1
1
1
1
0.999999
1
0.999995
1
1.00004
1
1.00001
1
1
1
1
0.999926
1
1
1
1
1
1
1.00016
1
1
1
1
1
1
1
1
1
1
1
1.00003
1
1
0.999969
1
0.999982
1
1
1
1
0.99985
1
1
1
1
1
1
1.00024
0.999743
0.999881
1
1
1
1
1
1
1
1
1
1
0.999921
1
1
1
1
1
1
1
1
1
1
1
1
1
1
1
0.997787
1
1
1
1
1
1
0.999999
1
1
1.00004
1.00001
1
1
1
1
1
1
1
1.00011
1
0.999925
1
1
1
1
1
1
1
1
1
1
1
1
1
1
0.999916
1
1
1
0.999812
1
1
1
1
1
1
1
1
1
1
1
1
1
1
1
1
1
1
1
1.00007
1
1
1
1
1.00001
1
1.00232
0.995246
1
1
1
1
1
1
1
1
1
1
1
0.994583
1
1
1.00002
1
1
1.00002
1
1.00017
1
0.999987
1
1
1
1
1
1
1
1
1
1
1
1
0.999835
1
1
1
1
0.994623
1
1
1
1
1
1
1
1
1
1
1
1
1
1
1
1
0.997927
1
1
1
1
1
1
1
1
1
1
1
1
1
1
1
1
1
1
1
1
1
1
1
1
0.999617
1.00003
1
1
1
1
1.00002
0.999945
1
1
1
1
1
1
1
1
0.989558
1
1
1
1
1
1
0.999992
1
1
1
1
1
1
1
1
1
1
1
1
1
1
1
1
1
1
1
1
1
0.997983
1
1
1
1
1
1
1
1
1
1
1
1
1
1
1
1
0.999997
0.99998
1
1
1
1.00001
1
1
1
1
1
0.998268
1
1
1
1
1
1
1
1
1
1
1
1
0.997715
1
1
1.00008
1
1.00031
1
1
1
1
1
1
1
1
1
1
1
1
1
1
1
1
1
1.00007
1
1
1
1
1
1
1
1.00006
1
1
1
1
1
1
0.999856
0.999667
0.999957
1
1
1
1
1
1.00005
1
1
1
1
1
1
1
0.995693
1
1
1
1
0.999712
0.991183
1
0.999118
1.00002
1
1
1
1
1
1
1
1
1.00242
1
1
1
0.999932
1
1
0.999997
1
1
1
1
1
1
1
1.00002
0.999907
1
1
1
1
1
1
1
1
1
1
0.999997
1
1
1
0.999822
1.00001
1.00002
1
1
1
1
1
1
1
1
1
1
1
1
1
1
1
1
1
1
1
1
1
1
1
1
1
1
0.993911
1
1
1
0.9911
1
1
1
1
1
1
1.00008
1
1
1
1
1
1
1
1.00003
1
1
0.999683
1
1
1.00001
1
1
1
0.999839
1
1
1
1
1
1
1
1.0005
1
1
1
1
1
1
1
1
1
1
1
1
0.999999
1.00002
1
1
1
1.0001
1
1
1
1
1
1
1
1
1
1
1
1
1
1
1
1
1
1
1
1
1
1
0.999992
1
1
1
0.999999
1
1
1
1
1
1
1
1
0.999145
1
1
1
1
1
1
1.00004
1
1
1
1
1
1
1
1
1
0.999998
1.00001
1.00001
1
1
1
1
1
1
1
1.00001
1
1
1
1.00021
1
0.999964
1.00001
1
1
0.999899
1.00012
1
1
1
0.999998
1
1
1
1
1
0.999452
1
1
1
1
1
1
1
1
1
1
1
0.987166
1
1
1
1
1
1
1
1
1
1
1
1
1
1
1
1
1.00033
1
1
1.00001
1
1
1
1
1
1
1
1
1
1
1
1
1
1
1
1
1
0.999995
0.999948
1
1
1
1
1.00001
1
1
1.00001
1
1
1
1
1
1
1
1
1
1
1.00034
1
1
1
1.00003
1
1
1
1
1
1
1
1
0.999998
0.999997
1
1
1
1
1
1
1.00001
1
1
1
1
1
1
1.00001
1
1
1
1
1
1
1
1
1
1
1
1
0.999901
1
1
1
1
1.00001
1
1
1
1
1
1
1
1
1
1
1
1
1
1
1
1
1
1
1
0.999504
1
1
1
1
1
1
1
1
1
1
1
1
1
1
1
1
1
1
1
0.99736
1
1
1
1
1
1
1
1
1
1
1
1
1
1
1
1
1
1
1
1
1
1
1
1
1
1
1
0.998634
1
1
1
1
1
1
1
1
1
1
1
0.999999
1
1
1
1
1
1
1
1
1
1
0.999996
1
1.00001
1
1
1
1
1
1
1
1
1
1
1
1
1
1
0.999984
1
1
1
1
1.00003
1
1
1
1
1
1
1
1
1
1
1
1
1
0.998407
1
1
1
1
1
1
1
1
1
1
1
1
1
1
1
1
1
1
1
1
1
1.00001
1
1
1
0.993419
1
1
1
1
1
1
1
1
1
1
1
1
1
1
1
1
1
1
1
1
1
1
1
1
1
1
1
1
0.990173
1
1
1
1
1
1
1
1
1.00011
1
1
1
1
1
1
1
1
1.00003
1
1
1.00003
1
1
1
1
1
1
1
1
1
1
1
1
1
1
1
1
1.00009
1
1
1
1
1
1
1
1
1
1
1
1
1
1
0.996217
1
1
1
1
1
1
1
1
1
0.999998
1
1
1
1
1
1
0.998795
1
0.999953
1.00001
1
1
1
1.00001
1
1
1
1
0.998242
1.00003
1
1
0.999999
1
1
0.999992
1
1
1.00007
1
1
1
1
1
1
1
1
1
0.99999
1
1
1
1
1
1
1
1
1
1
1
1
1
1
1
1
1
1
1.00001
1
1
1
1.0001
1
1
1
1
1
1
0.999984
1
1
0.999024
1
1
1
1
1
1
1.0021
1.00001
1
1
1
1
1
1
1
1
1
1
1
1
1
1
1
1
1.00001
1
1.00003
1
1
1
1
1
1
1
1
1
1
1
1
1
1
1
1
1
1.00005
1
1
1
1
1
1
1
0.999891
1
1
1
1
1
1
1.00014
1
0.998241
1
1
1
1
1
1
1
1
1
1
1
1
0.999977
1
1
1
1
0.999834
1
1
0.998222
0.998589
1
1
1
1
1
1
1
1
1
1
1
1
1
1
1
1
1
1
1
0.999989
1.00004
1.00039
1.00001
1
1
1
1
1
0.997806
1
1
1
1
1
1
1
1
1
0.999907
1
1.00002
1.00006
1
1
1
1
1
1
1
1
1.00015
1
1
1
0.998892
1
1
1
0.999999
1
1
1
1
1
1
1
1
1
1
0.999999
1
1
0.999968
1
1
1
1
1
1
0.999971
1
1
1
1
1
1
1
1
1
1
1
1
1
1
1
1
1
1
1
1
1
1
1
1
1
1
1
1
1
1
1
1
1
1
1.0003
1
1
1
1
1
1
1
1
0.997259
1
0.999857
1
1
1
1
1
1
1
1
1.00003
1
0.99314
0.999989
1
1.00038
1
1
1.00003
1
1
1
1
1
1
0.999933
1
1
1
1
1
1
1.00001
1
1
0.999781
1
0.999919
1
1
0.999996
0.999998
1
0.999914
1
1
0.999999
1
1
0.998485
1
1
1
1
1
1
1
1
1
1
0.999992
1
1
1
1
1
1
0.999932
1
1.00002
1
1
0.999984
1
1
1
1
1
1
1
1
1
1
1
1
1
1.00236
1
1
1
1
1
0.998696
1
1
1
1
1
1
1
1
1
1
1
1
1
0.999999
1
1
1
1
1
1
1.00001
1
1
1
1
1
1
1
1
1
1
1
1
1
1
1
1
1
1
1
1.00001
1
0.999541
1
1
1
1
1
1
1
1
1
1
1
1
1
1
1
1
1
1
1
1
0.999876
1
1
1
1
1
1
1
1
1.00003
1
1
1
1
1
1
1
1
1
1
1
1
1
1
1
1
1
1
1
1
0.999999
1
1
0.996556
1
1
1
1
1
1
1
1
1
1
1
1
1
0.999994
1
1
1
1
1
1
1.00056
1
1
1
1
1
1
1
1
1
1
1
1
1
1.00003
1.00004
1
1
1
1
1
1
1
1
1
1
1
1
1
1
1
1
1
1
1
1
1
0.997725
1
1
1
1
1
1
1
1
1
1
1
1
1
1
1
1
1
0.997388
1
1
1.00001
0.999922
1
1
1
1
1
0.999998
1
1
1
1
1
1
1
1
1
1
1
1
1
1
1
1
1
1
1
1
1
1
1
1
1
1
1
1.00006
1
1
1
1
1
1
1.00141
1
0.999999
1
1
1
1
1
1
1.00016
1
1
1.00004
1
1
1
1
1
1
1
1
0.999999
1
1
1
1
1
1
1
1
1
1
1
1
1
1
1
1
1
1
1
1
1
1
0.999985
1
0.999997
1
1
1
1
1
0.999976
1
1
1.00012
1
1
1
1
1
1
1
1
1
1
1
1
1
1
1
1
1
1
1.0002
0.999962
1
1
1
1
1
1
1.00187
1
1
0.999999
1.00005
1
1
1
1
1
1
1
1
1
1
0.999907
1
1
1
1
1
1
0.999987
1
1
1
1
1
1
1
1
1
1
1
1
1
1
0.999926
1
1
0.999575
1
1
1
1
1
1
1
1
1
1
1
1
1
1
1
1
1
1
1
1
1
1
1
1
1
1.00006
0.999999
1
1
1
1
1
1
1
1
1
1
1
1
1
1
1
0.992897
1
1
1
1
1
1
1
1
1
1
1
1
1
1
1.00001
1.00001
1
1
1
1
1
1
1
1
1
1
1
1
1
1
1
1
1
1
0.999998
1
1
1
1
1
1
1
1
0.999691
0.999929
1
1
1.00053
1
1
0.999959
1.00005
1
1
1
1
1
1
1.00066
1
1
1
1
1
1
1
1
1
1
0.999982
1
1
1
0.999956
1
1
1
1
1
1
1
1.00018
1
1
1
1
0.996701
1
1
1
0.999873
1
1
1
1
1.00139
1
1
1
1
1
1
0.999983
1
1
1
1
1
1
1.00124
1
1.00004
1
1
1
1
1
1
1
1
1
1
1
1
1
1
1
1
1
1
1
1
1
1
1
1
1
1
1
1
1
1
1
0.999468
1
1
1
1
1
1
1
1
1
1
1
1
1
1
1
1
1
1
1
0.998919
1
1
1
1
1
1
1.00001
1
1
1
1
1
1
1
1
1
1
1
1
1
1
1
1
0.99974
1
0.996894
1
1
1
0.999999
1.00005
1
1.00012
1
1
1
1
1
1
1
1
1
1
1
1
0.999996
1
1
1
1
1
1
1
1
1
0.99924
1
1
1
1.00001
1
0.999972
1
1
1
1
1
1
1
1
0.999999
0.998377
1.00001
1
1
1
1
1
1
1
1
1
1
1
1
1
1
1
1
1
0.998729
1
1
1
1
1
1
1
1
0.999875
1
1
1
1
1
1
1
1
1
1
1
1
1
1.00002
1
1
1
1
1
1
1
1.00047
1
0.997759
1
1
1.00013
1
1
1
1
1
1
1
1
1
1
1
1
1
1
0.99999
1
1
1
1
1
1
1
0.999993
1
1
1
1
1
1
0.999881
1
1
1
1
1
1
1
1
1
1
1
1
1
0.999993
1
1
1
1
1
1
1
1
1
1
1
1
1
1
1
1
1
1
1
1
1
1
1
1
1
1
1
1
1
1
1
1
1
1
1
1
1
0.999988
1
1
1
1
0.999994
1
1
1
1
1
1
1
1
1
1
0.993893
1
1
1
1
1
0.999291
1
1
1
1
1
1
1
1
1
1
1
1
1
1
0.999996
1
1
0.999798
1
1
1
1
1
1
1
1
1
1
1
1
1
1
1
1
1
1
1
1
1
1
1
1
1
1
0.999908
1
1
1
0.999994
1
1
1
1
1
1
0.999998
1
1.00112
1
0.999988
1
1
1
1.00001
1
0.999999
1
1
0.999999
1
1
1
1
1
1
1
1
1
1
1
1
1
1
1
1
1
1
1
1.00001
1
1
1
0.999765
1
1
1
1
1
1
1
0.999999
1
1
1.00004
1
1
0.999514
1
1
1
1
1
1
1
1.0001
1
1
1
1
1
1
1
1
1
1
0.993064
1
1
1
1
1
1
1
1
1
1
1
1
1
1
1
1
1
1
0.99974
1
1
1
1
1
1
1
0.993322
1
1
1
1
1
1.00187
0.999994
1
1
1
1
1
1
1
1
1
1
1
1
1
1
1.00001
1
1
1
1
1
0.995347
1
1
1
1
1
1
1
1
1
1
1
1
1
1
1
1
1
1
1
1.00002
0.998637
1
1
1
1
1
1
1
1
1
1
1
0.994633
1.00004
1
1
1
1
1
1
1
1
1
1
1
1
1
1
1.00007
1
1
1
1
1
1
1
1
1
1
1
1
1
1
1
1
1
1
1
1
1
1
0.999972
1
1
0.999993
1
1
1
1
1
1
0.999996
1.00008
1
1
1
0.999944
1
1
1
1
1
1
1
1
1
1
1
1
1
1
1
1
1
1
1
1
1
1
1
1
1
0.999987
1
1
1
1
1
1
1
1
1
1
1
1.00035
1
1
1
1
1
1
1
1
1
1
1
1
1
1
1
1
1.00001
1
1
1
1
1
1
1
1.00066
0.995811
1
1
1
1
1
1
1
0.999819
1
1
1
1
1
1
0.999999
1
1
1
1
1
1
1
1
1
1
1
1
1
1
1
1
1
1
1
1
1
1
0.996147
1
1
1
1
1
1
1
1
1
1
1
1
1
1
1
1
1
1
1.00004
1
1.00002
0.999999
1
1.00008
1
1
1
1
1
1
1
1
1
1
0.991099
1.00001
1
1
1
1
1
1
1
1
1
1
1
1
1
1
1
1
1
1
1
1
1
1
1
1
1
1
1
1
1
0.999997
1
1.00003
1
1
1
1
1
1
1
1
1
1
1
1
1
1.00033
1
1
0.999995
1
1
1
1
1
1
1
1
1
1
1
1
1
1
1
0.999432
1
1
1
1
1
1
1
1
1
1
1
1
1
1
1
1
1
1
1
1
1
1.00031
0.999261
1
1
1
1
1
1.00004
1
1
1
0.999996
1
1
1
1
1
1
1
1
1
1
1
1
0.999996
1
1
1
1
1
0.999999
1
1
1
1
1
1
1
1
1
1
1
1
1.00001
1
1
1
1
1
0.995003
1
1
1
1.00013
1
1.00005
1
1
1.00001
1
1
1
1
1
1
1
1
0.993845
1
1
1
1
1
1
1
1
1
1
1
1
1
1
1
1
1
1
1
1
1
1
0.999256
1
0.99867
1
1
1
1
1.00006
1
1
1
1.00001
1
1
1.00001
1
1
0.994751
0.999998
1
1
1
1.00003
1
1
1
1
1.00003
1
1
1
1.00002
1
1
1
1
1
0.999997
1
1
1
1
1
1
1
1
1
1
1
1
1
1
1
0.999751
1
1
1
1
1
1
1
1
1
1
1
1
1
1
1
1
1
1
1
1
1
1
1
1
1
1.0001
1
1
1
1
1
1
1
1
1
1
1
1
1
1
1
1
1
1
1
0.995706
1
1
0.999491
1
1
1
1
1.00002
1
1
1
1
1
1
1
1
1
1
1
1
1
1
1
1
0.99985
1
1
1
1
1
1
1
1
1
1
1
1
1
1
1
1
1
1
1
1
1
1.00001
1
1
1
1
1
1
1
1
1
1
1
1
1
1
1
1
0.999996
1
0.999932
1
1
1
1
1
1
0.999972
1
1
1
1.00021
1
1
1
1
1
1
1
1
1
1
1
1
1
1
1
1
1
1
1
1
1
1
1
1
1
1
1
1
1
1
1
1
1
1
1
1
1
1
1
1
1
1
0.996933
1
0.999998
1
1
1
0.995292
1
1
1
1
1
0.999993
1
1
1
1
1
1
1
1
0.999996
1
1
1
1
1
1
1
1
1
1
1
1
1
1
1.00002
1
1
1
1
1
1
1
1
1
1
1
1
1
1
1
1
1
1.00002
1
1
1
1
1
1
1
1
1
1
1
1
1
1
1
1
1
1
1
1
1
1
1
1
1
1
1.00011
1
1
1
1
1
1
1
1
1
1
1
1
1
1
0.999909
1
1.00018
1
1
1
1
1
0.987624
1
1
1
1.00002
1
1
1
1
1.0003
1
1
1
1
1
1
1
1
1
1.00002
1
1
1
1
0.999999
1
1
1
1
1
1
1
1
0.996529
1
1.00001
1
1
1
1
1
1
1
1
1
0.999992
1
1
1
1
1
1
0.999451
1
1
1
1
1
1
1
1
1
0.999678
1
1.00057
1
1
1
0.998978
1
1
1
1
1
1
0.999965
1
1
1
1
1
1
1
1
1
0.999997
1
1
1
1
1
1
1
1
1
1
1
1
1
0.999979
1
1
1
0.999975
0.999996
1
1
1
1
1
1
1
1
1
1.00001
1
1
1.00001
1
1
1
1.00019
1
1
1
1
1
0.995902
1
1
1
1
1
0.996617
1
1
1
1
1
1
1
1
1
1
1
1
1.00034
0.998478
1
1
1
1
1
1
1
1
1
1
1.00004
0.999995
1
1
1
1
1.00004
1
1
1
1
1
1
1
1
1
0.999363
1
0.999266
1
1
1
1.00044
1
1
0.999998
1
1
1
1
0.999999
1
1
1
1
1
1
1
1
1
0.999676
1
1
1.00005
1
1
1
1
1
1
0.999994
1
1.00006
1
1
0.999503
1
1
1
1
1
1
1
1
1
1.00001
1
1
1
1
1
1
1
1
1
1
1
1
1
1
1
1
1
1
1
1
1
1
1
1
1
1
1
1
0.999996
1
1
1
1
1.00001
1
1
1
1
1
1
1
1
1
0.999834
1
1
1
1
1
1
1
1
1
0.989004
1
1
1
1
1
1
1.00003
1
0.999992
1
1
1
0.999945
1
1
1
0.999999
1
1
1
1
0.999567
0.998951
1
1.00001
1.00001
1
1
1
1
1
1
1
1
1
1
1
1
0.977843
1
1
1
1
1
1
0.999995
1
1
1
1
1
0.999981
1
1
1
1
1
1
1
1
1
1
1
1
1
1
1.00015
1
1
1
1
0.996907
1
1
1
1
0.999996
0.999998
1.00007
1
1
1
1
1
1
1
1
1
1
1
1.00001
1
1
1
1
1
1
1
1
1
1
1
1
1
1
1
0.999998
1
0.999999
1
1
1
1.00001
1
1
1
1
1
1
1
1
1
1
1
1
1
1
1.00001
1
1
1
1
1
0.98752
0.999994
1
1
1
1
1
1
0.999986
1
1
1
1
1
1
1
1
0.999717
1
1
1
1
1
1
1
1
1
1
1
1
1
1
1
1
1
1
1
1
1
1
1
1
1
1
1
1
1
0.999999
1
1
1
1
1
1
1
0.999997
1
1
1
1
1
1
1
1
1
1
1
1.00001
1
1
0.997842
1
1
1
1
1
1
1
1
0.997514
1
1
1
1
1
1
1
1
1
1
1
1
1
1
1
1
1.00002
1
0.997626
1
1
1
1
0.999994
1
1
1
1
1
1
0.999988
1
1
1
1
1
0.999863
1
1
1
1
1
1
1
1
1
1
1
1
1
1
1
1
1
1
1
1
1
1
1
1
1
1
1.00004
0.999993
1
1
0.999994
1
1
1
1
1
1
1
1
1
1
1
0.999976
1
1
1
1
0.994648
1.00008
1
1
1
0.999999
1
1
1.00014
1
1
1
1
1
1
1.00003
1
1
0.999918
1
1
1
1
1
1
1
1.00018
1
1
1
1
1
1
1
1
1
1
1
1
1
1
1
1
1
1
1
1
1
1
1
1
1.00002
1
1.00003
1
1
1
1
1
1
1
0.999159
1
1.00001
1
1
1
1
1
1
1
1
1.00002
1
1
1
1
1
1
1
1
1
1
1
1
1
0.999993
1
1
0.999988
1
1
1
1
1
1
1
1
1
1
1
1
1.00003
1
1
1
1
1
1
1
1
1
1
1
1
1
1
0.99967
0.99973
1
1
1
1
1
1
1
1.00033
1
1
1
1
1
1
1
1
1
1
1
1
1
1
1
1
1.00002
0.999819
1
1
1
1
1
1
0.999999
1
0.997622
1
0.999841
1
1
1
1
1
1
1
1
1
1
1
1
1
1
1
1
0.999987
1
1.00001
1
1.00007
1
0.999851
1
1
1
1
1.00016
1
1.00024
1
1
1
1
1
1.00005
0.999569
1
1
1
1
1
1.00093
1
1
1
1
1
1
1
1
1
1
1
1
1
0.999541
1
1
1
1
1
1
1
1
1
1
1
1
1
1
1
1
1
1
1
1
1
1
1
1
1
1
1
1
1
1
1
1
1
1
1
1
0.999994
1.00013
1
1
1
1
1
1
1
0.999493
1
1
1
1
1
1
1
1
1
1
1
1
1.00001
1
1.00006
1
1
1.00002
1
1
0.99607
1
1
1
1
1
1
1
1
1
1
1
1
1
1
1
1
1
1
1
1
0.999978
1
1
1
1
1
1
1
1
1
1
1
1
1
1
1
1
1
1
1
1
1
1
0.999996
1
1
1
1
1
1
1
1
0.999772
1
1
1
1
0.995265
1
1
1
1
1
1
1
1
1
1
1
1
1
1
1
1
1
1
1
1
1
1
1
1
1
1
1
0.999988
1
0.999855
1
1
1
0.999999
1
1
1
1
1.00001
1
1
1
1
1
1
1
1
1.00008
1
1
1
1
1.00002
1
1
1
1
1
1
1
1
1
1
1
1
1
1
1
1
1
1
1
1
1
0.997737
1
1.00021
1
1
1
1
1.00004
1
1
1
1
0.998912
1
1
1
1
1
1
1
1
1
1
1
1
1
0.999954
1
1
1
1
1
1
1
1
1
1
1
1
1
1
1
1
1
1
1
1
1
1
1
0.999967
0.998693
1
1
1
1
1
1
1
1
1
1
1
1
1
1
1
1
1
1
1
1
1
1
1
1
1
1
1
1
1
1
1
1
1
0.999857
1
1
1
1
1
1
1
1
1
1
1
1
1
1
1
1
1
1.00001
1
1
0.999999
1
1
1
1
1
1
1
0.997756
1
0.999571
1
1
1
1
1
1
1
1
1
1
1
1
1
1
1
1
1
1
1
1.00004
1
1
1
1
1
1
1
1
1
1
1
1
1
1
1
1
1
1
1
0.999994
1
1
1
1
1
1
1
1
1
1
1
1
1
1
1
1
0.996711
0.99092
1
0.997667
0.999695
1
0.999999
1
1
1
1
1
1
1
1
1
1
1
1
0.999992
1
1
1
1.00047
1
1
1
1
1
1
1
1
1
1
1
1
1
1
1
1
1
0.999999
1
1
1.00014
1
1
1
1
1
1
1
1
0.999999
1
1
1
1
1
1
1
1
1
1
1
1
1
1
1
1
1
1
1
0.999971
1
1
1
1
1
1
1
1
1.0006
1
1
0.999999
1
0.999997
1
1
1
1.00002
0.999917
0.995644
1
1
1
1
1
1
1
1
1
1
1
1
1
1
1
1
1
1
1
1
1
1
1
1
1
1
1
1
1
1
1
1
1
1
1
1
1
1
0.987016
1
1
1
1
1
1
1
1
1
1
1
1
1
1
1
1
1
1
1
1
1
1
1
1
0.999999
1
1
1
1
1
1.00002
1
1
1
1
1
1
1
1
1
1
1
1
1
1
1
1.00003
1
1
1
1
1
1
1
1
1
1
1
1
1
1
0.997263
1
1
1
1
1
1
1
1
1
0.996127
1.00001
1
1
1
1
1
0.999998
1
1
1
1
1.00001
1
1
1
1
1
1
1
1
1
1
0.999997
1
1
1
1
1
1
1
1
1
1
1
1
1
0.999994
1
1
1
1
0.997526
1
1
1
1
1
1
1
1
1
1
1
1
1
1.00003
1
1
1
1
1
1
1
1
1
1
1
1
1
1
1
1
1
1
1
1
1
1
1
1
1
1
1
1
1
1
1
0.999995
1
1
1
1
1
1
1
1
1
1
1
1
1
1
1
1
1
1
1
1
1
1
1
1
1
1
1
1
1
1
1
1
1
0.997028
1
1
1
1
0.997147
1
1
1
1
1
1
1
1
1
1
1
1
1
1
1
1
0.999928
1
1
1
1
1
1
1
1
1
1.00033
1
1
1
1
1
1
1
1
1
1
1
1
1
1
1
1
1
1
1
1
1
1.00003
1
1
1
1
1
1
1
1
1
1
1
1
1
1
1
1
1
1
1
0.999992
1
1
1
1
1
1
1
1
1
1
1
0.999951
1
1
1
1
1
1
1
1
1
1
1
1
1
1
1
1
1
1.00003
1
1
1
1
1
1
1.00001
1
1
1.00003
1
1
1
1
1
1
1
1
1
1
1
1
1
1.00024
1
1
1
1
1
1
1
1
1
1
1
1.00012
1
1
1
1
1.0006
1
1
1
1
1
1
1
1
1
1
0.999998
1
1
1
1
1
1
1
1
1
1
1
1
1
1
1
1
1
1
1
1
1
1
1
1
1
0.999806
0.9992
1
0.998883
1
1
1
1
1
1
0.999999
1
1
1
1
1
1
1
1.00001
1
1
1
1
1
1
1
1
1
1
1
1
1
1
1
1
1
1
0.996315
1
1
1
1
1
1
1
1
1.00002
1
1
1
)
;

boundaryField
{
    frontback
    {
        type            empty;
    }
    topbottom
    {
        type            zeroGradient;
    }
    outlet
    {
        type            zeroGradient;
    }
    inlet
    {
        type            fixedValue;
        value           uniform 1;
    }
    walls
    {
        type            zeroGradient;
    }
    procBoundary2to0
    {
        type            processor;
        value           nonuniform List<scalar> 
83
(
1
1
1
1
1
1
1
1
1
1
1
1
1
1
1
1
1
1
1
1
1
1
1
1
1
1
1
1
1
1
1
1
1
1
1
1
1
1
1
1
1
1
1
1
1
1
1
1
1
1
1
1
1
1
1
1
1
1
1
1
1
1
0.999996
1
1
1
1
1
1
1
1
1
1
1
1
1
1
1
1
1
1
1
1
)
;
    }
    procBoundary2to3
    {
        type            processor;
        value           nonuniform List<scalar> 
99
(
1
1
1
1
1
1
1
1
1
1.00003
1
1
1
1
1
1
1
1
1
1
1
0.999999
1
1
1
1
1
1
1.00003
0.999392
1
1
1
0.998521
1
1
1.00009
1
1
1.00012
1
1
1
1
1
1
1
1
1
1
1
1
1
1
1
1
1
1
1
1
1
1
1
0.999958
1
1
1
1
1
1
1
1
1
1
1
1
1
1
1
1
1
1
1
1
1
1
1
1
1
1
1
1
0.999995
1
1
1
1
1
1
)
;
    }
}


// ************************************************************************* //
