/*--------------------------------*- C++ -*----------------------------------*\
| =========                 |                                                 |
| \\      /  F ield         | OpenFOAM: The Open Source CFD Toolbox           |
|  \\    /   O peration     | Version:  v2012                                 |
|   \\  /    A nd           | Website:  www.openfoam.com                      |
|    \\/     M anipulation  |                                                 |
\*---------------------------------------------------------------------------*/
FoamFile
{
    version     2.0;
    format      ascii;
    class       volScalarField;
    location    "200";
    object      gammaInt_0;
}
// * * * * * * * * * * * * * * * * * * * * * * * * * * * * * * * * * * * * * //

dimensions      [0 0 0 0 0 0 0];


internalField   nonuniform List<scalar> 
13917
(
1
1
1
1
1
1
1
1
1
1
1
1
1
1
1
1
1
1
1
1
1
1
1
1
1
1
1
1
1
1
1
1
1
1
1
0.997606
1
1
1
1
1
1
1
1
1
1
1
1
1
1
1
1
1
1
1
1
1
1
1
1
1
1
1
1
1
0.999928
1
1
1
1
1
1
1
1
1
1
1
1
1
1
1
1
1
1
1
1
1
0.998545
1
1
1
1
1
1
0.999978
1
1
1
0.999999
1
1
1
1
1
1
1
1
1
1
1
1
1
1
1
1
1
1
1
1
1
1
1
1
1
1
1
1
1
1
1
1
1
1
1
0.997862
1
1
1
1
1
0.99896
1
1
1
1
1
1
1
1
1
1
1
1
1
1
1
1
0.999882
1
0.997852
1
1
1
1
1
1
1
1
1
1
1
1
1
1
1
1
1
1
1
1
1
1
1
1
1
1
1.0001
1
1
1
0.998399
1
0.999919
1
1
1
1
1
1
0.999997
1
1
1
1
1
0.998985
1
1
1
1
1
1
1
1
1
1
1
1
1
1
1
1
1
1
1
1
1.00003
1
1
0.997589
1
1
1
1
1
1
1
1
1
1
1
1
1
1.00094
1
1
1
1
1
1
1
1
1
1
1
1
1
1
1
1
1
1
1
0.996972
1
1
1
1.00003
1
1
1
1
1
1
1
1
0.997134
1
1
1
1
1
1
1
1
1
1
0.998795
1
1
0.999397
1
1
1
1.00001
1
1
1
1
1
1
1
1
1
1
1
1
1
1
1
1
1
1
1
1
1
1
1
1
1
1.00001
1
1
1
0.993136
1
1
1
1
1
1
1
1
1
1
1
1
1
1
1
1
1
1
1
1
1
1
1
1
1.00026
1
1
1
0.996545
1
1
1
1
0.999979
1
1
1
1
1
1
1
1
1
1
1
0.998687
1
1
1
1
1
1
1
1
1
1
1
1
1
1
1
1
1
1
1
0.996441
1
0.999993
1
1
1
1
1
1
1
0.999999
1
1
1
1
1
1
1
1
1
1
1
1
1.00043
1
1
1
1
0.999882
1
1
1
1
0.999998
1
1
1
1
1
1
1
1
1
1
1
1
0.998351
1
1
1
1
1
1
1
1
1
1
1
1
1
1
0.999817
1
1
1
1
1
1
1
1
1.00001
1
1
1
1
1
1
1
1
1
1
1
1
1
1
1
0.997174
1
1
0.999999
1
1.00001
1
1
1
1
0.998694
1
1
1
1
1
1
1
1
1
1
1
1
1
1.00001
1
1
0.999308
1
1
1
1.00001
1
1
1
1
1
1
1
1
1
1
1
1
1.00005
1
1
1
1
1
0.999829
1
1.00009
1
1
1
1
1
1
1
1
1
1
1
1
0.998827
1
1
1
1
1
1
1
1.00007
1
1
0.999229
1
1
1
1
1
1
0.998793
1
1
1.00001
1
1
1
1
1
1
1
1.00002
1
1
1
1.00001
1
1
1
1
1
1
1
1
1
1
1
1
1
1
1
1
0.998269
1
1
1
1
1
0.999893
1
1
1
1
1
1
1
1
1
0.999999
1
1
1
1
1
1
1
1
1
1
1
1
1
1
1
1
1
1
1
1
1
0.998571
1
0.999999
1
1
1
1
1
1
1
1
1
1
1
1
1
1
1
1
0.993005
1
1
1
1
1
1
1
0.999973
1
1
1
1
1
1
1
1
1
1
0.999622
1.00003
1
1
1
0.999998
1
1
1
1
1
1
1
1
1
1
1
1
1
1
1
1
1
1
1
1
1
1
1
1
1
1
1
1
1
1
1
1
1
1
1
1.00028
1
0.999207
0.999858
1
1
1
1
1.00001
1
1
1
1
1
1
1
1
1
1
1
1
1
1
1
1
1
1
1
1
1
1
1
1
1
1
1
1
1
1
1
1
1
1
1
1
1
1
1
1
1
1
0.999956
1
1
1
1
0.999995
1
1
1
1
1
1
1
1
1
1
1
1
1
1
1
1
1
1
1
1
1
1
0.998252
1
1
1
1
1
1
1
1.00063
1
1
1
1
1
1
1
1
1
1
1
1
1
1
1
1
1
1
0.999755
1
0.999865
1
1
1
1
1.0001
1
0.999999
1
1
1
1
1
1
1
1
1
1
1
1
1
1
1
1
1
1
1
1
1
1
1
1
1
1
1
1
1
1
1
1
0.999996
1
1
1
1
1
1
1
1
1
0.999994
1
1
1
1
1
1
1
1
1
1
0.999998
1
1
1
0.996999
1
1
1
1
1
1
1
1
0.999999
1
1
1
1
1
1
1
1
1
1
1
1
1
1
1
1
1
1
1
1
1
1
1
1
1
1
1
1
1
1
1
1
1
1
1
1
1
1
1
1
1
1
1
1
1
1
1
1
1
1
1
1
1
1
1
1.0011
0.998687
1
0.998434
1
1
1
1
1
1
1
1
1
1
0.992796
1
1
1
1
1
1
1
1
1
1
1
1
1
1
1
1
1
1
1
1
1
1
1
1
1
0.996642
0.999975
1
1
0.999986
1
1
1
1
1
1
1
1
1
1
1
1
1
1
0.999999
1
1
1
1
1
1
1
1
1
1
1
0.998534
1
1
1
1
1
1
1
1
1
1
1
1
1
1
1
1
1
1
1
1
1
1
1
1
1
1
1
1
1
1
1
1
1
1
1
1
1.00001
1
1
1
1
1
1
1
1
0.999994
1
1
1
1
1
1.00032
1
0.999574
1
1
1
1
1
1
1
1
1
1
1
1
1
1
1
0.999981
1
1
1
1
1
1
1
1
1
1
1
1
1
1
1
1
1
1
0.999609
1
1
1
1
1
1
1
1
1
1
1
1
1
1
1
1
1
0.999877
1
1
1
1
1
1
1
1
1
1
1
1
0.999995
1
1
1
1
1
1
0.99991
1
1
1
1
1
1
1
1
1
1
1
1
1
1
1
1
1
1
0.999587
1
1.00023
1
1
1
0.999682
1
1
1
1
1
1
1
1
1
1
1
1
1
1
1
1
0.999517
1
1.00002
1
1
1
1
1
1
1
1
1
1
1
1
1
1
1
1
1
1
1
1
1
1
1
1
1
1
1
1
1.0007
1
1
1
1
1
1
1
1
1
1
0.999983
1
1
1
1
1
1
0.999986
1
1
1
1
1
1
1
1
1
1
1
1
1
1
1
1
1
1
1
1.00001
1
1
1
1
1
1
1
1
1
1
1
1
1
1
1
1
1
1
1
1
1
1
1
1
1
1
1
1
1
1
1
1
1
1
1
1
1
1
1
1
1
1
1
1
1
1
1
1
1
0.999636
1.0001
1
1
1
1
1
1
1
1
1
1
1
1
1
1
1
1
1
1
1
1
1
1
1
1
1
1
1
1
1
1
1
1
1
1
1
1
1
1
1
1
1
1.00055
1
1
1
1
1
1
1
1
1
1
1
1
1
1
1
1
1
1
1
1.00042
1
1
1
1
1
1
1
1
1
1
1
1
1
1
1
1
1
1
1
1
1
1
1
1
1
1
1
1
1
1
1
1
1
1
1
1
1
1
1
1
1
1
1
1
1
1
1
1
0.999017
1
1
1
1
1
0.999999
1
1
1
1
0.994125
1
1
1.00008
1
1
1
1
1
1
0.999451
1
1.00006
1
1
1
1
1
1
1
1
1
0.999948
1
1
1
1
1.00003
1
1
1
1
1
1
1
1
1
0.999859
1
1
1
1
1
1
1
1
1
1
1
1
1
1
1
1
0.999977
1
1
1
1
1
1
0.999333
1
1
0.990769
1.00001
1
1
1
1
1
1
1
1
1
1
1
0.999849
0.999625
1
1
1
1
1
1
0.998853
0.999546
1
1
1
1
1
1
1
1
1
1
1
1
1
1
1
1
1
1
1
1
1
1
1
1
0.999997
1
1
1
1
1
1
1
1
1
1
1
1
1
1
0.999445
1
1
1
1.00005
1
1
1
1.00091
1.00025
1
1
1
1
1
1
1
1
1
1
1
1
0.999999
1
1
1
1
1
1
1
1
1
1
1
1
1
1
1
1
1
1
1
1
1
1
1
1
0.995439
1
1
1
1
1
1
1
1
1
1
1
1
1
1
1.00061
1
1
1
1
1
1
1
1
1
0.999998
1
1
1
1
1
1
1
1
1
1
1
1
1
0.991969
1
1
1
1
1
1
1
1
1
1
1
1
0.999996
0.99997
1
1
1
1
1
1
1
1
1
1
1.00013
1
1
1
1
1
1
0.999861
1
1
1
1
1
1
1
1
1
1
1
1
1
1
1
1
1
1
1
1.00003
1
1
1
1
1
1
1
1
1
1
1
1
1
1
1
1
1
1
1
1
1
1
1
1
1
1
1
1.00002
1
1
1
1
1.00004
1
1
0.999997
1
0.99989
1
1
1
1
1
1
1
1
1
1
1
1
1
1
1
1
1
1
1
1
1
1
1
1
1
1
1
1
0.999994
1
1
1
1
1
1
1
1
1
1
1
1
0.999363
1.00001
1
1
1
1
1
1
1
1
1
1
1
1
1
1
1
1
1
1
1
1
1
1.00006
0.999105
0.999869
1
1
0.999985
1
1
1
1
1
1
1
1
1
1
1
1
1
1
1
1
1
1
0.999999
1
1
1
1
1
1
1
1
1
1
1
1
1
1
1
1
1
1
1
1
1
1
0.999721
0.997499
1
1
0.999943
1
1
1
1
1
1
1
1
1
1
1
1
1
1
1
1
1
1
1
1
1
1
1.00107
1
1
1
0.997975
1
1
1
1
1
1
1
0.998333
0.999966
1
1
1
1
1
1
1
1
1
1
1
1
1
1
1
1
1
1
1
1
1
1
1
1
0.999998
1
1
1
0.999827
1
1
1
1
1
1
1
1
1
1
1
1
1
1
1
1
1
1
1
1
1
1
1
1
1
1
1
1
1
1
1
1.00003
1
1
1
1
1
1
1
1
1
1
1
1
1
1
1
1
1
1
1
1
1
1
1
1
1
1
1
1
1
1
1
1
1
1.00016
0.999999
1
1
1
1
1
1
1
1
1
1
1
1
1
1
1
1
1
1
1
1
1
1
1
1
1
1
1
1
1
1
0.999974
1
1.00005
1.00011
1
1
1
0.998826
1
1
1
1
1
0.999492
1
1
1
1
1
0.999982
1
1
1
1
1
1
1
1
1
1
1
1
1
1
1
1
1
1
1
1
1.00003
1
1
0.999995
1
1
1
1
1
1
1
1
1
1
1
1
1
0.999648
1
1
1
1
1
1
1
1
0.999909
1
1
1
1
1
1
1.00003
1
1
1
1
1
1
1
1
1
1
1
1
0.999976
1
1
1
1
1
1
1.00001
1
1
0.998849
1
1
1
1
1
1
1
1
1
1
1
1
1
0.999977
1
1
1
1
1
1
1
1
1
1
1
1
1.00015
1
1
1
1.00001
1
1
1
1
1
1
1
1
1
0.996642
1
1
1
0.999035
1
1
1
1
1
1
0.999934
1
1
1
1
1
0.999985
1
1
1
1
1
1.00001
1
1
1
1
1
1
1
1
1
1
1
1
1
1
1
0.999999
1
1
1
1
1
1
1
1
1.00002
1
1
1
1
1
1
1
1
1
1
1
1
1
1
1
1
1
1
1
1
1
1
1
1
1
1
1
1
1
1
1
1
1
0.999109
1
1
1
1
1
1
1
1
1
1
1
0.999999
1
1
1.00069
1
1
1
1
1
1
1
1
1
1
1
0.998962
1
1
0.999843
1
1
1
1
1
1
1
1
1
1.00002
1
1
1
1
1
1
1
1
1
1
1
1
1
1
1
1
1
1
1
1
1
0.999954
1.00036
1
1
1
0.99829
1
1
1
1
1
1
1
1
1
1
1
1
0.999706
1
1
1
1
1
1
1
1
1
1
1
1
1
1
1
0.999818
1
1
1
1
1
1
1
0.997799
1
1
1
1
1
1
1
1
1
1
0.99836
1
1
1
1
1
1
1
1
1
1
1
1
1
1
1
1
1
1
1
1
1
1
1
1.00001
1
0.999964
1
1
1
1.00088
1
1.00013
0.999983
1
1
1
1
1
1
1
0.9999
1
0.999902
1
1
1
1
1
1
1
1
1
1
1
0.999976
1
1
1
1
0.996148
1
1
1.00002
1
1
1
1
1
1
1
1
1
1
1
1
1
0.999999
1
1
1
1
1
1
1
0.999736
0.999748
1
1
1
1
1
1
1
1
1
1
1
1
1
1
1
1
1
1
1
1
1
1
1
1
1
1
1
1
1
1
1
1
1
1
1
1
1
1
1
0.999779
1
1.00003
1
1
1
0.999178
1
1
1
1
1
0.999868
1
1
1
1
1
1
1
1
1
1
1
1
1
0.999988
1
1
1
1
1
1
1
0.999986
1
1
1
1
1
1
1
1
1
1
0.999643
1
1
1
1
1
1
1
1
1
1
1
1
1
0.999832
1
1
1
1
1
1
1
1
1
1
1
1
1
1
1.00033
1
1
1
1
1
1
1
1
1
1
1
1
1
1
1
1
1
1
1
0.999999
1
1
1
1
1
1
1
1.00011
1
1
0.999081
1
1
1
0.997683
1
1
1
1.00007
1
1
1
1.00011
1
1
1
1
0.999997
1.0001
1
1
1
1
1
1
1
1
1
1
1
1
1
1
1
1
1.00001
1
1
1
1
1
1
1
1
1
1
1
1
1
1
1
1
1
0.999998
1
1
1
1
1
1
1
1
1
1
1
1
1
1
1
1
0.997892
1
1
1
1
1
1
1
1
1
1
1
1
1
1
1
1
1
1
1
1
1
1
0.999913
1
1
1
1.00001
1
1
1
1
1
1
0.99761
1
1
1
1
1
1.0003
1
0.999387
1
1
1
1
1
1
0.999981
1
1
1
1
1
1
1
1
1
1
1
1
1
1
1
1
1
1
1
1
1
1
1.00001
1
1
1
1
1
1
1
1
1
1
1
1
1
1
1
1
1
1
0.99984
0.999995
1
1
1
1
1
1
1
1
1
1
1
0.994157
1
1
1
1
1
1
1
1
1
1
1
1
1
1
1.00017
1
0.999994
1
1
1
0.999999
1
1
1
1
1
1
1
1
1
1
1
1
1
1
1
1
1
1
1
1
1
1
1
1
1
1.00001
1
1
1
1
1
1
1
1
0.998735
1
1
1
1
1
1
1
1
1
1
1
1
1
1
1
1
1
1
1
1
1
1
1
1
1
1
1
0.99999
1
1
1
1
1
1
1
1
1
1
1
1
1
1
0.999816
1
1
1
1
1
1
1
1
1
1
0.999662
1
1
1
1
1
1
1
1
1
1
1
1
1
1
1.00001
0.999567
1
1
1
1
1
1
1
0.99946
1
1
1.00001
1
0.998734
1
1
1
1
1
1
1
1
1
1
1
1
1
1
1
0.999866
1
1
1
1
1
1
1
1
1
1
1
1
1
1
1
1
1
1
1
1
1
1
1
1
1.00001
1
1
0.999974
1
1
1
1
0.999781
1
1
1
1
1
1
0.999997
1
1
1
1
1
1
1
1
1
1
1
1
1
1
1
0.99962
1
1
1
1
1
1
1
1
1.00049
1
1
1
1
1
1
1
1
1.00002
1.00063
1
1
1.00017
1
0.999997
1
1
1
1
1
1
1
1
1
1.00003
1
1
1
1
1
1.00001
1
1
1
1
1
1
1
1
1
1
1
1
0.999612
1
1
1
1
0.999992
1
1
1
1
1
1
1
1
1
1
1
1
1
1
1
1
1
1
1
1
1
1
1
1
1
1
1
1
1
1
1
1
1
1
1
1
1
1
1
1
1
1
1
1
0.999403
1
0.998703
1
1
1
1
1
1
1
1
1
0.999999
1
1
1
1
1
1
1
1
0.99551
1
1
1
1
1
1
1
1
0.999989
1
1
1
1
1
1
1
1
1
1
1
1
1
1
1
1
1
1
1
1
1
1
1
1
1
1
1
1
1
1
1
1
1
1
1
1
1
1
1
0.99715
1
1
0.999999
1
1
1
1
1
1
1
1
1
1
1
1
1
0.987104
1
1
1
1
1
1
1
1
1
1
1
1
1
1
1
1
1.00001
1
1
1
1
1
1
1
1
1
1
0.999988
1
1.00007
0.999211
1
1
1
1
1
0.999632
1
1
1
1
1
1
1
1
1
1
1.0001
1.00001
1
1
1.0003
1
1.00001
1
1
1
0.998295
1
1
1
1
1
1.00017
1
1
1
0.999873
1
1
1
1
1
1
1
1
1
1
1.00009
1
1
1
1
1
1
1
1
1
1
1
1.00005
0.999983
1
1
1
1
1
0.999971
1
1
1
1
1
1
1
1
1
1
1
1
1
1
1
1
1
1.00144
1
1
1
0.999994
1
1
1
1
0.999865
1
1.00013
1
1
1
1
1
1
1
1
1
1
1
0.999986
1
1
1
1
1
1
1
1
1.00038
1
1
1
1
1
1
0.994996
1
1
1
1
1
1
1
1
1
1
1
1
1
1.00002
1
1
1
1
1
1
1
1
1
1
1
1
1
1
1
1
1
1
1
1
1
1
1
1.00018
1
1
1
1
1
1
1
1
1
1
1
1
1
1
1
1
1
0.987819
1
1
1
1
1
1.00061
1
1
1
1
1
1
1
1
1
1
1
1
1
1
1
1
1
1
1
1
1
1
1
1
1
1
1
1
1
1
1.00079
1
1
1
1
1
1
1
1
1
1
1
1
1.00001
1
1
1
1
1
1
1
1
1
1
1
1
1
1
1
1
1
0.999871
1
1
1.00042
1
1
1
1
1
1
1
1
1
1
1
1
1
1
1
1
1
1
1
1
1
1
0.998062
0.999988
1
1.00046
0.998003
1
1
1
1
1
1
1
1
1
1
1
1
1
1
1
1
1
1
1
1
1
1
1
1
1
1
1
1
1
1
1
1
1
1
0.999519
1
1
1
1
1
1
1
1
0.999952
1
1
1
1
1
1
1
1
1
1
1
1
1
1
1
1
1
1
1
1
1
1
1
1
1
1
1
1
1
1
1
1
1
1
1
1
0.999996
0.99999
1
1
1
1
1
1
0.997722
0.999994
1
1
1
1
1
1
1
1
1
1
1
1
1
0.999996
1
1
1
0.998852
1
1
1
1.00011
1
1
0.998788
1
1
1
1.00017
1
1
1
1
1
1
1
1
1
1
1
1
1
1
1
1
1
1
1
1
1
1
1
1
1
1
1
1.0002
1
1
1
1
1
1
1
0.999997
1
1
1.00048
1
1
0.999904
1
1
1
1
1
1
1
1
1
1
1
1
1
0.999997
1
0.999999
1
1
1.00083
1
1
1
1
1
1
1
1
1
1
1
1
1
1
1
1
1
1
1
1
1
1
1
1.00032
1
1
1
1
1
1
1
1
1
1
1
1
1
1.00003
1
1
1
1
1.00003
1
1
1
1.00003
1
1
1
1
1
1
1.00002
1
1
1
1
1
1
1
1
1
1
1
1
1
1
1
1
1
1
1
1
1
1
1
0.997535
1
1
1
1
0.999999
1
1
1.00008
1
1
1.00003
1
1
1
1
1
1
1
1
1
1
1
1
1
1
1
1
1.00025
1
1
1
1
1
1
1
1
1
1
1
1
1
1
1
1
1
1
1
1
1
1
1.00003
1
1
1
1
1
1
1
1
1
1
1.00057
1
1
1
1
1
1
1.00004
1
1
1
1
1.0006
1
1
1
1
1
1
1
1
1
1
1.00007
1
1
1
1
1
1
1
1
1
1.00001
1
1
1
1
1
1
1
1
1
1
1
1
1
1
1
1
0.999985
1
1
1
1
1.00024
1
1
1
1
1
1
1
1
1
1.00002
1
1
1.00031
1
1
1
0.999596
1.00001
1
1
1
1
1
1
1
1
1
1
0.999998
1
1
1
1
1
1
1
1
1
1
1
1
1
1
0.999115
1
1
1
1
1
1
1
1
1
1
1
1
1
1
1
0.999877
1
1
1
1
1
1
1
1
0.999895
1
1
1
1
1
1
1
1
1
0.999405
1
1
1
1
1
1
1
1
1
1
1
1
1
1
1
1
0.999258
1
1
1
1
1
1
1
1
1
1
1
1
1
1
1
1
1
1
1
1
1
1
1
1
1
1
1
1
1
1
1
1
1
1
1
1
1
1
1
1
0.999998
1
1
1
1.00002
1
1
1
1
1
1
1
1
0.99999
1
1
1
1
1
1
1
1
1
1
1
1
1
1
1
1
1
1
1
0.999997
1
1
1
1
1
1
1
1
1
1
1
1
1
1.00012
1
1
1
1
1
1
1
1
1
1
1
1
1
1.00001
1
1
1
1
1
1
1
1
1
1
1
1
1
1
1
1
1
1
1
1
1
1
1
1
1
1
1
1
1
1
1.00014
1
1
1
1
1
1
1
1
1
1
1
1
1
1
1
1
1
1
1
1
1
1
1
1
1
1
1
1
1
1
1
0.999984
1
1
1
1
1
1
1
1
1
0.999991
1
1
1
1
1
1.00003
1
1
1
1
1
1
1
1
1
1
1
1
1
1
1
1
1
1
1.0002
1
1
1
1
1
1
0.997455
1
1
1
1
1
1
1
1
1
1
1
1
1
1
1
0.999989
1
1
1
1
1
1
1
1
1
1
1
1
1
1
1
1
1
1
1
1
1
1
1
1
1
1
1
1
1
1
1
1
1
1
1
1
1
1
1
1
1
1
1
1
1
1
1
1
1
1
1
1
1
1
1
1
1
1
1
1
1
1
1
1
1
1
1
1
1
1
1
1
1
1
1
1
1
1
1
1
1
0.99971
1
1
1
1
1
1
1
1.00036
1
1
1
1
1
1
1
1
1
1
1
1
1
1
1
1
1
1
1
1
1
1
1
1
1
1
1
1
0.999963
1
1
1
1
1
1
1
1
1
1
1
1
1.00007
1
1
1
1
1
1
1
1
1
1
1
1.00006
1.00001
1
1
1
1
1
1
1
1
1
1
1.00079
1
1
1
1
1
1
1
1
1
1
1
1
1
1
1
1
1
1
1
1
1
1
1
0.999975
1
1
1
1
1
1
1
1
1
1
1
1
1
0.999954
1
1
1
1
1
1
1
1
1
1
1
1
1
1
1
1
1
0.999055
1.00022
1
1
1
1
1
1
1
1
1
1
1
1
1
1
1
1
0.999987
1
1.00004
1
1
1
1
1
1
1
1
1
1
1
1
1
1.00013
1
1
0.999771
1
1
1
1
1
1
1
1
1
0.999821
1
1
1
1
1
1.00009
1
1
1
0.999945
1
1
1
1
1
1
1
1
1
1
1
1
1
0.999997
1
1
1
1
1
1
1
1
1
1
1
1
1
1
1
1
1
1.00025
1
0.999337
1
1
1
0.99993
1
1
1
1
1
1
1
1
1
1
1
1
1
1
1
0.999432
1
1
1
1
1
1
0.999403
1
1
1
1
1
0.999735
1
1
1
1.00023
1
1
1
1
1
1
1
1
0.994675
0.999852
1
1
1
1
0.999986
1
1
1
1
1
1
1
1
0.991461
1
1
1
1
1
1
1
1
1
1
1
1
1
0.998825
1
1
0.999318
1
1
1
1
1
1
1
1
1
1
1
1
1
1
1
1
1
1
1
1
1
1
1
1
1.00001
1
1
1
1
1
1
1
1
1
1
1
1
1
1
1
1
1
1
1
1
1
1
1
1
1.00001
1
1
1
1
1
1
1
1
1.00014
1
1
1
1
0.999922
1
1
1
1
1
1
1
1
1
1
1
1
1
1
1
1
1
1
1
1
1
1
1
1
1
0.999831
1
1
1
1
1
1
1
1
1
1
1
1
1
1
1
1
1
1.00054
1
1
1
1
1
1
1
1
1
1
1
1
1
1
1
1
1
1
1
1
1
1
1
1
1
1
1.00001
1
1
1
1
1
1
0.999999
1
1
1
1
1
1
1.00001
1
1
1
1
1
1
1
1
1
1
1
1
1
1
1
1
1
1
1
1
1
1
1
1
1
0.999999
1
1
1
1
1
1
1
1
1
1
1
1
1
1
1
1
1
1
1
1
1
1
1
1
1
1
1
0.999848
1
1
1
1
1
1
1
1
1
1
1
0.999957
1
1
1
1
1
1
1
1
1
1
1
1
1
1
1
1
1
1
1
1
1
1
1
1
1
1
1
1
1
1
1
1
1
1
1
1
1
1
1.00016
1
0.998804
1
1
1
1
1
1
1
1
0.999386
1
1
1
1
1
1.00007
1
1
1
1
1
1
1
1
1
1
1
1
1.00003
1
1
1
1
1
1
1
1
1
0.999999
1
1
1
1
1
1
1
1
1
1
1
1
1
1
1
1
1
1
1
1
1
1
1
1
1
1
1
1
1
1
1
1
1
1
1
1
1
0.996317
1
1
1
1
1
1
1
1
1
1
1
1
1
1
0.998007
1
1
1
1
1
1
1
1
1
1
1
1
1
1
1
1
1
1
1
1
1
1
1
1
1
1
0.999989
1
1.00009
1
1
1
0.999479
1
1
1
1
1
1
0.999996
1
1
1
1
1
1
1
1
1
1.00016
1
1
1
1
1
1
1
1
1
1
1
0.999989
1
1
1
1
1
1
1
1
0.998948
1
1
1
1
1
1
1.0006
1
1
1
1
1
1
1
1
1
1
1
1
1
1
1
1
1
1
1
1
1
1
1
1
1
1
1
1
1
1
1
1
1
0.999597
1
1
1
1
1
1
1
1
1
1
1
1
1
1
1
0.999904
1
1
0.999995
0.995131
1
1
1
1
1
1
1
1
1
1
1
1
1
1
1
1
1
0.999972
1
1
0.999995
1
1
1
1
1
1
1
1
1
1
0.992471
1
1
0.999024
0.999999
1
1
1
1
1
1
1
1
1
1
1
1
1
1
1
1
1
1
1.00001
1
1
0.999996
1
1
1
1
1
1
1
1.00024
1
1
1
0.999229
1
1
1
1
1
1
1
1
1
1
1
1
1
0.999894
1
1
1
1
1
1
1
1
1
1
1
1
1
1
1
1
1
1
1
1
1
1
1
1
1
1
1
1
1
1
1
1
1
1
0.998052
1
1
1
1
1
1
1
1
1
1
1
1
1
1
1
1
1
0.999999
1
1
1
1
1
1.00016
1
1
1
1
1
1
1
1
0.999999
1
1
1
1
1
1
1
1
1
1
1
1
1
0.999999
1
1
1
1
1
1
1
1
1
1
1
1
1
1
1
0.998844
1
1
1
1
1
1
1
1
1
1
1
1
1
1
1
1
1
1
1
1
1
1
1
1.00004
1
1
1
1
1
1
1
1
1
1
1
1
1
1
1
1
1
1
1
1
1
1
1
1
1
1
1
1
1
1
1
1
1
1
1
1
1
1
1
1
1
0.999978
1
1
1
1
1
1
1
1
1
1
1
1
1
1
1
1
1
1
1
1
1
1
1
1
1
1
1
1
1
1
1
1
1
1
1
1
1
1
1
1
0.999997
1
1
1
1
1
1
1
1
1
1
1
1
1
1
1
1
0.999981
1
1
1
1
1
1
1
1.00003
1
0.999875
1
1
1
1
1
1
1
1
1
1
1
1
1
1
1
1
1
1
1
1
1
1
1
1
1
1
1
1
1
1
1
1
1
1
1
1
1
1
1
1
1
1
1
1
1
1
1
1
1
1
1
1
1
1
1
1
1
1
1
1
1
1
1
1
1
1
1
1
1
1
1
1
1
1.00002
1
1
1
1
1
1
1
1
1
1
1
1
1
1
1
1
1
1
1
1
1
0.999997
1
1
1
1.00001
1
1
1
1
1
1
1
1
1
1
1
0.999427
1
1
1
1
1
1
1
1
1
1
1
1
1
1
1
1
1
1
1
1
1
1
1
1
1
1
1
1
1
1
1
1
1.00002
1
1
1
0.999993
1
1
1
1
1
1
1
1
1
1
1
1
1
1
1
1
1
1
1
1
1
1
1
1
1
1
1
1
1
1
1
1
1
1
1
1
1
1
1
1
0.999998
1
1
1
1
1
1
1
1
1
1
1
1
1
1
1
1
1
1.00003
1
1
1
1
1
1
1
1
0.999967
1.00001
1
1
1
1
1
1
1
1
1
0.999047
1
1
1
1
1
1
1
1
1
1
1
1
1
1
1
1
1
1
1
1
1
1
1
1.00001
1
1
1
1
1
1
1
1
1
1
1
1
1
1
1
1
1
1
1
0.999246
1
1
1
1
1
1
1
1
1
1
1
1
1
1
1
1
1
1
0.997259
1
1
1
1
1
1
1
1
1
0.999967
1
1
1
1
1
1
1
1
1
1
1
1
1
1
0.999995
1
1
1
1
1
1
1
1
1
1.00001
1
1
1
1
1
1
1
1
1
1
1
1
1
1
1
1
1
1
1
1
1
1
0.999825
1
1
0.999973
1
1
1
1
1
1
1
1
1
1
1
1
1
1
1
1
1
1
1
1
1
1
1
1
1
1
1
1
1
1
1
1
1
1
1
1
1
0.999406
1
1
1
1
1
0.999998
1
1
0.994124
1
1
1
1
1
1
1
1
1
1
1
1
1
1
1
1
1
1
0.999996
1
1
1
0.999887
1
1
1
1
1
1
1
1
0.999773
1
1
1
1
1
1
0.998761
1
1
1
1
1
1
1
1.00001
1
0.999999
1
1
1
1
1
1
0.999999
1
1
1
1
1
1
1
1
1
1
1
1
1
1
1
1
1
1
1
1
1
1
1
1
1
1
1
1
1
1
1
1
1
1
1
1
1
1
1
1
1
1
1
1
1
1
1
1
1
0.99916
1
1
1
1
1
0.997302
1
1
1
1
1
1
1
1
1
1
1
1
1
1
1
1
1
1
1
1
1
1
1
1
1
1
1
1
1
1
1
1
1
1
1
1
1
1
1
1
1
1
1
1
1
1
1
1
1
1
1
1
1
1
1
1
1
1
1
1
1
0.999842
1
1
1
1
0.999992
1
1
1
1
1
1
1
0.999269
1
1
1
1
1
1
1
1
1
1
1
1
1
1
1
1
1
1
1
1.00013
1
1.00016
0.998314
1
1
1
1
1
1
1
1
1.00001
1
1
1
1
1
1
1
1
0.999965
1
1
1
0.999989
1
0.999975
1
0.999998
1
1
1
1
1
1
1
1
1
1
1
0.999896
1
1
1
1
1
1
1
1
1
1
1.00001
1
1
1
1
1.00001
1
1
1
1
1
1
1
1
1
1
1
1
1
1
1
0.999997
1
1
0.999903
1
1
1
1
1
1
1
1
1
0.999875
1
1
1
1
1.00002
0.999976
1
1
1
1
1
0.999925
0.999936
1
1
1
1
1.0001
1.00007
1
1
0.999864
1
1
0.999966
1
1
1
1.00003
1.00049
0.999897
1.00013
1
1
1
1
1
1
1.00022
1
1
1
0.999982
1
1
1
1
1
1.00047
1
1
1
1
1
1
1
0.999822
0.999748
1
1
1
1
1
1
1
1.00005
1
1
0.99982
1
1
1
1
1
1
1
0.996181
1
1
1
0.999985
1.00003
1
1
1
1
1
1
1
0.999994
1
1
1
0.999999
1
1
1
1
1
1
1
1
0.999802
0.999843
0.99698
1
1
1
1
1
1
1.00125
1
1
1
1
0.999279
1
1
0.999933
1
1
1
1
1
1
1
1
1
1
1
1
1
1
1
1
1
1
1
1
1
1
1
1
1
1
1
1
1
1
1
1
1
1
1
1
1
1
1
1
1
1
1
1
1.00008
1
0.996768
1
1
1
1
1
1
1
1
1
1
1
1
1
1
1
1
1
1
0.999963
1
1
1
0.999592
1
1
1
1
1
1
1
1
1
1
1
1
1
1
1
1
1
1
1
1
1
1
1
1
1
1
1
1
1
1
1
1
1
1
1
1
1
1
1
1
1
1
0.999925
1
1
1
1
1.0006
1
1
1
1
1
1
1
1.00019
1
0.990613
1
1
1
1
1
1
1
0.998423
1
1
1
1
1
1
1
1
1
1
1
1
1
1
1
1
1
1
1
1
0.999978
1
1
1
1
1
1
1
1
1.00051
1
1
1
1
1
1
1
1
1
1
1
1
1
1
1
1
1
1
1
1
1.00002
1
1
1
1
1
1
1
0.996481
1
1
0.997047
0.996924
1
1
1
0.999732
1
1
1
1
1
1
1
1
1
1
1
1
1
0.999945
0.999999
1
1
0.999977
1
1
1
1
1
1
1
1
1
1
1
1
1
1
1.00005
0.99384
1
1
1
0.998451
1
1
1
1
1
1
1
1
1
1
1
1
1
1
1
1
1
0.999999
1
1
1
1
1
1
1
0.99956
0.998858
1
1
1
1.00008
1
1
1.00019
1
1
1
1
0.999988
1
1
1
1
1
1
1
1
1
1
1
1
1
1.00006
1
1
1
0.9999
1
1
1
1
1
1
1
1
1
1
1
1
1
1
1
1
1
1
1.0002
1
1
0.999997
1
1
1
1.00004
1
1
1
1
1
1
0.999992
1
1
1
1
1
1
1
0.999999
1
0.999357
1
1
1
1
1
1
1
1
1.00018
1.00001
1
1
1
1
1
1
1
1
1
0.999549
1
1
1
1
1
1
1
1
1
1
1
1
1.00001
0.999995
1
1
1
1
1
0.999998
1
1
1
1
1.00001
1
1
0.999768
1
1
1
1
1
1
1
1
1
1
1
1
1
1
1
1
1
1
1
1
1.00001
1.00026
1
1
1
1
1
1
1
1.00001
1
1
1
1
1
1
1
1.00001
1
0.999977
1
1
1
1
1
1
1
1
1
1.00001
1
1
1
1
1
1
1
1
1
1
1
1
1
1
1
1
1
1
1
1
1
1
1
1
1
1
1
1
1
1
1
1
1
1
1
1
1
1
1
1
0.99999
1
1
1
1
0.999998
1
1
1
1
1
1
1
1
1
1
1
1
1
1
1
1
1
1
1
0.999783
1
1
1
1
1
1
1
1
1
1
1
1
1
1
1
1
1
1
1.00001
1
0.999958
1
1.00013
1
1
1
1
1
1
1
1
1
1
1
1
1
1
1
1
1
1
1
1
1
1
1
1
1
1
1
0.999119
1
1
1
1
1
1
1
1
1
1
1
1
1
1
1
1
1
1
1
1
1
1
1
1
1
1
1
1
1
1
1
0.996898
1
1
0.998773
0.999996
1
1.00002
1
1
1
1
0.999998
1
1
1
1
1
1
1
1
1
1
1
1
1
1.00001
1
1
1
1
1
1
1
1
1
1
1
1
1
1
1
1
1
1
1
1
1
1
1
1
1
1
1
1
1
1
1
1
1
1
1
1
1
1
1
1
1
1
1
1
1
1
1
1
1
1
1
1
1
1
1
1
1
1
1
1
1
1
1
1
1
1
1
1
1
1
1
1
1
1
1
1
1
1
1
1
1
1
1
1
1
1
1
1
1
1
1
1
1
1
1
1
1
1
1
0.999998
1
1
1
1
1
1
1
1
1
1
1
1
1
1
1
1
1
1
1
1
1
1
1
1
1
1
1
1
1
1
0.999982
1
1.00006
1
0.999918
1
1
1
1
1
1
1
1
1
1
1
1
1
1
1
1
1
1
1
1
1
1
1
1
1
1
1
1
1
1
1
1
1
1
1
1
1
1
1.00081
1
1
1
1
1
1
1
1
1
1
1
1
1
1
1
1
1
1
1
0.999996
1
1
1
1
1
1
1
1
1
1
1
1
1
1
1
1
1
1
1
1
1
1
1
1
1
1
1
1
1
1
1
1
1
1
1
1
1
1
1
1
1
1
1
1
1
1
1
1
1
1
1
1
1
1
1
1
1
1
1
1
1
1
1
1
1
1
1
1
1
1
1
1
1
1
1
1
1
1
1
1
1
1
1
1
1
1
1
1
1
1
1
1
1
1
1
1
1
1
1
1
1
1
1
1
1
1
1
1
1
1
1
1
1
1
1
1
1
1
1
1
1
1
1
1
1
1
1
1
1
1
1
1
1
1
1
1
1
1
1
1
1
1
1
1
1
1
1
1
1
1
1
0.999997
1
1
1
1
1
0.999999
1
1
1
1
1
1
1
1
1
1
1
1
1
1
1
1
1
1
1
1
1
1
1
1
1
1
1
1
1
1
1
1
1
1
1
1
1
1
1
1
1
1
1
1
1
1
1
0.999791
1
1
1
1
1
1
1
1
1
1
1
1
1
1
1
1
1
1
1
1
1
1
1
0.999928
1
1
1
1
1
1
1
1
1
1
1
1
1
1
1
1
1
1
1
1
1
1
1
1
1
1
1
0.999912
1
1
1
1
1
1.00002
1
1
1
1
1
1
1
1
1
1
1
1
1
1
1
1
1
1
1
1
1
1
1
1
1
1
0.999792
1
1
1.00016
1
1
1
0.999517
1
1
1
1
1
1
1
1
1
1
1
1
1
1
1
1
1
1.00048
1
1
1
1
1
1
1
1
1
1
1
1
1
1
1
1
1
1
1
1
1
1
1
1
1
1
1
1
1
1
1
1
1
1
1.00009
1
1
1
1
1
1
1
1
1
1
1
1
1
1
0.999783
1
1
1
1
1
1
1
1
1
1
1
1
1
1
1
1
1
1
1
1
1
1
1
1
1
1
1
1
1
1
1
1
1
1
1
1
1
1
1
1
1
1
1
1
1.00001
1
1
1
1
1
1
1
1
1
1
1
1
1
1.00006
1
1
1
1
1
1
1
1
1.00022
1
1
1
1
1
1
1
1
1
1
1
1
1
1
1
1
1
1
1
1
1
1
1
1
1
1
1
1
1
1
1
1
1
1
1
1
0.99928
1
1
1
1
1
1
1
1
1
1
1
1
1
1
1
1
1
1
1
1
1
1
1
1
1
1
1
1
1
1
1
1
1
1
1
1
1
1
1
0.997719
1
1
1
1
1
1
1
1
1
0.999955
1
1
1
1
1
1
1
1
1
1
1
0.999952
1
1
1
1
1
1
1
1
1
1
1
1
1
1
1
1
1
1
1
1
1
0.999994
1
1
1
1
1
1
1
1
1
1
1
1
1
1
1
1
1
1
1
1
1
1
1
1
1
1
1
1
1
1
1
1
1
1
1
1
1
1
1
1
1
1
1
1.00004
1
1
1
1
1
1
1
1
1
1
1
1
1
1
1
1
1
1
1
1
1
1
1
1
1
1
1
1
1
1
1
1
1
1
1
1
1
1
1
1
1
1
1
1
1
1
1
1
1
1
1
1
1
1
1
1
1
1
1
1
1
1.00027
1
1
1
1
0.999979
1
1
1
1
1
1
1
1
1
1
1
1
1
1
1
1
1
1
1.00037
1
1
1
1
1
1
1
1
1
1
1
1
1
1
0.999866
1
1
1
1
1
1
1
1
1
1
1
0.999898
1
1
1
1
1
1
1
1
1
1
1
1
0.999934
1
1
1
1
1
1
1
1
1
1.00039
1
1
0.999886
1
1
1
1
1
1
1
1
1
1
1
1
0.997405
1
1
1
1
1
1
1
0.999887
1
1
1
1
1
1
1
1
1
1
1
0.999708
1
1
0.999974
1
1
1
1
0.999999
1
1
1
1
1
1
1
1.00023
1
1
1
1
1.00002
1
1
1
1.00002
1
1
0.999926
1
1
1
1
1
1
1
1
1
1
1
1
1
1
0.999909
1
1
1
1
1
1
1
1
1
1
1
1
1
1
1
1
1
1
1
1
1
1
1
1
1
1
1
1
1
0.99984
1
1
1
0.998761
1
1
1
1
1
1
1
1
1
1
1
1
1
1.00001
1
1
1
1
1
1
1
1
1
1
1
1
0.999736
1
1
1
1
1
1
1
1
1
1
1
1
1
1
1
1
1
1
1
1
1
1
1
1
1
1
1
1
1
1
1
1
1
1
1
0.999956
1
0.999766
1
1
1
1
1
1
1
1
1
1
1
1.00011
1
1
1
1
1
1
1
1
1
1
1
1
1
1
1
1
1
1
1
1
0.999996
1
1.00001
0.999498
1
1
1
1
1
1
1
1
1
1
1
1
1
1
1
1
1
1
1
1
1
1
1
1
1
1
0.999993
1
0.999928
1
1
1
1
1
1
1
1
1
1
1.00005
1
1
1
1
1
1
1
1
1
1.00001
1
1
1
1
1
0.999991
1
1
1
1
1
1
0.999972
1
1
1
1
1
0.999976
1
1
1
1
1
1
1
1
1
1
1
1
1
1
1
1
1
1
1
1
1
1
1
1
1
1
1
1.00003
1
1
1
1
1
1
1
0.999997
1
1
1
1
1
1
0.999988
1
1
1
1
1
1
1
1
0.999388
1
1
1
1
1
1
1
1
1
1
1
1
1.00001
1.00003
1
1
1
1
1
0.999963
1
1
1
1
1
1
1
1
1
1
1
1
1
1
1
1
1
1
1
1
1
1
1
1
1
1
0.99816
1
1
1
1
1
1
1
1
1
1
1
1
1
1
1
1
1
1
1
1
1
1
1
1
1
1
1
1.00001
0.999764
1
0.999997
1
1
1
0.999357
1
0.999282
1
1.00001
1
1
1
0.999999
1
1
1
1
1
1
1
1
0.999999
0.998544
1
1
1
1
1
1
1.00001
1
1
1
1
1
1
1
1
0.999917
1
1
1
1
1
1
1
0.999999
1
1
1
1
1
1
1
1.00023
1
1.00003
1
1
1
1
1
1
1
1
1
1
1
1
1
1
1
1
1
1
1
1
1
0.999924
1
1
1
1
0.977275
1
1
1
1
1
1
1
1
1
1
1
1
1
1
1
1
1
0.994565
1
1
1
1
1.00002
1.00002
1
1
1
1
0.999998
1
1
1
1
1
1
1
1
1
1
1
1
1
1
1
1
1
1
1
1
1
1.00007
1
1
1
1
1
1
1
0.999596
1
1
1
1
1
1
1
1
1
1
1
1
1
1
1
1
1
1
1
1
1
1
1
1
1
1
1
1
1
1
1
0.99991
1
1
1
1
1
1
1
1
1
1
1
1
0.999366
1
1
1
1
1
0.992921
1
1
1
0.998702
1
1
1
1
1
0.997117
1
1.00003
1
1
1
1
1
1
1
1
1
1
1
1
1
1
1
1
1
1
1
1
1
1
1
1
0.994312
1
1
1
1
1
1
1
1
1
1
1
1
1
1
1
1
1
1
1
1
0.999751
1
1
1
1
0.99997
1
1
1
1
1
1
1
1
1
1
1
1
1
1
1
1
1
1
1.00059
1
1
1
1
1
1
1
1
1
1
1.00002
1
1
0.997868
1
1
1
1
0.999969
1.00043
1
1
1
1
1
1
1
1
1
1
0.997043
1
1
1
1
1
1.00014
1
0.999919
1
1
0.999819
1
1
1
1
1
0.998935
1
1
1
1
1
1
1.00012
1
1
1
1
1
1
1
1
1
1
0.997747
0.99999
1
1
1
1
1
1
1.00001
1
0.999997
1
1
1
1
1
1
1
1
1
1
1
1
1
1
1
1
1
1
1
1
1
1
1
1
1
1
0.999999
1
1
1
1
1
1
1
1
1
1
1
1
1
1
1
0.999976
1
1
1
1
1
1
0.99996
1
1
1
1
1
0.999997
1
1
1
1
1
1
1
1
1.00007
1
1
1
1
1
1
1
1
1
1
1
1
1
1
1
1
1
1
1
1
1
1
1
1
1
1
1
1
1
1
1
0.999834
1
1
1
1
1
1.00002
1
1
0.999996
1
1
1
1
1
1
1
1
1
1
1
1
1
1
1
1
1
1
1
1
1
1
1
1
1
1
1
1
1
1
1
1
1
1
1
1
1
1
1
1
1
1
1
1
1
1
1
1
1
1
1
1
1
1
1
1
1
1
1
1
1
1
1
1
1
1
0.999997
1
1
1
1
1
1
1
1
1
1
1
1
1
1
1
1
1
1
1
1
1
1
1
1
1
1
1
1
1
1
1
1
1
1
1
1
1
1
1
1
1
1
1
1
1
1
1
1
1
1
1
1
1
0.999874
1
1
1
1
1
1
1
1
1
1
1
1
1
1
1
1
1
1
1
1
1
1
1
1.00003
1
1
1
1
1
1
0.998783
1
1
1
0.999998
1
1
1
1
1
1
1
1
1
1
1
1
1
1.00044
0.999556
0.999993
1.0002
1
1
1
0.999968
1
0.999999
1
1
1
1
1
1
1
1
1
1
1
1
1
0.999999
1
1
1
1
1
1
1
1
1
1
1
1
1.00001
1
1
1
1.00001
1
1
1
1
1
1
1
1
1
1
1
1
1
1
1
1
1
1
1
1
1
1
1
1
1.00001
1
1
1
1
1
1
1
1.00004
1
1
1.00001
1
1
1
1
1
1
1
1
1
1
1
1
1
1
1
1
1
0.996455
1
1
0.999931
1
1
1
1.00001
0.999994
1
1
1
1
1
1
1
1
1
1
1.00001
1
1
1
1
1
1
1
1
1
1
1
1
1
1
1
1
1
1
1
1
1
1
1
1
1
1
1
1
1
1
1
1
1
1
1
1
1
1.00007
0.999986
1
1
1
1
1
1
1
1
1
1
1
1
1
1
1
1
1
1
1
1
1
1
0.999539
1.00007
1
0.999525
1
1
1
1
1
1
1
1
1
1.00002
0.992356
0.999683
1
1
1
1
1
1
1
1
1.00003
1
0.999778
1
0.999175
1
1
1
1
1
1
1
1
1
1
1
1
1
1
1
1
1
1
1
1
1
1
1
1
1
1
1
1
1
1
1.00003
1
1
1
1
1
1
1
1.00001
1
1
1
1
1
1
0.994883
0.999998
1
1
1
1
1
1
1
1
0.996231
1
1
1
1
0.999998
1
1
0.999958
1
1
1
1
1
1
1
1
1
1
1
1
1
1
0.99935
1
0.998648
1
1
1
0.999336
1
0.999826
1
1
1
1
1
1
1
1
1.00038
1
1
0.999937
1
0.998964
1.00041
1
1.00016
1
1
1
1
1
1
1.00001
0.996013
1
1
1
1
1
1
1
1
1
1
1
1
1
1
1
1
1
1
1
1
1
0.999996
1
1
1
1
0.999935
1
1
1
1
1
0.999997
1
1.00003
1
0.999989
1.00001
1
1
1
1
1
1
1
1
1
1
1
1
1
1
0.998327
1.00002
1
1
1
0.99976
1
1
1
1
1
1
1
1
1
1
1
1
1
1
1
1
1
1
1
1.00001
1
1.00018
1
1
1
1
1
1.00003
1
1
1
1
1
1
1
1
1
1
1
1
1
1
1
1
1
1
1
1
1
1
1
1
1
1
1
1
1
1
1
1
1
1
1
1
1
1
1
1
1
1
1
1
0.999998
1
1
1
1
1
1
1
1
1
1
1
1
1
1
1
1
0.999999
1
1.00063
1
1
1
1
1
1
1
1
1
1
0.999999
1
0.999991
1
1.00004
1
1.00001
1
1
1
1
0.999924
1
1
1
1
1
1
1.00039
1
1
1
1
1
1
1
1
1
1
1
1.00004
1
1
0.999968
1
0.999989
1
1
1
1
0.999865
1
1
1
1
1
1
1.00023
0.999838
0.99988
1
1
1
1
1
1
1
1
1
1
0.999919
1
1
1
1
1
1
1
1
1
1
1
1
1
1
1
0.998461
1
1
1
1
1
1
0.999999
1
1
1.00003
1
1
1
1
1
1
1
1
1.00012
1
0.999923
1
1
1
1
1
1
1
1
1
1
1
1
1
1
0.999898
1
1
1
0.998572
1
1
1
1
1
1
1
1
1
0.999996
1
1
1
1
1
1
1
1
1
1.00011
1
1
1
1
1
1
1.00208
0.995842
1
1
1
1
1
1
1
1
1
1
1
0.99439
1
1
1.00002
1
1
1.00002
1
1.00012
1
0.999992
1
1
1
1
1
1
1
1
1
1
1
1
0.999849
1
1
1
1
0.996452
1
1
1
1
1
1
1
1
1
1
1
1
1
1
1
1
0.998039
1
1
1
1
1
1
1
1
1
1
1
1
1
1
1
1
1
1
1
1
1
1
1
1
0.999404
1.00005
1
1.00007
1.00001
1
0.999988
0.999927
1
1
1
1
1
1
1
1
0.987667
1
1
1
1
1
1
0.999995
1
1
1
1
1
1
1
1
1
1
1
1
1
1
1
1
1
1
1
1
1
0.998146
1
1
1
1
1
1
1
1
1
1
1
1
1
1
1
1
0.999998
0.999992
1
1
1
1.00001
1
1
1
1
1
0.997657
1
1
1
1
1
1
1
1
1
1
1
1
0.997838
1
1
1
1
0.999386
1
1
1
1
1
1
1
1
1
1
1
1
1
1
1
1
1
1.00015
1
1
1
1
1
1
1
1.00007
1
1
1
1
1
1
0.999848
0.999677
0.999953
1
1
1
1
1
1.00009
1
1
1
1
1
1
1
0.99727
1
1
1
1
0.999715
0.991128
1
0.999053
1.00003
1
1
1
1
1.00001
1
1
1
1.00236
1
1
1
0.999923
1
1
0.999998
1
1
1
1
1
1
1
1.00002
0.99991
1
1
1
1
1
1
1
1
1
1
0.999997
1
1
1
0.999791
0.999991
1.00002
1
1
1
1
1
1
1
1
1
1
1
1
1
1
1
1
1
1
1
1
1
1
1
1
1
0.999999
0.994151
1
1
1
0.994697
1
1
1
1
1
1
1.00005
1
1
1
1
1
1
1
1.00004
1
1
0.999611
1
1
1.00001
1
1
1
0.999788
1
1
1
1
1
1
1
1.00056
1.00001
1
1
1
1
1
1
1
1
1
1
1
1
1.00001
1
1
1
1.0001
1
1
1
1
1
1
1
1
1
1
1
1
1
1
1
1
1
1
1
1
1
1
0.999992
1
1
1
0.999999
1
1
1
1
1
1
1
1
0.999187
1
1
1
1
1
1
1.00004
1
1
1
1
1
1
1
1
1
0.999998
0.99999
1.00001
1
1
1
1
1
1
1
1.00002
1
1
1
1.00021
1
0.999983
1.00001
1
1
0.999958
1.00024
1
1
1
0.999993
1
1
1
1
1
0.99954
1
1
1
1
1
1
1
1
1
1
1
0.989893
1
1
1
1
1
1
1
1
1
1
1
1
1
1
1
1
1.00031
1
1
1.00001
1
1
1
1
1
1
1
1
1
1
1
1
1
1
1
1
1
0.999995
0.999934
1
1
1
1
1.00001
1
1
1.00002
1
1
1
1
1
1
1
1
1
1
1.0004
1
1
1
1.00007
1
1
1
1
1
1
1
1
1
0.999997
1
1
1
1
1
1
1.00004
1
1
1
1
1
1
1.00001
1
1
1
1
1
1
1
1
1
1
1
1
0.999906
1
1
1
1
1.00001
1
1
1
1
1
1
1
1
1
1
1
1
1
1
1
1
1
1
1
0.999619
1
1
1
1
1
1
1
1
1
1
1
1
1
1
1
1
1
1
1
0.9984
1
1
1
1
1
1
1
1
1
1
1
1
1
1
1
1
1
1
1
1
1
1
1
1
1
1
1
0.998002
1
1
1
1
1
1
1
1
1
1
1
1
1
1
1
1
1
1
1
1
1
1
0.999997
1
1.00001
1
1
1
1
1
1
1
1
1
1
1
1
1
1
0.999989
1
1
1
1
1
1
1
1
1
1
1
1
1
1
1
1
1
1
0.997525
1
1
1
1
1
1
1
1
1
1
1
1
1
1
1
1
1
1
1
1
1
1.00002
1
1
1
0.992414
1
1
1
1
1
1
1
1
1
1
1
1
1
1
1
1
1
1
1
1
1
1
1
1
1
1
1
1
0.999918
1
1
1
1
1
1
1
1
1.00012
1
1
1
1
1
1
1
1
1.00003
1
1
1.00002
1
1
1
1
1
1
1
1
1
1
1
1
1
1
1
1
1.00006
1
1
1
1
1
1
1
1
1
1
1
1
1
1
0.99627
1
1
1
1
1
1
1
1
1
0.999999
1
1
1
1
1
1
0.998789
1
1.00002
1.00001
1
1
1
0.999999
1
1
1
1
0.998976
1.00002
1
1
0.999999
1
1
0.999991
1
1
1.00006
1
1
1
1
1
1
1
1
1
0.999993
1
1
1
1
1
1
1
1
1
1
1
1
1
1
1
1
1
1
1.00005
1
1
1
1.00015
1
1
1
1
1
1
0.999979
1
1
0.998829
1
1
1
1
1
1
1.00228
1.00001
1
1
1
1
1
1
1
1
1
1
1
1
1
1
1
1
1.00001
1
1.00002
1
1
1
1
1
1
1
1
1
1
1
1
1
1
1
1
1
1.00005
1
1
1
1
1
1
1
0.999959
1
1
1
1
1
1
1.00018
1
0.99691
1
1
1
1
1
1
1
1
0.99998
1
1
1
1.00025
1
1
1
1
0.999815
1
1
0.997851
0.99797
1
1
1
1
1
1
1
1
1
1
1
1
1
1
1
1
1
1
1
0.999999
1.00007
1.00038
1
1
1
1
1
1
0.997488
1
1
1
1
1
1
1
1
1
0.999919
1
1.00001
1.00007
1
1
1
1
1
1
1
1
1.00024
1
1
1
0.997816
1
1
1
0.999999
1
1
1
1
1
1
1
1
1
1
0.999999
1
1
0.999968
1
1
1
1
1
1
0.999962
1
1
1
1
1
1
1
1
1
1
1
1
1
1
1
1
1
1
1
1
1
1
1
1
1
1
1
1
1
1
1
1
1
1
1.00015
1
1
1
1
1
1
1
1
0.997637
1
0.999838
1
1
1
1
1.00001
1
1
1
1.00002
1
0.99438
0.999986
1
1.00068
1
1
1.00004
1
1
1
1
1
1
0.999928
1
1
1
1
1
1
1.00001
1
1
0.99984
1
0.999907
1
1
0.999996
0.999994
1
0.99994
1
1
1
1
1
0.998919
1
1
1
1
1
1
1
1
1
1
0.999986
1
1
1
1
1
1
0.999975
1
1.00001
1
1
0.999988
1
1
1
1
1
1
1
1
1
1
1
1
1
1.00251
1
1
1
1
1
0.99564
1
1
1
1
1
1
1
1
1
1
1
1
1
0.999999
1
1
1
1
1
1
1
1
1
1
1
1
1
1
1
1
1
1
1
1
1
1
1
1
1
1
1.00002
1
0.999357
1
1
1
1
1
1
1
1
1
1
1
1
1
1
1
1
1
1
1
1
0.999936
1
1
1
1
1
1
1
1
1.00003
1
1
1
1
1
1
1
1
1
1
1
1
1
1
1
1
1
1
1
1
1
1
1
0.99621
1
1
1
1
1
1
1
1
1
1
1
1
1
0.999996
1
1
1
1
1
1
1.00055
1
1
1
1
1
1
1
1
1
1
1
1
1
1.00004
1.00004
1
1
1
1
1
1
1
1
1
1
1
1
1
1
1
1
1
1
1
1
1
0.9982
1
1
1
1
1
1
1
1
1
1
1
1
1
1
1
1
1
0.998136
1
1
1.00001
0.999924
1
1
1
1
1
0.999998
1
1
1
1
1
1
1
1
1
1
1
1
1
1
1
1
1
1
1
1
1
1
1
1
1
1
1
1.00006
1
1
1
1
1
1
1.00199
1
1
1
1
1
1
1
1
1.00013
1
1
1.00004
1
1
1
1
1
1
1
1
0.999999
1
1
1
1
1
1
1
1
1
1
1
1
1
1
1
1
1
1
1
1
1
1
1
1
0.999997
1
1
1
1
1
0.999981
1
1
0.999995
1
1
1
1
1
1
1
1
1
1
1
1
1
1
1
1
1
1
1.00019
0.999936
1
1
1
1
1
1
1.0015
1
1
0.999999
1.00002
1
1
1
1
1
1
1
1
1
1
0.999869
1
1
1
1
1
1
0.999963
1
1
1
1
1
1
1
1
1
1
1
1
1
1
0.999924
1
1
0.999561
1
1
1
1
1
1
1
1
1
1
1
1
1
1
1
1
1
1
1
1
1
1
1
1
1
0.999931
0.999999
1
1
1
1
1
1
1
1
1
1
1
1
1
1
1
0.993672
1
1
1
1
1
1
1
1
1
1
1
1
1
1
1.00002
1.00002
1
1
1
1
1
1
1
1
1
1
1
1
1
1
1
1
1
1
0.999998
1
1
1
1
1
1
1
1
0.999698
0.99995
1
1
1.00051
1
1
0.999961
1.00006
1
1
1
1
1
1
1.00045
1
1
1
1
1
1
1
1
1
1
0.999991
1
1
1
0.999949
1
1
1
1
1
1
1
1.00039
1
1
1
1
0.995296
1
1
1
0.999902
1
1
1
1
1.00148
1
1
1
1
1
1
0.999993
1
1
1
1
1
1
1.00122
1
1.00005
1
1
1
1
1
1
1
1
1
1
1
1
1
1
1
1
1
1
1
1
1
1
1
1
1
1
1
1
1
1
1
0.999441
1
1
1
1
1
1
1
1
1
1
1
1
1
1
1
1
1
1
1
0.998823
1
1
1
1
1
1
1.00002
1
1
1
1
1
1
1
1
1
1
1
1
1
1
1
0.999999
0.999619
1
0.996603
1
1
1
0.999999
1.00005
1
1.00011
1
1
1
1
1
1
1
1
1
1
1
1
0.999997
1
1
1
1
1
1
1
1
1
0.999451
1
1
1
1.00001
1
0.999972
1
1
1
1
1
1
1
1
0.999999
0.998713
1.00001
1
1
1
1
1
1
1
1
1
1
1
1
1
1
1
1
1
0.998849
1
1
1
1
1
1
1
1
0.999865
1
1
1
1
1
1
1
1
1
1
1
1
1
1.00003
1
1
1
1
1
1
1
1.00041
1
0.998918
1
1
1.00013
1
1
1
1
1
1
1
1
1
1
1
1
1
1
0.999992
1
1
1
1
1
1
1
0.999989
1
1
1
1
1
1
1
1
1
1
1
1
1
1
1
1
1
1
1
1
0.99999
1
1
1
1
1
1
1
1
1
1
1
1
1
1
1
1
1
1
1
1
1
1
1
1
1
1
1
1
1
1
1
1
1
1
1
1
1
0.999987
1
1
1
1
0.999995
1
1
1
1
1
1
1
1
1
1
0.993759
1
1
1
1
1
0.999474
1
1
1
1
1
1
1
1
1
1
1
1
1
1
0.999995
1
1
0.999649
1
1
1
1
1
1
1
1
1
1
1
1
1
1
1
0.999999
1
1
1
1
1
1
1
1
1
1
0.99993
1
1
1
0.999992
1
1
1
1
1
1
0.999997
1
1.0008
1
0.999992
1
1
1
1.00007
1
1
1
1
0.999998
1
1
1
1
1
1
1
1
1
1
1
1
1
1
1
1
1
1
1
1.00001
1
1
1
0.999777
1
1
1
1
1
1
1
0.999999
1
1
1.00003
1
1
0.9994
1
1
1
1
1
1
1
1.00005
1
1
1
1
1
1
1
1
1
1
0.993885
1
0.999994
1
1
1
1
1
1
1
1
1
1
1
1
1
1
1
1
0.999815
1
1
1
1
1
1
1
0.994872
1
1
1
1
1
1.00072
0.999994
1
1
1
1
1
1
1
1
1
1
1
1
1
1
1.00001
1
1
1
1
1
0.996035
1
1
1
1
1
1
1
1
1
1
1
1
1
1
1
1
1
1
1
1.00003
0.998546
1
1
1
1
1
1
1
1
1
1
1
0.993998
1.00003
1
1
1
1
1
1
1
1
1
1
1
1
1
1
1.00014
1
1
1
1
1
1
1
1
1
1
1
1
1
1
1
1
1
1
1
1
1
1
0.999984
1
1
0.999993
1
1
1
1
1
1
0.999994
1.00009
1
1
1
0.999918
1
1
1
1
1
1
1
1
1
1
1
1
1
1
1
1
1
1
1
1
1
1
1
1
1
1
1
1
1
1
1
1
1
1
1
1
1
1.00036
1
1
1
1
1
1
1
1
1
1
1
1
1
1
1
1
1
1
1
1
1
1
1
1
1.00065
0.994584
1
1
1
1
1
1
1
0.999775
1
1
1
1
1
1
0.999998
1
1
1
1
1
1
1
1
1
1
1
1
1
1
1
1
1
1
1
1
1
1
0.995898
1
1
1
1
1
1
1
1
1
1
1
1
1
1
1
1
1
1
1.00002
1
1.00001
0.999999
1
1.00004
1
1
1
1
1
1
1
1
1
1
0.992131
1.00001
1
1
1
1
1
1
1
1
1
1
1
1
1
1
1
1
1
1
1
1
1
1
1
1
1
1
1
1
1
0.999997
1
1.00003
1
1
1
1
1
1
1
1
1
1
1
1
1
1.00028
1
1
0.999991
1
1
1
1
1
1
1
1
1
1
1
1
1
1
1
0.999437
1
1
1
1
1
1
1
1
1
1
1
1
1
1
1
1
1
1
1
1
1
1.00032
0.999324
1
1
1
1
1
1.00003
1
1
1
0.999996
1
1
1
1
1
1
1
1
1
1
1
1
0.999996
1
1
1
1
1
0.999999
1
1
1
1
1
1
1
1
1
1
1
1
1.00001
1
1
1
1
1
0.9936
1
1
1
1.00013
1
1.00004
1
1
1.00001
1
1
1
1
1
1
1
1
0.9947
1
1
1
1
1
1
1
1
1
1
1
1
1
1
1
1
1
1
1
1
1
1
0.999335
1
0.996643
1
1
1
1
1.00006
1
1
1
1.00001
1
1
0.999999
1
1
0.985784
0.999999
1
1
1
1.00003
1
1
1
1
1.00003
1
1
1
1.00002
1
1
1
1
1
0.999997
1
1
1
1
1
1
1
1
1
1
1
1
1
1
1
0.999695
1
1
1
1
1
1
1
1
1
1
1
1
1
1
1
1
1
1
1
1
1
1
1
1
1
1.00009
1
1
1
1
1
1
1
1
1
1
1
1
1
1
1
1
1
1
1
0.995973
1
1
0.999457
1
1
1
1
1.00002
1
1
1
1
1
1
1
1
1
1
1
1
1
1
1
1
0.999801
1
1
1
1
1
1
1
1
1
1
1
1
1
1
1
1
1
1
1
1
1
1.00007
1
1
1
1
1
1
1
1
1
1
1
1
1
1
1
1
0.999995
1
0.999938
1
1
1
1
1
1
0.999973
1
1
1
1.00018
1
1
1
1
1
1
1
1
1
1
1
1
1
1
1
1
1
1
1
1
1
1
1
1
1
1
1
1
1
1
1
1
1
1
1
1
1
1
1
1
1
1
0.997
1
0.999998
1
1
1
0.996678
1
1
1
1
1
0.999993
1
1
1
1
1
1
1
1
0.999999
1
1
1
1
1
1
1
1
1
1
1
1
1
1
1.00002
1
1
1
1
1
1
1
1
1
1
1
1
1
1
1
1
1
0.999954
1
1
1
1
1
1
1
1
1
1
1
1
1
1
1
1
1
1
1
1
1
1
1
1
1
1
1.00011
1
1
1
1
1
1
1
1
1
1
1
1
1
1
0.999958
1
1.00012
1
1
1
1
1
0.988076
1
1
1
1.00003
1
1
1
1
1.00027
1
1
1
1
1
1
1
1
1
1.00002
1
1
1
1
0.999999
1
1
1
1
1
1
1
1
0.996017
1
1.00001
1
1
1
1
1
1
1
1
1
0.999992
1
1
1
1
1
1
0.999362
1
1
1
1
1
1
1
1
1
0.999662
1
1.00054
1
1
1
0.998927
1
1
1
1
1
1
0.999967
1
1
1
1
1
1
1
1
1
0.999998
1
1
1
1
1
1
1
1
1
1
1
1
1
0.999983
1
1
1
0.999975
0.999996
1
1
1
1
1
1
1
1
1
1.00001
1
1
0.999995
1
1
1
1.00008
1
1
1
1
1
0.995956
1
1
1
1
1
0.997587
1
1
1
1
1
1
1
1
1
1
1
1
1.00024
0.998294
1
1
1
1
1
1
1
1
1
1
0.999564
0.999996
1
1
1
1
1.00004
1
1
1
1
1
1
1
1
1
0.999364
1
0.999419
1
1
1
1.00054
1
1
0.999998
1
1
1
1
0.999999
1
1
1
1
1
1
1
1
1
0.999507
1
1
1.00003
1
1
1
1
1
1
0.999998
1
1.00002
1
1
0.999686
1
1
1
1
1
1
1
1
1
1.00002
1
1
1
1
1
1
1
1
1
1
1
1
1
1
1
1
1
1
1
1
1
1
1
1
1
1
1
1
0.999996
1
1
1
1
1.00001
1
1
1
1
1
1
1
0.999999
1
0.999979
1
1
1
1
1
1
1
1
1
0.988144
1
1
1
1
1
1
1.00003
1
0.999984
1
1
1
0.999949
1
1
1
1
1
1
1
1
0.999147
0.998992
1
1.00003
1.00002
1
1
1
1
1
1
1
1
1
1
1
1
0.980403
1
1
1
1
1
1
0.999997
1
1
1
1
1
0.999993
1
1
1
1
1
1
1
1
1
1
1
1
1
1
1.00014
1
1
1
1
0.997334
1
1
1
1
0.999996
0.999998
1.00006
1
1
1
1
1
1
1
1
1
1
1
1.00001
1
1
1
1
1
1
1
1
1
1
1
1
1
1
1
0.999998
1
1
1
1
1
1.00001
1
1
1
1
1
1
1
1
1
1
1
1
1
1
1.00001
1
1
1
1
1
0.983073
0.999994
1
1
1
1
1
1
0.999989
1
1
1
1
1
1
1
1
0.999707
1
1
1
1
1
1
1
1
1
1
1
1
1
1
1
1
1
1
1
1
1
1
1
1
1
1
1
1
1
0.999999
1
1
1
1
1
1
1
0.999997
1
1
1
1
1
1
1
1
1
1
1
1.00007
1
1
0.997905
1
1
1
1
1
1
1
1
0.997343
1
1
1
1
1
1
1
1
1
1
1
1
1
1
1
1
1.00003
1
0.997819
1
1
1
1
0.999995
1
1
1
1
1
1
0.999984
1
1
1
1
1
0.999852
1
1
1
1
1
1
1
1
1
1
1
1
1
1
1
1
1
1
1
1
1
1
1
1
1
1
1.00006
0.999989
1
1
1
1
1
1
1
1
1
1
1
1
1
1
0.999993
1.00001
1
1
1
0.996121
1.00009
1
1
1
0.999999
1
1
1.00016
1
1
1
1
1
1
1.00002
1
1
0.999921
1
1
1
1
1
1
1
1.0002
1
1
1
1
1
1
1
1
1
1
1
1
1
1
1
1
1
1
1
1
1
1
1
1
1.00001
1
1.00003
1
1
1
1
1
1
1
0.999094
1
1.00001
1
1
1
1
1
1
1
1
1.00001
1
1
1
1
1
1
1
1
1
1
1
1
1
0.999994
1
1
0.999974
1
1
1
1
1
1
1
1
1
1
1
1
1.00005
1
1
1
1
1
1
1
1
1
1
1
1
1
1
0.999631
0.999742
1
1
1
1
1
1
1
1.00033
1
1
1
1
1
1
1
1
1
1
1
1
1
1
1
1
1.00003
1.00009
1
1
1
1
1
1
1
1
0.997865
1
0.999719
1
1
1
1
1
1
1
1
1
1
1
1
1
1
1
1
0.999983
1
1.00001
1
1.00004
1
0.999741
1
1
1
1
1.00011
1
1.00025
1
1
1
1
1
1.00011
0.999651
1
1
1
1
1
1.00108
1
1
1
1
1
1
1
1
1
1
1
1
1
0.999744
1
1
1
1
1
1
1
1
1
1
1
1
1
1
1
1
1
1
1
1
1
1
1
1
1
1
1
1
1
1
1
1
1
1
1
1
0.999996
1.00015
1
1
1
1
1
1
1
0.999512
1
1
1
1
1
1
1
1
1
1
1
1
1
1
1.00006
1
1
1.00002
1
1
0.996918
1
1
1
1
1
1
1
1
1
1
1
1
1
1
1
1
1
1
1
1
0.999965
1
1
1
1
1
1
1
1
1
1
1
1
1
1
1
1
1
1
1
1
1
1
0.999996
1
1
1
1
1
1
1
1
0.999676
1
1
1
1
0.994651
1
1
1
1
1
1
1
1
1
1
1
1
1
1
1
1
1
1
1
1
1
1
1
1
1
1
1
0.999987
1
0.999974
1
1
1
0.999999
1
1
1
1
1.00001
1
1
1
1
1
1
1
1
1.00014
1
1
1
1
1.00002
1
1
1
1
1
1
1
1
1
1
1
1
1
1
1
1
1
1
1
1
1
0.997815
1
1.00018
1
1
1
1
1.00001
1
1
1
1
0.999196
1
1
1
1
1
1
1
1
1
1
1
1
1
0.999849
1
1
1
1
1
1
1
1
1
1
1
1
1
1
1
1
1
1
1
1
1
1
1
0.999969
0.998656
1
1
1
1
1
1
1
1
1
1
1
1
1
1
1
1
1
1
1
1
1
1
1
1
1
1
1
1
1
1
1
1
1
0.999842
1
1
1
1
1
1.00001
1
1
1
1
1
1
1
1
1.00001
1
1
1.00001
1
1
0.999999
1
1
1
1
1
1
1
0.996204
1
0.99981
1
1
1
1
1
1
1
1
1
1
1
1
1
1
1
1
1
1
1
0.999825
1
1
1
1
1
1
1
1
1
1
1
1
1
1
1
1
1
1
1
0.999994
1
1
1
1
1
1
1
1
1
1
1
1
1
1
1
1
0.995531
0.994441
1
0.99775
0.999454
1
0.999999
1
1
1
1
1
1
1
1
1
1
1
1
0.999993
1
1
1
1.00039
1
1
1
1
1
1
1
1
1
1
1
1
1
1
1
1
1
0.999998
1
1
1.00011
1
1
1
1
1
1
1
1
0.999999
1
1
1
1
1
1
1
1
1
1
1
1
1
1
1
1
1
1
1
0.999965
1
1
1
1
1
1
1
1
1.00057
1
1
0.999998
1
0.999997
1
1
1
1.00002
0.999918
0.99527
1
1
1
1
1
1
1
1
1
1
1
1
1
1
1
1
1
1
1
1
1
1
1
1
1
1
1
1
1
1
1
1
1
1
1
1
1
1
0.987037
1
1
1
1
1
1
1
1
1
1
1
1
1
1
1
1
1
1
1
1
1
1
1
1
0.999999
1
1
1
1
1
1.00002
1
1
1
1
1
1
1
1
1
1
1
1
1
1
1
1.00003
1
1
1
1
1
1
1
1
1
1
1
1
1
1
0.996646
1
1
1
1
1
1
1
1
1
0.995595
1.00001
1
1
1
1
1
0.999999
1
1
1
1
1.00001
1
1
1
1
1
1
1
1
1
1
0.999996
1
1
1
1
1
1
1
1
1
1
1
1
1
0.999993
1
1
1
1
0.997227
1
1
1
1
1
1
1
1
1
1
1
1
1
1.00005
1
1
1
1
1
1
1
1
1
1
1
1
1
1
1
1
1
1
1
1
1
1
1
1
1
1
1
1
1
1
1
0.999995
1
1
1
1
1
1
1
1
1
1
1
1
1
1
1
1
1
1
1
1
1
1
1
1
1
1
1
1
1
1
1
1
1
0.997191
1
1
1
1
0.996833
1
1
1
1
1
1
1
1
1
1
1
1
1
1
1
1
0.999926
1
1
1
1
1
1
1
1
1
1.00035
1
1
1
1
1
1
1
1
1
1
1
1
1
1
1
1
1
1
1
1
1
1.00003
1
1
1
1
1
1
1
1
1
1
1
1
1
1
1
1
1
1
1
0.999992
1
1
1
1
1
1
1
1
1
1
1
1.00008
1
1
1
1
1
1
1
1
1
1
1
1
1
1
1
1
1
1.00003
1
1
1
1
1
1
0.99988
1
1
1.00003
1
1
1
1
1
1
1
1
1
1
1
1
1
1.0002
1
1
1
1
1
1
1
1
1
1
1
1.00013
1
1
1
1
1.00065
1
1
1
1
1
0.999994
1
1
1
1
0.999999
1
1
1
1
1
1
1
1
1
1
1
1
1
1
1
1
1
1
1
1
1
1
1
1
1
0.999604
0.999862
1
0.998981
1
1
1
1
1
1
1
1
1
1
1
1
1
1
1.00001
1
1
1
1
1
1
1
1
1
1
1
1
1
1
1
1
1
1
0.996085
1
0.999999
1
1
1
1
1
1
1
1
1
1
)
;

boundaryField
{
    frontback
    {
        type            empty;
    }
    topbottom
    {
        type            zeroGradient;
    }
    outlet
    {
        type            zeroGradient;
    }
    inlet
    {
        type            fixedValue;
        value           uniform 1;
    }
    walls
    {
        type            zeroGradient;
    }
    procBoundary2to0
    {
        type            processor;
        value           nonuniform List<scalar> 
83
(
1
1
1
1
1
1
1
1
1
1
1
1
1
1
1
1
1
1
1
1
1
1
1
1
1
1
1
1
1
1
1
1
1
1
1
1
1
1
1
1
1
1
1
1
1
1
1
1
1
1
1
1
1
1
1
1
1
1
1
1
1
1
1.00001
1
1
1
1
1
1
1
1
1
1
1
1
1
1
1
1
1
1
1
1
)
;
    }
    procBoundary2to3
    {
        type            processor;
        value           nonuniform List<scalar> 
99
(
1
1
1
1
1
1
1
1
1
1.00003
1
1
1
1
1
1
1
1
1
1
1
0.999999
1
1
1
1
1
1
1.00003
0.999249
1
1
1
0.998494
1
1
1.00009
1
1
1.00012
1
1
1
1
1
1
1
1
1
1
1
1
1
1
1
1
1
1
1
1
1
1
1
0.999956
1
1
1
1
1
1
1
1
1
1
1
1
1
1
1
1
1
1
1
1
1
1
1
1
1
1
1
1
0.999994
1
1
1
1
1
1.00001
)
;
    }
}


// ************************************************************************* //
