/*--------------------------------*- C++ -*----------------------------------*\
| =========                 |                                                 |
| \\      /  F ield         | OpenFOAM: The Open Source CFD Toolbox           |
|  \\    /   O peration     | Version:  v2012                                 |
|   \\  /    A nd           | Website:  www.openfoam.com                      |
|    \\/     M anipulation  |                                                 |
\*---------------------------------------------------------------------------*/
FoamFile
{
    version     2.0;
    format      ascii;
    class       labelList;
    location    "constant/polyMesh";
    object      cellProcAddressing;
}
// * * * * * * * * * * * * * * * * * * * * * * * * * * * * * * * * * * * * * //


13308
(
3
8
12
20
21
23
25
36
38
39
43
47
49
53
54
55
57
58
61
62
63
68
76
79
80
85
94
97
100
103
104
109
111
112
119
122
129
131
133
138
146
155
156
160
161
162
166
168
176
178
179
203
204
206
208
210
211
215
216
217
218
220
229
230
233
235
238
240
242
245
249
250
258
263
269
275
278
281
284
286
295
299
304
310
311
315
319
333
340
341
345
347
357
358
362
363
364
368
370
377
379
380
389
392
393
397
398
400
407
410
413
421
422
430
433
440
441
445
446
451
452
458
465
466
467
468
474
476
482
485
487
488
497
504
505
515
518
521
526
527
528
530
532
535
541
543
548
549
551
553
557
558
561
563
564
567
573
577
590
592
594
596
598
603
606
608
609
610
614
616
623
632
644
651
653
656
658
660
672
678
680
681
682
693
694
695
703
704
709
712
716
717
719
720
722
728
733
737
743
745
749
769
770
772
781
782
790
802
803
807
809
811
819
821
822
823
827
829
832
834
847
852
854
859
861
863
865
869
870
872
874
876
887
889
892
893
894
896
900
905
906
907
908
919
933
934
935
936
937
938
939
964
970
975
977
978
980
982
984
988
992
999
1001
1003
1012
1015
1019
1020
1022
1025
1027
1036
1040
1047
1050
1052
1056
1058
1062
1065
1080
1082
1090
1096
1098
1099
1100
1104
1106
1107
1108
1109
1112
1116
1118
1127
1143
1146
1152
1153
1155
1156
1162
1166
1167
1171
1172
1173
1175
1176
1178
1179
1186
1187
1192
1195
1198
1202
1203
1204
1205
1208
1214
1217
1239
1242
1249
1254
1256
1259
1266
1267
1268
1277
1283
1286
1293
1301
1303
1304
1306
1310
1314
1316
1328
1329
1338
1347
1348
1351
1352
1357
1362
1365
1370
1372
1373
1378
1391
1402
1409
1410
1419
1428
1436
1442
1444
1452
1454
1460
1462
1464
1465
1466
1473
1475
1476
1477
1480
1492
1499
1501
1502
1508
1511
1515
1517
1520
1521
1522
1523
1524
1525
1535
1545
1546
1547
1552
1554
1561
1572
1574
1586
1592
1597
1598
1602
1605
1606
1610
1620
1621
1624
1626
1633
1635
1640
1641
1645
1646
1647
1652
1656
1659
1663
1670
1675
1679
1681
1686
1692
1698
1700
1701
1702
1705
1707
1709
1710
1712
1719
1723
1724
1726
1737
1742
1755
1756
1761
1762
1763
1765
1766
1767
1769
1770
1774
1782
1790
1791
1792
1795
1797
1798
1799
1803
1804
1807
1818
1822
1823
1837
1840
1843
1848
1849
1854
1855
1858
1860
1862
1864
1868
1869
1874
1875
1884
1886
1887
1888
1891
1892
1894
1896
1898
1900
1903
1904
1906
1909
1910
1912
1915
1916
1919
1922
1925
1926
1927
1931
1940
1941
1943
1950
1954
1963
1964
1967
1968
1973
1976
1978
1982
1983
1986
1991
1996
2003
2004
2011
2014
2021
2022
2028
2034
2035
2037
2038
2039
2040
2045
2046
2051
2056
2062
2065
2066
2067
2076
2079
2093
2095
2096
2106
2125
2130
2134
2135
2136
2137
2147
2149
2155
2157
2159
2161
2162
2165
2166
2177
2180
2181
2183
2185
2188
2193
2206
2207
2220
2221
2225
2229
2230
2233
2236
2239
2241
2242
2245
2249
2252
2253
2255
2257
2258
2259
2261
2262
2265
2268
2271
2274
2275
2287
2290
2298
2299
2300
2301
2309
2314
2316
2318
2323
2324
2325
2331
2338
2341
2343
2346
2353
2357
2360
2369
2371
2375
2378
2385
2387
2391
2394
2400
2402
2408
2413
2421
2423
2425
2427
2429
2431
2432
2436
2437
2445
2446
2447
2448
2451
2454
2455
2458
2466
2470
2479
2481
2482
2492
2497
2499
2500
2501
2503
2507
2508
2519
2524
2525
2529
2543
2545
2550
2551
2553
2554
2556
2557
2559
2562
2563
2565
2575
2585
2591
2601
2606
2610
2614
2624
2628
2638
2642
2646
2648
2654
2671
2673
2674
2675
2677
2678
2679
2681
2683
2684
2691
2694
2695
2696
2701
2704
2707
2711
2719
2720
2725
2726
2732
2733
2734
2745
2752
2753
2754
2759
2762
2764
2769
2774
2775
2785
2790
2800
2804
2806
2809
2811
2813
2814
2815
2817
2821
2823
2824
2826
2827
2829
2830
2831
2834
2839
2841
2843
2856
2858
2863
2865
2870
2871
2873
2884
2892
2893
2901
2906
2910
2911
2918
2921
2925
2928
2930
2931
2939
2942
2949
2950
2954
2960
2973
2976
2985
2993
2997
3005
3006
3007
3011
3018
3023
3025
3028
3034
3036
3038
3039
3043
3045
3046
3058
3067
3068
3070
3081
3087
3092
3094
3098
3102
3103
3110
3111
3112
3118
3120
3121
3130
3146
3148
3151
3153
3155
3158
3162
3164
3165
3168
3171
3172
3195
3198
3199
3204
3209
3226
3231
3236
3237
3240
3248
3253
3255
3256
3268
3272
3286
3298
3301
3302
3308
3315
3318
3320
3321
3325
3337
3338
3339
3343
3350
3351
3355
3356
3359
3361
3370
3372
3373
3379
3381
3384
3386
3388
3397
3400
3406
3409
3411
3413
3419
3421
3429
3430
3436
3441
3444
3446
3453
3454
3467
3469
3472
3476
3488
3490
3493
3501
3507
3508
3519
3521
3523
3527
3532
3538
3542
3544
3551
3552
3553
3555
3557
3561
3562
3569
3572
3578
3584
3588
3592
3594
3596
3598
3605
3609
3611
3614
3615
3619
3620
3625
3628
3633
3636
3641
3658
3662
3671
3675
3680
3681
3687
3690
3692
3695
3696
3698
3699
3703
3706
3712
3715
3728
3731
3741
3743
3753
3754
3759
3760
3765
3773
3777
3778
3790
3796
3800
3804
3806
3822
3825
3828
3829
3833
3836
3842
3844
3852
3855
3857
3858
3860
3862
3870
3876
3878
3879
3891
3893
3895
3896
3901
3913
3918
3922
3924
3948
3955
3957
3966
3971
3976
3985
3988
3990
3995
4011
4014
4015
4016
4017
4022
4023
4030
4031
4034
4040
4042
4043
4044
4046
4048
4052
4054
4055
4059
4061
4068
4071
4072
4087
4093
4096
4100
4103
4104
4111
4112
4114
4126
4128
4130
4131
4133
4134
4149
4151
4152
4153
4155
4158
4161
4162
4167
4168
4176
4177
4181
4187
4205
4208
4210
4212
4216
4217
4222
4236
4238
4239
4241
4242
4244
4245
4247
4260
4261
4262
4264
4265
4266
4284
4286
4289
4293
4294
4297
4302
4311
4315
4324
4328
4329
4333
4337
4340
4343
4346
4350
4351
4356
4358
4359
4361
4387
4393
4395
4396
4409
4412
4415
4419
4423
4436
4439
4440
4441
4448
4452
4456
4462
4464
4465
4469
4474
4475
4481
4486
4488
4493
4494
4500
4505
4507
4508
4515
4517
4518
4523
4528
4530
4532
4534
4540
4543
4544
4556
4557
4567
4569
4574
4577
4580
4581
4583
4587
4588
4592
4596
4602
4611
4619
4633
4637
4641
4644
4645
4648
4652
4656
4661
4666
4667
4671
4673
4674
4679
4680
4683
4685
4689
4694
4695
4703
4709
4715
4717
4723
4725
4728
4729
4730
4745
4746
4747
4756
4760
4762
4777
4778
4789
4791
4793
4796
4797
4799
4804
4806
4808
4815
4820
4826
4827
4829
4832
4834
4842
4844
4847
4849
4850
4851
4854
4857
4860
4866
4876
4882
4888
4896
4900
4906
4909
4911
4912
4916
4918
4920
4921
4922
4929
4930
4933
4936
4938
4942
4943
4948
4950
4951
4959
4962
4965
4966
4968
4972
4975
4979
4981
4984
4986
4992
4998
5007
5010
5011
5016
5032
5036
5039
5041
5042
5043
5047
5048
5053
5054
5056
5057
5061
5065
5067
5069
5073
5074
5075
5090
5092
5095
5098
5099
5100
5101
5105
5106
5109
5114
5115
5122
5132
5140
5144
5145
5146
5149
5150
5152
5153
5154
5170
5172
5177
5179
5180
5183
5186
5188
5189
5194
5198
5200
5207
5211
5214
5229
5233
5237
5246
5248
5251
5256
5259
5266
5272
5273
5281
5284
5286
5289
5291
5296
5302
5305
5309
5324
5329
5330
5332
5336
5347
5349
5350
5351
5352
5361
5366
5367
5372
5375
5378
5381
5387
5390
5391
5393
5394
5399
5401
5402
5406
5414
5417
5421
5424
5427
5436
5439
5441
5442
5446
5448
5454
5455
5457
5463
5466
5468
5478
5479
5481
5485
5486
5492
5494
5495
5507
5509
5511
5512
5514
5515
5516
5518
5520
5521
5524
5529
5543
5548
5550
5551
5552
5560
5570
5572
5579
5590
5592
5598
5601
5602
5607
5609
5613
5624
5627
5634
5635
5639
5641
5643
5645
5646
5648
5649
5653
5654
5656
5658
5659
5662
5664
5665
5667
5670
5677
5678
5682
5687
5692
5698
5705
5707
5708
5709
5715
5716
5719
5720
5721
5722
5727
5729
5730
5733
5737
5739
5746
5754
5758
5761
5763
5765
5772
5775
5781
5782
5783
5787
5792
5810
5811
5812
5814
5817
5818
5820
5834
5845
5859
5860
5868
5877
5881
5894
5895
5898
5903
5904
5912
5915
5916
5918
5926
5928
5929
5940
5941
5944
5948
5950
5962
5963
5964
5968
5985
5991
5998
5999
6002
6003
6006
6014
6015
6020
6022
6024
6026
6027
6028
6033
6034
6039
6041
6047
6049
6052
6053
6055
6057
6058
6059
6060
6062
6068
6070
6071
6073
6074
6076
6079
6089
6091
6094
6095
6096
6098
6105
6108
6116
6126
6135
6139
6140
6148
6156
6166
6172
6173
6174
6179
6187
6188
6189
6190
6192
6202
6203
6205
6208
6213
6214
6218
6220
6229
6232
6233
6235
6238
6241
6243
6251
6255
6257
6259
6260
6277
6289
6294
6304
6307
6309
6313
6316
6317
6324
6325
6332
6338
6340
6344
6356
6357
6358
6359
6364
6368
6374
6375
6378
6379
6381
6386
6387
6388
6398
6405
6410
6412
6416
6418
6421
6427
6437
6438
6439
6443
6446
6449
6451
6452
6455
6465
6472
6478
6482
6493
6502
6508
6512
6513
6514
6519
6524
6529
6531
6540
6542
6547
6549
6551
6552
6560
6566
6569
6571
6572
6575
6580
6582
6586
6588
6589
6592
6593
6600
6605
6608
6610
6611
6621
6628
6639
6651
6653
6657
6659
6661
6665
6666
6667
6669
6672
6681
6683
6686
6689
6691
6693
6694
6697
6706
6710
6717
6729
6736
6739
6746
6747
6752
6754
6756
6762
6775
6776
6777
6782
6783
6785
6788
6791
6794
6795
6796
6802
6803
6804
6806
6807
6808
6813
6815
6819
6820
6822
6823
6829
6840
6842
6849
6851
6854
6862
6868
6870
6876
6881
6883
6885
6893
6898
6901
6906
6907
6913
6914
6916
6920
6922
6926
6927
6931
6938
6939
6941
6942
6947
6949
6959
6965
6972
6973
6976
6979
6983
6989
6990
6995
7003
7007
7009
7015
7027
7037
7038
7039
7043
7051
7053
7057
7065
7068
7085
7094
7095
7097
7102
7127
7131
7132
7136
7137
7144
7147
7151
7153
7157
7158
7161
7165
7167
7168
7172
7173
7174
7175
7179
7181
7183
7186
7189
7192
7200
7211
7212
7213
7219
7221
7230
7235
7239
7240
7241
7248
7250
7253
7255
7262
7264
7265
7266
7269
7271
7276
7281
7284
7286
7289
7290
7292
7310
7313
7318
7319
7323
7324
7329
7330
7334
7339
7341
7346
7358
7360
7362
7363
7365
7366
7367
7378
7379
7382
7388
7392
7393
7397
7410
7414
7415
7417
7419
7421
7424
7426
7428
7434
7439
7441
7447
7448
7449
7450
7453
7456
7458
7461
7462
7463
7470
7475
7480
7482
7490
7498
7501
7503
7506
7507
7511
7513
7514
7523
7524
7528
7547
7549
7553
7560
7564
7572
7574
7579
7586
7588
7603
7611
7612
7620
7625
7626
7628
7629
7630
7637
7644
7651
7654
7657
7664
7665
7670
7673
7677
7679
7680
7683
7690
7702
7703
7707
7708
7716
7719
7726
7730
7733
7735
7736
7737
7740
7742
7751
7757
7761
7763
7766
7769
7773
7774
7777
7779
7781
7791
7793
7795
7796
7800
7804
7805
7807
7811
7816
7821
7822
7823
7828
7831
7840
7841
7844
7845
7849
7852
7855
7859
7864
7865
7871
7873
7875
7877
7882
7889
7892
7896
7903
7905
7910
7913
7924
7925
7926
7928
7931
7932
7933
7935
7939
7946
7950
7954
7956
7957
7959
7960
7966
7973
7976
7977
7980
7982
7986
7987
7988
7992
7994
7998
8003
8006
8007
8008
8009
8010
8013
8014
8016
8027
8033
8036
8040
8044
8046
8052
8064
8068
8073
8081
8086
8089
8095
8100
8106
8108
8109
8113
8121
8122
8124
8128
8133
8134
8135
8144
8148
8157
8161
8162
8164
8171
8181
8182
8187
8190
8193
8196
8199
8202
8204
8205
8208
8209
8210
8213
8216
8221
8222
8223
8225
8229
8233
8234
8235
8239
8246
8247
8248
8249
8256
8258
8259
8260
8261
8263
8266
8267
8272
8279
8282
8283
8287
8290
8293
8298
8300
8301
8309
8310
8317
8318
8322
8324
8326
8327
8329
8333
8334
8336
8341
8349
8356
8357
8363
8366
8367
8368
8369
8371
8374
8378
8383
8387
8393
8395
8397
8398
8403
8404
8411
8412
8413
8415
8419
8423
8434
8446
8451
8454
8455
8458
8459
8462
8465
8468
8485
8486
8489
8491
8495
8499
8502
8505
8509
8511
8515
8518
8522
8531
8532
8533
8534
8538
8549
8550
8554
8565
8567
8569
8570
8574
8583
8592
8600
8604
8609
8610
8625
8628
8629
8631
8638
8640
8642
8644
8645
8647
8649
8652
8665
8666
8669
8676
8679
8680
8688
8698
8699
8700
8701
8704
8722
8724
8730
8742
8746
8750
8752
8754
8764
8769
8770
8778
8780
8782
8784
8799
8811
8818
8821
8822
8825
8838
8841
8850
8852
8853
8856
8862
8874
8891
8895
8897
8903
8904
8908
8911
8917
8924
8925
8926
8935
8944
8945
8950
8952
8965
8966
8969
8973
8974
8976
8977
8998
8999
9009
9010
9013
9015
9017
9019
9022
9028
9036
9040
9047
9049
9051
9052
9061
9066
9068
9070
9072
9073
9074
9084
9085
9099
9124
9133
9139
9141
9150
9151
9154
9163
9170
9172
9178
9181
9183
9189
9192
9194
9197
9206
9212
9215
9228
9236
9241
9247
9248
9251
9257
9276
9277
9284
9287
9288
9291
9294
9303
9305
9310
9312
9315
9318
9323
9324
9327
9332
9337
9346
9350
9351
9352
9356
9361
9366
9367
9369
9370
9371
9373
9376
9377
9383
9387
9401
9408
9411
9414
9418
9421
9425
9431
9433
9435
9436
9437
9438
9444
9447
9448
9450
9454
9460
9473
9475
9480
9481
9482
9485
9486
9489
9494
9495
9511
9512
9515
9516
9519
9524
9528
9531
9536
9537
9540
9542
9556
9557
9560
9579
9583
9584
9591
9592
9599
9604
9606
9607
9608
9621
9623
9627
9631
9637
9644
9647
9648
9651
9653
9654
9657
9658
9659
9666
9668
9672
9673
9679
9686
9693
9695
9696
9700
9701
9707
9710
9714
9717
9720
9721
9724
9728
9729
9731
9743
9752
9754
9756
9757
9758
9759
9762
9763
9774
9780
9781
9787
9792
9804
9812
9813
9815
9823
9824
9827
9828
9831
9846
9850
9864
9866
9867
9870
9887
9889
9897
9900
9906
9922
9930
9936
9938
9946
9953
9955
9956
9961
9963
9976
9980
9982
9983
9984
9985
9986
9987
9991
10002
10004
10008
10009
10010
10012
10015
10018
10019
10029
10031
10035
10037
10046
10053
10056
10058
10061
10062
10064
10065
10066
10068
10070
10073
10074
10077
10078
10079
10081
10082
10086
10087
10089
10091
10092
10093
10097
10104
10108
10112
10113
10119
10120
10123
10125
10128
10131
10133
10139
10145
10146
10152
10169
10170
10171
10172
10178
10180
10183
10186
10200
10204
10206
10209
10211
10221
10227
10229
10231
10234
10237
10239
10241
10245
10247
10249
10251
10255
10256
10259
10272
10274
10278
10280
10286
10289
10296
10299
10300
10302
10303
10304
10307
10308
10309
10310
10314
10315
10318
10323
10324
10325
10326
10339
10346
10350
10358
10359
10362
10371
10372
10375
10381
10387
10392
10399
10400
10403
10405
10409
10410
10416
10422
10425
10430
10431
10434
10436
10441
10445
10455
10457
10465
10466
10475
10476
10477
10479
10481
10488
10489
10493
10496
10503
10510
10515
10532
10537
10538
10541
10545
10547
10556
10560
10564
10573
10574
10580
10582
10591
10593
10597
10602
10604
10607
10611
10616
10618
10619
10622
10624
10634
10638
10650
10662
10664
10679
10682
10688
10712
10713
10714
10715
10716
10720
10721
10723
10729
10738
10741
10742
10756
10758
10759
10760
10761
10765
10766
10778
10779
10784
10785
10791
10792
10798
10800
10805
10809
10811
10814
10820
10823
10827
10832
10834
10842
10843
10844
10848
10850
10853
10855
10856
10858
10863
10871
10873
10874
10877
10879
10882
10888
10900
10903
10904
10911
10915
10916
10918
10921
10922
10924
10927
10932
10934
10940
10949
10950
10956
10961
10963
10965
10967
10968
10970
10980
10981
10985
10987
10989
10990
10991
10992
10997
10998
10999
11002
11007
11009
11010
11013
11017
11027
11029
11030
11032
11042
11046
11048
11050
11051
11053
11054
11055
11065
11075
11078
11088
11090
11091
11092
11098
11103
11110
11111
11114
11115
11126
11127
11128
11137
11138
11141
11144
11148
11150
11154
11155
11156
11158
11159
11161
11166
11169
11171
11173
11176
11181
11185
11188
11189
11191
11197
11200
11203
11205
11207
11209
11210
11218
11231
11232
11234
11239
11245
11246
11248
11255
11256
11261
11263
11276
11279
11283
11284
11285
11287
11288
11289
11293
11294
11295
11301
11306
11307
11316
11318
11330
11332
11333
11335
11336
11338
11350
11351
11355
11361
11363
11365
11366
11376
11388
11389
11392
11393
11397
11400
11402
11404
11411
11413
11414
11422
11430
11445
11451
11452
11456
11461
11471
11472
11474
11476
11480
11484
11486
11487
11491
11496
11497
11502
11503
11508
11510
11511
11513
11517
11524
11531
11533
11540
11544
11546
11548
11551
11552
11554
11564
11565
11567
11570
11573
11574
11580
11581
11587
11591
11592
11596
11597
11605
11607
11609
11613
11620
11623
11625
11628
11632
11639
11640
11641
11646
11650
11651
11653
11655
11658
11659
11660
11662
11665
11668
11674
11682
11683
11686
11698
11699
11704
11720
11721
11725
11729
11731
11733
11734
11737
11740
11742
11750
11752
11754
11758
11759
11761
11763
11768
11769
11770
11777
11779
11782
11783
11784
11785
11789
11795
11799
11800
11801
11802
11803
11807
11808
11813
11814
11816
11819
11820
11827
11830
11831
11833
11835
11837
11841
11842
11843
11844
11845
11851
11855
11859
11860
11862
11864
11868
11871
11878
11888
11892
11893
11895
11898
11899
11900
11901
11903
11906
11907
11908
11918
11921
11924
11926
11930
11931
11935
11939
11941
11942
11943
11944
11947
11953
11956
11964
11966
11967
11968
11975
11978
11981
11984
11987
11988
11990
11993
11996
11997
11999
12001
12004
12005
12006
12009
12017
12018
12019
12021
12023
12027
12028
12029
12031
12032
12036
12042
12044
12046
12048
12052
12058
12059
12060
12063
12064
12066
12067
12072
12073
12074
12076
12080
12082
12083
12085
12087
12088
12090
12091
12092
12095
12096
12097
12098
12105
12111
12112
12115
12118
12121
12127
12128
12132
12136
12139
12142
12145
12148
12150
12155
12156
12158
12160
12162
12170
12171
12172
12175
12180
12184
12185
12186
12187
12188
12191
12194
12196
12197
12198
12204
12207
12211
12214
12215
12227
12229
12230
12232
12234
12236
12237
12242
12243
12244
12246
12247
12249
12250
12251
12254
12256
12257
12263
12266
12268
12270
12276
12282
12283
12290
12291
12292
12295
12298
12300
12301
12302
12303
12305
12307
12308
12309
12311
12313
12315
12318
12320
12322
12323
12326
12328
12330
12332
12335
12341
12343
12344
12345
12346
12351
12353
12355
12357
12358
12360
12363
12366
12371
12374
12375
12376
12378
12379
12380
12381
12384
12391
12392
12393
12396
12407
12410
12411
12414
12417
12418
12419
12420
12422
12425
12428
12429
12431
12438
12443
12445
12448
12449
12451
12452
12453
12456
12458
12459
12463
12465
12473
12476
12480
12481
12483
12487
12489
12490
12492
12493
12497
12501
12502
12503
12505
12508
12512
12514
12524
12525
12530
12532
12534
12539
12540
12544
12545
12546
12550
12552
12558
12564
12567
12568
12569
12570
12573
12574
12576
12577
12579
12581
12582
12583
12586
12587
12589
12591
12592
12599
12600
12604
12606
12608
12609
12614
12618
12620
12621
12623
12627
12628
12629
12630
12631
12632
12635
12638
12642
12644
12645
12649
12650
12651
12656
12660
12661
12664
12665
12666
12670
12676
12684
12687
12689
12690
12691
12692
12693
12695
12698
12699
12702
12703
12707
12710
12711
12713
12715
12717
12719
12720
12721
12728
12732
12735
12737
12743
12744
12749
12750
12751
12752
12754
12759
12765
12773
12775
12776
12777
12778
12779
12781
12783
12784
12785
12786
12789
12791
12794
12795
12801
12803
12804
12809
12814
12817
12820
12821
12823
12827
12831
12832
12834
12842
12852
12854
12862
12863
12864
12865
12866
12868
12869
12877
12878
12879
12881
12883
12884
12887
12888
12896
12897
12902
12904
12910
12911
12919
12922
12924
12927
12928
12932
12933
12935
12936
12937
12945
12947
12948
12959
12960
12961
12965
12966
12971
12974
12976
12985
12986
12987
12988
12991
12992
12993
12997
12999
13004
13006
13007
13009
13012
13013
13014
13016
13023
13024
13026
13030
13031
13034
13040
13042
13052
13058
13062
13064
13065
13068
13071
13073
13075
13076
13078
13079
13081
13085
13086
13092
13094
13095
13100
13104
13111
13112
13113
13115
13125
13131
13133
13142
13143
13144
13150
13151
13154
13156
13159
13160
13163
13164
13165
13166
13170
13176
13177
13180
13183
13184
13187
13191
13195
13196
13197
13199
13200
13201
13204
13205
13207
13216
13219
13220
13222
13226
13232
13234
13235
13238
13241
13244
13245
13251
13260
13262
13267
13268
13272
13275
13276
13278
13281
13282
13284
13285
13286
13291
13295
13296
13298
13302
13304
13309
13310
13314
13315
13316
13317
13318
13319
13320
13322
13323
13324
13325
13326
13327
13328
13330
13331
13337
13339
13341
13342
13349
13352
13355
13357
13359
13360
13362
13364
13368
13369
13370
13371
13372
13373
13374
13375
13378
13381
13383
13389
13390
13396
13399
13406
13410
13412
13413
13416
13417
13423
13424
13427
13433
13438
13439
13440
13442
13444
13445
13446
13447
13451
13453
13456
13457
13458
13459
13462
13463
13466
13468
13470
13476
13480
13482
13484
13487
13489
13491
13498
13501
13503
13505
13509
13519
13527
13531
13533
13535
13536
13538
13539
13542
13543
13545
13546
13549
13550
13553
13555
13558
13559
13560
13561
13562
13567
13568
13569
13574
13577
13578
13584
13586
13588
13589
13590
13594
13595
13599
13600
13602
13605
13609
13614
13617
13623
13626
13628
13633
13639
13640
13642
13644
13646
13648
13651
13652
13660
13661
13662
13664
13670
13677
13680
13682
13691
13694
13697
13699
13704
13710
13713
13715
13721
13723
13724
13725
13729
13730
13732
13736
13737
13739
13740
13741
13743
13744
13749
13756
13758
13761
13763
13764
13765
13767
13768
13772
13774
13776
13789
13790
13793
13794
13796
13801
13804
13805
13806
13823
13825
13826
13827
13831
13838
13841
13847
13848
13849
13862
13863
13865
13868
13870
13877
13880
13886
13894
13895
13896
13903
13906
13910
13913
13914
13921
13924
13925
13927
13928
13932
13935
13937
13938
13943
13949
13951
13955
13956
13959
13966
13969
13971
13976
13977
13981
13997
14001
14002
14004
14006
14007
14010
14016
14021
14026
14029
14031
14039
14040
14043
14045
14049
14050
14057
14058
14062
14065
14067
14069
14072
14075
14082
14083
14086
14088
14091
14097
14099
14102
14104
14108
14110
14111
14114
14115
14118
14119
14120
14121
14122
14125
14127
14128
14134
14135
14137
14138
14139
14140
14142
14145
14147
14148
14153
14155
14160
14162
14166
14167
14169
14174
14176
14179
14180
14183
14184
14187
14190
14191
14193
14203
14208
14209
14213
14217
14220
14223
14224
14230
14233
14235
14236
14237
14238
14239
14244
14245
14247
14248
14249
14251
14253
14254
14257
14267
14270
14272
14275
14278
14279
14281
14283
14284
14291
14292
14301
14311
14313
14317
14322
14324
14326
14331
14334
14335
14336
14339
14345
14353
14360
14361
14362
14366
14367
14368
14370
14374
14382
14383
14392
14393
14397
14398
14403
14405
14406
14416
14417
14421
14423
14429
14430
14436
14447
14448
14451
14453
14455
14456
14457
14460
14462
14465
14470
14471
14474
14478
14482
14483
14486
14490
14491
14492
14494
14499
14500
14502
14510
14517
14520
14526
14532
14538
14542
14545
14547
14552
14553
14565
14567
14569
14571
14573
14585
14586
14590
14591
14592
14593
14598
14600
14604
14612
14613
14616
14619
14621
14626
14630
14631
14633
14638
14641
14655
14663
14665
14673
14693
14695
14697
14707
14708
14709
14712
14714
14715
14731
14738
14746
14747
14748
14749
14750
14762
14763
14765
14771
14776
14778
14783
14786
14790
14791
14795
14800
14816
14820
14821
14827
14829
14830
14831
14834
14838
14840
14841
14842
14845
14847
14855
14856
14857
14864
14865
14869
14870
14872
14878
14885
14887
14889
14891
14895
14905
14910
14914
14916
14919
14923
14933
14940
14941
14954
14955
14957
14958
14962
14970
14974
14976
14977
14979
14981
14983
14985
14986
14988
14991
14994
14995
14997
14998
14999
15005
15008
15010
15011
15016
15026
15031
15036
15041
15043
15062
15066
15068
15073
15080
15082
15084
15086
15087
15089
15095
15096
15098
15100
15101
15111
15113
15118
15121
15124
15125
15127
15134
15136
15138
15141
15147
15152
15155
15158
15162
15163
15164
15168
15169
15172
15175
15178
15181
15183
15188
15192
15193
15198
15200
15201
15204
15206
15208
15209
15211
15214
15216
15220
15221
15223
15226
15227
15228
15229
15230
15231
15232
15234
15235
15237
15244
15247
15248
15249
15251
15253
15254
15257
15261
15264
15269
15270
15277
15279
15282
15285
15287
15288
15289
15290
15292
15294
15296
15298
15304
15313
15318
15319
15325
15326
15329
15330
15335
15337
15346
15347
15350
15353
15356
15357
15365
15367
15368
15370
15374
15378
15382
15384
15387
15392
15394
15399
15414
15417
15418
15425
15426
15433
15435
15439
15441
15444
15445
15447
15449
15452
15458
15462
15463
15464
15466
15470
15474
15475
15478
15482
15483
15485
15486
15489
15490
15499
15502
15507
15508
15511
15513
15515
15516
15519
15520
15522
15527
15529
15532
15534
15536
15542
15545
15558
15559
15561
15562
15566
15571
15577
15578
15579
15581
15582
15583
15584
15585
15588
15595
15597
15600
15601
15607
15610
15613
15615
15620
15622
15626
15628
15630
15631
15633
15640
15647
15649
15652
15655
15657
15664
15666
15676
15677
15688
15689
15690
15692
15694
15695
15696
15698
15700
15708
15710
15711
15713
15715
15720
15721
15724
15728
15740
15745
15750
15756
15764
15766
15770
15772
15776
15779
15783
15784
15785
15789
15799
15803
15805
15809
15811
15816
15817
15818
15820
15824
15825
15826
15830
15833
15839
15844
15845
15851
15853
15854
15855
15858
15860
15861
15863
15866
15867
15878
15880
15882
15897
15899
15901
15904
15911
15915
15922
15923
15927
15934
15939
15940
15942
15944
15946
15953
15955
15957
15967
15970
15971
15979
15983
15986
15994
15999
16000
16003
16010
16011
16013
16019
16020
16024
16033
16037
16039
16040
16043
16048
16057
16059
16060
16069
16072
16078
16079
16083
16092
16095
16097
16098
16118
16132
16133
16134
16138
16140
16141
16143
16146
16147
16155
16157
16159
16173
16180
16184
16188
16191
16193
16197
16199
16200
16201
16202
16203
16204
16206
16208
16209
16211
16213
16218
16223
16225
16226
16232
16235
16238
16239
16242
16243
16244
16246
16247
16252
16254
16264
16268
16272
16277
16283
16290
16295
16299
16300
16308
16311
16314
16316
16318
16324
16326
16329
16336
16337
16346
16350
16351
16355
16363
16368
16370
16371
16375
16378
16388
16389
16402
16404
16412
16414
16416
16417
16421
16422
16425
16429
16431
16432
16433
16439
16440
16441
16445
16446
16451
16456
16458
16464
16466
16470
16471
16473
16476
16480
16486
16491
16493
16494
16497
16501
16506
16507
16509
16512
16518
16520
16524
16525
16526
16528
16532
16533
16538
16539
16541
16542
16547
16549
16561
16562
16564
16569
16570
16572
16575
16576
16580
16586
16592
16598
16600
16602
16610
16618
16620
16625
16626
16627
16630
16633
16634
16638
16642
16644
16648
16662
16665
16671
16672
16673
16677
16678
16683
16689
16692
16695
16702
16709
16710
16716
16719
16720
16725
16729
16736
16737
16743
16746
16747
16751
16752
16754
16755
16757
16758
16760
16762
16766
16768
16773
16774
16778
16795
16800
16811
16813
16818
16819
16820
16821
16823
16832
16837
16841
16847
16849
16865
16873
16886
16888
16893
16894
16897
16905
16911
16912
16915
16919
16922
16927
16931
16932
16937
16939
16943
16944
16952
16956
16957
16966
16967
16969
16970
16973
16983
16984
16998
17000
17002
17009
17010
17014
17015
17019
17024
17035
17038
17039
17041
17042
17053
17054
17055
17063
17066
17081
17086
17088
17093
17096
17102
17105
17107
17108
17111
17113
17121
17124
17126
17131
17132
17136
17145
17154
17157
17163
17178
17179
17184
17189
17193
17198
17199
17202
17204
17205
17208
17213
17214
17221
17226
17236
17237
17238
17239
17242
17244
17247
17250
17255
17257
17265
17277
17281
17283
17286
17294
17307
17308
17310
17312
17314
17315
17316
17319
17320
17323
17330
17331
17332
17333
17339
17341
17356
17361
17363
17366
17367
17368
17370
17376
17377
17379
17382
17383
17384
17385
17388
17395
17407
17409
17413
17419
17420
17421
17423
17425
17427
17433
17434
17435
17440
17447
17454
17459
17464
17478
17480
17481
17483
17485
17487
17488
17489
17490
17496
17501
17502
17503
17512
17513
17514
17515
17518
17519
17520
17521
17525
17528
17533
17534
17536
17540
17544
17545
17548
17553
17556
17560
17562
17563
17567
17570
17571
17573
17576
17582
17584
17588
17589
17599
17600
17606
17607
17610
17611
17614
17618
17632
17638
17640
17643
17644
17645
17646
17649
17652
17657
17661
17662
17674
17678
17681
17682
17686
17694
17699
17702
17703
17705
17707
17708
17711
17712
17716
17723
17728
17729
17731
17732
17750
17752
17753
17761
17762
17764
17770
17774
17775
17777
17778
17779
17780
17781
17786
17788
17789
17796
17798
17800
17805
17815
17817
17830
17850
17852
17854
17857
17865
17866
17877
17878
17888
17891
17893
17902
17903
17910
17925
17926
17927
17930
17946
17952
17955
17957
17958
17960
17969
17970
17983
17995
17998
18001
18005
18009
18011
18017
18018
18023
18025
18028
18031
18034
18050
18053
18065
18076
18083
18084
18090
18093
18102
18110
18113
18118
18119
18124
18128
18131
18134
18140
18144
18148
18153
18160
18164
18169
18173
18175
18176
18178
18179
18184
18185
18186
18202
18210
18219
18228
18231
18233
18238
18244
18246
18248
18249
18255
18257
18261
18262
18263
18268
18275
18276
18278
18281
18288
18290
18292
18301
18302
18306
18310
18311
18318
18319
18321
18329
18330
18333
18334
18339
18344
18354
18357
18370
18372
18374
18378
18380
18381
18384
18390
18395
18398
18407
18415
18417
18420
18422
18423
18427
18428
18433
18434
18436
18439
18452
18453
18454
18457
18460
18465
18471
18474
18491
18496
18497
18498
18504
18507
18508
18511
18512
18520
18521
18524
18530
18535
18547
18554
18557
18562
18563
18564
18570
18578
18581
18582
18584
18594
18596
18598
18601
18607
18609
18612
18618
18628
18634
18636
18638
18640
18641
18642
18645
18649
18656
18657
18659
18660
18662
18668
18670
18673
18678
18680
18686
18689
18703
18707
18714
18719
18722
18723
18725
18726
18730
18731
18733
18736
18741
18742
18745
18755
18759
18761
18762
18763
18767
18769
18774
18776
18780
18785
18786
18789
18797
18812
18828
18833
18853
18854
18856
18859
18863
18866
18868
18875
18878
18879
18891
18894
18900
18903
18904
18905
18910
18913
18915
18922
18930
18931
18932
18933
18952
18955
18960
18965
18966
18968
18971
18972
18978
18981
18983
18993
19011
19013
19016
19018
19023
19028
19033
19035
19040
19042
19047
19053
19061
19065
19066
19071
19078
19082
19084
19086
19088
19092
19096
19097
19099
19105
19106
19112
19117
19121
19125
19138
19141
19144
19162
19165
19172
19178
19185
19190
19198
19199
19201
19205
19206
19207
19212
19213
19214
19224
19226
19228
19230
19233
19241
19250
19252
19255
19259
19263
19268
19269
19274
19277
19278
19280
19283
19290
19293
19301
19302
19303
19309
19310
19311
19320
19327
19340
19353
19356
19360
19362
19372
19373
19388
19399
19413
19419
19430
19433
19435
19444
19449
19451
19459
19474
19481
19496
19508
19516
19517
19521
19525
19528
19530
19531
19544
19554
19556
19562
19563
19566
19589
19593
19605
19606
19615
19629
19637
19644
19668
19669
19673
19677
19678
19682
19688
19694
19718
19722
19724
19725
19731
19742
19753
19755
19762
19774
19776
19778
19780
19781
19788
19812
19816
19820
19824
19837
19838
19854
19863
19870
19872
19876
19880
19883
19885
19886
19895
19903
19912
19915
19922
19925
19939
19945
19951
19961
19966
19968
19983
19985
19994
19995
19999
20004
20007
20010
20014
20017
20024
20025
20027
20038
20039
20044
20045
20048
20050
20054
20065
20068
20070
20078
20085
20091
20096
20099
20103
20105
20120
20126
20130
20131
20132
20135
20136
20138
20141
20142
20145
20146
20155
20163
20165
20169
20171
20174
20179
20191
20202
20203
20209
20211
20220
20237
20240
20242
20247
20281
20282
20284
20291
20294
20296
20302
20303
20311
20312
20319
20326
20331
20334
20341
20345
20346
20347
20353
20356
20359
20363
20374
20375
20376
20379
20396
20398
20405
20406
20412
20421
20423
20429
20430
20434
20441
20443
20456
20457
20458
20463
20471
20477
20484
20485
20486
20487
20488
20493
20516
20523
20530
20534
20544
20554
20557
20576
20581
20582
20588
20596
20604
20607
20608
20610
20611
20616
20625
20632
20638
20653
20655
20658
20667
20670
20671
20675
20677
20692
20695
20702
20704
20712
20715
20724
20751
20759
20761
20768
20777
20780
20786
20789
20795
20796
20800
20805
20808
20810
20812
20819
20822
20823
20824
20834
20835
20852
20853
20856
20857
20862
20863
20867
20875
20884
20887
20898
20903
20904
20905
20911
20915
20918
20944
20945
20946
20956
20961
20962
20964
20971
20973
20977
20988
20992
21007
21013
21015
21020
21026
21055
21058
21061
21066
21073
21078
21080
21087
21089
21094
21095
21100
21107
21111
21118
21123
21134
21139
21156
21162
21165
21166
21172
21173
21177
21179
21180
21187
21192
21195
21197
21206
21212
21223
21232
21235
21246
21248
21254
21258
21260
21291
21301
21313
21319
21339
21342
21345
21357
21358
21361
21370
21371
21374
21376
21378
21379
21382
21397
21412
21413
21419
21438
21439
21445
21448
21456
21458
21464
21467
21468
21469
21485
21489
21490
21494
21507
21508
21510
21519
21522
21530
21538
21539
21544
21548
21554
21568
21570
21572
21579
21584
21591
21600
21614
21617
21628
21630
21633
21645
21651
21661
21662
21665
21674
21683
21694
21705
21708
21716
21719
21734
21735
21747
21753
21770
21782
21795
21796
21799
21810
21816
21818
21820
21837
21840
21849
21852
21857
21858
21863
21867
21880
21881
21889
21890
21901
21906
21908
21911
21913
21920
21926
21927
21930
21934
21955
21957
21966
21975
21981
21986
21987
21990
21995
21999
22014
22018
22020
22035
22036
22051
22053
22059
22071
22077
22085
22114
22129
22175
22179
22193
22194
22198
22204
22208
22209
22211
22222
22223
22225
22251
22260
22262
22276
22278
22280
22292
22293
22295
22296
22299
22314
22330
22352
22364
22365
22369
22378
22379
22382
22385
22390
22392
22396
22403
22408
22409
22417
22419
22425
22436
22440
22441
22449
22451
22456
22461
22464
22474
22480
22483
22488
22490
22492
22505
22509
22515
22521
22530
22537
22538
22542
22546
22547
22566
22568
22576
22582
22587
22591
22592
22599
22602
22610
22618
22635
22642
22643
22644
22655
22656
22668
22674
22686
22687
22688
22691
22714
22719
22720
22730
22745
22747
22749
22750
22765
22767
22781
22785
22789
22790
22801
22802
22806
22807
22811
22817
22821
22825
22828
22834
22835
22837
22840
22846
22853
22856
22860
22873
22881
22885
22890
22904
22910
22911
22917
22925
22932
22938
22947
22951
22967
22969
22975
22979
22980
22989
22990
22996
23006
23008
23017
23018
23031
23033
23042
23080
23090
23099
23104
23105
23129
23135
23144
23150
23152
23162
23164
23170
23172
23175
23179
23183
23189
23194
23202
23222
23233
23243
23246
23254
23255
23262
23279
23298
23305
23317
23344
23346
23350
23354
23358
23371
23391
23392
23393
23412
23434
23438
23441
23444
23450
23464
23478
23489
23493
23505
23525
23526
23531
23539
23560
23572
23579
23580
23585
23614
23617
23621
23642
23680
23718
23732
23735
23746
23750
23773
23784
23788
23808
23815
23828
23834
23837
23840
23845
23847
23859
23860
23864
23866
23875
23884
23901
23930
23934
23938
23950
23954
23958
23959
23972
23976
23986
23987
23993
23994
23996
23999
24013
24020
24026
24030
24039
24042
24046
24054
24056
24058
24066
24087
24093
24104
24118
24125
24128
24131
24135
24152
24174
24175
24177
24189
24204
24206
24208
24209
24211
24227
24229
24232
24244
24251
24264
24270
24274
24294
24301
24303
24308
24311
24323
24332
24336
24348
24351
24353
24369
24371
24380
24384
24385
24389
24402
24407
24410
24421
24423
24429
24431
24461
24464
24468
24525
24532
24542
24555
24556
24560
24564
24567
24568
24577
24711
24725
24733
24735
24737
24756
24780
24786
24800
24809
24847
24853
24861
24874
24891
24946
24949
24963
24984
25011
25017
25043
25055
25061
25072
25105
25108
25129
25139
25156
25175
25185
25196
25224
25232
25246
25266
25272
25280
25286
25305
25306
25318
25328
25332
25343
25350
25376
25394
25401
25405
25410
25417
25456
25466
25474
25490
25499
25512
25519
25532
25548
25553
25560
25574
25594
25597
25626
25628
25641
25644
25654
25656
25658
25699
25701
25706
25713
25724
25726
25751
25755
25769
25782
25789
25790
25797
25823
25841
25864
25876
25893
25915
25923
25945
25949
25952
25959
25968
25974
25995
26000
26030
26050
26053
26055
26058
26059
26085
26099
26102
26103
26119
26120
26139
26144
26154
26162
26177
26187
26193
26207
26214
26217
26218
26225
26257
26260
26262
26276
26332
26334
26359
26369
26380
26381
26397
26404
26423
26439
26446
26450
26472
26492
26503
26511
26525
26535
26546
26550
26561
26567
26570
26578
26584
26597
26600
26604
26605
26615
26626
26643
26644
26652
26699
26709
26712
26734
26739
26740
26752
26754
26790
26794
26796
26815
26819
26821
26827
26835
26838
26874
26885
26891
26901
26903
26909
26920
26926
26943
26960
26963
26968
26974
26977
26978
26990
26991
26998
27008
27010
27016
27025
27055
27063
27065
27073
27080
27102
27107
27145
27149
27151
27152
27154
27170
27180
27206
27208
27230
27245
27253
27277
27279
27282
27284
27297
27348
27353
27359
27362
27365
27366
27371
27403
27412
27445
27448
27449
27459
27481
27482
27489
27496
27500
27503
27510
27525
27527
27532
27533
27538
27539
27547
27581
27584
27598
27619
27622
27634
27635
27646
27647
27675
27686
27700
27730
27734
27753
27757
27788
27793
27797
27798
27815
27819
27837
27838
27839
27842
27852
27856
27858
27859
27870
27907
27926
27928
27942
27943
27944
27945
27949
27951
27977
27987
27989
27990
28008
28009
28025
28040
28048
28064
28066
28081
28082
28085
28096
28101
28111
28121
28127
28131
28138
28144
28145
28153
28173
28180
28185
28191
28194
28196
28217
28231
28257
28263
28265
28267
28269
28278
28287
28291
28313
28314
28322
28330
28339
28341
28388
28391
28399
28404
28405
28408
28411
28412
28420
28425
28439
28441
28445
28446
28460
28464
28468
28473
28494
28495
28497
28504
28512
28527
28530
28535
28538
28542
28556
28563
28576
28583
28584
28599
28632
28635
28644
28654
28673
28693
28702
28705
28707
28726
28732
28735
28753
28758
28763
28766
28768
28770
28772
28776
28783
28795
28801
28826
28839
28842
28867
28886
28898
28915
28916
28921
28923
28924
28925
28927
28932
28941
28943
28944
28951
28955
28958
28963
28970
28973
28976
28977
28979
28993
28996
29012
29013
29016
29032
29037
29048
29051
29062
29066
29075
29076
29102
29104
29106
29112
29118
29139
29141
29143
29150
29161
29170
29182
29184
29189
29198
29211
29222
29226
29232
29235
29238
29244
29249
29257
29258
29263
29264
29266
29267
29271
29281
29295
29301
29303
29311
29320
29323
29326
29331
29339
29343
29346
29352
29361
29362
29363
29370
29374
29379
29387
29397
29398
29400
29402
29405
29419
29422
29423
29438
29439
29447
29450
29454
29465
29468
29475
29487
29500
29501
29502
29522
29536
29549
29559
29567
29572
29577
29587
29600
29605
29607
29608
29651
29660
29668
29679
29681
29683
29697
29708
29711
29717
29721
29728
29730
29732
29734
29738
29740
29760
29764
29766
29768
29772
29777
29779
29790
29796
29797
29814
29821
29828
29832
29879
29883
29884
29890
29894
29895
29905
29913
29916
29919
29932
29942
29943
29945
29948
29950
29963
29969
29974
29976
29978
29981
29983
29993
30009
30011
30020
30023
30026
30028
30031
30049
30053
30055
30071
30072
30075
30077
30079
30082
30083
30089
30097
30098
30102
30108
30109
30117
30118
30120
30121
30125
30130
30131
30132
30150
30156
30168
30169
30177
30180
30196
30207
30213
30216
30220
30232
30255
30265
30272
30285
30288
30290
30314
30334
30356
30363
30370
30387
30390
30399
30400
30405
30411
30419
30421
30423
30433
30437
30439
30452
30454
30463
30468
30477
30478
30487
30488
30507
30521
30522
30540
30548
30553
30567
30582
30589
30591
30597
30614
30623
30626
30630
30632
30636
30638
30646
30650
30653
30655
30658
30660
30662
30664
30665
30673
30676
30678
30689
30691
30694
30697
30703
30712
30722
30726
30733
30743
30745
30748
30751
30763
30764
30772
30774
30776
30779
30780
30785
30789
30795
30816
30821
30832
30833
30835
30847
30851
30864
30868
30876
30882
30887
30892
30897
30901
30902
30905
30907
30908
30913
30914
30924
30927
30930
30946
30948
30949
30954
30956
30958
30976
30979
30982
30988
31007
31009
31013
31024
31033
31034
31035
31039
31040
31045
31051
31056
31058
31059
31066
31068
31072
31078
31079
31080
31082
31089
31097
31112
31120
31124
31126
31131
31132
31133
31135
31146
31157
31165
31171
31173
31174
31177
31179
31180
31184
31188
31199
31200
31205
31215
31223
31226
31242
31243
31246
31258
31264
31266
31267
31271
31280
31281
31282
31286
31287
31309
31317
31323
31327
31329
31344
31349
31365
31366
31367
31386
31391
31406
31412
31418
31428
31432
31434
31447
31454
31464
31468
31472
31473
31476
31477
31478
31485
31491
31492
31493
31498
31506
31515
31522
31527
31535
31547
31548
31552
31554
31562
31571
31592
31593
31594
31600
31601
31602
31612
31614
31615
31628
31633
31638
31642
31646
31647
31648
31649
31664
31675
31693
31694
31702
31726
31728
31729
31730
31734
31757
31764
31765
31766
31777
31781
31789
31790
31792
31794
31797
31810
31813
31815
31824
31826
31828
31840
31846
31849
31850
31861
31862
31865
31875
31881
31905
31911
31922
31936
31942
31945
31948
31970
31974
31985
31987
31989
31990
31992
31993
31996
31999
32002
32003
32007
32012
32022
32027
32037
32041
32052
32060
32062
32063
32064
32069
32075
32082
32083
32088
32090
32091
32093
32094
32098
32101
32109
32113
32117
32122
32136
32139
32148
32158
32160
32178
32194
32196
32197
32198
32199
32200
32202
32211
32212
32214
32227
32230
32232
32239
32240
32245
32253
32254
32255
32257
32261
32270
32274
32284
32285
32286
32288
32301
32303
32309
32315
32317
32319
32328
32350
32351
32357
32359
32360
32365
32366
32369
32371
32384
32388
32390
32408
32413
32417
32420
32424
32435
32439
32442
32448
32452
32454
32460
32464
32468
32475
32478
32484
32526
32529
32532
32536
32539
32542
32545
32559
32568
32577
32582
32584
32597
32605
32613
32628
32634
32635
32637
32638
32645
32659
32662
32668
32670
32672
32673
32674
32682
32691
32692
32704
32705
32706
32707
32713
32715
32716
32720
32727
32729
32733
32743
32745
32746
32756
32757
32758
32763
32769
32773
32774
32776
32780
32785
32799
32801
32803
32805
32806
32814
32819
32827
32828
32835
32842
32846
32852
32858
32860
32873
32889
32897
32912
32915
32919
32921
32932
32933
32940
32941
32948
32950
32954
32957
32958
32972
32980
32992
32999
33008
33019
33023
33024
33025
33026
33033
33038
33040
33049
33057
33058
33063
33066
33072
33081
33084
33086
33091
33098
33101
33116
33119
33121
33122
33124
33128
33130
33134
33139
33149
33150
33152
33154
33163
33171
33173
33184
33196
33204
33208
33214
33222
33232
33234
33237
33239
33243
33244
33247
33249
33254
33259
33261
33264
33267
33275
33276
33278
33282
33294
33303
33307
33308
33323
33345
33348
33358
33360
33361
33365
33385
33400
33405
33407
33408
33414
33421
33437
33443
33444
33445
33449
33455
33457
33462
33474
33475
33479
33485
33488
33491
33492
33493
33495
33498
33499
33505
33506
33513
33516
33529
33531
33537
33539
33545
33547
33555
33560
33562
33579
33584
33597
33598
33607
33608
33610
33615
33616
33617
33618
33620
33624
33627
33629
33634
33646
33649
33652
33654
33655
33659
33660
33672
33676
33682
33684
33692
33696
33710
33712
33720
33722
33724
33725
33730
33735
33740
33745
33746
33752
33760
33762
33764
33768
33769
33772
33776
33778
33783
33784
33786
33790
33793
33796
33797
33802
33814
33819
33820
33822
33825
33828
33831
33833
33836
33838
33839
33841
33845
33846
33850
33855
33858
33859
33861
33862
33863
33864
33866
33867
33869
33878
33879
33881
33882
33884
33885
33888
33891
33894
33895
33898
33900
33904
33912
33918
33920
33926
33927
33930
33936
33938
33941
33943
33944
33947
33948
33951
33955
33960
33965
33970
33976
33977
33979
33985
33992
33998
34000
34009
34014
34019
34020
34024
34025
34030
34031
34038
34039
34042
34053
34055
34059
34060
34062
34063
34067
34080
34081
34084
34085
34087
34088
34090
34091
34093
34095
34099
34100
34103
34105
34108
34112
34113
34116
34118
34119
34123
34126
34128
34131
34132
34133
34134
34135
34138
34146
34147
34148
34150
34151
34153
34155
34159
34161
34169
34170
34174
34178
34182
34184
34185
34187
34189
34194
34197
34208
34211
34216
34220
34224
34225
34227
34228
34233
34236
34240
34242
34246
34253
34255
34256
34257
34258
34262
34263
34264
34266
34267
34271
34274
34281
34283
34288
34289
34293
34294
34295
34297
34303
34304
34308
34311
34318
34321
34322
34323
34324
34331
34333
34334
34338
34339
34349
34355
34358
34360
34362
34366
34371
34377
34379
34383
34384
34389
34390
34391
34393
34395
34396
34398
34400
34401
34405
34411
34413
34416
34424
34425
34426
34427
34428
34429
34431
34432
34433
34434
34443
34444
34447
34448
34465
34467
34472
34478
34485
34487
34490
34492
34500
34505
34507
34508
34512
34516
34520
34522
34526
34527
34533
34535
34540
34541
34544
34556
34560
34584
34585
34587
34593
34600
34601
34622
34625
34636
34637
34641
34646
34650
34659
34671
34672
34679
34687
34691
34692
34693
34696
34700
34701
34705
34708
34713
34714
34717
34718
34719
34721
34722
34727
34730
34743
34744
34750
34752
34754
34756
34758
34759
34761
34774
34775
34791
34792
34800
34802
34809
34810
34812
34818
34825
34826
34827
34830
34836
34847
34849
34850
34851
34854
34856
34857
34859
34860
34864
34866
34868
34869
34871
34877
34878
34882
34899
34907
34909
34910
34914
34916
34918
34920
34922
34923
34924
34929
34941
34960
34964
34965
34971
34972
34976
34979
34988
34994
34995
34999
35003
35005
35031
35037
35042
35046
35048
35050
35052
35055
35056
35062
35063
35070
35074
35076
35082
35085
35086
35095
35099
35100
35104
35106
35112
35118
35122
35123
35129
35130
35139
35143
35145
35147
35148
35151
35154
35156
35163
35164
35167
35176
35178
35182
35191
35194
35199
35201
35203
35207
35210
35221
35223
35224
35225
35226
35230
35231
35232
35236
35237
35243
35245
35261
35262
35265
35272
35275
35279
35281
35286
35287
35293
35297
35303
35307
35308
35309
35310
35320
35328
35330
35334
35339
35353
35356
35357
35359
35362
35364
35374
35376
35378
35380
35382
35391
35398
35399
35400
35401
35402
35403
35404
35406
35407
35409
35412
35413
35415
35416
35417
35418
35424
35428
35431
35435
35438
35439
35440
35441
35444
35446
35447
35452
35459
35461
35462
35463
35470
35474
35480
35481
35482
35483
35484
35486
35489
35490
35507
35512
35514
35520
35522
35539
35541
35544
35545
35546
35547
35554
35563
35564
35566
35571
35572
35574
35575
35577
35579
35586
35589
35590
35591
35592
35594
35595
35611
35614
35621
35628
35633
35635
35637
35638
35639
35646
35647
35648
35649
35650
35661
35663
35667
35671
35673
35674
35676
35678
35682
35684
35685
35686
35691
35698
35704
35705
35706
35714
35717
35723
35725
35726
35727
35728
35729
35733
35734
35736
35737
35739
35741
35743
35744
35745
35749
35754
35761
35763
35765
35769
35771
35775
35777
35779
35781
35782
35783
35785
35788
35789
35793
35798
35809
35812
35813
35823
35826
35828
35837
35840
35842
35844
35850
35853
35854
35856
35860
35861
35862
35864
35867
35868
35874
35875
35876
35877
35879
35884
35885
35889
35891
35892
35896
35897
35903
35904
35913
35925
35927
35929
35935
35937
35943
35946
35951
35956
35957
35960
35961
35970
35972
35976
35977
35983
35993
35994
36002
36005
36007
36010
36018
36025
36037
36038
36043
36045
36049
36052
36056
36058
36069
36070
36072
36073
36075
36077
36081
36085
36086
36090
36099
36103
36107
36110
36111
36113
36114
36117
36120
36125
36127
36137
36143
36149
36150
36153
36158
36162
36165
36166
36173
36185
36193
36197
36201
36204
36208
36213
36216
36222
36223
36224
36232
36233
36241
36243
36253
36260
36262
36269
36279
36287
36294
36304
36308
36310
36311
36317
36318
36320
36324
36325
36347
36349
36355
36356
36359
36362
36364
36366
36369
36375
36378
36382
36384
36387
36391
36395
36396
36404
36410
36411
36412
36418
36419
36422
36428
36429
36430
36431
36434
36443
36447
36461
36462
36470
36471
36478
36481
36482
36489
36492
36496
36501
36502
36503
36504
36505
36506
36508
36513
36515
36521
36522
36525
36528
36530
36531
36533
36534
36537
36540
36542
36545
36547
36557
36561
36562
36565
36567
36568
36569
36573
36574
36575
36576
36581
36586
36588
36590
36599
36603
36604
36608
36610
36611
36612
36613
36621
36624
36632
36637
36639
36642
36644
36646
36652
36653
36657
36660
36661
36663
36665
36666
36667
36668
36671
36678
36682
36696
36697
36698
36713
36717
36723
36726
36733
36734
36735
36744
36745
36750
36753
36754
36757
36759
36765
36770
36771
36778
36780
36783
36791
36792
36809
36810
36811
36813
36819
36821
36828
36837
36839
36845
36846
36858
36869
36871
36877
36881
36885
36897
36898
36899
36907
36909
36911
36915
36920
36927
36928
36931
36933
36935
36937
36942
36943
36944
36949
36951
36952
36958
36963
36965
36970
36972
36973
36979
36987
36988
36993
36995
37005
37014
37015
37019
37020
37026
37027
37033
37034
37035
37037
37046
37047
37048
37054
37062
37063
37064
37067
37069
37070
37071
37073
37075
37076
37082
37085
37089
37093
37097
37102
37106
37107
37110
37113
37114
37118
37119
37121
37130
37132
37138
37139
37140
37142
37147
37148
37149
37152
37153
37158
37160
37167
37176
37180
37186
37187
37188
37196
37198
37200
37202
37204
37206
37209
37211
37231
37238
37240
37243
37244
37248
37249
37251
37254
37256
37257
37263
37271
37273
37282
37287
37300
37305
37313
37315
37319
37320
37323
37332
37345
37346
37352
37353
37361
37362
37370
37371
37384
37392
37400
37401
37402
37403
37405
37409
37421
37422
37435
37439
37442
37444
37454
37458
37461
37462
37464
37473
37481
37485
37489
37491
37499
37504
37510
37512
37515
37518
37525
37533
37539
37543
37547
37554
37566
37574
37575
37582
37587
37589
37590
37591
37595
37604
37607
37613
37620
37621
37624
37630
37631
37634
37635
37638
37640
37643
37644
37645
37651
37653
37654
37657
37659
37662
37666
37667
37669
37670
37679
37680
37681
37694
37695
37707
37709
37712
37717
37722
37724
37727
37728
37745
37748
37749
37750
37754
37756
37757
37758
37760
37762
37764
37769
37770
37772
37778
37787
37788
37792
37794
37795
37796
37798
37801
37802
37804
37807
37808
37809
37812
37816
37817
37821
37824
37826
37830
37833
37835
37836
37838
37841
37843
37845
37848
37849
37853
37855
37862
37866
37867
37868
37869
37870
37872
37873
37875
37879
37880
37883
37888
37891
37896
37897
37898
37906
37908
37909
37914
37916
37917
37921
37924
37925
37926
37928
37931
37932
37933
37935
37936
37940
37941
37943
37945
37948
37949
37950
37953
37956
37958
37961
37963
37965
37967
37971
37974
37976
37979
37986
37987
37989
37990
37993
37994
37995
37998
38006
38008
38010
38011
38014
38017
38021
38026
38029
38031
38034
38036
38038
38040
38041
38042
38046
38048
38052
38057
38071
38074
38079
38080
38083
38084
38085
38087
38091
38093
38097
38099
38102
38103
38104
38105
38106
38108
38111
38113
38115
38118
38123
38127
38131
38134
38142
38146
38152
38156
38160
38163
38164
38165
38166
38167
38168
38170
38171
38172
38174
38179
38182
38189
38190
38192
38194
38199
38200
38201
38206
38207
38209
38214
38215
38218
38224
38226
38227
38230
38248
38251
38255
38264
38266
38270
38272
38273
38276
38277
38279
38281
38282
38283
38284
38285
38286
38288
38293
38298
38300
38301
38304
38306
38307
38310
38311
38312
38314
38315
38318
38319
38320
38322
38325
38326
38327
38334
38335
38337
38338
38341
38344
38350
38357
38361
38362
38363
38364
38368
38370
38371
38375
38381
38384
38385
38386
38389
38392
38395
38404
38409
38413
38414
38415
38416
38417
38432
38440
38443
38445
38447
38448
38452
38454
38456
38457
38462
38463
38470
38473
38474
38478
38479
38480
38483
38487
38490
38496
38498
38501
38503
38504
38505
38509
38511
38512
38513
38515
38518
38519
38523
38525
38532
38535
38536
38539
38540
38543
38549
38553
38555
38558
38563
38565
38569
38572
38574
38578
38579
38581
38585
38586
38587
38590
38591
38598
38601
38602
38604
38606
38609
38610
38615
38616
38618
38624
38625
38632
38634
38635
38637
38639
38643
38644
38648
38651
38652
38656
38660
38666
38668
38669
38670
38672
38673
38675
38677
38684
38687
38689
38693
38707
38715
38716
38721
38723
38724
38727
38729
38732
38741
38743
38746
38747
38748
38749
38750
38751
38753
38754
38756
38757
38762
38763
38764
38765
38767
38769
38771
38774
38776
38777
38778
38780
38782
38784
38788
38789
38790
38792
38797
38798
38799
38802
38804
38805
38806
38807
38809
38810
38811
38812
38813
38815
38818
38820
38823
38826
38828
38833
38838
38848
38849
38854
38855
38861
38864
38867
38870
38873
38881
38882
38889
38895
38899
38903
38904
38910
38912
38916
38917
38919
38921
38923
38932
38934
38938
38942
38944
38950
38953
38955
38962
38963
38974
38976
38981
38982
38983
38985
38989
38990
38994
38996
38997
39001
39002
39004
39006
39015
39016
39029
39030
39031
39032
39036
39037
39039
39041
39045
39047
39048
39051
39057
39059
39060
39063
39065
39069
39070
39077
39078
39083
39090
39091
39093
39095
39096
39097
39099
39100
39101
39104
39106
39109
39110
39112
39113
39114
39116
39117
39118
39120
39122
39124
39127
39128
39129
39130
39131
39132
39134
39138
39149
39153
39154
39156
39161
39162
39163
39164
39165
39166
39167
39175
39179
39180
39183
39185
39188
39191
39196
39202
39203
39204
39207
39209
39210
39211
39212
39218
39225
39226
39231
39233
39234
39239
39240
39241
39244
39248
39251
39257
39259
39263
39264
39265
39268
39269
39270
39272
39273
39274
39283
39284
39285
39289
39292
39293
39295
39303
39305
39307
39312
39313
39314
39321
39324
39325
39327
39328
39330
39333
39337
39340
39341
39348
39351
39353
39357
39358
39360
39361
39363
39364
39366
39368
39372
39373
39376
39377
39378
39379
39381
39386
39389
39390
39391
39395
39397
39401
39403
39407
39409
39414
39415
39417
39418
39421
39423
39427
39429
39430
39431
39433
39434
39445
39452
39454
39455
39458
39460
39461
39466
39468
39469
39475
39477
39480
39481
39482
39484
39486
39487
39491
39492
39494
39496
39497
39500
39502
39503
39507
39508
39514
39516
39518
39522
39526
39528
39529
39530
39536
39538
39541
39542
39546
39547
39548
39551
39553
39555
39559
39561
39562
39564
39570
39573
39574
39576
39581
39582
39586
39592
39595
39596
39597
39605
39606
39609
39610
39617
39622
39626
39631
39633
39636
39648
39653
39662
39663
39664
39665
39680
39681
39687
39688
39689
39692
39697
39700
39703
39706
39713
39714
39718
39727
39731
39740
39743
39751
39758
39759
39769
39774
39780
39783
39788
39790
39792
39793
39795
39797
39802
39811
39816
39822
39824
39825
39827
39833
39834
39836
39837
39838
39839
39840
39843
39851
39853
39864
39868
39869
39871
39876
39881
39884
39886
39889
39893
39894
39896
39902
39904
39905
39906
39908
39915
39917
39918
39926
39930
39931
39935
39936
39940
39945
39949
39950
39953
39956
39957
39963
39967
39968
39971
39980
39990
39992
39995
39996
39997
39999
40005
40006
40007
40008
40016
40020
40023
40029
40033
40034
40035
40036
40037
40039
40041
40048
40050
40057
40060
40062
40070
40072
40075
40076
40079
40093
40109
40112
40115
40121
40123
40124
40125
40128
40133
40134
40135
40137
40139
40152
40155
40158
40163
40164
40168
40170
40178
40179
40183
40189
40199
40205
40211
40213
40215
40220
40225
40226
40233
40235
40243
40251
40253
40255
40256
40262
40263
40264
40265
40269
40272
40281
40282
40283
40286
40288
40292
40294
40295
40297
40299
40302
40304
40308
40309
40311
40315
40317
40319
40323
40325
40327
40329
40330
40331
40333
40335
40336
40341
40342
40347
40348
40350
40352
40354
40355
40358
40360
40366
40373
40375
40381
40383
40384
40385
40386
40395
40398
40400
40407
40408
40409
40410
40412
40413
40415
40422
40423
40427
40429
40432
40433
40434
40436
40437
40438
40441
40443
40446
40447
40451
40453
40457
40458
40466
40467
40475
40482
40484
40489
40490
40492
40499
40500
40502
40505
40507
40509
40510
40513
40519
40521
40524
40537
40538
40544
40545
40546
40550
40555
40557
40558
40561
40574
40577
40586
40587
40593
40600
40602
40606
40607
40619
40622
40628
40633
40642
40646
40654
40659
40661
40662
40666
40672
40679
40680
40684
40687
40688
40690
40693
40694
40697
40698
40713
40716
40722
40723
40730
40734
40742
40745
40747
40749
40751
40757
40768
40772
40774
40777
40781
40782
40787
40791
40797
40804
40830
40838
40843
40846
40850
40851
40858
40859
40866
40867
40871
40876
40880
40884
40888
40891
40893
40897
40898
40899
40901
40902
40910
40916
40917
40924
40925
40927
40928
40934
40935
40936
40941
40942
40943
40951
40953
40965
40968
40969
40971
40973
40975
40976
40982
40986
40991
40992
40996
40997
41001
41007
41011
41013
41020
41021
41022
41024
41026
41030
41043
41048
41052
41055
41063
41069
41080
41086
41090
41100
41107
41108
41114
41115
41123
41132
41135
41139
41140
41150
41156
41158
41162
41168
41175
41182
41183
41185
41186
41193
41200
41201
41202
41204
41205
41209
41211
41213
41217
41218
41219
41227
41229
41231
41234
41235
41243
41248
41250
41251
41256
41258
41261
41271
41272
41279
41280
41281
41283
41290
41294
41297
41302
41307
41314
41318
41321
41322
41323
41324
41331
41333
41341
41350
41352
41354
41357
41358
41359
41369
41370
41371
41378
41384
41385
41389
41407
41410
41411
41420
41423
41428
41429
41441
41444
41445
41450
41452
41453
41454
41457
41460
41473
41477
41478
41482
41488
41493
41498
41499
41500
41502
41505
41506
41507
41510
41511
41514
41520
41521
41529
41530
41531
41532
41536
41538
41539
41540
41547
41550
41551
41552
41554
41558
41561
41566
41569
41575
41578
41579
41581
41586
41592
41594
41599
41600
41606
41611
41615
41620
41628
41630
41632
41633
41638
41643
41644
41646
41647
41648
41653
41656
41661
41668
41670
41672
41678
41681
41688
41689
41690
41693
41704
41707
41710
41712
41714
41717
41728
41730
41732
41737
41738
41741
41744
41755
41757
41759
41760
41764
41767
41769
41774
41776
41777
41779
41786
41788
41789
41791
41793
41795
41799
41800
41803
41805
41807
41811
41814
41816
41817
41818
41821
41822
41830
41833
41836
41840
41843
41848
41851
41854
41855
41860
41861
41862
41863
41864
41870
41872
41880
41881
41882
41885
41887
41890
41891
41893
41904
41913
41916
41930
41933
41934
41937
41938
41943
41944
41945
41947
41951
41956
41957
41962
41965
41967
41973
41975
41977
41979
41982
41983
41984
41985
41987
41990
41992
41997
41998
42001
42009
42010
42011
42014
42025
42029
42035
42038
42046
42050
42052
42058
42064
42065
42068
42069
42071
42072
42074
42077
42083
42087
42091
42094
42096
42107
42112
42117
42129
42137
42147
42148
42152
42154
42155
42160
42165
42171
42173
42178
42185
42189
42190
42191
42196
42197
42206
42207
42208
42213
42215
42225
42230
42233
42242
42249
42259
42264
42268
42272
42273
42279
42280
42292
42306
42307
42319
42320
42321
42325
42326
42336
42337
42344
42346
42352
42356
42357
42358
42362
42364
42370
42375
42376
42383
42384
42385
42391
42392
42393
42394
42395
42401
42404
42410
42411
42412
42413
42421
42427
42441
42442
42443
42444
42445
42448
42450
42456
42465
42467
42473
42475
42482
42487
42493
42494
42495
42503
42510
42511
42512
42514
42517
42519
42522
42524
42525
42527
42528
42536
42547
42549
42553
42562
42563
42565
42566
42571
42578
42589
42590
42591
42593
42594
42595
42600
42601
42602
42609
42612
42619
42629
42634
42636
42637
42639
42649
42654
42658
42673
42676
42678
42679
42681
42686
42693
42695
42697
42699
42706
42707
42709
42710
42716
42717
42719
42721
42723
42729
42731
42737
42738
42739
42740
42743
42750
42751
42753
42758
42763
42764
42766
42772
42778
42798
42800
42801
42804
42806
42807
42808
42810
42815
42816
42818
42819
42821
42830
42836
42842
42849
42850
42851
42856
42858
42862
42864
42873
42875
42877
42882
42887
42894
42896
42897
42898
42901
42902
42906
42907
42920
42921
42923
42925
42940
42943
42945
42947
42958
42960
42963
42969
42972
42973
42974
42975
42984
42986
42987
42988
42989
42992
42995
42996
43002
43003
43005
43008
43016
43020
43022
43026
43027
43029
43037
43039
43040
43041
43042
43050
43059
43060
43065
43069
43071
43072
43075
43076
43081
43089
43093
43096
43103
43107
43108
43109
43111
43113
43123
43129
43131
43133
43138
43142
43147
43149
43151
43161
43163
43166
43167
43169
43172
43176
43179
43182
43186
43187
43190
43192
43198
43199
43201
43202
43203
43204
43208
43213
43214
43216
43220
43224
43233
43235
43244
43246
43250
43252
43254
43256
43259
43265
43271
43272
43276
43278
43279
43282
43287
43288
43293
43300
43301
43303
43305
43308
43309
43313
43315
43316
43318
43320
43322
43324
43326
43327
43328
43334
43343
43349
43353
43354
43362
43363
43365
43367
43368
43370
43374
43376
43377
43378
43379
43381
43384
43387
43388
43390
43395
43397
43399
43402
43404
43406
43408
43410
43413
43414
43415
43416
43424
43426
43430
43436
43440
43442
43445
43448
43452
43460
43461
43464
43466
43467
43469
43473
43474
43476
43487
43488
43489
43490
43492
43493
43496
43498
43503
43507
43509
43515
43516
43517
43518
43519
43522
43525
43527
43531
43534
43535
43542
43544
43548
43550
43556
43560
43565
43569
43575
43577
43579
43580
43581
43584
43586
43589
43590
43592
43597
43601
43602
43603
43606
43608
43621
43624
43626
43627
43629
43630
43632
43633
43635
43640
43641
43656
43658
43661
43664
43666
43668
43675
43679
43680
43688
43692
43696
43697
43698
43702
43703
43705
43706
43707
43709
43713
43717
43719
43723
43724
43735
43737
43738
43747
43753
43756
43760
43762
43766
43767
43770
43772
43775
43776
43777
43778
43781
43782
43786
43788
43789
43797
43798
43811
43813
43815
43818
43820
43826
43829
43830
43835
43845
43848
43852
43854
43864
43869
43877
43881
43886
43888
43889
43890
43895
43898
43899
43903
43911
43913
43917
43920
43923
43924
43928
43930
43934
43940
43941
43942
43943
43944
43955
43957
43961
43968
43970
43973
43977
43979
43980
43983
43985
43988
43989
43990
43997
44003
44004
44005
44014
44019
44022
44023
44027
44031
44036
44039
44052
44053
44055
44056
44059
44064
44067
44072
44076
44077
44081
44086
44090
44094
44100
44105
44107
44108
44109
44110
44114
44117
44120
44122
44124
44125
44129
44130
44134
44140
44141
44149
44152
44153
44162
44163
44164
44169
44173
44175
44185
44195
44210
44213
44225
44226
44235
44238
44242
44246
44249
44253
44255
44260
44270
44273
44274
44278
44281
44292
44301
44303
44309
44313
44314
44322
44336
44337
44338
44346
44348
44352
44355
44358
44373
44384
44385
44387
44390
44394
44395
44396
44414
44416
44417
44421
44424
44427
44428
44429
44437
44441
44443
44450
44452
44455
44458
44461
44466
44467
44470
44471
44474
44475
44476
44477
44478
44485
44488
44489
44490
44491
44495
44496
44499
44502
44507
44510
44518
44519
44523
44525
44531
44536
44544
44545
44547
44548
44551
44555
44556
44558
44561
44567
44569
44573
44577
44580
44581
44586
44587
44594
44598
44602
44605
44608
44609
44610
44612
44614
44627
44630
44632
44635
44636
44639
44649
44656
44660
44667
44670
44672
44675
44677
44685
44688
44692
44700
44706
44707
44710
44718
44725
44730
44732
44734
44740
44748
44751
44765
44766
44772
44773
44777
44786
44789
44795
44799
44815
44817
44818
44820
44821
44825
44835
44836
44837
44844
44857
44869
44871
44872
44873
44874
44876
44880
44883
44887
44889
44891
44893
44894
44895
44896
44897
44899
44900
44902
44910
44918
44928
44930
44932
44933
44941
44943
44945
44949
44950
44953
44954
44956
44964
44968
44971
44973
44977
44984
44991
44994
44998
44999
45001
45008
45019
45020
45022
45033
45034
45039
45041
45045
45055
45057
45060
45066
45069
45076
45084
45085
45090
45091
45095
45096
45097
45099
45109
45110
45112
45113
45114
45115
45116
45119
45124
45128
45138
45139
45144
45150
45151
45156
45162
45163
45174
45178
45187
45192
45196
45198
45201
45202
45207
45213
45216
45224
45225
45228
45230
45231
45233
45238
45239
45251
45254
45255
45260
45264
45265
45268
45269
45280
45288
45290
45292
45296
45297
45304
45319
45328
45330
45332
45334
45336
45340
45342
45344
45345
45346
45348
45352
45382
45383
45387
45391
45407
45415
45416
45418
45423
45431
45433
45434
45437
45440
45450
45457
45458
45459
45461
45477
45478
45479
45481
45488
45492
45497
45499
45502
45504
45510
45521
45524
45527
45532
45536
45555
45559
45561
45562
45568
45574
45576
45577
45579
45582
45588
45593
45600
45601
45608
45619
45628
45636
45640
45643
45644
45651
45652
45657
45659
45662
45664
45672
45673
45674
45675
45676
45677
45684
45685
45687
45688
45690
45692
45712
45715
45718
45720
45721
45725
45727
45739
45742
45743
45753
45758
45760
45761
45765
45774
45777
45783
45784
45801
45804
45809
45812
45813
45815
45816
45818
45819
45823
45827
45828
45829
45834
45837
45838
45844
45846
45848
45849
45854
45855
45856
45858
45865
45866
45867
45870
45878
45884
45890
45896
45899
45902
45915
45920
45928
45929
45935
45937
45943
45950
45956
45960
45963
45965
45972
45982
45984
45985
45990
45995
45996
46000
46002
46004
46006
46008
46011
46020
46022
46023
46024
46026
46030
46033
46037
46043
46052
46054
46061
46070
46073
46078
46087
46102
46106
46110
46113
46115
46125
46130
46132
46138
46140
46141
46146
46152
46153
46158
46159
46166
46179
46182
46184
46187
46190
46191
46193
46197
46211
46216
46217
46219
46220
46222
46224
46232
46236
46237
46239
46243
46244
46248
46250
46252
46262
46264
46269
46278
46282
46285
46290
46294
46310
46319
46324
46328
46341
46343
46345
46355
46356
46360
46368
46371
46375
46379
46386
46389
46390
46391
46393
46396
46397
46400
46411
46412
46413
46415
46420
46423
46427
46428
46431
46435
46437
46439
46442
46444
46446
46449
46453
46458
46464
46466
46467
46468
46475
46489
46494
46496
46502
46503
46504
46505
46510
46516
46524
46525
46528
46550
46556
46563
46569
46571
46573
46575
46583
46584
46585
46587
46591
46593
46606
46613
46624
46633
46634
46639
46641
46644
46645
46650
46658
46661
46672
46679
46681
46684
46690
46701
46703
46706
46707
46712
46714
46715
46717
46722
46726
46732
46735
46736
46740
46744
46746
46757
46758
46763
46766
46767
46769
46773
46782
46784
46798
46803
46805
46806
46811
46814
46816
46825
46830
46831
46832
46833
46837
46838
46839
46842
46843
46848
46849
46855
46865
46877
46879
46880
46881
46882
46885
46887
46888
46890
46894
46898
46901
46902
46903
46904
46908
46910
46917
46923
46924
46931
46932
46938
46939
46942
46952
46953
46963
46966
46967
46970
46974
46980
46984
46985
46996
46998
47006
47016
47019
47020
47021
47023
47025
47027
47034
47039
47051
47053
47055
47062
47064
47067
47068
47071
47076
47077
47079
47084
47089
47090
47091
47100
47102
47104
47106
47107
47111
47121
47123
47132
47134
47135
47136
47142
47144
47145
47146
47149
47150
47162
47165
47166
47171
47172
47174
47178
47179
47183
47186
47188
47196
47197
47209
47210
47221
47222
47228
47232
47242
47248
47251
47253
47263
47267
47269
47273
47275
47284
47285
47295
47297
47298
47302
47303
47311
47319
47320
47321
47327
47330
47332
47333
47334
47335
47339
47341
47344
47353
47355
47356
47357
47359
47360
47361
47362
47370
47373
47375
47377
47381
47390
47398
47399
47400
47409
47412
47414
47420
47426
47427
47428
47430
47439
47447
47448
47451
47459
47472
47473
47483
47486
47490
47499
47501
47502
47503
47504
47507
47514
47516
47522
47528
47529
47534
47536
47543
47553
47556
47557
47560
47561
47564
47572
47574
47576
47577
47582
47590
47593
47597
47604
47614
47616
47617
47618
47619
47623
47624
47626
47631
47634
47645
47651
47652
47655
47657
47660
47661
47664
47665
47671
47673
47674
47678
47680
47683
47684
47686
47687
47691
47699
47701
47705
47708
47711
47714
47720
47721
47726
47728
47729
47730
47741
47742
47744
47748
47749
47751
47753
47758
47759
47765
47766
47782
47783
47790
47791
47799
47802
47803
47805
47807
47810
47813
47820
47821
47839
47842
47845
47846
47849
47854
47860
47867
47873
47874
47876
47877
47878
47879
47881
47883
47889
47890
47892
47894
47895
47905
47906
47907
47908
47914
47915
47917
47920
47921
47924
47925
47932
47934
47935
47937
47938
47946
47949
47958
47963
47964
47976
47979
47989
47991
47993
47999
48000
48003
48007
48008
48010
48012
48018
48020
48026
48029
48031
48039
48041
48043
48046
48047
48051
48055
48056
48065
48068
48069
48071
48072
48075
48090
48093
48098
48099
48100
48103
48105
48109
48110
48111
48112
48113
48114
48117
48119
48130
48131
48134
48138
48142
48147
48148
48159
48162
48165
48171
48172
48173
48175
48180
48188
48190
48191
48197
48199
48202
48205
48208
48213
48217
48222
48230
48231
48232
48235
48238
48244
48248
48249
48250
48255
48273
48278
48287
48290
48294
48299
48300
48307
48310
48317
48321
48323
48325
48329
48331
48334
48335
48336
48339
48341
48350
48351
48352
48356
48358
48361
48362
48365
48370
48381
48384
48387
48388
48389
48399
48401
48404
48408
48412
48419
48422
48425
48426
48429
48431
48443
48447
48448
48450
48451
48452
48459
48463
48465
48467
48471
48472
48473
48474
48484
48486
48488
48490
48492
48495
48502
48503
48507
48508
48509
48514
48517
48519
48523
48527
48530
48533
48534
48538
48544
48546
48547
48557
48558
48562
48563
48566
48567
48570
48576
48577
48579
48583
48586
48589
48591
48593
48595
48601
48608
48609
48611
48618
48622
48627
48628
48630
48633
48634
48635
48648
48651
48653
48657
48659
48661
48662
48663
48664
48669
48675
48681
48687
48699
48707
48708
48712
48715
48716
48718
48719
48722
48724
48729
48731
48733
48736
48737
48742
48745
48746
48751
48753
48756
48764
48771
48775
48779
48783
48786
48788
48801
48803
48805
48807
48809
48812
48815
48826
48827
48830
48831
48832
48833
48835
48839
48840
48842
48844
48848
48852
48856
48861
48866
48873
48875
48878
48880
48881
48889
48890
48891
48898
48902
48907
48909
48914
48918
48919
48920
48924
48931
48936
48937
48941
48945
48948
48949
48953
48955
48957
48958
48971
48972
48974
48975
48976
48978
48979
48984
48990
48993
48994
48996
48997
49001
49002
49003
49007
49011
49012
49021
49025
49028
49032
49036
49038
49047
49052
49056
49058
49059
49061
49069
49070
49077
49080
49089
49090
49093
49095
49096
49102
49104
49105
49111
49113
49116
49121
49123
49124
49128
49130
49131
49134
49140
49141
49142
49143
49153
49156
49158
49174
49175
49176
49178
49187
49188
49191
49199
49202
49205
49208
49210
49215
49222
49223
49225
49228
49233
49236
49238
49241
49243
49250
49253
49254
49259
49261
49262
49269
49273
49275
49276
49278
49279
49286
49295
49296
49308
49316
49317
49318
49323
49325
49327
49328
49330
49332
49338
49341
49342
49343
49350
49352
49354
49363
49366
49369
49370
49374
49379
49381
49382
49383
49385
49386
49390
49397
49398
49399
49402
49403
49404
49406
49407
49408
49411
49414
49415
49417
49420
49421
49423
49425
49429
49430
49435
49439
49445
49455
49464
49466
49472
49478
49484
49486
49492
49494
49495
49497
49500
49505
49507
49512
49514
49516
49529
49530
49533
49535
49540
49541
49542
49546
49548
49550
49551
49553
49557
49559
49562
49566
49567
49570
49571
49572
49574
49575
49577
49581
49587
49588
49589
49595
49598
49600
49604
49605
49609
49611
49612
49616
49621
49624
49626
49629
49637
49638
49642
49647
49648
49650
49651
49652
49655
49656
49658
49664
49665
49668
49674
49675
49679
49685
49696
49699
49700
49704
49705
49710
49718
49720
49728
49729
49730
49731
49733
49734
49737
49750
49751
49758
49759
49760
49766
49768
49770
49771
49773
49783
49787
49788
49791
49794
49797
49804
49808
49814
49828
49829
49830
49838
49846
49848
49851
49859
49863
49866
49869
49870
49879
49881
49885
49895
49897
49899
49901
49904
49908
49914
49920
49922
49923
49934
49946
49948
49952
49954
49962
49973
49979
49982
49986
49990
49994
50003
50004
50007
50014
50016
50017
50019
50022
50024
50025
50028
50034
50036
50037
50038
50043
50046
50047
50051
50052
50055
50057
50059
50060
50063
50077
50078
50079
50081
50082
50085
50087
50094
50097
50099
50102
50106
50107
50111
50113
50121
50124
50125
50126
50136
50140
50141
50144
50145
50149
50152
50154
50161
50164
50168
50182
50184
50185
50191
50196
50200
50209
50223
50224
50225
50231
50235
50238
50239
50242
50245
50247
50253
50254
50255
50258
50259
50260
50267
50268
50273
50274
50275
50276
50278
50280
50285
50291
50299
50316
50317
50318
50320
50322
50324
50327
50329
50333
50337
50339
50340
50342
50346
50348
50352
50359
50361
50362
50364
50376
50377
50378
50380
50385
50389
50391
50397
50405
50408
50411
50426
50429
50433
50438
50439
50442
50443
50451
50457
50459
50462
50468
50472
50475
50488
50490
50492
50495
50499
50505
50507
50512
50516
50520
50531
50532
50534
50535
50537
50539
50540
50542
50548
50552
50558
50559
50563
50567
50571
50575
50576
50578
50579
50583
50587
50591
50597
50598
50604
50606
50607
50609
50613
50617
50618
50620
50624
50626
50635
50642
50645
50651
50652
50658
50661
50662
50663
50665
50666
50671
50675
50676
50681
50684
50685
50693
50694
50695
50700
50701
50702
50709
50717
50720
50721
50731
50735
50739
50740
50741
50742
50745
50748
50757
50758
50759
50767
50771
50776
50780
50781
50786
50790
50791
50793
50809
50810
50818
50820
50822
50829
50833
50834
50835
50836
50839
50845
50847
50851
50855
50860
50865
50867
50869
50870
50871
50884
50885
50887
50889
50890
50893
50895
50900
50901
50902
50905
50906
50917
50921
50922
50923
50925
50929
50934
50936
50937
50940
50948
50950
50955
50957
50960
50964
50966
50968
50969
50970
50974
50975
50976
50977
50978
50979
50980
50987
50988
50989
50991
50995
51007
51009
51012
51016
51018
51027
51029
51037
51039
51040
51043
51048
51049
51055
51057
51066
51067
51069
51077
51078
51079
51080
51083
51084
51087
51089
51091
51092
51095
51098
51099
51107
51109
51110
51120
51122
51124
51126
51131
51132
51134
51138
51139
51140
51142
51149
51151
51152
51153
51154
51155
51157
51167
51177
51181
51193
51195
51200
51201
51211
51213
51214
51226
51228
51234
51238
51245
51246
51255
51258
51260
51261
51262
51267
51269
51270
51274
51276
51277
51287
51289
51294
51295
51305
51307
51314
51332
51345
51346
51362
51364
51365
51370
51376
51378
51386
51388
51393
51394
51410
51412
51415
51425
51430
51434
51438
51446
51447
51448
51449
51455
51456
51462
51469
51470
51473
51480
51482
51483
51485
51488
51494
51495
51514
51519
51522
51530
51533
51534
51542
51543
51544
51553
51555
51557
51559
51560
51561
51567
51571
51574
51579
51584
51596
51602
51604
51605
51616
51622
51623
51624
51626
51627
51628
51634
51635
51637
51638
51640
51642
51652
51654
51655
51657
51659
51663
51664
51676
51679
51680
51688
51692
51693
51701
51709
51712
51714
51715
51716
51717
51719
51720
51722
51723
51726
51732
51741
51744
51748
51752
51757
51761
51765
51768
51769
51775
51779
51780
51781
51785
51787
51790
51795
51798
51800
51801
51802
51804
51805
51809
51811
51813
51814
51818
51822
51825
51826
51832
51834
51835
51836
51839
51840
51844
51845
51847
51854
51855
51858
51859
51863
51866
51870
51873
51880
51885
51893
51898
51901
51902
51903
51905
51907
51912
51913
51916
51917
51919
51920
51923
51924
51927
51930
51934
51935
51951
51953
51955
51964
51968
51969
51972
51977
51978
51984
51987
51988
51997
52001
52003
52006
52011
52014
52018
52028
52031
52032
52033
52034
52035
52039
52044
52046
52059
52065
52068
52070
52077
52084
52093
52095
52096
52102
52103
52106
52111
52112
52115
52117
52121
52127
52128
52134
52137
52143
52144
52145
52149
52152
52156
52158
52175
52177
52180
52181
52182
52186
52187
52192
52193
52196
52198
52201
52203
52208
52209
52214
52222
52226
52228
52233
52234
52237
52238
52242
52245
52247
52248
52249
52261
52267
52271
52273
52277
52279
52283
52287
52289
52290
52291
52292
52293
52298
52300
52302
52303
52305
52312
52313
52315
52316
52317
52326
52328
52335
52336
52339
52343
52347
52348
52349
52351
52354
52355
52357
52358
52361
52364
52365
52373
52375
52380
52389
52390
52391
52395
52397
52399
52403
52404
52408
52414
52428
52429
52433
52439
52440
52445
52453
52454
52461
52462
52466
52469
52479
52480
52483
52485
52488
52490
52498
52502
52503
52506
52508
52509
52510
52512
52516
52523
52524
52537
52538
52542
52550
52551
52552
52556
52558
52583
52586
52591
52593
52597
52604
52605
52607
52609
52610
52614
52623
52624
52625
52627
52630
52631
52637
52640
52641
52646
52649
52651
52652
52653
52656
52660
52666
52673
52675
52679
52683
52684
52685
52689
52691
52694
52700
52710
52716
52718
52719
52723
52726
52728
52729
52742
52746
52750
52756
52757
52763
52769
52771
52775
52776
52787
52793
52795
52796
52797
52800
52806
52811
52814
52815
52816
52818
52821
52823
52830
52832
52834
52836
52837
52838
52839
52846
52847
52850
52854
52855
52858
52870
52871
52876
52878
52880
52884
52886
52893
52902
52903
52904
52907
52908
52909
52910
52913
52915
52918
52919
52921
52932
52935
52938
52941
52947
52948
52949
52954
52961
52965
52967
52971
52986
52997
53000
53001
53003
53004
53022
53025
53026
53030
53033
53038
53043
53050
53051
53055
53066
53068
53071
53073
53074
53077
53078
53079
53082
53087
53088
53089
53091
53100
53101
53112
53115
53116
53122
53129
53130
53131
53132
53137
53140
53146
53155
53156
53158
53165
53171
53179
53181
53182
53185
53188
53190
53196
53199
53205
53207
53210
53217
53219
53220
53224
53225
53234
53240
53244
53247
53249
53250
53252
53254
53256
53263
53267
53269
53270
53273
53287
53291
53293
53299
53301
53303
53306
53313
53316
53319
53320
53321
53323
53324
53326
53331
53332
53341
53348
53349
53354
53358
53366
53368
53373
53378
53383
53387
53389
53392
53398
53399
53400
53403
53404
53405
53414
53417
53423
53425
53428
53433
53441
53442
53444
53445
53459
53462
53465
53468
53475
53482
53488
53500
53502
53512
53515
53518
53521
53525
53526
53528
53529
53530
53535
53542
53558
53563
53566
53569
53572
53576
53581
53586
53587
53588
53594
53595
53597
53603
53607
53611
53612
53622
53623
53625
53631
53632
53638
53640
53642
53646
53650
53668
53670
53672
53676
53678
53683
53689
53690
53693
53719
53733
53740
53741
53744
53747
53753
53754
53756
53759
53760
53762
53769
53771
53773
53777
53779
53781
53782
53785
53787
53792
53795
53798
53804
53806
53813
53815
53818
53823
53825
53826
53836
53839
53843
53845
53846
53853
53860
53867
53870
53872
53873
53881
53882
53884
53886
53894
53897
53898
53901
53912
53913
53916
53925
53926
53927
53928
53932
53935
53937
53941
53946
53964
53965
53967
53971
53973
53979
53980
53992
53998
53999
54008
54010
54015
54021
54024
54026
54031
54037
54042
54046
54047
54053
54068
54082
54088
54089
54090
54091
54099
54106
54108
54109
54115
54117
54119
54121
54122
54128
54129
54135
54139
54143
54153
54158
54169
54170
54171
54177
54180
54183
54184
54189
54192
54195
54198
54207
54215
54217
54218
54219
54230
54232
54241
54244
54246
54248
54249
54263
54272
54274
54282
54285
54288
54297
54304
54308
54313
54315
54320
54326
54331
54335
54340
54342
54349
54351
54352
54362
54366
54369
54372
54378
54386
54388
54393
54399
54400
54402
54403
54405
54406
54407
54416
54417
54420
54423
54429
54431
54438
54439
54440
54442
54445
54446
54447
54451
54453
54455
54456
54458
54460
54463
54466
54467
54472
54473
54475
54477
54480
54481
54485
54489
54492
54494
54507
54508
54511
54512
54523
54531
54534
54548
54550
54562
54563
54567
54569
54572
54580
54582
54593
54594
54596
54600
54620
54622
54623
54626
54627
54630
54633
54634
54637
54638
54639
54640
54642
54644
54646
54647
54648
54655
54657
54662
54664
54666
54669
54671
54675
54681
54685
54686
54692
54698
54700
54704
54705
54707
54710
54711
54720
54722
54727
54729
54731
54734
54738
54743
54744
54754
54756
54760
54762
54765
54770
54771
54772
54776
54777
54783
54788
54790
54791
54795
54801
54807
54808
54811
54813
54823
54824
54828
54831
54840
54841
54846
54855
54856
54858
54859
54865
54867
54868
54874
54876
54877
54884
54888
54890
54895
54899
54902
54918
54920
54926
54928
54933
54945
54946
54947
54948
54952
54953
54955
54964
54968
54969
54971
54975
54980
54986
54989
54992
54995
54998
55005
55010
55029
55031
55038
55040
55044
55047
55053
55054
55055
55056
55060
55063
55067
55068
55075
55087
55092
55093
55095
55103
55107
55113
55124
55128
55129
55133
55134
55137
55144
55145
55146
55158
55162
55165
55172
55179
55182
55184
55185
55187
55193
55194
55196
55203
55218
55219
55220
55224
55228
55230
55232
55238
55246
55249
55251
55253
55259
55263
55264
55268
55272
55274
55282
55286
55290
55294
55301
55302
55307
55310
55311
55315
55316
55317
55320
55321
55332
55334
55335
55336
55348
55349
55354
55357
55361
55363
55366
55376
55378
55379
55385
55386
55398
55399
55402
55406
55408
55413
55427
55428
55430
55433
55437
55441
55442
55443
55449
55452
55464
55467
55468
55475
55480
55484
55496
55500
55506
55508
55510
55511
55513
55517
55519
55520
55522
55523
55527
55528
55534
55536
55538
55540
55546
55548
55549
55553
55560
55561
55563
)


// ************************************************************************* //
