/*--------------------------------*- C++ -*----------------------------------*\
| =========                 |                                                 |
| \\      /  F ield         | OpenFOAM: The Open Source CFD Toolbox           |
|  \\    /   O peration     | Version:  v2012                                 |
|   \\  /    A nd           | Website:  www.openfoam.com                      |
|    \\/     M anipulation  |                                                 |
\*---------------------------------------------------------------------------*/
FoamFile
{
    version     2.0;
    format      ascii;
    class       volScalarField;
    location    "250";
    object      gammaInt_0;
}
// * * * * * * * * * * * * * * * * * * * * * * * * * * * * * * * * * * * * * //

dimensions      [0 0 0 0 0 0 0];


internalField   nonuniform List<scalar> 
13917
(
1
1
0.999964
1
0.999995
1
1
1
1
1
1
1
1
1
1
1
1
1
1
1
1
1
1
1
1
1
1
1
1
1
1
1
1
1
1
1
1
1
1
1
1
1
1
1
1
0.998089
1
1
1
1
1
1
1
1
1
1
0.999993
1
1
0.998399
1
1
1
1
1
1
1
1
0.999997
1
1.00008
1
1
1
1
1
1
1
1
1
1
1
1
0.999861
1
1
1
1
1
1
1
1
1
1
1
1
1
1
1
1
1
1
1
1
1
1.00001
1
1
1
0.999999
1
1
1
1
1
1
1
1
1.00001
1
1
1
1
1
1
1.00004
1
1
1
1
1
1.00001
1
1
1
1
1
1
1
1
1
1
1
1
1
1.00003
0.999996
1
1
1
1
1
1
1
1
1
1
1
1
1
1
1
1
1
1
1
1
1
1
1
1
1
1
1
1
1
1
1.00001
1
1
1
1
1
1.00019
1
1
1
1.00023
1
1
1
1
1
1
1
1
1
1
1
1
1
1
1
1
0.999999
1
1
1
1.00002
1
1
1.00002
0.999999
1
1
1
1
1
1
1
1
0.999921
0.999061
1
1
1
1
1
1
1
1
1
1
1
1
1
1
1
1
1
1
1
0.999752
1
1
1
1
1
1
1
1
1
1
1
1
1
1
1
1
1
1
1
1
1
1
1
1
1
1
1
1
1
1
1
0.99982
1
1
1
1
1
1
1
1
1
1
1
1
1
1
1
1
0.999963
1
1
1
1
1
1
0.999998
1
1
1
0.999989
1
1
1
1
1
1
1
0.999886
1
1
1
1
1
1
1
1
0.997297
1
0.999956
1
1
1
1
1
1
1
1
1
1
1
1
1
1
1
1
1
1
0.997542
1
1
1
0.999273
1
1
1
1
1.00001
1
1
0.999999
1
1
1
1
1
1
1
1
1
1
0.999999
0.999999
1
1
1
1
1
1
0.999843
1
1
0.999103
0.999604
1
1
0.999122
1
1
1.00004
0.999999
1
1
1
1
1
1
1
1
1
1
1
1.00001
1
1
1
1
0.999928
1
1
1
1
1
1
1
1
1
1
1
1
0.999994
1
1
1
1
1
1
1
1
1
1
0.983406
1
1
1
1
1
1
1
1
1
1
1
1
1
1
1
1
1
1
1
1
1
1
1
1
1
0.999928
1.00001
1
1
0.99977
1
1
1
1
1
1
1
1
1
1
1
1
1
1
0.999999
1
1
1
1
1
1
1.00001
1
1
1
1
0.999803
1
1
1
1
1
1
1
1
1
1
1
1
1
1
1
1
1
1
1
1
0.999894
1
1
1
1
1
1
1
1.00001
1
1
1
1
1
1
1
1
1
1
1
1
1
1
1
1
1
1
1
1
1
1
1
1
1
1
1
1
1
1
1
1
1
1
1
1
1
1
1
1
1
1
1
1
1
1
1
1
1
1
1
1
1
1
1
1.00001
1
1
1
0.999999
1.00002
1
1
1
1
0.99804
1
1
1
1
1
1
1
0.999985
0.999684
1
1
1
1
1
1
0.993875
1
1
1
1
1
0.999411
1
1
1
1
0.998803
1
1
1
1
1
1
0.998419
1
1.00001
1
1
1
1
1
1
1
1
1
1
1
1
1
1
1
1
1
1
1
1
1.00001
1
1
1
1
1
1
1
1
1
1
0.999933
1
1
1
0.999989
1
1
1.00001
1
1
1
1
1
1
1
1
1
1
1
0.999997
1
1
1
1
1
1
1
1
1
1
1
1
1
1
1
1
1
1
1
1
1
1
1
1
1
1
1
1
1
1
1
1
1
1
1
1
1
1
1
1
1
1
1
1.00017
1
1
1
1
1
1
1
1
1
1
1
1
1
0.999945
1
1.00001
1
1
1
1
1
1
1
1
1
1
1
1
1
1
1
1
1
0.999885
1.00004
1
1
0.999984
1
1
0.999999
1
1
1
1
1
1
1
1
1
1
1
1
1
1
1
1
1
1
0.999987
1
1
1.00001
1
1
0.998771
0.999983
1
1
1
1
1
1
1
1
1
1
1
1
1
1
1
1
0.999844
1
1
1
1
1
0.999978
1
1
1
1
1
1
1
1
1
1
1
1
1
1
1
1
1
1
1
1
0.999999
1
1
1
1
1
1
1
1
1
1
1
1.00001
1
1
1
1
1
1
1
1
1
1
0.999981
1
0.998195
1
1
1
1
1
1
1
1
1
1
1
1
1
1
1
1
1
1
1
1
1
1
1
1
1
1
1
1
1
1
1
1
1
1
1
1
1
1
1
1
1
0.998285
1
1
1
0.987442
1
1
1
1
1
1
1
1
1
1
1.00001
1
1
1
1
1
1
1
1
1
1
1
0.999838
1
1
1
1
1
1
1
1
1
1
1
1
1
1
1
1
1
1
1
1
1
1
1
1
1
0.999196
1
1
1
1
1
1
1
1
1
1
1
1
1
1
1
1
1
1
1
1
1
1
1
1
1.0002
1
1
1
1
1
1
1
1
1
1
1
1
1
1
1
1
1
1
1
1
1
1
1
1
1
1
1
1
1
1
1
0.997812
1.00002
1
1
1
1
1
1
1.00003
1
1
1
1
1
1
1
1
1
1
1
1
1
1
1
1
1
1.00002
1
1
1
1
1
1
0.999993
1
1
0.999787
1
1
1
1
1
0.999996
1
1
1
1
1
1
1
1.00001
1
1
1
1
1
1
1
1
1
1
1
1
0.999999
1
1
1
1
1
1
1
1
1
1.00006
1
1
1
1
0.999413
1
1
1
1
1
1
1
1
1
1
0.999927
1
1
1
1
1
1
1
1
1
0.999999
1
1
1
1
1
0.999552
1
1
1
1
1
1
1
1
1
1
1
0.999944
1
1
1
1
1
1
0.999999
1
1
1
1
1
1
1
1
1
1
1
1
1
1
1
0.999729
1
0.998129
1
1
1
1
1
1
1
1
1.00025
1
1
1
0.999968
0.996863
0.998973
1
1
0.99996
1
1
1
1
1
1
1
1
0.997621
1
1
1
0.999949
1
1
1
1
1
1
1
1
1
1
1
1
1
1
0.99999
1
1
1
1
0.999984
1
1
1
1
0.999996
1
1.00002
1
0.999542
1
1
1
1
1
1
1
1
1
1
1
1
1
1
1
1
1
1
1
1
1
1
0.999366
1.00002
1
1
1
1
1
1
1
1
1
1
1.00012
1
1
1
1
1.00018
1
1
1
1
1
1
1
1
1
1
1
0.987074
1
1
1
1
1.00002
1
1
1.00001
1
1
1.00001
1
1
1
1
1
1
1
0.999997
1
1
1.00004
0.999604
1
0.999961
1
1
1
1
1
1
1
1
1
1
1
1
1
1
1
1
1
1
0.999993
1
1
1
1
1
1
1
1
0.999999
1
1
1
0.999648
1
1
1
1
1
1
1
1
1
1
1
1
0.997901
1
1
1
1
0.999999
1
1
1
1
1
1
1
1
1
1
1
1
1
1
1
1
1
1.00001
1
1
1
1
1
1
1
1
1
1
1
1
1
1
1
1
1
1
1
1
1
1
1
1
1
1
1
1
1
1
1
0.999999
1
1
1
1
1
1
1
1
0.999991
1
1
1
1
1
1
1
1
1
1
1
1
1
1
1
1
1
1
1
1.00001
1
1
1
1
1
1
1
1
1
1.00001
1
1
0.996541
1
1
1
1
1.00004
1
1
1
1
1
1
1
1
1
1
1
1
1
1
1
1
1
1
1
1
1
1
1
1
1
1
1
1
1
0.99993
1
1
1
0.999999
1.00002
1
1
1
1
1
1
1
1
1
1
1
1
1
1
1
1
1
1
1
0.985805
1
1
1
1
1
1
1
1
1
1
1
1
1
1
1
1
1.00003
1
1
1
1
1
0.999279
1
1
1
1
1
1
1
0.999208
1
1
1
1
1
1
1
1
1.00001
1
1.00003
1
1
1
0.999951
1
0.997992
1
1
0.999999
1
1
1
0.999998
1
0.999787
1
1
1
1
1
1
1
1
1
1
1
1
1
1
1
1
1
1
1
1
1
1
1.00002
1.0002
1
1
1
1
1
1
1
1
1
1
1.00055
1
1
1
1
1
0.999997
1
1
1
1
1
1
1
1
1
1
1
1.00019
1
1
1
1.0001
1
0.99996
1
1
1
1
0.999932
1
1
0.999159
1
1
1
1
1
1
1
1
1
1
1
1
1
1
1
1
1
1
1
1
1
1
1
1
1
1
1
0.99997
1
1
1
1
1
1
1
0.999999
1
1
1
1
1
1
1
1
1
1
0.999692
1
1
1
1
1
1
1
1
1
1
1
1
1
1
1
1
1
1
1
1
1
1
1
1.00018
1
1
1
1
0.998921
1
1
1
1
1
1
1
1
1
1
0.999999
1
1
1
1
0.999329
1
1
1
1
1
1
1
1
1
1
1
1
1.00001
1
1
1
1
1
1
1
1
1
0.999995
1
1
1
1
1
0.993152
1
1
1.00007
1
1
1
1
1
1
1
1
1
1
1
1
1
1
1
0.999947
1
1
1
1
1
1
1
1
1
1
1
1
1
1
1
1
1
1
1
1
1
0.999967
1
0.998474
1
1
1
1.00022
1
1
1
1
1
1.00001
1
1
1
1
1
1
1
0.999459
1
1
1
1
1
1
1
1
1
1
1
1
1
1
1
1
1
0.999985
1
1
0.999996
1
1
1
1
1
0.99605
1
1
1
1
1
1
1
1
0.998419
1
1
1
1
1
1
1
1
1
1
1
1
1
1
1
1
1
1
1
1.00009
1
1
1
0.999884
1
1
1
1
1
1
1
1
1
0.999996
1
1
1
1
1
1
1
1
1
1
1
1
1
1
1
1
1
1
1
1
1
1
1
1
1
1
0.999996
1
1
1
1
1
1
1
1
1
1
1
1
1
1
0.999997
0.995203
1
1
1
1
1.00026
1
1
1
1
1
1
1
1
1
1
1
1
1
1
1
1
1
1
1
0.999961
1
1.00002
1
0.997947
1
1
1
1
1
1
1
1.0001
1
1
1
1
0.999992
1
1
1
1
1
1
1
1.00003
0.998403
1
1
1
1
1
1
1.00002
1
1
1
1
1
1
1.00002
1
1
1
1
1
1
1
1
1
1
1
1
0.99974
1
1
1
1
1
1
1
1
1
1
1
1
1
1
1
1
0.999192
1
1
0.999999
1
1
1
1
1
1
1
1
1.00001
1
1
1
1
1
1
1
0.999906
1
0.99996
1
1
0.994741
1
1
1
1
1
1
1
1
0.990944
1
1
1
1
1
1
1
1
1
0.999997
1
1
1
1
1
0.999786
1
1.00012
0.998791
1
1
1
1
1
1
1
1
1
1
0.997148
1
1
1
1
1
1
1
1
1
1
1
1
1
1
1
1
1
1
1
1
1
1
1
1
1
1
1
0.997149
0.999996
1
1
1
1
1.00043
0.996853
1
1
1
1
1.00233
1
0.999904
0.999694
1
1
1
1
1.00001
1
1
1
1
1
1
0.999924
1
1
1
1
1
1
1
1
1
0.999963
1
1
1
1
0.999999
1
1
1
0.999999
1
1
0.999973
1.00001
1
1.00001
1
1
1
1
1
1
1
1
1
1
1
1
1
1
1
1
1
1
1
1
1
1
1
1
1
1
1
1
1
1
1.00021
1
1
0.999913
1
1
1
1
1
1
1
1
1
1
1
1
1
1
1
1
1
1
0.996615
1
1.00024
1
1
1
1
1
1
1
1
1
1
1
1
1
1
1
1
0.999186
1
1
1
1
1
1
1
1
1
1
1
1
1
1
1
1
1
1
1
1.00062
1
1
0.999985
1
1
1
1
1
1
1
1
1
1
1
1.00013
1
1
1
1
1
1
1
1
1
1
1
1
1
1
1
1
1
0.999998
1
0.999932
1
1
1
1
1
1
1
1
0.999997
1
0.999773
1
1
1
1
1.00007
1
1
1
1
1
1
1
1
1
1
1
1
0.999782
1
1.0003
1
1.0001
1
1
0.999881
0.999988
1.0002
1
1
1
1
1
1
0.99986
1
1
0.999999
1
1
1
1
1
1
1
1
1
0.999997
1
1
1
1
1
1
1
1
1
1
1
1
1
1
1
1.00001
1.00048
1
1
1
1
1
1
1
1
1
1
1
1
1
0.99694
1
0.999638
1
1
0.998706
0.995745
1
1
1
1
0.999904
0.996147
1
1
1
1
1
1
1
1
1
1.00002
1
1
1
1
1.00002
1
1
0.998958
1
1
1
1
1
1
1
1
1
1
0.997956
1
1
1
1
1
1
1
1.00088
1
1
1
1
1
0.998598
1
1
1
1
1
1
1
1
1.00004
0.999942
1
0.998049
1
1
1
1
1
1.00058
1
1
0.999995
1
1
1
1
1
1
0.999999
1
1
1
1
1
1
1
1
1
1
1
1
1
1
1
1
1
1
1
1
1
1
1
1
1
1
1
1
1
1
0.999996
1
1
1
1
1
1
1
1
1
1
1
1
0.999986
1
1
1
1
1
1
1
1
1
1
1
1
1
1
1
0.999969
1
1
1
1
1
1
1
1.00033
1
0.998518
1
1
1
1
1
1
1
0.999932
0.999997
1
1
1
1
1
1
1
1
1
1
1
1
1
1
1.00028
1
1
1
1.00003
1
1
1
1
1
1
1
1
1
1
1
1
1
1
1
1
1
1
1
1
1
1
1
1
1
1
1
1
1
1
1
0.999851
1
1
1
0.987864
1
1
1
0.999152
1
1
0.999999
1
1
1
1
1
1
1
1
1
1
1
1
1
1
1
1
1
0.999957
1
1
1
1
1
1
1
0.999999
1
1
1
1
1.00001
1
1
1
1
1
1
1
1
1
1
1
1
1
1
1
1
1
1
1
1
1
1
1
1
1
1
1
1
1
1
1
1
1.00038
1
1
1
1
1
1
1
1
1
1
1
1
1
1
1
1
0.999999
1
1
1
1
1
1
1
1
1
1
1
1
1
1
1
1
1
1
1
1
1
1
1
1
1
1
1
1
1
1
1
1
1
0.998482
1
1
1
1
1
1
1
1
1
1
1
1
1
1
1
1
1
1
1
1
1
1
1
1
1
1
1
1
1
1
1
1
1
1.00001
1
1
1
1
1
1
1
1.00001
1
1
1
1
1
1
1
1
1
1
1
1
1
1
1
1
1
1
1
1
1
1
1
1
1
1
1
1
1
1
1
0.999973
1
1
1
1
1
1
1
1
1
1
1
1
1
1
1
1
1
1
1
1
1
1
1
1
1
1
1
1
1
1
1
0.999969
1
1
1
1
0.998789
0.999995
1
1
1
1
1
1
1
1
1
1
1
1
1
1
1
1
1
1
0.999999
1
1
1
1
0.999999
1
1
1
1
1
1
1
1
1
1
1
1.00045
1
1
1
1
1
1
1
1
1
1
1
1
1
1
1
1
1
1
1
1
1
1
1
1
1
1
1
1.00002
1
1
1
1
1
1
1
1
1
1.00008
1.0003
1.00028
1
1
1
1
1
1
1
1
1
1
1.00049
1
1
1
1
1
1
1
1
1
1
1
1
1
1
1
1
1
1
1
1
1
1
1
1
1
1
1
1
1
1
1.00001
1
1
1
1
1
1
1
1
1
1
1
1
1
1
1
1
1
1
1
1
1
1
1
1
1
1
1
1
1
1
1
1
1
1
1
1
1
1
1
1
1
1
1
1
0.999994
1
1
1
1
1
1
1
1
1
1
1
0.999997
1
1
1
1
1
1
1
1
0.999993
1
1
1
1
1
1
1
1
1
1
1
1
1
1
1
1
1
1
1
1
1
1
1.0004
1
1
1
1
1
1
1
1
1
1.00026
1
1
1
1
0.999998
1
1
1
1
1
1
1
1
1
1
1
1
1
1
1
1
1
1
1
1
1
1
1
1
1
1
1
1
1
1
1
1
1
1
1
1
1
0.998055
1
1
1
1
1
1
1
1
1
1
1
1
1
1
1
1
1
1
1
1
1
1
1
1
1.00001
1
1
1
1
1
1
1
1
1
1.00001
1
1
1
1
1
1
1
1
1
1
1
1
1
1
1
1
1.00029
1
1
1
1
1
0.999997
1
1
1
1
1
1
1
1
1
1
0.99995
1
1
1
1
1
1.00011
1
1
1
1
1.00001
1
1
1
1
1
1
1
1
1
1
1
1
1
1
1
1
1
1
1.00145
1
1
1
1
1
1
1
1
1
1
1.00044
1
1
1
1
0.999987
1
1
1
1
1
1
1
1
1
1
1
1
1
1
1
1
1
1
1
1
1
1
1
1
1
1
1
1
0.999949
1
1
1
1
1
1
1
1
1
1
1
1
1
1
1
1
1
1
0.999997
1
1
1
0.995466
1
1
1
1
1
1
1
1
1
1
1
1
1
1
1
1
1
1
1
1
1
1
1
1
1
1
1
1
1
1
1
1
1
1
0.999993
1
1
1
1
1
1
1
1
1
1.00023
1.00004
1
1
1
1
1
1
1
1
1
1
1
1
1
1
1
1
1
1
1
1
1
1
1
1
1
1
1
1
1
1
1
1
1
1
1
1
1
1
1
1
1
1
1
1
1
1
1
1
1
1
1
1
1
1
1
1
1
1
1
1
1
1
1
1
1
1.00002
1
1
1
1
1
1
1
1
1
1
1
1
1
1
1
1
0.999997
1
1.00002
1
1
1
1
1
1
1
1
1
1
1
1
1
1
1
1
1
1
1
0.999999
1
1
1
1
1
1
1
1
1
1
1
1
1
1
1
1
1
1
1
1
1
1
1
1
1
1
1
1
1
1
0.999988
1
1
1
1
1
1
1
1
1
1
1
1
1
1
1
1
1
1
1
1
1
1
0.999999
1
1
1
1
1
1
1
1
1
1
1
1
1
1
0.999959
1
0.999995
1
1
1
1
1
1
1
1
1
1
1
1
1
1
1
1
1
1
1
1
0.999999
1
1
1
1
1
1
1
1
1
1
1
1
1
1
1
1
1
1
0.999687
1
1
1
1
1
1
1
1
1
1
1
1
1
1
1
1
1
1
1
1
1
1
1
1
0.999559
1
1
1
1
1
1
1
1
1
1
1
1
1
1
1
1
1
0.999961
1
1
1
0.99891
0.999996
1
1
0.999999
1
1
1
0.999132
1
1
1
1
1
1
1
1
1
1
1
1
1
1
1
1
1
1
0.997511
1
1
1
1
1
1
1
1
1
1
1
1
1
1
1
0.999997
1
1
1
1
1
1
1
1
0.999998
1
1
1
1
1
1
1
1
1
1
1
1
1
1
1
1
1
1
1
1
1
1
1
1
1
1
1
1
1
1
1
1
1
1
1
1
1
1
1
1
1
1
1
1
1
1
1
1.00001
1
1
1
1
1
1
1
1
1
1
1
1
1
1
1
0.999983
1
1
0.999897
1
1
1
1
1
1
1
1
1
1
1
1
1
0.999996
1
1
1
0.999979
1
1
1
1
1
1
1
1
1
1
1
1
1
1
1
1
1
1
1
1
1
1
1
1
0.999991
1
1
1
1
1
1
1
1
1
1
1
1
1
0.999996
1
1
1
0.999998
1
1
1
1
1
1
1
1
0.999999
1
1
1
1
1
1
1
1
1
1
1
1
1
1
1
1
1
1
1
1
1
1
1
1
1
1
1
1
1
1
0.999877
1
1
1
1
1
1.00005
1
1
1
1
1
1
1
1
1
1
1
1
1
1
1
1
1.00001
1
1
1
1
1
1
1
1
0.985834
1
1
1
1
1
1
1
1
1
1
1
1
1
1
1
1
1
1
1
0.999996
1
1
1
1
1
0.999995
1
1
1
1
1
1
1
1
1
1
1
1
1
1
1
1
0.999997
0.999999
1
1
0.999735
1
1
1
0.999987
1
1
1
1
1
1
1
1
1
1
1
0.999643
1
1
1
1
1
1
1
1
1
1
1
1
1
1
0.999866
1
1
1
1
1
1
1
1
1
0.999987
1
1
1
1
1
1
1
1.00052
1
1
1
1
1
1
1
1
1
1
1
0.999968
1
1
1
1
1
1
1
1
1
1
1.00003
1
1
1
1
1
1
1
1
1
1
1
1
1
1
1
1
1
1
1
1
1
1
1
1
1
1
1
1
1
1
1
1
1
1
1
1
1
1
1
1
1
1
1
1
1
1.00002
1
1
1
1
1
1
1
1
1
1
1
1
1
0.999999
1
1
1
1
1
1
1
1
1
1
1
1
1
1
1
1
1
1.00003
1
1
1
1
1
1.00002
0.999999
1
1
1.00001
1
1
1
0.999992
1
1
1
0.997075
1
1
1
1
1
1
1
1
1
1
1
0.999966
1
1
1
1
1
1
0.999913
1
1
1
1
1
1
1
1
1
1
0.999174
1
1
1
1
1
1
1
1
1
1
1
1
0.998077
1
1
1
1
1.00001
1
1
1
1
1
1
1
1
1
1
1
1
1
0.999999
1
1
1
1
0.999989
1
1
1
1
1
1
1
1
1
1
1
0.999715
1
1
1
1
1
1
1
1
1
1
1
1
1
1
1
1
1
1
1
1
1
1
1
1
1
1
1
1
1
1
1
1
1
1
1
1
1
1
1
1
1
1
0.999993
1
1
1
1
1
1
1
1
1
1
1
1
1
1
1
1
1
1
1
1
1
1
1
1
1
1
1
1
1
1
1
1
1
1
1
1
1
1
1
1
1
1
1.00031
1
1
1
1
1
1
1.00002
1
1
1
1
1
1
1
1
1
1
1
0.999994
1
1
1
1
1
1
1
1
1
1
1
1
1
1
1
1
1
1
1
1
1
1
1
1
1
1
1
1
1
1
1
1
1
1.0002
1
1
1
1
1
1
1
1
1
1
1
1.00001
1
1
1
1
1
1
1
1
1
1
1
1
1
1
1
1
1
1
1
1
1
1
1
1
1
1
1
1
1
1
1
1
1
1
1
1
1
1
1
1
1
1
1
1
1
1
1
1
1
1
1
1
1
1
1
1.00002
1
1
1
0.999905
1.00005
1
1
1
1
1
1
1
1
1
1
1
1
1
1
1
1
1
1
1
1
0.999996
1
1
1
1
1
1
1
1
0.999546
0.999998
1
1
1
1
1
1
1
1
1
1
1
0.999998
1
1
0.999858
1
1
1
1
1
1
1
1
1
1
1
1
1
1
1
1
1
1
1
1
1
1
1
1
1
1
1
1
1
1
1
1
1
1
1
1
1
1
1
1
1
1
1
1
1
1
0.999998
1
1
1
1
1
1
1
1
1
1
1
1
1
1
1
1
1
1
0.999997
1
1
1
1
1
1
1
1
1
1
1
1
1
1
1
1
1
1
0.999992
1
1
1
1
1
0.999941
1
1
1.00002
1
1
1
1
1
1
1
1
1
1
1
1
0.999865
1
1
1
1
1
1
1
1
1
1
1
1
1
1.00004
1
1
1
1
1
0.999665
1
1
1
1
1
1
0.994927
1
0.999999
1
1
1
1
1
1
0.999997
1
1
1
1
1
0.999498
1
1
1
1
1
1
1
1
1
1
1
1
1
1
1
1
1
1
1
1
1
1
1
0.999997
1
1
0.999997
1
1
1
1
1
1
1
1
1
1
1
1
1
1
1
1
1
1
1
1
1
1
1
1
1
1
1
1
1.00032
1
1
1
1
0.999998
1
0.999993
1
1
1
1
1
1
1
1
1
1
1
1
1
1
1
0.999497
1
1
1
0.99996
1
1
1
0.999992
1
1
0.999821
1
1
1
1
1
1
1
1
1
1
1
1
1
1
1
1
1
1
1
1
1
1
1
1
1
1
1
1
1
1
1
0.999958
1
0.999998
0.99999
1
1
1.00001
1
1
1
1
1
0.999982
1
1
1
1
1
1
1
1
1
1
1
1
1
1
1
1
1
1
1
0.999994
1
1
1
1
1
1
1
1
1
1
1
1
1
1
1
1
1
1
1
1
1
1
1
1
1
1
1
1
1
1
1
1.00002
1
1
1
1
1
0.999995
1
1
1
1
1
1
0.999876
1
1
0.999999
1
1
1
1
1
1
1
1
1
1
1
1
1
1
1
1
1
1
1
1.00001
1
1
1
1
1
1
0.999999
1
1
1
0.999973
1
1
1
1
1
1
0.999736
1
1
1
1
1
1
1
1
1
1
1
1
1
1
1
1
0.999973
1
1
1
1
1
1
1
1
1
1
0.999996
1
1
1
1
1
1
0.999999
1
1
1
1
1
1
1
1
0.994554
1
1
1
1
1
1
1
1
1
1
1
1
1
1
1
1
1
1
0.999877
1
1
1
1
1
1
0.994829
1
0.999978
1
1
1
1
1
1
1
1
1
1
1
1
1
1
1
1
1
0.99999
0.999955
1
1
1
1
1
1
1
1
1
1
1
1
1
1
1
1
1
1
1
1
1
1.00002
0.999914
1
1
1
1
0.999996
1
1
1
1
1
1
0.999999
1
1
1
1
1
1
1
1
1
1
1
1
1
0.999998
1
1
1
1
1
1
0.99982
1
1
1
1
1
1
1
1
1
1
1
1
1
1
1
1
0.999968
1
1
1
1
1
1
1
1
0.999965
1
1
1
1
1
1
1
0.999949
1
1
0.999977
0.999806
1
1
0.999973
1
1
1
1
1
1
0.991567
1
1
1
1
1
1
0.999281
0.999997
1
1
1
1
1
1
1
1
1
1
1
1
1
1
1
1
1
1
1
1
0.999904
1
1
1
1
1
1
0.999954
1
1
1
1
1
1
1
1
1
1
1
1
1
1
0.999998
1
1
1
1
1
1
1
1
1
1
0.999946
1
1
1
1
1
0.99999
1
1
1
0.999999
1
1
1
1
1
1
1
1
0.999999
1
1
1
1
1
1
1
1
1.00001
1
1
1
1
1
1
1
1
1
0.99997
1
0.999896
1
1
1
1
1
1
1
1
1
1
1
1
1
1
1
1
1
1
1
0.999999
1
1
1
1
1
1
1
1
1
1
1
1
1
1
1
1
1
1
1
1
1
0.999997
1
1
1
1
1
1
1
1
1
1
1
1
1
0.999813
1
1
1
1
1
1
0.999997
0.999998
1
1
1
1
1
1
1
1
0.999996
1
1
1
1
1
1
1
0.999999
1
1
1
1
1
1
1
1
1
1
1
1
1
1
1
1
1
1.00001
0.999987
1
1
0.999999
0.999991
0.999995
1.00002
0.999901
1.00001
1
0.99965
1
1
0.999996
1
1
1
1
0.999994
1
1
0.999997
1
1
1
1
1
1
1
1
1
1
1
1
1
1
1
0.999954
1
1
1
1
1
1
1
1
1
1
1
1
1
1
1
0.999999
1
1
1
1
1
1
1
0.999998
1
0.999995
1
0.999995
1
0.999999
1
1
0.99995
1
1
1
0.999996
1
1
1
1
1
1
1.00002
1
1
0.999996
1
1
1
0.999992
1
1
1
1
0.999998
0.999927
1
0.999994
1
1
0.999987
1
1
1
1
1
1
1
1
1
1
0.999998
1
0.999994
0.999981
0.999998
0.999909
1
1
1
1
1
1
1
1
0.999962
1
1
1
1.00002
1
1
1
1
1
1
1
1
1
1.00002
1
0.999996
0.999832
1
1
0.99993
1
1
1
1
1
1
1
1
1
1
1
1
1
1
1.00001
1
1
1
1
1
1
1
0.999825
1
1
1
1
1
1
1
1.00001
1
1
1
0.999999
1
1
1
1
1
1
1
0.999999
1.00001
1
1
1
1
1
1
1
1
1
1
1
0.999988
1
1
1
1
1
1
1
1
1
1
1
0.999957
1
1
1
0.999379
1
1
1
1
1.00001
1
1
1
1
1
0.999962
1
0.999937
0.999874
1
0.999758
1
1
1
1
1
1
1
1
1
1
1
1
1
1
1
1.00001
1
1
0.99999
1
1
1
1
1
1
1
1
0.999999
1
1
1
1
1
1
1
1
1
1
1
1
1
1
1
1
1
1
1
1
1
1
1
1
0.999999
1
1
1
0.999998
0.999999
1
1
1
1
1
0.999999
0.999997
1
1
1
1
1
1
1
1
1
1
1
1
1
1
1
1
1
1
1.00001
1
0.999944
1
1
0.999992
0.999887
1
1
1
1
1
1
1
1
1
1
1
1
1
1
1
1
1
1
1
1
1
1
1
1
1
1
1
1.00003
1.00002
0.999999
1
0.99999
1
1
0.999999
1
1
1
1
0.999996
1
1
1
0.999996
1
0.999986
1
1
1
1
1
1
1
1
1
0.999999
1
1
1
1
1
1
1
1
1
1
1
1
1
1
1
1
1
1
1
1
0.999754
1
1
1
1
1
1
1
1
1
1
1
1.00002
1
1
1
1
1
1
1
1.00001
1
1.00009
1
0.999978
1
1
1
1
1
1
1
1
1
1
1
1
1
1
1
1
0.999968
1
1
1
1
1
1
1
1
1
1
0.999955
1
1
1
1
1
1
1
1
1
1
1
1
1
1
0.999945
1
1
0.999993
0.999998
1
1
1
0.999917
1
1
1
0.999974
1
1
1
0.99997
1
1
1
1
1
1
1
1
1
1
1
0.999963
1
1
1
0.999965
1
1
1.00001
1
1
1
1
1
1
0.999999
1
1
1
1.00002
1
0.999982
0.999736
1
0.999982
1
1
1
1
1
0.999996
1
1
1
1
1
1
1
1
1
1
1
1
1
1
1.00001
1
1
1
1
1
1
1
0.999999
1
1
0.99991
1
1
1
1
1
1
0.99987
1
1
1
1
1
1
1
1
0.999997
1
1
1
1
1
1
1
0.999981
1
0.999996
1
1
0.999999
1
1
1
1
1
1
1
1
1
1
1
1
0.999809
1
1
1
1
1
1
0.999999
1
1
1
1
1
1
1
1
1
1
1
1
1
1
0.999998
0.999997
1
1
1
1
1
1
1
1
1
1
1
1
1
1
1
1
1
1
1
1
1
1
1.00001
1
1
1
1
1
1
1
1
1
1
1
1
1
1
1
1
1
1
1
0.999987
1
1
1
1
1
1
1
1
1
1
1.00001
1
1
1
0.999999
1
1
1
1
1
1
1
1
1
1
1
1
1
1
1
1
1
1
1
1
1
1
1
1
1
1
1
1
1
1
1
1
1
1
1
1
1
1
1
1
1
1
1
1
1
1
1
1
1
0.999987
1
1
1
1
1
1
1
1
1
1
1
1
1
1
1
1
1
1
1
1
1
1
1
1
1
1
1
1
1
1
1
1
1
1
0.999997
1
1
1
1
1
1
1
0.999999
1
1
0.999975
1
1
1
1
1
1
1
1
1
1
1
1
1
1
1
1
1
0.999978
1
0.999999
1
1
1
1
1
1
1
0.999785
1
1
0.999991
1
1
1
1
1
1
1
1
1
0.999902
0.999995
1
0.999965
1
1
1
1
0.999937
1
1
1
1
1
1
1
1
1
0.999306
1
1
1
1
1
1
0.999998
1
1
1
1
1
1
1
1
1.00001
0.999999
1
1
1
1
1
1
1
1
1
1
1
1
0.999998
1
1
1
1
1
1
1
1
1
1
1
1
1
1
1
1
1
1
1
1
1
0.999999
1
1
1
1
1
1
1
1
1
1
1
1
0.999937
1
1
1
0.999999
0.999998
1
0.999994
0.999881
1
1
1
1
1
1
1
1
1
1
1
1
1
1
1
0.99949
1
1
1
1
1
1.00001
1
0.999961
1
1
0.999807
1
1
1
1
1
1
1
1
0.999999
1
1
1
1
1
1
1
1
1
1.00002
1
1
0.999997
1
1
1
1
0.999977
1
1
1
1
0.999999
1
1
1
1
1
1
1
1
1
1
1
1
1
1
0.99989
0.999583
1
1
1
0.999999
1
1
1
0.999887
1
1
1
1
1
1
1
1
1.00001
0.999995
1
1
0.999999
1
1
1
1
1
1
1
1
1
1
1
0.999999
1
1
1
1
1
1
1
1
1
1
1
1
1
1
0.999992
1
1
1
1
1
1
1
1
1
1
1
1
1
1
0.999995
1
1
1
1
1
1
1
1
1
1
1
1
1.00004
1
1
1
1
1
1
0.999999
1
1
1
1
1
1
1
1
1
0.999926
1
1
1
1
0.99993
1
1
1
1
1
1
1
1
1
1
1
1
1
1
1
1
1
1
1
1
1
1
1
1
1
1
1.00002
1
1
1
1
1
1
1
1
1
1
1
1
1
1
1
1
1
1
1
1
1
1
1
1
0.999994
1
1
1
1
1
1
1
1
1
0.99993
0.999999
1
1
1
1
1
1
1
1
1
1
1
1
1
1
1
1
1
0.999981
1
0.999951
1
1
1
1
1
0.999965
0.999999
1
1
1
1
1
1
1
0.999988
1
1
0.999763
1
1
1
1
1
1
1
1
1
1
1
1
1
1
1
1
1
1
1
1
0.999993
0.999978
1
1
1
1
1
1
0.999913
1
1
0.999928
1
1.0004
1
1
1
1
1
1
1
1
0.999993
1
1
1
1
1
1
1
1
1
1
1
1
1
1
1
1
1
1
1
1
0.999999
1
1
1
1
1
1
1
1
1
1
0.999869
1
1
1
1
1
0.999999
1
1
1
1
1
1
1
1
1
1
1
1
1
1
1
1
1
1
1
1
1
1
1
1
1
1
1
1
1
1
1
0.999999
1
1
1
1
1
1
0.999992
1
1
1
1
1
0.999998
1
0.999992
1
1
1
1
1
1
1
0.999939
1
1
1
1
1
1
1
1
1
1
1
1
0.99973
1
0.999626
1
1.00001
1
1
1
1
1
1
1
1
1
0.999993
1
0.99997
1
1
1
1
1
1
1
1
1
1
1.00001
1
1
1
1
1
1
1
1
1.00001
0.999989
1
1
1
1.00001
1
1
0.999992
1.00002
0.999997
0.999829
1
0.999957
1
0.999999
1
1
1
1
1
1
1
1
1
1
1
1
1
1
1
0.999992
1
1
0.999991
0.999998
0.999997
0.999996
1
0.999998
0.99998
1
1
1
1
0.999784
1
1
1
0.999748
1
0.999993
0.999989
1
1
1
1
1
1
1
1
0.999999
1
0.999821
0.999994
0.999778
1
1
1
1
0.999992
0.99994
1
1
1
1
0.999889
1
1
1
1
1
1
1
1
1
1
1
1
0.99994
1
0.999997
1
1
1
1
1
1
1
1
1.00001
0.999812
1
1
0.999995
1
1
1
1
1
1
1
1
1
1
1
1
1
1
1
1
1
1
1
1
1
1
1
1
1
1
1
1
1
1
1
1
1
1
0.999998
1
1
1
1
1
1
1
1
0.999999
1
1
1
1
1
0.99987
1
1
1
0.999924
1
1
1
0.999982
1
1
1
1
1
1
1
1
1
1
1
1
1
1
1
0.999999
1
1
1
1
1
1
1
1
1
0.999999
1
1.00001
1
1
1
1
1
0.999913
1
1
1
1
1
1
1
1
1
1
1
0.999982
1
1
1
1
1
1
1
1
1
1
1
1
1
1
1
1
1
1
1
1
1
1
1
1
1
1
1
1
0.999915
0.999999
1
0.999999
1
1
1
1
1
1
0.999999
1
1
1
1
1
1
1
1
1
1
1
1
1
1
1
1
1
1
1
1
1
1
1
0.999992
1
1
1
1
1
1
1
1
1
1
1
1
1
1
0.999985
1
1
1
1
1
1
1
1
1
1
1
1
1
1
1
1
1
1
1
1
0.999994
1
1
1.00001
1
1
1
1
1
1
1
1
1.00003
0.999996
1
1
0.999994
1.00001
1
1
1
1
1
1
1
1
1
1
1
1
1
1
1
1
1
1
1
1
1
1.00002
1
1
1
1.00002
1
1
1
1
1
1
1
1
1
1
1
1
1
1
1
1
1
0.999763
0.99935
1
1
1
1
1
1
1
1
1
1
1
1
1
1
1
1
1
1
1
1
0.999869
1
1
1
1
1
1
1
1
1
1
1
1
1
1
1.00004
1.00001
1
1.00001
1
1
1
1
0.999992
1
1
1
1
1
1.00002
1
1
1
1
1
1
1
1
1
1
0.999999
1
1
1
1
1
1
1
1
1
1
1
1
0.999974
1
1
1
1
1
1
1
1
0.999967
1
1
1
1
1
1
1
1
1
1
1
1
1
0.999998
1
1
0.999959
1
1
1
1
1
1
1
1
1
1
1
1
0.999925
1
1
1
1
1
1
1
1
1
1
0.999893
1.00001
1
1
1
1
1
0.999987
1
1
1
1
1
1
1
1
1
1
1
1
1
1
1
1
1
1
0.99971
1
1
1
1
1
1.00003
0.999999
1
1
0.9999
1
0.999999
1
1
1
1
0.999977
1
1
1
1
0.999065
1
1.00003
1
1
1
1
0.999977
1
1
1
1
1
1
1
1
1
1
1
0.999998
1
1
1
1
1
1
1
1
1
1
1
1
1.00001
1
1
1
1
1
1
1.00001
0.999977
1
1
1
1
0.999999
1
1
1
1
1
0.999996
1
1
1
0.997053
1
1
1
1
1
1
1
0.999777
1
1.00003
1
1
1
1
1
1
1
1
1
1
1
1
1
1
1
1
1
1
1
1
1
1
1
1
1
1
1
1
1
1
0.999968
1
1
1
1
1
1
1
1
1
1
1
0.999909
1
1
1
1
1
0.999996
1
1
1
1
1
1
0.999945
1
0.999399
1
1
1
1
1
1
1
1
1
1
1
1
1
1
1
0.999961
1
1
1
1.00001
0.999939
1
1
1
1
1
1
1
1
0.999734
0.999944
0.999999
1
1
1
1
1
1
1
1
0.999483
1
1
1
1
1
1
1
0.999997
1
1
1
1
1
1
1
1
0.999994
1
1.00001
1
1
1
1
1
1
1
1
0.999999
1
1
1
1
1
1
1
1
1
1
1
1
1
0.999999
1
1
1
1
1
1
1.00002
1.00003
1
1
0.999998
1
1
1
1
1
1
1
1
1
1
1
1
1
1
1
1
1
1
0.99971
0.999999
0.999998
1
1
1
0.999999
1
1
1
1
1
1
1
1
1
1
0.999999
1
1
1
1
1
1
1
1
1
1
1
1
1.00001
1
1
1
1
1
1
1
1
1
1
1.00001
1
0.999896
1
1
1
1
1
1
1
1
1
0.999996
1
1
1
1
1
1.00002
1
1
1
1
1
1
1
1
1
1
1
1
1
1
1
1
1
1
1
1
1
1
1
1
1
0.999999
0.999996
1
1
1
1
0.999999
1
1
1
1
1
1
1
1
1
1
1
1
1
1.00001
1
1
1
1
1
1
1
1
1
1
1
0.999999
1
1
1
1
1
1
1.00001
1
0.999998
1
1
1
1
1
1
1
1
1
1
1
1.00002
1
1
1
1.00003
1
1
1
0.999993
1
1
1
1
0.999964
0.999999
1
1
1
1
1
1
1
1
1
1
1
1
1
1
1
1
0.999756
1
1
1
0.999998
1
1
1
1
1
1
1
1
1
1
1
1
1
1
1
1
1
1
1
1
1
1
1
1
1
1
1
1
1
1
1
1
1
1
1
1
1
1.00003
1
0.999998
1
1
1.00002
1
0.999993
1
0.999989
1
0.999999
1
1
1
1
1
1
1
1
1
1
1
1
1
1
1
1
1
1
1
1.00001
0.99996
0.999984
1
1
0.999955
1
1
1
0.999562
1
1
1
1
1
1
1
1
1
1
1
1
1
1
0.999992
1
1
1
1
1
1
1.00003
1
1
1
1
1
0.999992
1
1
1
1
1
1
1.00005
0.999972
1
1
1
1
1
1
0.999991
1
1
1
1.00003
1
1
1
1
1
1.00001
1
1
1.00004
1
1
1
1
1
1
0.999936
1
1
1
1
1
1
1
1
0.999988
1
1
1
1
1
1
1
0.999999
1
1
1
1
1
1
1
1
1
1
1
1
1
1
1
1
1
1.00001
1
1
1
1
1
1
1
1
1
0.999998
1
0.999867
1.00002
0.999987
1
1
1
0.999994
1
1
1
0.999995
1.00001
1
1
1
1
1
1
1
1
1
0.999997
1
1
1
1
1
1
1
1
1
1
1
1
1
0.999727
1
1
1
0.999999
1
0.999999
1
1
1.00003
0.999986
0.999997
1
1
1
1
1
1
1
1
1
1
1
1
1
1
1
0.99984
1
1
1
1
1
1
1
1
1
1
1
1
1.00002
1
1
1
1
1
1
1
0.999999
1
1
1
1
1
0.999996
1
1
1
1
1
1
1
1
1
1
1
1
1
1
1
1
0.999952
1
1
1
0.999996
1
1.00002
1
1
1
1
1
1.00004
1
1
1
1
1
1
1
1
1
1
1
1
1
1
1
1
1
1
1
1
1
1
1
1
1
1
1
1
1
1
1
1
1
1
1
1
1
1
1
1
1
1
1
1
1
1
1
1
1
0.999999
1
1
1
1
1
1.00002
1
1
0.999995
1
1
1
1
1
1
1
1
1
1
1
1
1
1
1
1
1
1
1
1
1
1
1
1.00002
0.999999
1
0.999977
1
0.999974
1
1.00003
1.00004
1
0.999981
1
1
1
1
1
1
1.00001
1
1
0.999994
1
1
1
1
1.00002
1
1
1
1
1
1
1
1
1
1
0.999999
1
1
1
1
1
1
1
1
1
0.999997
1
1
1
1
1
0.999969
1
1
1
1
1
1
0.999999
1
1
1
1
1
1
1
1
1
1
1
1
1
1
1
1
1
1
1
1
1
1
0.999998
1
1
1
1
0.999975
1
1
1
1
1
1
1
1
1
1
1
1
0.999966
1
1
1
1
1
1
1
1
1
1
1
1
1
1
1
1
1
1
1
1
1
1
1
1
1
1
1
1
1
1
1
1
1
0.999999
1
1
1
1
1
1
1
1
0.999982
1
1
1
1
1
1
1
1
1
1
0.999856
1
1
1
1
1
1
1
1
1
0.999996
1
0.999907
1
1
1
1
1
1
1
1
1
1
1
1
1
1
1
1
1
1
1
1
1
1
1
1
1
1
1
1
1
1
1
0.999996
1
1
1
1
1
1
1
1
1
1
1
1
1
1
1
1
1
1
1
1
1
1
1
1
1
1
1
1
1
1
1
1
1
1
1
1
1
1
0.999997
1
1
1
1
1
1
1
1
0.999999
1
1
1
1
1
1
1
1
1
1
1
1
1
1
1
1
1
1
1
1
1
1
1
1
1
1
1
1
1
1
1
1
1
1
1
1
1
1
1
0.999999
1
1
1
1
1
1
1
1
1
1.00004
0.999998
1
1
1
1
1
1
1
1
1
1
1
1
1
1
1
1
1
0.999996
1
1
1
1
1
1
1
1
1
1
1
1
1
1
1
1
1
1
1
1
1
1
1
1
1
1
1
0.999932
1
1
1
1
1
1
1
1
1
0.999997
1
0.99951
1
1
1
1
1
1
1
1
1
1
1
1
0.999994
1
1
1
1
1
1
1
1
1
1
1
1
1
1
1
1
1
1
1
1
1
1
1
1.00004
1
1
1
1
1
1
1
1
1
1
1
1
1
1
1
1
1
1
1
1
1
1
1
1
1
1
1
1
1
1
1
1
1
1
1
0.999696
1
1
1.00026
1
1
1
1
1
1
1
1
0.999997
1
1
1
1
1
1
1
1
1
1
1
1
1
1
0.999994
1
0.999997
1
1
1
1
1
1
1
1
1
1
1
1
1
1
1
1
1
1
1
1
1
1
1
1
1
1
1
1
1
1
1
1
1
1
1
1
1
1
1
1
1
1
1
1
1
1
1.00001
1
1
1
1
1
1
1
1
1
1
1
1
1
1
1
1
1
0.999995
1
1
1
1
1
1
0.999995
1
1
0.999859
1
1
1
1
1
1
1
1
1
1
1
1
1
1
1
1
1
1
1
1
1
1
1
1
1
1.00016
1
1
1
0.999999
1
1
1
1
1
1
1
0.999999
0.999982
1
1
1
1
1
0.999987
1
1
1
1
0.999989
1
1
1
1
1
1
0.999692
1
1
1
1
1
1
1
1
1
1
1
1
0.999991
1
1
1
1
1
1
1
1
1
1.00003
1
1
1
1
1
1
1
1
1
1
1
1
1
1
1
1
1
1
1
1
1
1
1
1
1
1
0.999994
1
1
1
1
1
1
1
1
1
1
1
1
1
1
1
0.999952
1
1
1
1
1
1.00001
1
1
1
1
1
1
1
1
1
1
1
1
1
1
1
1
1
1
1
1
1
1
1
1
0.999987
1
1
1
1
1
1
1
1
1
0.999242
1
1
1
1
1
1
1
1
1
1
1
1
1
1
1
1
1
1
1
1
1
1
1
1
1
1
1
1
1
1
1
1
1
1
1
1
1
1
1
1
1
1
1
1
1
1
1
0.999942
1
1
1
1
0.999966
1
1
1
0.999949
1
1
1
1
1
1
1
1
1
1
1
1
1
1
1
1
1
1
1
1
1
1
1
1
1
1
1
1
1
1
1
1
1
1
1
1
1
1
1
1
1
1
1
0.999999
1
1
1
1
1
1
1
1
1
1
1
0.99999
1
1
1
1
1
1
1
1
1
1
1
1
1
1
1
0.999999
1
1
1
1
1
1
1
1
1
1
1
1
1
1
1
1
1
1
1
1
1
1
1
1
1
1
1
1
1
1
0.999999
1
1
1
1
1
1
1
1
1
1
0.999992
1
1
1
1
1
1
1
1
1
1
1
1
1
1
1
1
1
1
1
1.00001
1
1
1
0.999999
1
1
1
1
1
1
1
1
1
1
1
1
1
1
1
1
1
1
1
1
1
1
0.999999
1
1
1
1
1
1
1
1
1
1
1
1
1
1
1
0.999999
1
1
1
1
1
1
1
1
1
1.00001
1
1
1
1
0.999988
1
1
1.00029
1
1
1
1
1
1
1
1
1
1
1
1
1
1
1
1
1
1
1
1
1
1
1
1
1
1
1
1
1
1
1
1
1
1
1
1
1
1
1
1
1
1
1
1
1
1
1
1
1
1
1
1
0.999996
1
1
1
1
1
1
1
1
1
1
1
0.999999
1.00003
1
1
1
1
1
1
1
1
1
0.999993
1
1
1
1
1
1
1
1
1.0002
1.00002
1
1
1
1
1
1
1
1
1
1
1
1
1
1
1
1
0.999839
1
1
1
1
0.999998
1
0.999988
1
1
1
1
1
1
1
1
1
1
1
1
1
1
1
1
1
0.999983
1
1
1
1
1
0.999994
1
1
1
1
0.999059
1
1
1
1
1
1
1.0001
1
1
1
1
1
1
1
1
1
1
1
1
1
0.988532
1.00011
1
1
0.999959
1
1
1
1
1
1
1
0.999964
1
1
1
1
1
1
1
1
1
1
1
1
1
1
1
0.999978
1
1
1
1
1
1
1
1
1
1
1
1
1
1
1
1
1
0.99999
1
1
1
1
1
1
1
1.00003
1
1
1
1
1
1
1
1
1
0.99999
1
1
1
1
1
1
1
1
1
0.999981
1
1
1
1
1
1
1.00001
1
1
1
1
1
1
1
1
1
1
1
0.99912
1
1
1
1
1
1
1
1
1
1
0.999986
1
1
0.999999
1
1
1
1
1
1
1
1
1
1
1
1
1
1
1
1
1
1
1
1
1
1
1
1
1
1
1
1
0.99981
1
1
1
1
1
0.999982
1
0.99998
1
1
0.999999
1
1
1
1
1
1
1
1
1
1
1
1
1
1
1
1
1
1
0.99999
1
1
1
1
1
1
1
0.999999
1
1
1
1
1
0.999876
1
1
1
1
1
1
1
1.00001
1
1
1
1
1
1
1
1
1
1
1
1
1
0.999998
1
1
1
1
1
0.999995
1
1
1
1
1
1
1
1
1
1.00002
1
1
1
1
1
1
1
1
1
1
1
1
1
1
1
1
1
1
1
1
1
1
1
1
1
1
1
1
1
1
1
1
1
1
1
1
1
1
1
1
1
1
1
1.00002
0.999999
1
0.999995
1
1
1
1
1
1
1
1
1
1
1
1
1
1
1
1
1
1
1
1
1
1
1
1
0.999998
0.999987
1
1
1
1
1
1
1
1
1
1
1
1
1
1
1
1
1
1
1
0.999998
1
1
1.0004
1
1
1
1
0.999998
1
1
1
0.999999
1
1
1
1
1
1
1
1
1
1
1
1
1
1
1
1.00002
1
1
1
1
1
1
1
1.00002
1
1
1
1
1
1
1
1
1
0.999949
1
1
1
1
1
1
1
1
1
1.00029
1
1
1
1
0.999968
1
1
1
1
1
1
1
1
1
1
1
1
1
0.999993
1
1
1
1
1
1
1
1
1
1
1
1
1
1
1
1
1
1
0.999998
1
1
1
1
1
1
1
1
0.999885
1
1
1
1
1
1
1
0.993792
1
1
1
1
1
1
1
1
1
1
1
1
1
1
1
1
1
1
1
1
1
1
1
1
0.999996
1
1
1
1
1
1
1
1
1
1
1
1
1
1
1
1
1
1
1
1
1
0.998443
1
1
1.00004
1
1
1
1
1
1
1
1
1
1
1
1
1
1
1
1
1
1
1
1
1
1
1
0.999999
1
1
1
1
1
1
1
1
1
1
1
1
1
1
1
1
1
1
1
1
0.999997
1
1
1
1
1
1
1
1
1
1
1
1
1
1
1
1
1
1
1
1
1
1
1
1.00007
1
0.997408
1
0.999995
1
1
1
1
1
1
1
1
1
1
1
1
1
1
1
1
1
1
1
1
0.999998
1
1
1
0.989313
1
1
1
1
1
1
1
1
1
1
1
1
0.999977
1
1
1
1
1
1
0.999945
1
1
1
1
1
1
1
1
1
0.999248
1
1
1
1
1
1
1
1
1
1
1
1
1
0.999949
1
1
1
1
1
1
1
1
1
1
1
1.00019
1
1
0.999999
1
1
1
1.00021
1
1
1
1
1
1
1
1
1
1
1
1
1
1
1
1
1
1
1
1
1
1
1
1
1
1
0.999999
1
0.999996
1
1
1
1
1
1
1
1
1
1
1
1
1
1
1
1
1
1
1
1
1
1
1
1
0.999972
1
1
1
1
1
1
1
1
1
1
1
1
1
1
1
1
1
1
1
1
1
1
1
1
1
1
1
1
1
0.999999
1
1
1
1
1
1
1
1
1
0.999695
1
1
1
1
1
1
1
0.999919
1
1
1
1
1
1
1
1
1
1
1
1
1
1
1
1
1
1
1
1
1
1
1
1
1
0.999794
1
1
1
1
1
1
1
1
1
1
1
1
1
1
1
1
1
1
1.00019
1
1
1
1
1
1
1
1
1
1
0.999994
1
1
1
1
1
1
1
0.999993
1
1
1
1
0.999952
1
1
1
1
1
1
1
1
1
1
1
0.99999
1
1
1
1
1
1
1
1
1
1
1
1
1
1
1
1
1
1
1
1
1
1
1
1
1
1
1
1
1
1
1
1.00003
1
1
1
1
1
1
1
1
1
1
1
1
1
1
1
1
1
1
1
1
1
1
1
1
1
1
1
1
1
1
1
1
1
1
1
1
1
0.999995
1
1
1
1
1
1
1
1
1
1
1
1
1
1
1
1
1
1
1
0.999971
1
1
1
1
0.999999
1
0.999991
1
1
1
1
1
1
1
1
1
1
1
1
1
1
1
1
1
1
1
1
1
1
1
1
1
1
1
1
1
1
1
1
1
1
1
1
1
1
1
1
1
1
1
1
1
1
1
1
1
1
1
1
1
1
1
1
1
1
1
1
1
1
1
1
1
1
1
1
1
1
1
1
1
0.999864
1
1
1
1
1
1
1
1
1
1
1
1
1
1
1
1
1
1
1
1.00001
1
1
1
1
1
1
0.999998
0.999998
1
1
1
1
1
1
1
1
1
1
1
1
1
1
1
1
1
1
1
1
1
0.999989
1
1
1
1
1
1
1
1
1.00012
1
1
1
1
1
1
1
1
1
1
1
1
1
1
1
1
1
1
1
1
1
1
1
0.999997
1
1
1
1
1
1.00001
1
1
1
1
1
1
1
1
1
1
1
1
1
0.998442
1
1
1
1
1
1
1
1
1
1
1
1
1
1
1
1
0.999999
1
1
1
1
1
1
1
1
1
1
1
1
0.999999
1
1
1
1
1
1
1
1
1
1
1
1
1
1
1
1
1
1
1
1
1
1
1
1
1
1
1
0.999994
1
1
1
1
1
1
1
1
1
1
1
1.00002
1
1
1
1
1
1
1
1
1
1
1
1
1
1
1
1
1
1
1
1
1
1
1
1
1
1
1.00001
1
1
1.00003
1
1
1
1
1
1.00016
1
1
1
1
1
1
1.00002
1
1
1
1
1
1.00001
1
1
1
1
0.999999
1
1
1
1
1
1
1
1
0.998523
1
1.0005
1
1
1
0.999999
1
1
1
1
1
1
1
1
1
1
1
1
1
1
1
1
1
1
1
1
1
1
1
1
1
0.998676
1
1
1
1
1
1
1
1
1
1
1
1
1
1
1
1
1
1
1
1
1
1
1
1
1
1
1
1
1
1.00011
1
1
1
1
1
1
1
1
1
1
1
1
1
1
1.00006
1
1
1
1
1
1
1
1
1
1
1
1
0.999926
1
1
0.999985
1
1
1
1
1
1
1
1
1
1
1
1
1
1
1.00003
1
0.999932
1
1
1
1
1
1
1
1
1
1
1
1
1
0.999996
1
1
1
1
1
1
1
1.00001
1
1
1
1
0.999945
1
0.999998
1.00055
1
1
1
1
1
1
1
1
1
1
1
1
1
1
1
0.999974
1
1
1
1
1
1
0.999986
1
1
1
1
1
0.999977
1
1
0.997638
1
1
1
1
1
1
1
1
1
1
1
1.00002
1
1
1
1
1
1
1
1
1
1
0.999567
1
1
1
1
0.999963
1
0.999926
1
1
1
1
1
0.999937
1
1
1
1
1
1
1
1
0.999984
1
1.00001
1
1
1
0.991769
1
1
1
1
1
1
1
1
1
1
1
1
1
1
0.998848
1
0.999995
1
1.00018
1
0.999967
1
1
1
1
1
1.00026
1
1.0001
1
1
1.00004
1.00022
1
1
1
1
1
1
1
1
1
1
1
1
1
0.999996
1
1
1
1
1
1
1
0.999999
1
1
1
1
1
1
1
1.00001
1
1
1
1
1
1
1
1
1
1
1
1
1
0.999876
1
1
1
1
1
0.999991
1
1
1
1
1
1
1
1
1
1
1.00001
1
1
1
1
1
1
0.999856
1.00001
1
1
1
0.999907
1
1
0.999907
0.999944
1
1
1
1
1
1
1
1
1
1
1
1
1
1
0.999973
1
1
1
1
0.999815
1
1
1
1
1
1
1
1
1
1
1
1
1
1
1
1
1
1
1
1
1
1
1
1
1
1
1
1
1
1
1
1
1
1.0003
0.999985
0.999991
1
1
1
1
1
0.999989
1
1
1
1
1
1
1
1.00001
0.99976
1
1
1
1
1
1
1
1
1
1
1
1
1
1
1.00001
1
1
1
1
1
1
1
0.999662
1
1
0.999975
1
0.999891
1
1
1
1
1
0.999999
1
0.999995
1
1
0.999923
1
1
1
1
1
1
1
1
1.00001
1
1
1
0.999999
1
1.00027
1
1
1
1
1
0.999994
1
1
1
1
1
1
1
1
1
1
1
1
1
1
1
1
1
1
1
1
1
1
1
1
1
1.00002
1
1.00184
1
1
1
1
1
1
1
1
1
0.999999
1
0.999999
1
1
1
0.999998
1
1
1
0.999874
1
1
1
0.999365
1
1
1
1
1
1
1
1
1
1
1.00001
1.00001
0.999991
1
1
1
1
1
1
1
1
1
1
1
1
1
1
0.999928
1
1
1
1
1
1
1
1
1
0.99964
1
1
1
1
1
1
1
1
1
1
1
1
1
1
1
1
1
1
1
1
1
1
1
1
1
1
1
1
1
1
1
1
1
1
1
0.999984
1
1
1
1
1
1
1
1
1
1
1
1
1
1
1.00001
1
1
1
1
1
1
1
1
1
1
1
1
1
1
1
0.999997
1
1
1
1
1
1
1
1
1
1
1
1
0.999595
1
1
1
1
1
1
1
1
1
1
1
1
1
1
0.999615
1
1
1
1
1
1
1
1
1
1
1
1.00001
1
1
1
1
1
1
1
1
1
1
1
1
1
1
1
0.998428
0.999999
1
1
1.00015
1
1
1
1
1
1
1
1
1
1
1
1
1
0.999684
1
1
1
1
1
1
1
1
1
1
1
1
1
1.00003
1
1
1
1
1
1
1
1
1
1
1
1
1
1
1
1
1
1
1
1
1
1
1
1
1
1
1
1
1.00001
1
1
1
1
1
1
1
1
1
1
1
1
1.00001
1
1
1
1
1
1
1
1
1
1
1
1
1
0.998823
1
1
1
1
1
1
1
1
1
1
1
1
1
1
1
1
1
1
1
1
1
1
1
0.999999
1
1
1
1
1
1
1
1
1
1
1
1
1
1
1
1
1
1
1
1
1
1
1
1
1
1
1
1
1
1
1
1
1
1
1
1
1.00026
1
1
1
1
1
1
1
1
1.00008
1
1
1
1
1
1
1
1
1
1
1
1
1
1
1
1
1
1
1
1
1
1
1
0.999999
1
1
1
1
1.00001
1
1
1
1
0.999998
1
0.999999
1
1
1
1
1
1
1
1
1
1
1
1
0.999502
1
1
1
1
1
1
1
1
1
1
1
1
1
1
1
0.99997
1
1
1
1
1
1
1
1
1
1
1
1
1
1
1
1
1
1
1
1
1
1
1
1
1
1
1
1
1
1
1
1
1
1
1
1
1
1
1
1
1
1
1
1
0.999447
1
1
1
1
1
1
1
1
1
1
1
1
1
1
1
1
1
1
1
1
1
1
1
1
1
1
1
1
1
1
1
1
1
0.999907
1
0.999997
1
1
1
1
1
1
1
1
1
1
1.00006
1
1
1.00001
1
1
1
1
0.999997
0.999994
1
1
1
1
1
1
1
1
1
1.00001
1
1
1
1
1
1.00013
1.00001
0.999999
1
1.00002
1
0.99962
1
1
1
1
1
1
1
1
1
1
1
1
1
1
1
1
1
1
1
1
1
1
1
1
1
1
1
1
1
1
1
1
1
1
0.999903
1
1
1
1
1.00001
1
1
1
1
1
1
1
0.997069
1
1
1
1
1
1
1
1.00005
1
1
1
1
1
1
1
1
1
1
1
1
1
1.00004
1
0.999997
1
1
1
1
1
0.995743
1
1
1
1
1
1
1
1
1
1
1
1
1
1
1
1
1
1
1
1
1
1
1
1
1
1
1
1
1
1
1
1
1
1
1
1
1
1
1
1
1
1
0.999247
1.00002
1
1
1
1
1
1
1
1
1
1
1
1
1
1
1
0.999998
1
1
1.00001
1
1
1
1
1
1
1.00006
1
0.999971
1.00002
1
1
1
1
1
1
0.999987
1
1
0.999993
1
1
1
1
0.999998
1
1
1
1
1
1
1
1
1
1
1
1
1
1
1
1
1
1
1
1
1
1
1
1
1
1
1
1
1
1
1
1
1
1
1
1
1
1
1
1
1
1
1
1
1
0.999985
1
1
1
1
1
1
1
1
1
1
1.00023
1
1
1
1
1
1
1
1
1
1
1
1
1
1
1
1
1
1
1
1
0.999994
1
1
1
1
1
1
0.998989
1
1
1
1
1
1
1
1
1
1
1
1
1
1
1
1
1
1
1
1
1
1
1
1
1
1
1
0.999994
1
1
0.998971
1
1
1
1
1
1
1
1.00001
0.999983
1
1
1
1
1
1
1
1
1
1
1
1
1
1
1
1
1
1
1
1
0.99993
1
1
1
1
1
1
1
1
1
1
1
1
1
1
1
1
1.00025
1
1
1
1
1
1
1
1
1
1
1
1
1
1
1
1
1
0.999999
1
1
1
1
1
1
1
1
1
1.00016
1
1
1
1
1
0.999808
1
1
1
1
1
1
1
1
1
1
1
1
0.999978
1
1.00001
1
1
1
1
1
0.999929
1
1
1
1
1
0.999945
1
1
1
1
0.999973
1
1
1
1
0.999925
1
1
1
1
1
1
1
1
1
1
1
1
1
1.00001
1
1
1.00004
1
1
1
1
1
1
1
1
1
0.999963
1
1
1
1
1.00001
1
1
1
1
1
0.999997
0.999999
1
1
0.999782
1
1
1
1
0.999729
1
1
0.998914
1
1
1
1
1
1
1
1
1
1
1
1
1
1
1
1
1
1
1
1
1
1
1
1
1.00002
1
1.00013
1
0.999995
1
1
1
1
1
0.999963
1
1
1
1
1
1
1
0.999943
1
1
1
1
1
1
1
1.0002
1
1
1
1
0.999946
1
0.999742
1
1
1
1
1
1
1
1
1
1
1
1
1
1
1.00011
1
0.999918
1
1
1
1
1
0.999982
1
1
1
1
1
1
1
1
1
1
1
1
1
1
1
1
0.995859
1
1.00002
1
1
1
1
1
1
1
1
1
1.00002
1
1
1
1
1
1
1
1
1
1
1
1
1
1
1
1
1
1
0.998879
1
1
1
1
1
1
1
0.999969
1
1
1
1
1
1
1
1
1
1
1
1
1
1
1
1
1
1
1
1
1
1
1.00001
1
1
1
0.999999
1
1
1
0.999847
1
1
1
1
1
1
1
1
1
1
1
1
1
1
1
1
1
1
1
1
1
1
1
1
1
1
0.999999
1
1
1
1
1
1
0.999979
1
1
1
1
1
1
1
1
1
1
1
1
1
1
1
1
1
0.999964
0.999988
1
1
1
1
1
1
1
1
1
1
1
1
1
1
1
1
1
0.999991
1
1
1
0.999966
0.999991
1
1.00002
1
1
1
1
1
1
1
1
1
1
1
1
1
1
1
1
1
1
1
1
1
1
1
0.99919
1
0.999939
1.00035
1
1
1
1
1
1
1
0.99813
1
1
0.999997
1
1
1
1
1
1
1
1
1
1
1
1
1
0.999998
1
1
1
1
1
1
1
1
1
1
1
1
1
1
1
1
1
1
1
1.00001
1
1
1
1
1
1
1
1
1
1
1
1
1
1
1
1
1
1
1
1
0.999997
1
1
1
1.00002
1
1
1
1
1
1.00015
1
1
1
1
1
1
1
1
1
1
1
0.99992
1
1
1
1
0.999972
1
1
1
1
1
1
1
1
1
1
1
1
0.999993
1
1
1
0.99997
1
1
1
1
1
1
1
1
1
1
1
1
1
1
1
1
1
1
1
1
1
1
1
0.999996
1
1
1.00001
1
1
0.999792
1
1
1
1
1
1
1
1
0.999437
1
1
0.999999
1
1
0.999988
1
1
1
1
1
1
1
1.00021
1
1
1
1
1
1
1
1
1
1
1
1
1
1
1
1
0.999984
1
0.999999
1
1
1
1
1
1
1
1
1
1
1
1
1
1
1
1
1
1
1
1
1
1
1
1
1
1
1
1.00001
1
1
1
1
1
1
0.999969
1
1
1
1
1
1
1
1
1
1
1
1
1
1
1
1
1
1
1
1
1
1
1
1
1
1
1
1
1
1
1
1
0.993789
1
1
1
1
1
1
1
1
1
1
1
1
1
1.00001
1
1
1
1
1
1
1
1
1
1
1
1
1
1
1
1
1
1
1
1
1
1
1
1
1
1
1
1
1
1
1
1
0.999209
1
1
0.99595
1
1.00002
1
0.99936
1
1
1
1
1
1
1
0.999999
1
1
1
0.999949
1
1
1
1
1
1
1
1
1
1
1
1
1
1
1
0.999927
1
1
1
1.0003
1
1
1
0.999993
1
1
1
0.993069
1
1
0.999998
1
1
1
1
1
1
1
1
1
0.999998
1.00002
1
1
1
1
1
1
0.999949
1
1
1
1
1
1.00001
1
1
0.999721
1
1
1
1
0.999466
1
0.999999
1
1
1
0.999811
1
1
1
1
1
1
1
1
1
1
0.999806
1
1
1
1
0.999998
0.999984
1
1
1.00002
1
1
1
1
1
1
1
1
1
1
1
1.00001
1
1
1
1
1
1
1
1
1
0.991944
1
1
1
1
1
1
1
1
1
1
1
1
1
1
0.999806
1
1
1
1
1
1
1
1
0.997549
1
1
1
1
1
0.999989
1
1
1
1
1
1
1
1
1
1
1
1
0.999238
1
1
1
1
1
1
1
0.999999
1
1.00002
1
1
1
1
1
1
1
1
1
1
1
1
1
1
1
1
1
1
1
1
0.999997
1
1
1
1
1
0.999999
0.999996
1
1
1
1
1
1
1
1
1
1
1
1
1
1
1
1
1
1
1
1
1
1
1
1
1
1
1
1
1
1
1
1
1
1
1
1
1
1
1
1
1
1
1
1
1
1
1
1
1
1
1
1
1
1
1
1
0.999998
1
1
1
1
1
0.999996
1
1
1
1
1
1
1
1
1
1
1
1
1
1
0.999895
1
1
1
1
1
1
1
1
1
1
1
1
1
1
1
1
1
1
1
1
1
1
1
1
1
1
1
1
1
0.999974
1
1
1
1
1
1
1
1
1
1
1
1
0.999904
1
1
1
1
1
1
1
1
1
1
1
1
1
1
1
0.999941
1
1
1
1
1
1.00001
1
1
1
1
1
1
1
1
1
1
1
1
1
1
1
0.998256
1
1
1
1
1
1
1
1
1
1
1
1
1
1
1
1
1
1
1
1
1
1
0.995069
1
0.999977
1
1
1
1
1
1.00016
1
1
1
1
1
1
1
1
1
1
1
1
1
1
0.999666
0.999989
1
1
1
1
1
1.00002
1
1
1
0.999974
0.999997
1
1
1
1
1
1
1
0.999999
1
1
1
1
1
1
1
1
0.999999
1.00007
1
1
1
1
1
1
1
1
1
1
1
1
1
1
1
1
1
1
1
1
1
1
1
1
1
1
1
0.999083
1
1
1
1
1
1
1
1
1
1
1
0.999985
1
1
1
1
1
1
1
1
1
1
1
1
1
0.999998
1
1
1
1
1
1
1.00026
1
0.999999
1
1
1
1
1
1
1
0.999992
1
1
1
0.999925
1
1
0.999997
1
1
1
1.00003
1
1
1
1
0.999746
1
1
1
1
1
1
1
1
1.00003
1.00001
1
1
1
1.00027
1
1
1
1
1
1
1
1
1
1
1
1
0.997926
1
1
1
1
1
1
1
1
1
0.999999
1.00001
1
1
1
1
1
1
1
1
1
1
0.998643
1
1
1
1
1
1
1
1
1
1
1
1
1
1
0.998742
1
0.999966
1
1
1
0.999986
1
1
1.00006
1
1
1
1
1
1
1
1
1
1
1
1
1
1
1
1
1
1
0.999995
1
1
1
1
1
1
1
1
1
1
1
1
1
1
1
1
1
1
1
1
1
1
1
1
0.999953
1
1
1
1
1
1
1
1
1
1
1
1
1
1
1
1
1
1
1
1
1
1
1
1
1
1
0.999833
1.0007
1
1
0.999997
1
1
1
1
1
1
1
1
1
1
1
1
1
1
1
1
1
0.999928
1
1
1
1.00013
1
1
1
1
1
1
1
1
1
1
1
1
1
1
1
1
0.999916
1
1
1
1
1
1
1
1
1
1
1
1
1
1
1
1
1
1
1
1
1
1
1
1
1
1
1
1
1
1
1
1
1
1
1
1
1
1
1.00001
1
1
1
1
1
1
1
1
1
1
1
1
1
1
1
0.999985
1
1
1
1
1
1
1
1
1
1
1
1
1
1
1
1
1
1
1
1
1
1
1
1
1
1
1
1
1
1.00001
1
1
1
0.999603
1
1
1
1
1
1
0.99999
1
1
1
1
1
1
1
1
1
1
1
1
1
1
0.999984
1
1
1
0.999999
1
0.99793
1
1
1
1
1
1
0.999999
1
1
1
1
1
1
1
0.999988
1
1
0.999999
1
1
1
1
1
1
1
0.999929
1
1
1
1
1
1
1.00001
1
1
1.00002
1
1
1
1
1
1
1
1
1
1
1
1
1
1
1
1
1
1
1
1
1
1
1.00002
1
1
1
1
1
1
1
1
1
1
1
1
1
1
0.999997
1
1
1
1
1
1
1
1
0.999979
1
1
1
1
1
1
1
1
1
1
1
1
1
1
0.999888
1
1
1
1
0.999617
1
0.999982
1
1
1
1
1
1
1
1
0.999921
1
1
1
1
1
1
1
1
1
1
1
1
1
1
1
1.00053
1
1
0.999971
1
1
1
1
1
1
1
1
1
1
1
1
1
1
0.999998
1
1
1
1
1
1
1
1
1
1
1
1
1.00013
1
1
1
1
0.999999
1
1
1
1
1
1
1.00001
0.999999
1
1
1
1
1
0.999742
1
1
1.00001
1
1.00001
1
1
1
0.999744
1
1
1
1
1
1
1
1
1
1
1
1
1
0.999996
1
1
1
1
1
1
1
1
1
1
1
1
1
1
1
1
1
0.999999
1
1
1
1
1
1
1
1
1
1
1
1
1
1
1
1
1.00025
1
1
1
1
1
1
1
1
1
1
1
1
1
1
1
1
1
1
1
1
1
1
1
1
1
1
1
1
1
1
1
1
1
1
1
1
0.999978
1
1
1
1
1
1
1
1
1
1
1
0.999921
1
1
1
0.999943
1
1
1
1
1
0.999999
1
1
1
1
1
1.00001
1
1
0.999999
1
1
1
1
1.00001
1
1
1
1
0.999994
1
1
1
1
1
1
1
1
1
1
1
1
1
1.00001
1
0.99999
1
1
1
1
1
1
1
1
1
1
1
1
1
1
1
1
1
1
1
1
0.999998
1
1
1
1
0.999756
1
1
1
1
1
1
1
1
1
1
1
1
1
1
1
1
1
1
1
1
1
1
1
1
0.999999
1
1
1
1
1
1
1
1
0.999994
1
1
1
1
1
1
1
1
1
1
1
0.999994
1
1
1
1
1
1
1
1
1
1
1
1
1
1
1
1
1
1
1
1
1
1
1
1
1
1
1
1
0.999988
1
0.999981
1
1
0.999999
1
0.999997
1
0.999958
1
1
1
1
1
1
1
1
1
1
1
1
0.999999
1
1
1
1
1
1
1
1
1
1
1
1
1
0.999997
1
1
1
1
1
1
1
1
1
0.999982
1
1
1
1.00036
0.999978
1
1
1
0.999933
0.999992
1
1
1
1
1
1
0.99998
1
1
1
1
1
1.00027
1
1
1
1
1
1
1
1
1
1
1
1
1
1
1
1
1
1
1
0.999946
1
1
1
1
0.999993
1
1
1
1
1
1
1
1
1
1
1
1
1
1
1
1
1
1
1
1
1
1
1
1
0.999945
1
1
1
1
1
1
1
1
1
1
0.999955
1
1
1
1
1
1
1
1
1
1
1
1.00008
1
1
1
0.999992
1
1
1
1
1
1
1
1
1
0.999998
1
1
0.999987
1
1
1
1
1
1
1
1
1
1.00001
1
1
1
1
1
1
1
1
1
1
1
1
1
1
1
1
1
1
1
1
1
1
1
1
1
1
1
1
1
1
1
1
1
1
1
1
1
1
1
1
0.999975
1
0.999969
1
1
1
1
1
1
1
1
1
1
1
0.999995
1
1
0.999992
1
1
1
1
1
0.999973
1
1
1
1
1
1
0.999898
1
1
1
1
1.00001
0.999997
1
1
1
1
1
0.999999
1
1
1
1
1
1
1
1
1
1
1
1
1
1
1
1
1
1
1
1
1
1
1
1
1
1
1
1
1
1
1
1
1
1
1
1
1
1
1
1.00001
1
1
0.999964
1
1
1
1
1
1
1
1
1
0.999828
1
1
1
1
1
1
1
1
1
1
1
1
0.99999
1
1
1
1
1
1
1
1
1
1
1
1
1
1
1.00002
1
1
1
1
1
1
1
0.999979
1
1
1
1
1.00001
1
1
1
1
1
1
1
1
1
1
1
1
1
1
1
1
1
1
1
1
1
1
1
0.999999
0.999985
1
1.00001
1
1
1
1
1
1
1
1
0.999988
1
1
1
1
1
0.999969
0.999999
1
1
1
1
1
1
0.999996
0.999985
1
1
1
1
1
1
1.00001
1
1.00001
1
1
1
1
1
1
1
1
1
1
1
1
1
1
1
1
1
1
1
0.999964
1.00001
1
1
1
1
0.999999
1
1
1
1
1
1
1
1
1
1
1
1
1
1
1
1
)
;

boundaryField
{
    frontback
    {
        type            empty;
    }
    topbottom
    {
        type            zeroGradient;
    }
    outlet
    {
        type            zeroGradient;
    }
    inlet
    {
        type            fixedValue;
        value           nonuniform List<scalar> 0();
    }
    walls
    {
        type            zeroGradient;
    }
    procBoundary1to0
    {
        type            processor;
        value           nonuniform List<scalar> 
104
(
1
1
1
1
1
1
1
1
1
1.00001
1
1
1
0.999936
1.00002
1
1.00002
1
1
1
1
1
1
1
1
1
1
1
1
1
1
1
1
1
1.00002
1
1
1
1
1
1
1
0.997792
1
1
1
1
1
1
1
1
1
1
1
0.995755
1
1
1
1
1
1
1
1
1
1
1
1
1
1
1
1
1
1
1
1
1
1
1
1
1
1
1.00061
1
1
1
1
1
1
1
1
1
1
1
1
1
1
1
1
1
1
1
1
1
1
)
;
    }
    procBoundary1to3
    {
        type            processor;
        value           nonuniform List<scalar> 
205
(
1
1
1
1
1
1
1
1
1
1
1
1
1
1
1
1
1
1
1
1
1
1
1
1
1
1
1
1
1
1
1
1
1
1
1
1
1
1
1
1
1
1
1
1
1
1
1
1
1
1
1
1
1
1
1
1
1
1
1
1
1
1
1
1
1
1
1
1
1
1
1
1
1
1
1
1
1
1
1
1
1
1
1
1
1
1
1
1
1
1
1
1
1
1
1
1
1
1
1
1
1
1
1
1
1
1
1
1
1
1
1
1
1
1
1
1
1
1
1
1
1
1
1
1
1
1
1
1
1
1
1
1
1
1
1
1
1
1
1
1
1
1
1
1
1
1
1
1
1
1
1
1
1
1
1
1
1
1
1
1
1
1
1
1
1
1
1
1
1
1
1
1
1
1
1
1
1
1
1
1
1
1
1
1
1
1
1
1
1
1
1
1
1
1
1
1
1
1
1
1
1
1
1
1
1
)
;
    }
}


// ************************************************************************* //
