/*--------------------------------*- C++ -*----------------------------------*\
| =========                 |                                                 |
| \\      /  F ield         | OpenFOAM: The Open Source CFD Toolbox           |
|  \\    /   O peration     | Version:  v2012                                 |
|   \\  /    A nd           | Website:  www.openfoam.com                      |
|    \\/     M anipulation  |                                                 |
\*---------------------------------------------------------------------------*/
FoamFile
{
    version     2.0;
    format      ascii;
    class       labelList;
    location    "constant/polyMesh";
    object      cellProcAddressing;
}
// * * * * * * * * * * * * * * * * * * * * * * * * * * * * * * * * * * * * * //


14479
(
0
4
7
10
11
13
17
22
24
30
31
35
40
44
48
50
51
64
66
69
70
71
75
77
78
83
86
87
91
92
93
101
107
108
118
124
127
130
137
139
143
144
150
159
164
173
174
175
181
183
184
186
189
190
193
194
199
202
205
212
213
226
227
228
236
241
248
265
268
270
272
274
282
283
285
287
289
292
301
302
303
306
309
313
316
326
331
334
335
336
344
346
348
352
353
356
359
360
369
371
374
378
381
384
388
390
394
399
403
405
408
409
418
419
429
431
434
435
436
439
444
447
448
449
454
455
459
464
473
477
481
483
491
495
499
501
502
503
506
507
519
520
525
540
542
545
546
550
552
556
562
568
569
570
575
576
578
579
580
581
583
585
588
589
593
595
600
602
604
612
617
618
619
620
622
626
627
628
630
631
633
634
635
639
642
645
646
649
652
662
666
675
679
683
688
691
696
698
699
708
711
713
718
726
729
730
738
739
742
746
747
750
751
752
753
755
757
761
762
765
767
768
776
778
780
783
787
788
789
791
793
794
795
798
806
808
813
816
817
818
820
830
831
833
837
840
842
843
845
846
864
866
867
871
875
877
884
886
888
890
901
904
912
913
914
918
920
921
922
924
928
932
941
943
944
946
950
956
959
961
963
965
971
973
974
981
987
993
996
997
998
1004
1009
1010
1011
1014
1016
1018
1024
1032
1033
1038
1039
1041
1043
1053
1057
1059
1060
1067
1069
1070
1071
1072
1074
1075
1079
1081
1083
1085
1086
1092
1093
1095
1097
1102
1105
1113
1115
1119
1124
1126
1128
1130
1133
1134
1142
1145
1148
1154
1159
1163
1165
1169
1180
1182
1184
1188
1189
1190
1191
1197
1206
1207
1211
1219
1220
1223
1224
1226
1228
1230
1235
1238
1240
1241
1244
1245
1246
1250
1251
1252
1260
1263
1269
1271
1273
1274
1275
1282
1284
1290
1294
1296
1300
1305
1308
1309
1312
1318
1319
1323
1327
1330
1332
1333
1334
1341
1343
1344
1346
1350
1354
1358
1359
1360
1361
1363
1367
1368
1371
1374
1375
1376
1379
1381
1385
1388
1389
1390
1392
1394
1396
1400
1401
1415
1416
1421
1423
1431
1434
1441
1445
1448
1457
1458
1463
1470
1471
1474
1479
1481
1482
1483
1485
1487
1488
1491
1493
1494
1495
1497
1503
1505
1528
1529
1532
1534
1536
1537
1538
1542
1556
1558
1560
1562
1565
1567
1577
1578
1580
1581
1583
1589
1591
1593
1600
1609
1611
1612
1613
1615
1616
1617
1618
1625
1628
1629
1632
1636
1638
1639
1642
1643
1648
1650
1651
1658
1664
1680
1683
1685
1687
1689
1691
1694
1706
1708
1714
1716
1717
1718
1721
1722
1725
1727
1728
1729
1730
1731
1732
1736
1743
1744
1749
1753
1754
1758
1759
1768
1772
1775
1779
1794
1796
1801
1810
1816
1817
1826
1827
1835
1836
1838
1841
1842
1851
1853
1856
1857
1861
1870
1873
1877
1878
1879
1881
1882
1883
1889
1897
1901
1902
1905
1913
1920
1921
1923
1924
1928
1932
1934
1938
1939
1942
1945
1947
1948
1952
1955
1960
1961
1962
1970
1974
1977
1979
1989
1992
1994
1995
1997
1998
2009
2012
2013
2020
2023
2024
2025
2041
2042
2043
2048
2049
2050
2052
2053
2055
2059
2060
2063
2068
2069
2072
2077
2081
2086
2090
2091
2097
2098
2100
2105
2111
2114
2115
2116
2117
2118
2119
2121
2124
2127
2131
2132
2139
2140
2152
2156
2160
2163
2164
2168
2175
2176
2179
2186
2189
2194
2195
2196
2199
2201
2202
2203
2204
2205
2208
2209
2210
2212
2213
2222
2224
2226
2228
2240
2243
2244
2248
2250
2263
2267
2273
2276
2277
2278
2279
2280
2281
2283
2284
2285
2288
2292
2293
2294
2296
2297
2303
2307
2311
2317
2319
2320
2321
2327
2329
2332
2335
2336
2342
2344
2347
2350
2355
2361
2365
2367
2368
2373
2374
2376
2382
2383
2386
2390
2393
2396
2398
2401
2403
2404
2407
2411
2426
2428
2430
2434
2439
2441
2442
2444
2456
2457
2461
2463
2465
2473
2474
2475
2485
2486
2489
2490
2493
2494
2504
2505
2509
2514
2522
2527
2528
2531
2533
2535
2536
2539
2544
2547
2552
2566
2568
2570
2573
2578
2580
2583
2586
2587
2588
2592
2595
2598
2602
2605
2607
2608
2611
2612
2613
2618
2632
2635
2639
2640
2647
2650
2651
2653
2658
2659
2665
2666
2667
2669
2670
2672
2676
2685
2687
2689
2690
2692
2693
2697
2698
2699
2700
2702
2703
2705
2708
2709
2712
2714
2716
2717
2723
2728
2729
2730
2731
2735
2737
2741
2742
2746
2747
2750
2757
2758
2760
2761
2765
2778
2781
2787
2788
2792
2793
2794
2796
2798
2801
2802
2803
2810
2812
2822
2828
2832
2837
2838
2845
2847
2848
2853
2861
2864
2866
2867
2868
2869
2874
2875
2877
2878
2880
2881
2882
2883
2886
2890
2891
2894
2895
2896
2897
2899
2900
2905
2907
2908
2909
2912
2913
2914
2916
2919
2933
2934
2936
2938
2940
2941
2943
2948
2956
2957
2959
2962
2963
2966
2967
2968
2970
2972
2975
2982
2983
2984
2987
2988
2991
2996
2999
3008
3009
3010
3012
3014
3016
3019
3026
3027
3029
3032
3033
3047
3049
3052
3055
3056
3062
3073
3075
3077
3084
3093
3095
3097
3100
3105
3106
3109
3116
3117
3119
3126
3127
3129
3133
3134
3135
3136
3140
3143
3154
3156
3157
3159
3161
3163
3173
3174
3176
3183
3185
3186
3194
3196
3197
3201
3212
3215
3217
3221
3225
3227
3238
3242
3246
3247
3251
3257
3267
3271
3277
3278
3279
3280
3281
3282
3283
3284
3292
3296
3297
3300
3304
3309
3313
3314
3317
3323
3328
3330
3332
3335
3340
3342
3345
3346
3353
3362
3365
3368
3376
3378
3383
3385
3387
3390
3398
3401
3408
3412
3414
3415
3417
3418
3423
3425
3427
3428
3435
3438
3443
3445
3448
3449
3456
3462
3464
3465
3466
3470
3474
3475
3477
3478
3482
3486
3491
3492
3497
3498
3499
3500
3502
3503
3509
3511
3514
3517
3518
3522
3524
3526
3530
3536
3540
3546
3547
3550
3554
3559
3563
3564
3566
3575
3576
3577
3579
3581
3582
3587
3600
3603
3607
3612
3613
3616
3618
3623
3629
3631
3634
3639
3642
3644
3646
3648
3651
3652
3653
3656
3659
3660
3668
3669
3672
3684
3694
3700
3701
3704
3705
3708
3710
3711
3713
3717
3720
3721
3724
3729
3730
3733
3734
3738
3742
3744
3747
3751
3755
3763
3766
3767
3780
3782
3786
3787
3789
3791
3794
3801
3802
3803
3805
3809
3810
3811
3813
3814
3816
3817
3818
3820
3823
3826
3830
3831
3834
3837
3838
3840
3841
3845
3849
3850
3851
3854
3856
3859
3864
3871
3872
3877
3881
3884
3887
3894
3897
3898
3905
3907
3910
3912
3915
3916
3920
3921
3926
3927
3928
3933
3938
3945
3947
3949
3951
3952
3956
3958
3959
3960
3963
3964
3970
3972
3974
3975
3980
3982
3986
3991
3993
3997
3998
4001
4002
4006
4007
4010
4018
4019
4024
4025
4028
4032
4041
4045
4047
4050
4051
4062
4067
4069
4077
4082
4086
4091
4095
4098
4099
4101
4118
4119
4123
4125
4129
4139
4140
4141
4142
4147
4150
4154
4156
4157
4159
4164
4165
4169
4173
4178
4179
4183
4184
4191
4193
4195
4197
4199
4204
4213
4215
4219
4221
4224
4225
4228
4230
4237
4246
4249
4251
4252
4253
4254
4255
4256
4258
4268
4269
4270
4272
4273
4276
4277
4281
4282
4283
4298
4299
4300
4301
4304
4305
4306
4308
4309
4314
4316
4317
4319
4321
4323
4327
4331
4338
4339
4342
4345
4347
4348
4357
4362
4365
4366
4367
4370
4371
4377
4380
4381
4382
4383
4384
4388
4390
4394
4397
4398
4399
4400
4408
4413
4430
4431
4435
4437
4438
4444
4445
4446
4447
4451
4453
4458
4459
4460
4461
4467
4472
4478
4482
4485
4487
4496
4499
4501
4503
4509
4510
4521
4522
4525
4527
4529
4531
4533
4535
4536
4541
4547
4548
4550
4552
4553
4554
4555
4558
4560
4562
4563
4568
4570
4578
4579
4589
4593
4594
4600
4609
4612
4614
4615
4618
4621
4622
4623
4624
4628
4630
4632
4635
4636
4638
4640
4643
4651
4655
4657
4658
4665
4672
4688
4693
4698
4700
4702
4704
4706
4707
4712
4713
4720
4721
4724
4726
4732
4733
4737
4739
4744
4749
4752
4755
4757
4759
4767
4768
4769
4771
4772
4773
4775
4779
4780
4782
4788
4798
4802
4809
4814
4817
4819
4824
4831
4833
4839
4845
4852
4853
4855
4856
4861
4864
4867
4869
4870
4875
4878
4889
4891
4895
4899
4901
4903
4904
4905
4907
4910
4914
4917
4919
4934
4935
4937
4939
4940
4941
4944
4946
4955
4958
4960
4967
4970
4973
4976
4977
4978
4980
4982
4985
4988
4989
4991
4993
4994
4996
4999
5002
5005
5008
5009
5013
5014
5020
5023
5024
5027
5028
5029
5037
5038
5051
5052
5055
5059
5064
5070
5072
5076
5081
5082
5083
5084
5086
5087
5088
5091
5102
5108
5111
5112
5116
5118
5121
5123
5124
5125
5128
5129
5131
5134
5136
5137
5138
5141
5142
5147
5151
5157
5158
5161
5163
5164
5167
5169
5171
5173
5174
5178
5184
5187
5190
5191
5193
5203
5205
5206
5209
5210
5216
5217
5220
5222
5223
5227
5230
5231
5232
5234
5235
5236
5238
5243
5249
5250
5252
5255
5257
5258
5260
5262
5263
5265
5271
5274
5276
5277
5280
5282
5285
5290
5292
5297
5299
5303
5310
5315
5316
5321
5325
5327
5331
5334
5342
5343
5344
5346
5354
5355
5364
5365
5373
5374
5376
5384
5388
5389
5397
5398
5400
5403
5404
5407
5408
5410
5413
5420
5423
5425
5430
5434
5438
5440
5447
5449
5451
5452
5459
5467
5469
5475
5480
5482
5487
5490
5491
5497
5499
5500
5504
5510
5513
5517
5523
5530
5531
5534
5538
5540
5545
5547
5554
5556
5558
5559
5562
5564
5565
5566
5568
5569
5571
5573
5574
5577
5580
5585
5591
5593
5596
5599
5600
5604
5605
5615
5623
5630
5640
5650
5652
5655
5660
5661
5663
5666
5672
5675
5679
5683
5685
5701
5704
5710
5713
5725
5726
5728
5731
5736
5738
5740
5741
5743
5745
5749
5752
5757
5759
5762
5766
5770
5773
5774
5776
5777
5780
5784
5791
5795
5799
5807
5815
5819
5822
5824
5826
5830
5832
5833
5839
5842
5844
5848
5851
5852
5854
5855
5858
5861
5866
5869
5870
5872
5874
5875
5878
5883
5885
5888
5889
5890
5892
5897
5906
5908
5909
5910
5911
5913
5917
5920
5925
5927
5931
5935
5937
5938
5939
5943
5945
5949
5951
5954
5955
5956
5958
5959
5961
5966
5971
5973
5975
5976
5979
5981
5987
5988
5993
5994
5996
6004
6009
6011
6023
6025
6031
6032
6035
6037
6043
6046
6050
6051
6056
6063
6066
6069
6075
6077
6081
6082
6084
6085
6087
6088
6092
6093
6097
6103
6104
6115
6117
6118
6119
6124
6128
6129
6134
6136
6137
6142
6144
6147
6151
6153
6154
6155
6159
6165
6178
6180
6185
6191
6194
6198
6200
6201
6210
6215
6223
6224
6228
6230
6236
6240
6244
6245
6246
6252
6254
6258
6263
6264
6266
6267
6269
6271
6273
6280
6283
6285
6286
6288
6290
6293
6297
6298
6300
6302
6303
6305
6308
6311
6312
6319
6320
6321
6326
6329
6330
6333
6335
6339
6341
6342
6347
6350
6360
6361
6363
6366
6367
6369
6370
6371
6380
6382
6384
6389
6390
6391
6392
6394
6400
6402
6403
6404
6406
6409
6411
6413
6414
6415
6420
6422
6423
6432
6433
6434
6436
6440
6444
6445
6448
6453
6457
6458
6461
6463
6467
6469
6470
6474
6480
6486
6489
6494
6496
6497
6498
6500
6503
6504
6505
6506
6510
6515
6516
6517
6518
6522
6526
6537
6539
6541
6543
6554
6556
6557
6565
6568
6570
6574
6576
6583
6585
6587
6590
6591
6599
6602
6603
6606
6613
6615
6617
6618
6622
6627
6632
6633
6635
6636
6640
6642
6643
6647
6650
6652
6654
6655
6656
6668
6671
6673
6674
6675
6679
6684
6692
6699
6703
6704
6711
6712
6718
6719
6720
6722
6723
6725
6730
6731
6734
6735
6740
6742
6745
6748
6749
6751
6755
6763
6765
6766
6767
6768
6770
6773
6779
6780
6787
6800
6809
6810
6811
6814
6816
6826
6827
6830
6832
6844
6847
6848
6850
6857
6858
6861
6863
6864
6865
6867
6869
6872
6874
6875
6877
6879
6884
6888
6894
6896
6897
6900
6903
6908
6910
6911
6915
6917
6929
6930
6936
6937
6940
6946
6953
6954
6955
6961
6962
6969
6977
6978
6986
6987
6988
6998
7002
7008
7010
7012
7018
7019
7022
7024
7031
7034
7035
7045
7049
7056
7058
7059
7060
7061
7066
7067
7071
7072
7073
7074
7075
7079
7080
7083
7088
7090
7096
7099
7107
7111
7112
7113
7115
7119
7121
7122
7124
7125
7133
7138
7146
7148
7149
7155
7160
7162
7166
7169
7170
7171
7176
7178
7180
7188
7191
7195
7209
7210
7216
7217
7218
7222
7223
7227
7228
7236
7238
7242
7244
7245
7246
7249
7254
7256
7258
7260
7261
7263
7267
7272
7273
7274
7277
7280
7282
7283
7285
7287
7297
7298
7299
7300
7302
7306
7312
7317
7320
7326
7333
7342
7343
7345
7347
7351
7352
7354
7356
7357
7359
7368
7369
7370
7371
7373
7374
7375
7380
7381
7384
7386
7387
7390
7391
7395
7399
7401
7402
7405
7407
7408
7411
7412
7413
7418
7420
7422
7429
7431
7437
7438
7444
7445
7446
7452
7464
7465
7467
7468
7472
7473
7477
7481
7483
7485
7487
7495
7496
7497
7499
7500
7505
7509
7510
7512
7515
7516
7518
7522
7525
7529
7531
7532
7535
7538
7541
7542
7543
7548
7550
7554
7555
7557
7558
7563
7565
7566
7567
7568
7569
7570
7573
7576
7577
7580
7581
7583
7589
7596
7597
7604
7606
7610
7614
7615
7619
7621
7624
7627
7631
7632
7633
7635
7638
7639
7640
7641
7642
7643
7645
7647
7650
7652
7656
7660
7663
7667
7671
7672
7675
7678
7682
7684
7688
7691
7692
7693
7696
7697
7699
7704
7705
7706
7710
7711
7713
7715
7718
7721
7727
7738
7741
7744
7745
7752
7753
7758
7762
7764
7772
7776
7778
7780
7782
7784
7786
7788
7790
7792
7799
7808
7810
7814
7817
7818
7824
7827
7836
7837
7838
7839
7842
7846
7853
7856
7857
7858
7863
7867
7869
7872
7876
7879
7881
7883
7887
7888
7890
7901
7902
7907
7909
7912
7919
7927
7929
7930
7936
7937
7941
7944
7949
7958
7961
7962
7963
7964
7968
7970
7971
7975
7979
7981
7983
7984
7985
8004
8011
8022
8023
8025
8026
8030
8031
8035
8043
8045
8047
8048
8049
8050
8051
8053
8055
8058
8059
8060
8065
8077
8080
8084
8088
8093
8096
8098
8102
8107
8111
8115
8116
8117
8118
8119
8120
8125
8131
8139
8142
8143
8146
8149
8150
8151
8153
8156
8165
8166
8168
8169
8170
8172
8180
8183
8186
8188
8191
8192
8194
8201
8207
8212
8228
8232
8236
8243
8254
8255
8262
8264
8265
8273
8274
8276
8288
8289
8294
8297
8302
8303
8304
8305
8307
8312
8313
8314
8325
8330
8332
8337
8339
8340
8342
8343
8347
8350
8351
8358
8360
8361
8365
8372
8376
8377
8380
8384
8385
8389
8391
8394
8396
8399
8401
8402
8405
8406
8414
8417
8418
8421
8422
8426
8427
8429
8430
8431
8432
8433
8435
8436
8438
8440
8443
8448
8452
8453
8469
8471
8472
8473
8475
8477
8479
8481
8482
8483
8487
8488
8506
8510
8512
8513
8517
8519
8520
8523
8524
8527
8528
8530
8540
8542
8544
8545
8546
8551
8552
8553
8557
8558
8559
8560
8561
8562
8563
8566
8568
8571
8572
8577
8578
8580
8582
8588
8591
8593
8594
8598
8599
8601
8605
8619
8620
8633
8634
8635
8636
8639
8643
8653
8655
8657
8658
8663
8670
8671
8672
8673
8674
8677
8678
8681
8690
8691
8693
8695
8696
8697
8702
8703
8705
8708
8711
8712
8714
8717
8718
8732
8734
8735
8736
8737
8738
8741
8744
8747
8749
8755
8757
8758
8760
8762
8768
8773
8777
8779
8785
8786
8791
8792
8800
8801
8802
8804
8805
8806
8808
8809
8810
8813
8817
8827
8828
8831
8834
8835
8836
8839
8847
8848
8855
8859
8860
8861
8863
8865
8872
8876
8877
8878
8879
8885
8888
8889
8893
8899
8902
8905
8907
8910
8912
8913
8918
8920
8922
8923
8929
8930
8932
8933
8934
8938
8941
8942
8943
8946
8949
8956
8957
8958
8959
8971
8981
8983
8988
8991
8992
8995
8996
9001
9002
9003
9006
9007
9011
9014
9025
9026
9029
9030
9033
9039
9042
9043
9045
9046
9058
9060
9062
9063
9065
9071
9075
9079
9080
9081
9086
9092
9095
9096
9097
9098
9102
9103
9105
9113
9114
9116
9118
9119
9120
9122
9123
9127
9129
9130
9131
9132
9134
9138
9142
9146
9147
9153
9155
9156
9158
9160
9162
9166
9174
9179
9182
9185
9190
9196
9199
9201
9204
9211
9214
9216
9217
9218
9219
9220
9221
9222
9223
9225
9226
9227
9237
9239
9243
9244
9249
9250
9253
9254
9255
9260
9262
9275
9279
9285
9289
9290
9292
9293
9299
9301
9308
9309
9314
9322
9325
9326
9328
9329
9330
9331
9338
9340
9341
9342
9345
9348
9355
9359
9364
9365
9375
9378
9380
9384
9386
9392
9395
9398
9405
9412
9415
9416
9419
9420
9423
9426
9443
9445
9446
9452
9458
9465
9466
9467
9471
9476
9478
9483
9484
9487
9488
9491
9496
9497
9499
9500
9505
9509
9510
9521
9526
9529
9535
9541
9549
9554
9559
9562
9563
9565
9567
9571
9573
9577
9582
9585
9587
9589
9590
9595
9610
9611
9614
9620
9626
9628
9630
9632
9633
9636
9638
9640
9641
9643
9650
9655
9662
9663
9669
9670
9671
9674
9678
9683
9687
9694
9697
9698
9703
9704
9705
9706
9708
9709
9711
9718
9719
9726
9730
9732
9734
9735
9736
9737
9738
9740
9741
9742
9745
9747
9749
9751
9753
9768
9772
9777
9783
9784
9789
9790
9796
9797
9801
9806
9807
9808
9811
9816
9817
9822
9825
9832
9835
9836
9837
9838
9842
9847
9848
9857
9859
9862
9865
9869
9871
9874
9877
9880
9882
9883
9894
9898
9899
9901
9902
9904
9908
9910
9911
9912
9914
9916
9917
9928
9933
9934
9937
9940
9941
9942
9943
9950
9958
9965
9971
9973
9974
9977
9981
9989
9992
9994
9995
9996
9998
9999
10000
10005
10007
10011
10013
10016
10017
10023
10024
10025
10027
10028
10030
10032
10033
10038
10039
10040
10041
10042
10043
10045
10049
10051
10052
10054
10057
10059
10063
10072
10075
10080
10084
10090
10099
10102
10106
10110
10111
10114
10116
10117
10118
10121
10122
10124
10127
10130
10134
10136
10137
10138
10141
10142
10143
10144
10147
10148
10149
10151
10153
10155
10160
10161
10162
10163
10164
10165
10167
10168
10174
10175
10176
10182
10187
10188
10190
10191
10196
10203
10205
10207
10210
10212
10215
10216
10219
10220
10224
10225
10226
10232
10236
10240
10243
10244
10246
10248
10250
10252
10257
10258
10261
10262
10264
10265
10266
10268
10269
10288
10290
10291
10292
10295
10298
10305
10311
10313
10317
10320
10327
10330
10332
10334
10336
10338
10341
10343
10347
10352
10356
10357
10360
10361
10365
10367
10368
10370
10376
10379
10380
10384
10386
10388
10394
10395
10396
10398
10406
10407
10408
10411
10412
10423
10426
10427
10428
10432
10433
10438
10444
10448
10450
10451
10452
10453
10454
10458
10459
10460
10462
10464
10467
10469
10470
10472
10473
10483
10484
10485
10486
10487
10490
10494
10497
10499
10501
10504
10506
10512
10514
10517
10519
10521
10523
10524
10530
10534
10535
10536
10544
10546
10550
10557
10558
10559
10561
10566
10575
10583
10584
10585
10587
10594
10595
10596
10598
10601
10603
10606
10612
10615
10620
10621
10623
10626
10629
10630
10633
10635
10636
10640
10642
10645
10647
10652
10653
10656
10657
10658
10659
10660
10661
10665
10667
10669
10671
10673
10675
10678
10683
10689
10691
10693
10695
10696
10698
10701
10703
10705
10706
10710
10711
10719
10724
10727
10730
10734
10736
10740
10748
10749
10751
10753
10762
10763
10767
10770
10772
10773
10776
10777
10794
10795
10799
10802
10803
10807
10808
10810
10815
10817
10822
10825
10830
10831
10833
10835
10836
10837
10840
10841
10845
10847
10852
10854
10857
10860
10864
10865
10866
10868
10884
10885
10887
10890
10891
10892
10894
10897
10898
10902
10905
10907
10910
10913
10914
10920
10925
10928
10929
10936
10937
10941
10943
10944
10945
10946
10952
10955
10957
10958
10962
10966
10971
10972
10975
10982
10983
10986
10988
10995
11001
11003
11006
11008
11011
11014
11018
11021
11022
11023
11025
11026
11034
11035
11036
11037
11052
11056
11059
11060
11068
11069
11070
11071
11072
11074
11076
11082
11089
11095
11097
11100
11101
11102
11104
11108
11109
11112
11113
11117
11118
11120
11123
11125
11135
11136
11139
11140
11142
11143
11145
11146
11147
11149
11151
11162
11163
11164
11170
11174
11177
11178
11180
11183
11184
11186
11187
11192
11193
11195
11196
11198
11199
11201
11208
11211
11212
11213
11216
11219
11222
11224
11228
11229
11233
11235
11236
11238
11242
11243
11244
11247
11251
11252
11254
11257
11258
11260
11264
11267
11269
11272
11274
11275
11278
11280
11282
11290
11296
11300
11302
11305
11308
11310
11311
11312
11313
11314
11315
11317
11320
11321
11324
11325
11327
11337
11339
11340
11344
11347
11352
11353
11354
11356
11360
11362
11364
11369
11370
11371
11373
11374
11375
11378
11380
11382
11383
11394
11401
11403
11407
11409
11417
11419
11421
11423
11424
11427
11437
11439
11442
11444
11446
11449
11450
11454
11457
11458
11463
11465
11467
11468
11469
11470
11482
11483
11488
11489
11490
11494
11495
11501
11504
11505
11506
11507
11518
11532
11535
11536
11538
11539
11541
11557
11558
11560
11561
11563
11566
11568
11571
11575
11577
11578
11579
11582
11589
11590
11593
11595
11598
11600
11601
11602
11603
11610
11612
11614
11615
11616
11617
11619
11621
11622
11624
11626
11630
11635
11636
11637
11638
11644
11645
11648
11649
11652
11654
11656
11657
11666
11670
11671
11672
11673
11677
11679
11685
11687
11690
11691
11693
11694
11695
11697
11700
11701
11702
11706
11708
11709
11710
11714
11718
11719
11723
11724
11728
11732
11738
11741
11744
11746
11747
11751
11756
11757
11760
11764
11766
11776
11787
11788
11791
11792
11796
11798
11804
11805
11810
11812
11818
11822
11824
11825
11826
11829
11832
11834
11840
11846
11847
11848
11852
11853
11854
11856
11863
11865
11869
11874
11875
11877
11880
11881
11883
11886
11889
11890
11891
11894
11896
11897
11905
11910
11911
11912
11913
11914
11915
11916
11920
11922
11923
11927
11933
11934
11936
11937
11940
11945
11946
11948
11949
11951
11954
11958
11959
11961
11962
11963
11965
11976
11977
11986
11989
11991
11994
12011
12013
12014
12015
12016
12022
12024
12025
12034
12035
12037
12038
12039
12040
12041
12045
12047
12050
12053
12054
12055
12062
12065
12070
12075
12077
12084
12089
12099
12100
12101
12102
12103
12104
12106
12107
12108
12109
12113
12114
12116
12117
12122
12124
12125
12129
12135
12138
12140
12146
12147
12149
12151
12161
12165
12166
12173
12177
12178
12179
12182
12183
12189
12195
12201
12203
12206
12208
12209
12210
12212
12219
12222
12223
12224
12226
12228
12233
12235
12238
12239
12245
12253
12255
12260
12265
12267
12269
12272
12280
12281
12284
12287
12289
12293
12294
12296
12299
12304
12312
12314
12317
12319
12327
12331
12333
12336
12337
12338
12339
12340
12347
12348
12349
12356
12359
12361
12364
12368
12372
12383
12387
12394
12398
12399
12400
12401
12402
12403
12404
12405
12408
12409
12412
12413
12415
12416
12423
12424
12426
12430
12432
12434
12435
12436
12437
12439
12441
12442
12444
12454
12455
12457
12461
12462
12469
12471
12472
12474
12475
12486
12494
12495
12498
12499
12500
12507
12509
12510
12511
12519
12521
12522
12523
12527
12528
12529
12531
12533
12538
12541
12542
12543
12547
12549
12553
12554
12555
12559
12562
12563
12565
12566
12575
12578
12585
12598
12602
12603
12605
12610
12611
12612
12615
12616
12617
12625
12633
12634
12637
12639
12640
12646
12647
12648
12654
12655
12657
12658
12659
12667
12668
12669
12672
12673
12677
12678
12681
12686
12696
12700
12705
12712
12718
12722
12723
12724
12725
12726
12727
12730
12731
12734
12738
12739
12740
12741
12742
12745
12748
12755
12757
12760
12761
12762
12764
12767
12774
12780
12787
12788
12790
12796
12797
12802
12807
12808
12810
12811
12812
12813
12816
12818
12819
12822
12826
12829
12833
12837
12838
12839
12841
12844
12851
12857
12861
12871
12872
12876
12885
12886
12889
12892
12894
12900
12903
12905
12909
12913
12914
12915
12916
12920
12926
12929
12930
12931
12934
12940
12941
12942
12944
12946
12950
12951
12953
12955
12957
12958
12964
12978
12980
12982
12984
12989
13003
13005
13010
13011
13017
13019
13021
13027
13029
13033
13035
13037
13038
13041
13045
13047
13048
13049
13050
13054
13055
13061
13063
13072
13074
13082
13083
13087
13088
13089
13091
13096
13098
13099
13101
13102
13106
13107
13108
13109
13110
13114
13116
13119
13120
13121
13122
13124
13126
13127
13130
13132
13137
13138
13140
13141
13147
13148
13155
13158
13162
13172
13173
13175
13178
13179
13181
13182
13188
13190
13203
13206
13208
13210
13212
13213
13217
13221
13224
13228
13230
13231
13233
13236
13239
13240
13242
13243
13247
13248
13249
13252
13254
13255
13257
13261
13265
13266
13270
13274
13279
13287
13289
13292
13300
13301
13303
13305
13313
13334
13340
13344
13348
13354
13356
13358
13365
13376
13379
13380
13382
13385
13387
13388
13391
13392
13395
13397
13398
13408
13411
13415
13422
13426
13428
13435
13441
13443
13449
13455
13460
13464
13471
13473
13474
13475
13485
13486
13488
13493
13499
13500
13502
13504
13510
13514
13518
13521
13523
13525
13529
13532
13534
13537
13547
13552
13554
13556
13557
13563
13576
13579
13580
13583
13585
13587
13591
13592
13596
13597
13604
13607
13608
13612
13613
13615
13616
13618
13624
13630
13631
13641
13643
13657
13658
13659
13663
13667
13673
13674
13678
13679
13686
13688
13695
13696
13698
13701
13703
13705
13708
13712
13716
13718
13719
13720
13722
13726
13727
13728
13735
13738
13742
13748
13751
13753
13760
13766
13770
13779
13781
13785
13786
13787
13792
13800
13810
13814
13815
13816
13817
13819
13822
13824
13832
13834
13846
13852
13855
13869
13874
13875
13878
13879
13883
13884
13889
13891
13893
13898
13902
13905
13908
13911
13915
13917
13919
13923
13926
13929
13939
13942
13944
13945
13946
13947
13952
13954
13958
13961
13962
13968
13970
13978
13984
13988
13989
13990
13991
13992
13993
13994
13995
13998
13999
14005
14008
14009
14012
14013
14014
14015
14019
14020
14027
14032
14036
14037
14042
14044
14048
14051
14059
14064
14073
14074
14079
14084
14090
14092
14093
14094
14096
14098
14103
14106
14112
14123
14124
14129
14131
14141
14144
14146
14150
14156
14159
14161
14165
14168
14170
14171
14188
14196
14197
14198
14204
14205
14206
14210
14214
14216
14218
14222
14225
14226
14228
14229
14231
14234
14241
14246
14252
14258
14261
14262
14263
14268
14273
14274
14277
14280
14282
14285
14286
14289
14298
14299
14303
14304
14309
14318
14319
14320
14323
14330
14332
14333
14337
14338
14341
14342
14347
14348
14350
14352
14354
14355
14356
14363
14369
14372
14373
14376
14378
14388
14390
14391
14395
14396
14399
14402
14409
14413
14415
14419
14422
14424
14425
14427
14431
14432
14437
14439
14445
14461
14464
14468
14475
14476
14481
14495
14496
14501
14506
14509
14511
14512
14524
14529
14530
14533
14536
14543
14548
14550
14554
14556
14559
14564
14566
14574
14578
14579
14584
14595
14597
14603
14615
14620
14623
14639
14640
14645
14647
14648
14649
14650
14651
14653
14657
14667
14672
14676
14679
14680
14684
14687
14689
14700
14701
14702
14703
14711
14713
14716
14719
14721
14728
14733
14739
14741
14755
14756
14764
14766
14768
14770
14773
14774
14775
14780
14781
14782
14787
14788
14797
14802
14803
14804
14806
14808
14812
14817
14825
14826
14832
14839
14844
14849
14850
14851
14858
14867
14868
14873
14876
14882
14886
14890
14897
14901
14902
14903
14906
14907
14911
14912
14913
14918
14927
14928
14935
14936
14945
14946
14949
14950
14953
14959
14960
14964
14965
14966
14972
14973
14975
14978
14980
14984
14987
15001
15002
15007
15013
15014
15018
15021
15024
15028
15029
15030
15034
15037
15039
15042
15044
15049
15051
15053
15054
15055
15056
15057
15058
15060
15063
15067
15069
15072
15074
15081
15090
15092
15099
15102
15106
15107
15109
15112
15116
15122
15126
15135
15137
15142
15150
15151
15159
15160
15171
15173
15174
15176
15177
15182
15184
15191
15196
15205
15213
15238
15241
15250
15256
15262
15263
15268
15276
15283
15286
15293
15308
15310
15312
15314
15321
15324
15334
15339
15360
15363
15372
15376
15385
15386
15388
15395
15401
15402
15404
15409
15412
15427
15429
15431
15432
15436
15437
15442
15448
15454
15457
15459
15461
15465
15469
15471
15473
15488
15491
15492
15494
15496
15501
15505
15509
15517
15518
15523
15524
15528
15531
15535
15537
15546
15547
15548
15554
15556
15567
15575
15591
15598
15604
15616
15619
15625
15627
15629
15641
15643
15645
15646
15650
15651
15660
15661
15663
15665
15669
15671
15673
15674
15680
15681
15682
15683
15693
15697
15699
15701
15705
15709
15725
15726
15727
15730
15732
15735
15736
15737
15741
15742
15746
15747
15749
15753
15755
15757
15758
15759
15774
15778
15780
15782
15790
15791
15793
15794
15798
15804
15807
15808
15813
15814
15819
15822
15828
15835
15840
15841
15843
15846
15849
15850
15857
15859
15865
15868
15869
15879
15890
15891
15892
15893
15896
15902
15906
15907
15912
15916
15918
15920
15924
15928
15936
15937
15938
15941
15947
15949
15951
15952
15954
15956
15960
15974
15977
15978
15980
15988
15996
15997
15998
16005
16015
16017
16018
16022
16023
16025
16026
16027
16029
16032
16041
16051
16061
16065
16066
16067
16070
16073
16081
16082
16084
16085
16094
16099
16102
16113
16123
16125
16128
16135
16136
16139
16142
16145
16148
16153
16154
16161
16163
16164
16171
16178
16183
16186
16187
16189
16192
16194
16195
16198
16212
16216
16217
16228
16230
16231
16233
16236
16237
16240
16241
16245
16249
16250
16256
16259
16260
16262
16265
16267
16269
16270
16273
16274
16275
16280
16285
16289
16292
16304
16307
16310
16312
16313
16315
16320
16327
16328
16331
16332
16338
16339
16341
16343
16344
16347
16353
16362
16364
16366
16369
16379
16380
16383
16387
16390
16391
16400
16403
16405
16409
16411
16413
16418
16419
16437
16444
16447
16448
16449
16457
16462
16465
16468
16481
16483
16484
16489
16496
16498
16499
16502
16504
16505
16508
16514
16516
16521
16523
16545
16546
16548
16550
16551
16556
16557
16559
16567
16568
16577
16585
16589
16601
16603
16609
16612
16619
16632
16641
16649
16650
16651
16653
16655
16656
16657
16660
16661
16669
16680
16685
16687
16690
16691
16698
16703
16704
16708
16715
16718
16723
16728
16730
16731
16732
16733
16734
16735
16739
16745
16750
16759
16761
16765
16770
16782
16785
16787
16789
16804
16809
16815
16816
16822
16824
16826
16827
16835
16838
16840
16843
16848
16850
16851
16855
16856
16857
16860
16864
16868
16877
16881
16883
16891
16896
16899
16900
16908
16913
16914
16923
16930
16935
16946
16949
16955
16960
16961
16965
16968
16971
16974
16978
16979
16982
16985
16990
16991
16994
16999
17008
17012
17017
17023
17026
17028
17032
17033
17034
17036
17043
17046
17048
17049
17051
17057
17058
17062
17065
17067
17068
17069
17070
17075
17078
17094
17095
17118
17122
17127
17133
17134
17137
17138
17141
17150
17155
17158
17159
17165
17170
17171
17172
17175
17182
17185
17190
17195
17201
17217
17218
17220
17228
17229
17231
17240
17243
17246
17251
17254
17262
17264
17266
17270
17271
17272
17274
17278
17279
17280
17282
17288
17290
17295
17302
17313
17324
17327
17329
17337
17344
17345
17347
17348
17351
17352
17357
17372
17374
17375
17378
17381
17391
17400
17405
17406
17412
17418
17428
17429
17431
17437
17439
17448
17452
17455
17465
17466
17467
17468
17474
17475
17477
17479
17486
17494
17497
17499
17500
17504
17505
17508
17509
17524
17526
17530
17532
17550
17565
17574
17586
17590
17591
17592
17601
17602
17605
17608
17609
17615
17619
17622
17625
17627
17628
17630
17636
17637
17648
17650
17658
17663
17664
17670
17672
17676
17680
17683
17685
17687
17688
17691
17696
17700
17706
17713
17714
17718
17719
17720
17721
17724
17725
17730
17733
17735
17737
17741
17742
17748
17751
17756
17765
17767
17769
17771
17782
17785
17787
17790
17791
17792
17802
17804
17806
17814
17816
17818
17823
17829
17832
17834
17836
17838
17839
17841
17848
17853
17855
17856
17869
17874
17880
17883
17885
17886
17894
17900
17901
17908
17916
17917
17920
17923
17931
17934
17940
17945
17947
17951
17961
17962
17963
17965
17967
17972
17974
17975
17976
17978
17980
17982
17986
17988
17992
17993
17994
17999
18003
18007
18008
18022
18024
18027
18029
18033
18035
18039
18046
18047
18054
18055
18057
18058
18060
18063
18067
18069
18071
18072
18075
18078
18086
18087
18088
18094
18095
18100
18103
18104
18105
18108
18111
18112
18115
18116
18120
18122
18125
18126
18127
18130
18135
18137
18141
18142
18145
18146
18149
18150
18152
18156
18165
18167
18168
18171
18181
18188
18189
18195
18200
18201
18203
18205
18207
18211
18213
18214
18218
18220
18223
18224
18225
18226
18227
18230
18234
18237
18245
18247
18251
18253
18254
18256
18258
18259
18260
18264
18265
18266
18271
18274
18277
18279
18280
18283
18284
18287
18289
18291
18294
18295
18298
18305
18314
18317
18320
18322
18325
18332
18335
18340
18350
18355
18356
18359
18364
18365
18366
18385
18386
18388
18389
18394
18396
18397
18402
18403
18404
18408
18410
18412
18419
18425
18430
18435
18438
18440
18442
18449
18451
18455
18456
18461
18462
18463
18464
18468
18469
18477
18478
18483
18490
18493
18501
18502
18505
18517
18518
18523
18534
18536
18539
18541
18543
18544
18545
18549
18550
18553
18555
18556
18559
18566
18567
18568
18579
18583
18587
18595
18600
18602
18603
18604
18611
18613
18615
18617
18624
18627
18631
18633
18639
18643
18646
18647
18651
18654
18658
18667
18671
18672
18676
18677
18682
18687
18694
18697
18704
18708
18709
18712
18718
18724
18728
18734
18735
18740
18746
18748
18749
18751
18752
18766
18768
18770
18773
18775
18777
18781
18783
18784
18787
18793
18795
18803
18804
18809
18810
18813
18817
18821
18826
18827
18829
18835
18836
18837
18840
18842
18844
18845
18847
18848
18849
18850
18855
18858
18867
18871
18873
18874
18886
18888
18889
18898
18908
18909
18912
18920
18923
18924
18927
18928
18929
18934
18941
18944
18948
18951
18964
18967
18969
18982
18984
18990
18991
18994
18999
19001
19006
19009
19020
19021
19038
19039
19041
19043
19054
19062
19063
19064
19068
19070
19074
19077
19081
19085
19087
19101
19103
19104
19109
19113
19116
19119
19120
19128
19130
19131
19137
19140
19142
19143
19145
19149
19152
19157
19158
19164
19169
19170
19173
19176
19180
19183
19184
19192
19193
19194
19196
19197
19209
19211
19221
19227
19229
19236
19238
19239
19256
19257
19264
19265
19266
19273
19281
19284
19287
19288
19289
19291
19292
19299
19306
19312
19314
19315
19316
19321
19322
19323
19329
19331
19332
19335
19337
19341
19342
19347
19348
19350
19351
19352
19355
19357
19359
19361
19364
19369
19370
19381
19385
19391
19396
19400
19415
19416
19421
19422
19424
19426
19431
19432
19436
19441
19443
19445
19446
19448
19454
19456
19462
19464
19466
19469
19470
19477
19484
19487
19491
19493
19495
19497
19498
19499
19502
19507
19510
19511
19512
19519
19522
19523
19539
19540
19541
19542
19543
19550
19557
19569
19571
19574
19578
19579
19580
19581
19583
19585
19586
19587
19590
19592
19594
19596
19599
19601
19604
19608
19610
19611
19612
19613
19614
19617
19620
19624
19627
19630
19631
19633
19634
19638
19645
19646
19647
19649
19651
19654
19655
19657
19660
19661
19664
19670
19681
19689
19690
19693
19702
19705
19706
19708
19711
19714
19716
19720
19726
19727
19728
19729
19737
19745
19751
19754
19756
19757
19760
19761
19765
19767
19770
19771
19772
19773
19775
19777
19779
19782
19785
19786
19790
19794
19802
19804
19823
19827
19829
19830
19831
19834
19835
19839
19842
19844
19845
19846
19847
19849
19850
19853
19855
19856
19858
19859
19860
19861
19862
19864
19865
19866
19868
19869
19874
19877
19879
19881
19882
19887
19888
19889
19891
19892
19894
19898
19899
19900
19901
19904
19907
19909
19910
19911
19914
19916
19917
19929
19930
19931
19932
19933
19934
19936
19938
19948
19950
19955
19956
19959
19962
19963
19970
19974
19978
19979
19982
19992
19998
20000
20008
20009
20011
20012
20013
20022
20023
20029
20031
20033
20034
20036
20037
20043
20047
20049
20051
20052
20053
20055
20057
20058
20060
20063
20066
20074
20077
20079
20081
20087
20106
20110
20114
20119
20121
20128
20133
20143
20144
20149
20157
20162
20167
20175
20188
20190
20199
20200
20214
20217
20221
20222
20224
20234
20236
20251
20254
20255
20261
20268
20273
20279
20285
20288
20292
20304
20321
20324
20332
20338
20339
20343
20352
20354
20362
20368
20371
20377
20385
20386
20392
20397
20403
20419
20420
20422
20432
20433
20444
20460
20461
20465
20476
20478
20480
20489
20494
20497
20499
20501
20502
20504
20507
20509
20511
20514
20519
20520
20524
20527
20540
20541
20547
20550
20551
20559
20560
20564
20565
20572
20573
20583
20590
20595
20602
20618
20620
20623
20628
20636
20639
20654
20657
20673
20686
20691
20698
20709
20721
20725
20729
20741
20744
20745
20755
20758
20762
20771
20773
20774
20785
20788
20792
20798
20806
20809
20813
20816
20832
20839
20843
20849
20860
20866
20869
20870
20879
20890
20914
20929
20930
20932
20939
20950
20953
20958
20960
20968
20980
20987
20989
20994
21000
21005
21010
21016
21018
21025
21038
21048
21072
21079
21085
21092
21096
21099
21101
21105
21109
21120
21122
21126
21130
21133
21143
21154
21159
21164
21168
21171
21176
21181
21184
21188
21191
21193
21199
21200
21204
21205
21207
21208
21210
21221
21230
21236
21237
21240
21249
21256
21259
21265
21270
21273
21275
21282
21284
21287
21304
21306
21312
21314
21323
21333
21334
21344
21365
21369
21387
21415
21416
21417
21437
21443
21451
21452
21453
21455
21460
21471
21474
21482
21497
21505
21517
21534
21543
21546
21547
21555
21556
21562
21567
21569
21587
21609
21611
21616
21618
21625
21642
21644
21650
21658
21664
21667
21687
21692
21693
21698
21714
21718
21722
21723
21740
21766
21767
21772
21778
21779
21785
21786
21789
21792
21801
21811
21814
21817
21838
21843
21848
21854
21860
21862
21864
21870
21878
21883
21897
21904
21905
21917
21918
21933
21936
21939
21954
21960
21962
21963
21977
21991
22004
22007
22029
22042
22043
22047
22052
22095
22109
22121
22122
22123
22139
22145
22149
22152
22154
22155
22157
22168
22173
22183
22199
22202
22203
22216
22231
22235
22236
22237
22242
22246
22254
22258
22275
22285
22297
22300
22310
22319
22325
22333
22339
22355
22399
22429
22444
22458
22469
22473
22493
22497
22513
22524
22529
22552
22555
22569
22577
22598
22606
22612
22614
22621
22622
22637
22640
22648
22676
22716
22732
22798
22803
22830
22852
22868
22883
22892
22896
22919
22928
22936
22942
22966
22972
22982
22987
22994
23001
23025
23036
23041
23076
23087
23095
23118
23130
23168
23187
23224
23231
23294
23301
23328
23334
23339
23378
23397
23404
23420
23449
23459
23471
23475
23476
23481
23486
23516
23518
23536
23562
23609
23612
23628
23639
23648
23651
23654
23656
23675
23682
23686
23697
23704
23725
23743
23765
23777
23781
23789
23792
23803
23822
23825
23829
23843
23858
23867
23868
23891
23913
23966
24009
24010
24021
24044
24062
24063
24076
24084
24085
24086
24099
24122
24130
24139
24149
24161
24163
24207
24216
24268
24273
24279
24283
24343
24350
24357
24359
24375
24379
24401
24406
24416
24417
24438
24442
24451
24452
24455
24480
24481
24485
24487
24491
24505
24506
24517
24534
24549
24550
24552
24558
24559
24563
24566
24573
24712
24714
24763
24782
24797
24805
24828
24838
24846
24848
24851
24854
24857
24907
24916
24917
24931
24937
24950
24951
24956
24962
24985
24989
25035
25048
25070
25078
25090
25109
25131
25151
25167
25177
25183
25205
25221
25240
25242
25270
25274
25279
25291
25292
25304
25309
25327
25331
25333
25340
25366
25370
25390
25396
25400
25412
25418
25421
25424
25449
25452
25458
25463
25464
25492
25513
25514
25515
25533
25544
25572
25589
25622
25634
25637
25643
25649
25659
25660
25668
25669
25671
25688
25689
25697
25749
25752
25765
25770
25774
25800
25806
25809
25810
25828
25837
25863
25879
25899
25902
25916
25917
25921
25951
25953
25957
25970
25992
26009
26011
26019
26026
26034
26035
26048
26051
26068
26079
26092
26107
26132
26137
26198
26205
26208
26221
26244
26249
26251
26253
26255
26274
26275
26281
26290
26320
26353
26357
26361
26378
26385
26419
26458
26479
26497
26513
26534
26544
26559
26562
26569
26588
26593
26601
26618
26636
26640
26646
26650
26693
26694
26703
26704
26716
26747
26749
26751
26785
26787
26793
26802
26840
26863
26878
26899
26902
26910
26925
26929
26932
26954
26964
26971
26989
26996
27002
27015
27017
27018
27027
27044
27046
27047
27050
27059
27064
27071
27072
27075
27082
27121
27130
27134
27148
27186
27192
27217
27219
27223
27237
27238
27249
27251
27252
27278
27291
27292
27306
27314
27338
27339
27347
27364
27386
27398
27416
27419
27426
27435
27453
27458
27470
27480
27483
27494
27502
27508
27516
27540
27546
27561
27582
27585
27609
27612
27629
27630
27652
27655
27664
27669
27671
27672
27678
27706
27707
27716
27721
27751
27752
27766
27780
27784
27800
27812
27855
27862
27867
27896
27922
27936
27961
27992
28011
28023
28035
28036
28042
28043
28045
28062
28103
28104
28105
28123
28141
28151
28165
28210
28216
28240
28246
28264
28266
28272
28274
28283
28296
28297
28298
28305
28306
28337
28340
28346
28356
28362
28366
28372
28375
28376
28386
28393
28400
28406
28407
28414
28415
28427
28437
28447
28452
28456
28479
28484
28493
28502
28515
28518
28536
28554
28555
28578
28579
28591
28597
28604
28607
28620
28622
28630
28656
28660
28667
28671
28677
28704
28706
28725
28728
28731
28745
28748
28757
28812
28823
28840
28855
28857
28860
28864
28875
28876
28884
28887
28889
28890
28908
28911
28913
28934
28935
28939
28964
28968
28989
29002
29005
29010
29011
29023
29034
29049
29077
29085
29086
29090
29111
29113
29120
29126
29129
29133
29134
29142
29148
29151
29152
29155
29158
29166
29172
29177
29179
29193
29203
29216
29221
29227
29237
29246
29261
29272
29274
29275
29280
29283
29285
29287
29289
29337
29351
29358
29364
29377
29391
29394
29395
29406
29407
29411
29415
29425
29431
29443
29455
29463
29467
29472
29473
29481
29482
29488
29509
29514
29525
29526
29530
29532
29548
29552
29570
29574
29576
29588
29589
29592
29598
29602
29604
29612
29625
29626
29631
29652
29653
29663
29664
29665
29667
29669
29670
29674
29685
29689
29701
29707
29713
29718
29731
29735
29746
29750
29752
29755
29756
29761
29762
29775
29778
29781
29782
29783
29788
29789
29794
29798
29800
29803
29805
29806
29809
29813
29815
29826
29833
29837
29840
29843
29852
29855
29856
29865
29867
29868
29869
29870
29872
29876
29877
29880
29881
29886
29887
29892
29893
29897
29900
29901
29903
29904
29915
29926
29927
29929
29931
29933
29937
29939
29944
29949
29960
29961
29966
29977
29979
29982
29985
29990
29998
30004
30005
30008
30022
30024
30037
30042
30047
30048
30050
30051
30054
30056
30064
30065
30069
30073
30074
30088
30094
30095
30106
30107
30110
30112
30115
30119
30122
30135
30137
30138
30142
30154
30161
30167
30174
30175
30176
30178
30179
30184
30191
30192
30194
30197
30200
30203
30204
30209
30211
30217
30221
30226
30234
30235
30236
30237
30240
30244
30251
30254
30264
30266
30269
30286
30291
30296
30299
30300
30304
30305
30315
30318
30325
30327
30332
30337
30340
30341
30346
30347
30354
30361
30362
30364
30375
30377
30392
30395
30397
30401
30408
30413
30425
30432
30434
30445
30449
30458
30461
30466
30471
30473
30475
30476
30481
30483
30485
30492
30495
30499
30501
30509
30514
30518
30526
30527
30533
30535
30546
30550
30552
30557
30561
30569
30570
30576
30577
30578
30580
30581
30584
30586
30595
30596
30601
30604
30605
30606
30608
30609
30611
30613
30619
30627
30628
30629
30634
30637
30645
30649
30659
30666
30674
30675
30683
30685
30686
30690
30698
30704
30705
30706
30709
30710
30716
30719
30720
30730
30731
30740
30741
30742
30752
30754
30758
30759
30762
30766
30769
30770
30791
30794
30798
30809
30814
30827
30829
30831
30836
30840
30841
30849
30866
30867
30869
30871
30879
30883
30884
30885
30888
30899
30904
30911
30917
30923
30933
30934
30938
30939
30943
30945
30953
30964
30966
30975
30984
30998
31003
31012
31016
31023
31029
31031
31042
31060
31063
31087
31088
31093
31098
31105
31107
31110
31114
31123
31129
31130
31140
31144
31145
31159
31167
31168
31178
31189
31193
31194
31196
31197
31203
31207
31219
31222
31228
31238
31248
31250
31253
31268
31269
31272
31285
31288
31293
31294
31304
31305
31311
31312
31319
31320
31324
31328
31335
31337
31339
31340
31342
31343
31346
31347
31354
31370
31375
31379
31380
31381
31383
31387
31389
31400
31410
31411
31419
31430
31437
31444
31446
31453
31455
31456
31460
31461
31462
31465
31467
31470
31482
31488
31501
31502
31521
31531
31532
31533
31544
31560
31565
31566
31580
31582
31583
31585
31606
31608
31617
31620
31621
31626
31631
31636
31641
31643
31644
31651
31653
31654
31655
31656
31661
31668
31678
31679
31681
31686
31688
31690
31695
31696
31697
31698
31699
31700
31705
31713
31714
31717
31719
31720
31721
31737
31738
31739
31745
31751
31753
31759
31767
31768
31771
31783
31788
31798
31799
31800
31801
31802
31803
31804
31808
31814
31816
31817
31822
31825
31829
31838
31851
31858
31866
31867
31869
31871
31873
31876
31877
31880
31884
31885
31890
31894
31896
31899
31900
31901
31902
31903
31904
31910
31912
31914
31916
31919
31920
31939
31941
31949
31952
31954
31958
31959
31961
31968
31969
31973
31976
31979
31983
31986
31988
31991
31995
32000
32015
32019
32021
32024
32025
32030
32031
32032
32034
32035
32042
32043
32046
32050
32056
32059
32061
32067
32070
32074
32081
32085
32086
32089
32092
32095
32099
32100
32105
32106
32107
32114
32116
32118
32121
32123
32126
32128
32130
32133
32134
32144
32145
32147
32151
32152
32153
32154
32157
32161
32164
32167
32168
32171
32173
32175
32182
32184
32186
32187
32189
32192
32193
32195
32204
32209
32210
32215
32217
32220
32222
32225
32228
32231
32233
32234
32235
32242
32246
32247
32248
32249
32256
32260
32265
32266
32267
32269
32273
32279
32280
32281
32282
32283
32289
32291
32296
32304
32305
32308
32311
32312
32313
32324
32337
32340
32342
32352
32353
32355
32358
32362
32364
32367
32372
32376
32377
32391
32393
32394
32399
32400
32403
32404
32405
32406
32409
32410
32421
32422
32429
32430
32431
32434
32440
32445
32451
32453
32457
32465
32471
32473
32480
32487
32491
32494
32496
32501
32505
32513
32517
32518
32520
32525
32528
32537
32544
32549
32550
32553
32555
32562
32564
32565
32566
32575
32586
32608
32616
32623
32624
32625
32626
32639
32640
32646
32648
32653
32657
32660
32664
32675
32681
32684
32688
32694
32695
32698
32699
32710
32717
32718
32725
32732
32738
32740
32744
32749
32753
32761
32770
32779
32781
32783
32784
32795
32807
32815
32817
32818
32826
32829
32831
32836
32837
32838
32841
32843
32850
32851
32853
32855
32859
32861
32875
32880
32882
32890
32891
32894
32898
32904
32916
32923
32925
32928
32935
32937
32944
32949
32952
32956
32959
32961
32962
32968
32969
32970
32974
32978
32987
32988
32989
32991
32994
32995
32998
33001
33006
33007
33011
33016
33020
33031
33035
33041
33042
33044
33056
33064
33078
33079
33082
33083
33087
33088
33090
33094
33095
33097
33104
33105
33106
33110
33112
33115
33120
33132
33137
33138
33147
33155
33157
33159
33160
33161
33165
33166
33172
33175
33177
33178
33180
33181
33186
33188
33192
33197
33199
33201
33205
33206
33211
33212
33216
33219
33223
33225
33227
33229
33230
33233
33236
33242
33250
33251
33265
33269
33273
33277
33281
33285
33286
33292
33293
33298
33301
33325
33327
33329
33332
33333
33337
33342
33343
33344
33352
33356
33359
33364
33367
33368
33370
33374
33384
33392
33396
33411
33417
33429
33442
33446
33448
33459
33464
33465
33468
33471
33478
33482
33484
33486
33490
33497
33500
33503
33508
33512
33523
33527
33532
33536
33542
33546
33552
33554
33559
33568
33569
33571
33573
33574
33575
33577
33578
33581
33585
33587
33596
33602
33605
33606
33612
33613
33619
33621
33622
33623
33630
33631
33632
33633
33636
33640
33642
33644
33647
33648
33650
33651
33664
33666
33668
33669
33670
33671
33673
33677
33680
33681
33686
33687
33688
33690
33694
33699
33700
33701
33707
33708
33711
33716
33719
33721
33726
33736
33748
33751
33759
33761
33774
33779
33791
33792
33795
33801
33803
33806
33815
33817
33823
33832
33842
33848
33849
33851
33854
33860
33870
33871
33876
33880
33883
33893
33897
33901
33903
33908
33911
33914
33917
33919
33925
33929
33931
33932
33935
33939
33953
33954
33956
33959
33962
33969
33971
33973
33981
33982
33986
33988
33990
33991
33993
33994
33996
33997
34002
34003
34010
34013
34023
34032
34037
34041
34044
34047
34049
34050
34061
34070
34071
34073
34078
34092
34109
34110
34111
34120
34121
34124
34140
34142
34144
34154
34157
34158
34163
34167
34168
34175
34177
34186
34192
34193
34196
34198
34202
34203
34205
34207
34209
34214
34215
34222
34229
34238
34245
34251
34252
34254
34260
34261
34265
34269
34270
34273
34276
34278
34282
34285
34290
34296
34299
34312
34337
34342
34346
34348
34350
34354
34356
34357
34359
34369
34372
34374
34381
34386
34387
34394
34397
34409
34420
34421
34422
34436
34439
34450
34452
34454
34455
34456
34457
34458
34463
34473
34482
34483
34484
34486
34496
34501
34503
34506
34514
34521
34523
34528
34529
34534
34536
34539
34542
34545
34546
34548
34549
34550
34551
34553
34554
34555
34558
34561
34564
34567
34568
34569
34572
34573
34574
34578
34579
34580
34582
34591
34592
34598
34607
34610
34616
34618
34626
34627
34630
34632
34633
34635
34639
34640
34653
34654
34657
34661
34666
34674
34675
34678
34683
34684
34690
34694
34695
34699
34707
34711
34715
34724
34728
34735
34736
34737
34739
34745
34749
34763
34765
34772
34773
34778
34781
34785
34787
34798
34799
34803
34806
34811
34815
34816
34820
34822
34824
34833
34837
34838
34840
34843
34845
34846
34853
34855
34863
34865
34867
34872
34875
34876
34880
34881
34886
34888
34893
34894
34902
34903
34913
34915
34917
34919
34926
34930
34932
34933
34937
34939
34942
34944
34952
34955
34957
34958
34959
34961
34963
34966
34970
34975
34977
34980
34984
34985
34986
34993
35000
35001
35002
35008
35009
35014
35017
35022
35024
35025
35026
35033
35035
35036
35038
35041
35045
35051
35066
35068
35077
35079
35090
35092
35093
35096
35098
35103
35107
35109
35111
35113
35114
35115
35116
35132
35134
35137
35140
35144
35146
35152
35155
35158
35160
35161
35166
35172
35173
35174
35175
35177
35179
35180
35183
35184
35185
35190
35197
35202
35213
35216
35217
35219
35220
35222
35228
35239
35240
35247
35248
35249
35252
35254
35255
35257
35259
35264
35266
35269
35270
35273
35274
35283
35285
35289
35290
35291
35299
35300
35305
35311
35321
35322
35323
35325
35337
35343
35355
35358
35363
35366
35367
35369
35370
35375
35381
35384
35395
35397
35410
35420
35421
35426
35436
35451
35458
35467
35471
35479
35485
35487
35488
35494
35497
35498
35501
35513
35517
35521
35523
35524
35530
35534
35537
35540
35551
35558
35569
35573
35581
35598
35599
35600
35604
35607
35608
35609
35612
35613
35616
35617
35620
35623
35632
35636
35640
35652
35657
35665
35666
35675
35683
35687
35688
35689
35693
35694
35699
35708
35710
35711
35712
35731
35738
35742
35746
35747
35752
35757
35767
35774
35787
35792
35797
35802
35803
35817
35821
35824
35825
35829
35831
35832
35852
35866
35869
35872
35883
35888
35890
35898
35907
35908
35911
35912
35915
35917
35919
35923
35928
35938
35939
35941
35945
35947
35949
35955
35959
35962
35971
35973
35974
35975
35979
35980
35989
35991
35992
35996
35999
36015
36016
36020
36021
36028
36029
36031
36033
36034
36036
36040
36046
36047
36050
36055
36062
36063
36064
36065
36071
36083
36088
36094
36095
36101
36105
36106
36112
36121
36122
36124
36126
36129
36130
36136
36148
36151
36155
36160
36163
36169
36172
36178
36189
36194
36196
36198
36205
36209
36217
36221
36225
36235
36237
36242
36257
36263
36276
36277
36278
36282
36286
36288
36289
36291
36292
36293
36296
36297
36299
36300
36305
36312
36316
36321
36328
36330
36333
36335
36338
36339
36340
36341
36342
36346
36348
36351
36354
36357
36365
36374
36376
36377
36379
36381
36388
36390
36392
36393
36400
36401
36408
36413
36416
36417
36421
36423
36424
36427
36433
36445
36446
36448
36449
36450
36451
36452
36456
36460
36463
36465
36466
36467
36468
36475
36476
36479
36483
36487
36488
36491
36493
36494
36497
36498
36518
36520
36523
36524
36526
36527
36535
36538
36539
36544
36546
36550
36553
36566
36571
36579
36580
36584
36585
36591
36592
36594
36598
36600
36602
36614
36616
36619
36622
36623
36629
36631
36634
36636
36638
36641
36643
36645
36649
36658
36664
36673
36674
36677
36685
36686
36687
36688
36690
36691
36692
36709
36710
36711
36712
36714
36716
36718
36719
36720
36725
36728
36729
36730
36739
36747
36749
36751
36764
36775
36779
36785
36799
36801
36802
36803
36804
36806
36808
36815
36816
36818
36820
36823
36827
36829
36830
36832
36834
36835
36836
36841
36844
36847
36850
36852
36853
36860
36872
36876
36882
36886
36887
36888
36890
36893
36894
36896
36900
36903
36905
36910
36914
36916
36917
36919
36921
36924
36929
36938
36939
36945
36955
36969
36976
36980
36982
36983
36986
36990
36991
36992
37000
37002
37006
37007
37008
37009
37012
37021
37022
37025
37030
37031
37036
37038
37041
37050
37052
37058
37059
37060
37061
37065
37074
37077
37079
37081
37083
37088
37090
37094
37095
37098
37099
37103
37105
37111
37112
37115
37117
37122
37124
37128
37129
37136
37141
37143
37144
37146
37155
37156
37163
37168
37169
37171
37172
37175
37178
37179
37182
37192
37201
37203
37205
37207
37210
37215
37219
37223
37226
37234
37235
37241
37242
37245
37255
37266
37267
37275
37276
37279
37280
37283
37288
37290
37292
37293
37294
37298
37307
37310
37314
37317
37318
37321
37325
37328
37330
37331
37339
37341
37343
37348
37350
37351
37355
37356
37358
37359
37360
37365
37366
37367
37372
37376
37377
37378
37379
37380
37381
37382
37387
37395
37396
37397
37399
37404
37406
37407
37412
37414
37416
37424
37429
37432
37440
37441
37443
37447
37451
37455
37463
37468
37469
37470
37472
37475
37476
37482
37484
37490
37501
37503
37505
37506
37507
37519
37522
37527
37535
37537
37538
37542
37544
37546
37548
37550
37552
37556
37560
37561
37564
37567
37570
37571
37572
37573
37576
37577
37579
37580
37583
37584
37585
37592
37594
37597
37599
37600
37601
37609
37610
37614
37616
37617
37618
37619
37622
37623
37626
37636
37639
37642
37652
37656
37664
37668
37673
37678
37682
37683
37684
37685
37690
37692
37693
37701
37702
37708
37711
37713
37716
37718
37721
37732
37733
37737
37742
37751
37753
37759
37761
37767
37771
37773
37774
37775
37777
37783
37793
37806
37811
37815
37818
37823
37828
37829
37832
37844
37851
37852
37854
37858
37863
37864
37871
37877
37878
37882
37885
37889
37890
37892
37893
37899
37901
37903
37904
37922
37927
37929
37934
37937
37939
37942
37944
37951
37955
37957
37960
37966
37968
37972
37975
37978
37981
37984
37985
37988
37991
37999
38001
38003
38004
38005
38012
38013
38019
38020
38023
38024
38027
38030
38032
38033
38037
38043
38047
38049
38053
38055
38059
38061
38064
38065
38068
38073
38086
38088
38089
38095
38096
38098
38101
38109
38114
38119
38120
38124
38128
38133
38139
38141
38143
38147
38153
38158
38159
38161
38169
38173
38175
38177
38188
38195
38196
38210
38212
38223
38225
38231
38232
38233
38234
38235
38237
38238
38245
38246
38247
38249
38254
38257
38261
38265
38267
38274
38278
38289
38290
38294
38295
38321
38324
38340
38342
38347
38348
38349
38352
38356
38358
38369
38380
38388
38391
38393
38394
38396
38398
38400
38403
38405
38411
38419
38420
38421
38422
38425
38427
38430
38431
38442
38453
38455
38458
38460
38466
38475
38482
38492
38493
38495
38497
38500
38502
38508
38517
38520
38521
38524
38528
38534
38544
38547
38551
38557
38564
38568
38570
38573
38575
38577
38589
38592
38594
38597
38599
38600
38605
38607
38612
38614
38620
38621
38622
38627
38630
38641
38642
38646
38647
38650
38659
38661
38667
38676
38679
38680
38686
38688
38691
38694
38696
38702
38705
38708
38709
38710
38711
38712
38713
38714
38717
38718
38726
38733
38736
38737
38739
38744
38745
38752
38760
38770
38772
38775
38781
38783
38791
38793
38796
38800
38816
38819
38824
38825
38829
38830
38831
38835
38842
38843
38844
38846
38851
38852
38853
38857
38858
38862
38863
38866
38868
38872
38875
38876
38877
38878
38879
38880
38883
38885
38886
38887
38888
38894
38905
38906
38907
38908
38911
38913
38914
38915
38920
38925
38927
38929
38933
38943
38945
38946
38949
38952
38957
38959
38961
38965
38966
38967
38971
38980
38984
38986
38991
38999
39003
39007
39009
39011
39012
39013
39017
39022
39024
39027
39028
39034
39035
39038
39043
39052
39054
39056
39058
39066
39067
39068
39073
39074
39076
39079
39080
39085
39086
39094
39098
39102
39103
39105
39108
39115
39119
39123
39125
39133
39136
39137
39141
39142
39145
39146
39150
39151
39155
39157
39158
39160
39168
39172
39173
39177
39181
39187
39189
39190
39193
39195
39197
39198
39200
39213
39215
39217
39222
39228
39235
39236
39237
39238
39242
39243
39247
39250
39252
39254
39255
39258
39260
39261
39262
39266
39267
39271
39277
39278
39280
39282
39287
39290
39291
39294
39296
39299
39300
39302
39304
39309
39311
39315
39316
39319
39322
39323
39326
39329
39331
39332
39334
39335
39336
39339
39342
39343
39344
39346
39349
39350
39352
39354
39355
39359
39362
39365
39367
39369
39370
39371
39374
39375
39382
39383
39384
39385
39388
39396
39399
39400
39412
39413
39416
39419
39420
39424
39425
39426
39428
39432
39436
39437
39441
39444
39446
39449
39450
39456
39457
39462
39464
39465
39467
39470
39473
39474
39478
39479
39488
39489
39495
39501
39511
39512
39513
39515
39517
39519
39525
39531
39533
39534
39539
39543
39544
39563
39565
39566
39568
39569
39571
39572
39578
39579
39580
39585
39590
39591
39593
39599
39602
39607
39608
39611
39612
39621
39624
39625
39628
39630
39632
39634
39635
39638
39641
39642
39646
39647
39655
39656
39657
39659
39661
39668
39672
39674
39675
39678
39679
39684
39690
39691
39694
39698
39699
39701
39702
39705
39708
39712
39715
39717
39719
39720
39724
39725
39726
39732
39733
39734
39735
39737
39739
39741
39745
39746
39748
39752
39757
39761
39762
39764
39767
39768
39771
39772
39773
39775
39777
39778
39779
39782
39794
39798
39804
39807
39809
39810
39813
39814
39819
39820
39826
39828
39829
39830
39832
39835
39842
39844
39848
39849
39850
39856
39857
39858
39859
39861
39862
39865
39866
39867
39873
39875
39877
39879
39883
39892
39895
39900
39901
39909
39910
39911
39919
39922
39923
39924
39928
39933
39934
39939
39941
39942
39947
39951
39954
39955
39958
39961
39962
39969
39973
39974
39976
39979
39981
39982
39986
39987
39998
40001
40004
40009
40011
40014
40015
40017
40024
40025
40027
40028
40030
40032
40040
40043
40044
40046
40047
40049
40053
40056
40064
40067
40068
40078
40080
40083
40084
40085
40086
40087
40088
40090
40091
40092
40094
40097
40101
40102
40104
40105
40113
40114
40116
40117
40122
40126
40130
40132
40138
40145
40147
40149
40159
40162
40165
40166
40169
40172
40177
40185
40192
40193
40194
40196
40200
40204
40208
40209
40210
40216
40219
40231
40232
40234
40236
40237
40238
40239
40241
40244
40252
40257
40259
40266
40270
40273
40277
40280
40284
40289
40290
40301
40305
40313
40314
40316
40324
40326
40332
40334
40338
40349
40353
40356
40357
40359
40365
40367
40370
40372
40374
40377
40378
40379
40380
40388
40390
40391
40392
40394
40397
40401
40406
40411
40417
40420
40424
40426
40428
40435
40444
40445
40448
40449
40450
40454
40455
40459
40460
40462
40464
40468
40478
40483
40487
40494
40495
40496
40497
40498
40512
40520
40522
40525
40526
40527
40529
40532
40534
40535
40540
40547
40548
40552
40560
40566
40567
40570
40571
40572
40580
40584
40588
40590
40595
40596
40597
40598
40601
40603
40605
40608
40613
40614
40615
40616
40617
40621
40624
40625
40632
40634
40637
40643
40645
40647
40648
40649
40650
40651
40653
40655
40656
40665
40667
40668
40670
40671
40674
40681
40685
40691
40695
40696
40703
40706
40708
40720
40725
40726
40728
40733
40735
40736
40739
40740
40746
40748
40750
40752
40755
40761
40762
40763
40767
40770
40780
40786
40790
40792
40793
40795
40803
40809
40812
40816
40817
40819
40820
40823
40826
40827
40828
40829
40831
40832
40835
40837
40840
40842
40845
40847
40848
40852
40854
40855
40862
40865
40869
40872
40875
40879
40885
40886
40887
40889
40892
40903
40904
40907
40909
40913
40914
40918
40923
40926
40932
40937
40939
40944
40945
40949
40952
40958
40959
40960
40961
40962
40964
40967
40981
40983
40984
40987
40988
40989
40990
40993
40994
41003
41006
41008
41010
41012
41015
41016
41023
41032
41035
41036
41038
41040
41044
41049
41050
41053
41054
41064
41065
41068
41071
41073
41074
41076
41081
41083
41088
41089
41093
41095
41098
41101
41103
41105
41106
41109
41110
41113
41121
41122
41124
41127
41130
41131
41136
41142
41145
41147
41148
41153
41161
41164
41165
41167
41169
41172
41177
41181
41188
41190
41191
41192
41194
41197
41206
41207
41210
41214
41220
41222
41223
41225
41226
41228
41233
41237
41238
41242
41247
41252
41259
41264
41265
41266
41267
41268
41269
41274
41278
41287
41289
41296
41298
41299
41304
41305
41311
41313
41315
41325
41327
41328
41335
41336
41337
41339
41340
41345
41346
41347
41349
41353
41355
41360
41363
41365
41368
41372
41379
41380
41386
41393
41395
41408
41409
41414
41416
41418
41421
41430
41434
41437
41438
41440
41448
41449
41456
41459
41464
41465
41466
41467
41468
41469
41472
41474
41481
41483
41485
41489
41492
41495
41497
41516
41518
41519
41524
41526
41527
41528
41533
41534
41535
41541
41542
41543
41544
41548
41549
41553
41555
41560
41567
41571
41574
41576
41583
41584
41598
41601
41602
41604
41605
41608
41617
41621
41623
41627
41629
41631
41634
41636
41637
41639
41640
41642
41645
41651
41652
41655
41657
41658
41659
41663
41664
41669
41671
41673
41674
41675
41677
41683
41685
41687
41691
41692
41695
41696
41701
41703
41716
41723
41724
41726
41727
41733
41739
41740
41749
41752
41756
41758
41771
41781
41783
41790
41798
41801
41806
41808
41809
41810
41815
41825
41826
41828
41834
41837
41838
41839
41842
41845
41846
41852
41857
41859
41865
41868
41871
41876
41889
41892
41895
41900
41901
41905
41906
41908
41910
41914
41915
41918
41919
41922
41924
41926
41927
41928
41931
41935
41942
41946
41949
41950
41953
41954
41959
41963
41964
41966
41968
41969
41972
41974
41976
41978
41980
41986
41988
41991
41993
41994
41996
41999
42004
42012
42013
42015
42020
42021
42026
42030
42037
42042
42048
42049
42051
42055
42057
42059
42060
42063
42067
42073
42075
42076
42079
42085
42089
42090
42092
42095
42097
42099
42100
42103
42109
42110
42111
42113
42114
42115
42116
42118
42121
42122
42126
42127
42130
42134
42136
42138
42139
42149
42151
42161
42163
42166
42167
42172
42174
42176
42177
42180
42188
42194
42195
42198
42201
42202
42203
42204
42211
42212
42216
42218
42220
42221
42226
42227
42228
42231
42234
42235
42237
42245
42246
42247
42248
42251
42254
42255
42258
42263
42269
42274
42275
42277
42281
42282
42283
42284
42289
42290
42294
42303
42304
42311
42312
42313
42314
42315
42328
42333
42347
42348
42350
42355
42360
42371
42374
42377
42379
42382
42386
42388
42396
42397
42399
42400
42402
42403
42407
42414
42415
42419
42420
42425
42426
42428
42430
42431
42434
42435
42446
42451
42455
42457
42458
42470
42471
42474
42479
42480
42481
42485
42488
42489
42491
42492
42497
42502
42504
42506
42515
42516
42520
42521
42523
42526
42529
42530
42531
42535
42538
42544
42545
42546
42548
42557
42559
42568
42569
42570
42573
42576
42583
42584
42585
42586
42587
42588
42597
42605
42611
42615
42616
42617
42618
42622
42623
42624
42626
42630
42633
42640
42641
42642
42647
42648
42656
42659
42664
42665
42666
42690
42691
42692
42700
42704
42708
42712
42714
42722
42724
42725
42728
42736
42741
42744
42747
42752
42755
42757
42761
42762
42768
42769
42771
42774
42776
42780
42781
42787
42788
42789
42790
42793
42794
42795
42796
42812
42827
42829
42831
42834
42835
42838
42840
42843
42848
42855
42857
42861
42863
42866
42867
42868
42871
42874
42876
42878
42884
42886
42890
42892
42893
42899
42904
42911
42914
42915
42916
42924
42928
42929
42934
42935
42937
42939
42941
42942
42949
42950
42951
42954
42955
42959
42961
42964
42967
42968
42970
42971
42976
42983
42990
42997
42998
43001
43004
43007
43009
43011
43014
43018
43021
43024
43028
43031
43032
43033
43034
43038
43045
43047
43048
43049
43051
43053
43056
43061
43062
43064
43066
43067
43073
43078
43080
43082
43087
43088
43090
43091
43094
43097
43098
43100
43101
43106
43115
43117
43118
43120
43124
43127
43134
43137
43141
43143
43144
43145
43146
43150
43156
43158
43162
43165
43168
43171
43177
43178
43180
43183
43184
43185
43188
43193
43195
43197
43200
43205
43211
43212
43218
43223
43227
43228
43229
43230
43231
43232
43234
43241
43247
43248
43249
43251
43253
43255
43258
43261
43262
43263
43264
43269
43277
43280
43281
43285
43289
43292
43294
43296
43298
43299
43302
43319
43321
43325
43331
43333
43338
43339
43340
43344
43345
43346
43347
43350
43351
43355
43356
43357
43372
43375
43380
43383
43385
43386
43392
43393
43403
43405
43409
43411
43412
43417
43423
43431
43435
43438
43441
43446
43453
43455
43459
43462
43465
43475
43477
43478
43480
43482
43483
43486
43494
43495
43499
43501
43502
43504
43508
43514
43526
43528
43529
43537
43540
43546
43549
43554
43563
43572
43583
43591
43595
43596
43598
43599
43605
43609
43611
43612
43620
43625
43628
43634
43637
43638
43642
43643
43645
43652
43653
43654
43655
43662
43670
43671
43678
43681
43682
43683
43684
43685
43686
43687
43695
43699
43700
43701
43710
43714
43715
43721
43725
43726
43727
43733
43734
43736
43742
43743
43748
43750
43752
43754
43755
43758
43759
43761
43765
43771
43774
43790
43791
43792
43795
43800
43803
43805
43806
43807
43808
43812
43821
43824
43827
43832
43840
43842
43844
43846
43856
43858
43882
43887
43902
43904
43910
43915
43919
43922
43925
43926
43927
43929
43933
43935
43936
43948
43958
43965
43967
43969
43971
43975
43978
43982
43986
43992
43995
43998
44000
44002
44006
44008
44012
44017
44018
44020
44029
44030
44032
44034
44035
44037
44041
44042
44044
44045
44046
44049
44051
44054
44058
44063
44065
44066
44068
44070
44071
44074
44082
44083
44085
44087
44088
44092
44093
44095
44097
44099
44101
44102
44106
44111
44112
44118
44121
44123
44139
44146
44150
44157
44158
44159
44167
44172
44174
44177
44178
44183
44188
44189
44190
44191
44192
44193
44196
44197
44198
44199
44202
44204
44205
44206
44211
44212
44214
44218
44224
44227
44228
44230
44240
44241
44243
44244
44245
44248
44251
44252
44256
44258
44259
44261
44263
44265
44268
44271
44272
44275
44276
44277
44280
44282
44284
44287
44288
44291
44293
44295
44298
44299
44300
44302
44306
44308
44310
44311
44312
44315
44316
44318
44320
44323
44324
44326
44329
44330
44331
44332
44333
44334
44339
44341
44342
44343
44344
44349
44353
44354
44357
44360
44361
44362
44367
44369
44371
44374
44375
44378
44379
44380
44382
44383
44389
44398
44400
44401
44402
44403
44405
44406
44407
44411
44412
44418
44419
44422
44423
44425
44430
44433
44434
44436
44439
44440
44442
44444
44445
44446
44449
44451
44459
44465
44469
44473
44479
44480
44481
44482
44483
44484
44493
44498
44503
44509
44511
44512
44517
44520
44521
44524
44528
44529
44533
44534
44546
44552
44557
44560
44563
44564
44568
44570
44574
44575
44576
44579
44582
44583
44588
44589
44590
44591
44592
44593
44596
44599
44600
44601
44603
44604
44607
44611
44615
44620
44621
44623
44624
44625
44626
44629
44631
44633
44638
44640
44641
44643
44645
44646
44652
44653
44655
44659
44661
44663
44665
44666
44668
44669
44673
44678
44680
44681
44682
44686
44687
44690
44691
44693
44694
44697
44701
44703
44704
44705
44708
44709
44717
44721
44726
44729
44731
44735
44738
44739
44741
44746
44747
44752
44754
44755
44757
44758
44759
44760
44764
44770
44771
44775
44780
44781
44782
44783
44784
44785
44787
44794
44797
44800
44801
44805
44806
44809
44810
44811
44812
44813
44814
44819
44822
44824
44828
44829
44830
44842
44847
44850
44852
44855
44859
44860
44861
44862
44865
44866
44870
44878
44881
44882
44888
44890
44892
44905
44906
44911
44912
44913
44915
44917
44924
44925
44926
44927
44929
44938
44944
44946
44951
44961
44962
44965
44966
44974
44980
44989
44992
44996
45004
45007
45009
45013
45014
45016
45017
45018
45025
45027
45030
45037
45038
45042
45043
45050
45051
45053
45054
45058
45062
45065
45068
45071
45072
45078
45079
45082
45092
45098
45102
45117
45118
45121
45122
45125
45126
45129
45130
45131
45133
45134
45135
45136
45137
45140
45143
45145
45147
45149
45152
45155
45158
45159
45166
45168
45169
45171
45172
45173
45175
45176
45185
45186
45189
45193
45194
45197
45199
45206
45208
45209
45210
45212
45217
45218
45219
45220
45221
45223
45227
45235
45236
45237
45241
45242
45244
45246
45248
45250
45252
45256
45258
45259
45261
45267
45271
45274
45275
45276
45277
45279
45282
45285
45294
45302
45303
45306
45309
45313
45314
45315
45321
45331
45333
45338
45353
45361
45362
45363
45365
45367
45373
45376
45377
45378
45380
45384
45386
45389
45390
45394
45398
45400
45401
45402
45403
45405
45408
45409
45412
45420
45421
45422
45424
45426
45427
45428
45435
45442
45443
45446
45449
45451
45454
45456
45460
45466
45470
45471
45472
45474
45476
45486
45487
45490
45501
45503
45508
45509
45512
45515
45522
45523
45528
45530
45533
45537
45538
45541
45544
45546
45547
45548
45549
45558
45560
45565
45570
45571
45580
45581
45584
45587
45589
45592
45596
45597
45598
45603
45604
45605
45609
45613
45616
45617
45620
45621
45626
45627
45629
45631
45632
45633
45635
45638
45639
45641
45646
45648
45649
45653
45654
45656
45660
45663
45670
45679
45682
45686
45691
45694
45695
45696
45697
45698
45705
45708
45709
45710
45714
45716
45719
45722
45724
45726
45729
45730
45733
45734
45735
45736
45737
45738
45740
45749
45750
45752
45755
45756
45762
45773
45776
45781
45782
45785
45788
45790
45791
45793
45794
45798
45799
45802
45817
45821
45822
45831
45839
45841
45842
45843
45847
45852
45857
45859
45860
45868
45873
45875
45877
45879
45887
45898
45901
45904
45905
45906
45907
45916
45917
45926
45931
45934
45936
45940
45944
45955
45958
45962
45964
45966
45967
45968
45971
45973
45976
45978
45979
45988
45991
45993
45999
46003
46005
46007
46009
46025
46028
46029
46031
46036
46041
46044
46048
46049
46053
46058
46059
46062
46063
46066
46068
46071
46072
46077
46079
46081
46082
46085
46086
46088
46090
46091
46092
46093
46095
46097
46099
46100
46104
46105
46107
46109
46114
46116
46117
46119
46123
46133
46135
46136
46137
46143
46149
46150
46151
46156
46160
46165
46168
46169
46170
46173
46174
46176
46178
46180
46181
46183
46195
46199
46203
46206
46208
46212
46214
46215
46218
46221
46223
46225
46226
46229
46230
46233
46234
46240
46241
46242
46249
46251
46254
46258
46261
46263
46265
46271
46272
46280
46281
46286
46288
46291
46296
46298
46299
46304
46305
46312
46316
46322
46323
46325
46326
46334
46336
46342
46344
46347
46349
46358
46359
46365
46366
46372
46373
46381
46383
46385
46388
46392
46394
46398
46399
46405
46414
46419
46421
46422
46425
46426
46432
46434
46436
46440
46441
46445
46450
46451
46454
46456
46460
46461
46462
46465
46469
46479
46482
46483
46484
46485
46488
46499
46501
46508
46509
46511
46512
46514
46515
46518
46519
46522
46526
46530
46533
46535
46536
46539
46541
46543
46545
46547
46551
46564
46574
46577
46578
46579
46582
46594
46595
46596
46597
46600
46604
46610
46611
46615
46617
46621
46622
46625
46630
46631
46638
46640
46646
46647
46648
46651
46653
46654
46655
46660
46664
46665
46667
46675
46676
46678
46683
46685
46686
46687
46689
46691
46692
46693
46696
46698
46699
46702
46705
46708
46709
46716
46718
46720
46721
46724
46725
46727
46730
46731
46734
46748
46750
46751
46752
46756
46762
46765
46768
46770
46772
46774
46785
46787
46789
46794
46804
46812
46827
46828
46840
46841
46847
46851
46852
46858
46860
46862
46864
46868
46870
46871
46874
46878
46883
46886
46895
46896
46907
46911
46912
46921
46922
46928
46929
46933
46936
46940
46945
46947
46948
46949
46950
46951
46958
46968
46969
46972
46973
46975
46978
46981
46986
46988
46989
46990
46997
47002
47003
47004
47005
47011
47012
47014
47015
47018
47028
47029
47036
47040
47041
47044
47045
47048
47050
47052
47057
47060
47061
47065
47066
47073
47075
47078
47081
47105
47110
47114
47119
47122
47128
47130
47133
47137
47139
47143
47155
47156
47158
47164
47170
47175
47177
47181
47184
47185
47189
47195
47198
47199
47200
47205
47206
47208
47211
47217
47218
47220
47225
47229
47231
47234
47236
47244
47247
47249
47250
47254
47258
47259
47262
47268
47272
47276
47278
47287
47288
47304
47307
47315
47322
47329
47331
47337
47342
47349
47350
47351
47354
47365
47367
47371
47374
47376
47380
47385
47387
47388
47389
47391
47402
47404
47405
47413
47415
47416
47418
47425
47431
47432
47433
47435
47437
47438
47440
47441
47443
47446
47449
47454
47458
47464
47469
47474
47475
47477
47480
47484
47487
47488
47489
47492
47494
47495
47497
47505
47509
47511
47513
47515
47520
47525
47527
47530
47531
47532
47533
47540
47541
47545
47546
47549
47550
47562
47563
47568
47570
47571
47573
47575
47579
47580
47581
47586
47587
47588
47589
47594
47599
47602
47608
47610
47611
47627
47633
47635
47636
47637
47638
47639
47641
47642
47646
47653
47654
47656
47658
47659
47666
47668
47672
47675
47677
47679
47682
47688
47695
47700
47702
47707
47712
47715
47716
47717
47723
47724
47725
47731
47734
47736
47738
47750
47755
47757
47760
47764
47768
47770
47771
47774
47776
47777
47780
47793
47795
47798
47809
47811
47814
47816
47819
47826
47828
47830
47831
47834
47835
47836
47848
47850
47852
47855
47856
47857
47862
47863
47864
47865
47869
47870
47884
47885
47887
47888
47891
47893
47896
47898
47899
47911
47916
47919
47923
47928
47930
47931
47936
47939
47942
47945
47950
47955
47957
47960
47965
47966
47967
47970
47973
47977
47983
47985
47987
47990
47992
47994
48001
48002
48004
48006
48011
48013
48015
48016
48022
48032
48033
48042
48044
48045
48054
48059
48060
48062
48063
48066
48067
48070
48079
48082
48087
48088
48089
48092
48097
48108
48118
48120
48127
48129
48132
48136
48140
48143
48149
48151
48152
48155
48156
48169
48170
48174
48178
48181
48182
48186
48189
48194
48196
48200
48210
48215
48216
48223
48227
48228
48233
48236
48237
48245
48246
48251
48254
48257
48261
48263
48267
48268
48269
48271
48274
48280
48282
48289
48292
48293
48296
48304
48311
48312
48315
48318
48320
48324
48326
48327
48337
48338
48340
48343
48346
48347
48348
48349
48353
48354
48360
48364
48366
48369
48371
48372
48374
48375
48378
48379
48380
48382
48386
48390
48394
48395
48397
48398
48400
48402
48403
48405
48407
48415
48418
48423
48424
48428
48430
48433
48435
48436
48437
48438
48440
48441
48445
48446
48453
48455
48458
48462
48466
48469
48470
48475
48477
48479
48485
48493
48496
48497
48498
48499
48500
48510
48511
48512
48518
48520
48521
48526
48528
48536
48540
48541
48542
48545
48548
48550
48554
48555
48559
48568
48572
48573
48574
48580
48581
48582
48585
48587
48588
48594
48598
48599
48600
48602
48603
48605
48612
48613
48614
48620
48621
48629
48632
48636
48638
48639
48641
48643
48645
48652
48656
48667
48670
48671
48672
48680
48684
48685
48689
48690
48691
48695
48697
48698
48700
48702
48710
48711
48721
48727
48728
48730
48732
48734
48735
48749
48750
48758
48760
48765
48768
48769
48770
48792
48795
48796
48798
48799
48802
48804
48806
48814
48818
48819
48824
48829
48834
48836
48841
48846
48849
48850
48853
48854
48857
48859
48868
48872
48877
48882
48885
48886
48888
48893
48894
48896
48897
48900
48901
48915
48917
48923
48927
48928
48929
48930
48935
48942
48951
48956
48959
48960
48963
48966
48967
48968
48977
48983
48985
48987
48988
48995
48998
49000
49009
49010
49015
49016
49017
49018
49023
49027
49033
49034
49037
49042
49043
49045
49046
49048
49049
49050
49051
49054
49055
49060
49065
49068
49074
49079
49081
49083
49084
49088
49103
49106
49107
49108
49110
49115
49118
49119
49136
49138
49146
49147
49150
49152
49154
49157
49169
49170
49172
49177
49179
49184
49186
49190
49192
49193
49197
49198
49200
49203
49206
49207
49214
49216
49218
49219
49221
49226
49231
49234
49240
49242
49245
49246
49248
49251
49252
49255
49270
49277
49280
49282
49284
49290
49291
49298
49299
49303
49304
49305
49306
49307
49310
49311
49312
49313
49314
49315
49319
49329
49334
49335
49337
49340
49345
49348
49349
49351
49355
49358
49359
49360
49361
49364
49365
49371
49376
49377
49380
49388
49389
49391
49393
49394
49395
49400
49413
49422
49424
49426
49427
49432
49437
49438
49440
49441
49442
49443
49447
49453
49456
49457
49459
49460
49463
49465
49468
49469
49470
49473
49483
49485
49488
49490
49498
49501
49502
49504
49509
49510
49511
49518
49521
49524
49525
49526
49532
49534
49536
49543
49547
49552
49555
49558
49560
49564
49578
49582
49584
49585
49591
49593
49597
49606
49607
49608
49613
49615
49618
49620
49623
49627
49628
49632
49639
49644
49646
49654
49657
49660
49663
49667
49670
49671
49672
49680
49682
49684
49688
49689
49691
49698
49702
49703
49709
49711
49713
49715
49719
49721
49724
49727
49735
49743
49749
49753
49754
49764
49765
49769
49774
49776
49778
49782
49789
49790
49793
49799
49800
49802
49803
49806
49807
49815
49816
49817
49818
49819
49821
49822
49823
49824
49825
49827
49831
49834
49835
49839
49842
49847
49856
49857
49860
49861
49862
49864
49867
49876
49877
49878
49880
49882
49883
49884
49886
49887
49888
49890
49896
49902
49903
49916
49917
49918
49921
49926
49927
49928
49930
49931
49933
49935
49937
49939
49940
49941
49943
49944
49945
49953
49956
49958
49959
49960
49963
49964
49965
49966
49968
49971
49975
49980
49983
49987
49989
49995
49999
50000
50002
50005
50008
50009
50013
50029
50030
50032
50033
50040
50041
50044
50045
50049
50050
50054
50062
50065
50069
50071
50074
50075
50080
50089
50090
50091
50092
50103
50104
50114
50115
50118
50128
50130
50131
50133
50135
50138
50150
50156
50160
50162
50172
50173
50174
50186
50192
50194
50198
50202
50204
50205
50207
50210
50211
50213
50215
50216
50217
50221
50226
50227
50228
50237
50240
50243
50250
50251
50252
50256
50264
50265
50266
50270
50279
50282
50286
50287
50294
50298
50302
50304
50306
50319
50323
50335
50336
50338
50344
50350
50355
50356
50358
50360
50371
50374
50375
50382
50383
50384
50387
50392
50394
50398
50399
50400
50401
50403
50406
50409
50412
50413
50414
50418
50422
50424
50430
50431
50434
50435
50437
50446
50448
50452
50453
50458
50461
50463
50470
50471
50473
50474
50476
50479
50481
50486
50487
50489
50491
50493
50494
50496
50497
50500
50506
50508
50510
50518
50519
50528
50530
50543
50551
50560
50564
50565
50568
50569
50570
50580
50582
50584
50588
50593
50594
50595
50596
50599
50600
50603
50605
50611
50619
50621
50622
50625
50636
50638
50646
50649
50653
50654
50659
50660
50664
50672
50673
50678
50680
50682
50683
50687
50688
50689
50690
50691
50696
50699
50703
50714
50716
50718
50726
50727
50730
50734
50738
50747
50750
50751
50752
50754
50760
50764
50766
50772
50773
50792
50795
50796
50800
50803
50806
50808
50811
50816
50828
50831
50837
50838
50841
50842
50846
50861
50868
50872
50873
50876
50877
50878
50880
50882
50886
50891
50892
50896
50899
50907
50909
50910
50912
50914
50916
50920
50926
50928
50930
50931
50933
50938
50939
50941
50942
50943
50944
50945
50947
50949
50953
50961
50962
50971
50972
50973
50981
50982
50983
50986
50997
51002
51003
51005
51008
51010
51020
51022
51028
51030
51035
51038
51041
51042
51047
51051
51052
51056
51058
51059
51062
51063
51064
51065
51072
51075
51082
51101
51102
51113
51119
51127
51130
51137
51143
51144
51148
51150
51156
51158
51159
51160
51163
51164
51165
51169
51170
51172
51175
51176
51182
51189
51190
51192
51203
51208
51210
51212
51222
51223
51227
51231
51233
51236
51242
51247
51249
51251
51257
51265
51268
51271
51275
51278
51283
51284
51285
51286
51288
51293
51298
51300
51309
51311
51321
51322
51323
51325
51326
51330
51333
51335
51336
51339
51341
51342
51344
51347
51352
51354
51355
51358
51359
51360
51375
51377
51379
51381
51383
51384
51391
51396
51397
51403
51405
51408
51409
51411
51414
51416
51421
51422
51426
51427
51437
51439
51440
51450
51451
51452
51459
51463
51466
51471
51474
51475
51476
51481
51490
51491
51493
51497
51498
51501
51504
51505
51506
51507
51509
51510
51511
51513
51515
51516
51521
51524
51526
51532
51540
51548
51549
51551
51552
51556
51564
51575
51576
51580
51581
51585
51586
51587
51590
51593
51594
51595
51597
51598
51603
51609
51615
51620
51621
51632
51633
51646
51647
51649
51658
51661
51666
51670
51671
51674
51681
51682
51684
51690
51691
51696
51697
51700
51707
51708
51710
51711
51718
51727
51730
51731
51735
51736
51737
51738
51742
51743
51746
51747
51750
51754
51755
51770
51778
51797
51799
51806
51807
51815
51817
51819
51821
51823
51824
51828
51837
51838
51841
51851
51852
51853
51856
51860
51865
51867
51869
51874
51876
51877
51878
51881
51882
51883
51884
51888
51890
51906
51908
51911
51921
51922
51925
51932
51936
51937
51941
51943
51945
51947
51950
51954
51956
51963
51965
51967
51970
51971
51976
51980
51981
51995
51996
52007
52012
52015
52017
52019
52020
52022
52038
52041
52050
52058
52062
52064
52069
52071
52072
52073
52076
52078
52079
52080
52082
52083
52085
52088
52089
52090
52091
52092
52097
52100
52104
52107
52108
52109
52110
52116
52118
52119
52120
52123
52124
52125
52130
52135
52139
52142
52147
52148
52157
52159
52160
52162
52164
52165
52166
52167
52168
52169
52170
52172
52174
52176
52184
52190
52194
52197
52207
52210
52212
52220
52223
52225
52229
52241
52252
52257
52260
52266
52270
52272
52275
52276
52280
52281
52284
52294
52297
52306
52314
52319
52323
52325
52331
52332
52334
52337
52341
52344
52345
52346
52350
52352
52356
52359
52360
52366
52370
52372
52374
52381
52383
52384
52385
52387
52393
52396
52400
52401
52405
52409
52411
52430
52431
52438
52443
52447
52449
52450
52452
52456
52464
52465
52472
52473
52476
52482
52489
52514
52519
52520
52522
52525
52528
52530
52531
52533
52539
52543
52545
52546
52553
52555
52559
52560
52563
52564
52566
52567
52568
52570
52574
52576
52579
52581
52582
52587
52595
52598
52608
52619
52620
52621
52622
52626
52629
52633
52635
52643
52645
52650
52659
52663
52664
52667
52669
52671
52681
52686
52696
52701
52702
52703
52706
52712
52721
52724
52731
52735
52737
52740
52749
52751
52755
52758
52759
52765
52767
52770
52780
52784
52785
52786
52789
52790
52794
52809
52810
52812
52820
52826
52827
52831
52841
52842
52843
52844
52845
52849
52851
52852
52856
52859
52860
52864
52866
52872
52873
52874
52881
52883
52887
52888
52890
52891
52892
52894
52896
52897
52898
52900
52905
52906
52911
52912
52914
52923
52924
52927
52929
52931
52936
52937
52939
52940
52942
52945
52950
52951
52958
52960
52966
52970
52972
52973
52975
52977
52978
52979
52983
52984
52985
52987
52989
52992
52994
52998
53002
53007
53014
53015
53018
53020
53021
53032
53035
53041
53042
53045
53048
53049
53052
53057
53062
53063
53064
53067
53070
53075
53076
53081
53084
53090
53095
53096
53098
53102
53104
53105
53106
53109
53113
53114
53119
53120
53123
53124
53127
53128
53139
53143
53144
53147
53150
53151
53152
53153
53154
53162
53164
53170
53184
53194
53195
53197
53198
53202
53211
53216
53218
53221
53223
53232
53236
53239
53245
53248
53251
53253
53255
53257
53265
53266
53268
53272
53278
53282
53284
53292
53294
53295
53300
53302
53307
53318
53327
53335
53339
53340
53344
53347
53353
53355
53356
53360
53362
53365
53367
53369
53370
53374
53384
53386
53391
53395
53396
53408
53410
53412
53413
53416
53418
53420
53421
53434
53435
53436
53438
53440
53446
53456
53463
53467
53469
53471
53472
53474
53477
53478
53479
53480
53484
53485
53489
53490
53491
53494
53497
53503
53504
53514
53516
53533
53537
53544
53546
53548
53549
53550
53555
53556
53557
53559
53560
53561
53562
53564
53565
53574
53577
53579
53583
53585
53591
53592
53598
53599
53600
53601
53604
53605
53614
53616
53619
53621
53624
53628
53629
53633
53634
53639
53643
53652
53653
53654
53659
53662
53664
53675
53677
53680
53681
53682
53687
53688
53692
53696
53698
53699
53705
53708
53710
53715
53720
53723
53724
53726
53728
53730
53731
53738
53739
53742
53745
53761
53764
53767
53768
53770
53772
53775
53783
53786
53788
53799
53803
53805
53808
53811
53814
53816
53819
53822
53824
53832
53837
53838
53840
53844
53847
53849
53850
53851
53859
53861
53862
53863
53864
53865
53866
53868
53874
53875
53876
53879
53893
53895
53899
53905
53911
53918
53919
53922
53924
53936
53938
53945
53948
53952
53955
53958
53960
53982
53984
53987
53993
53994
53995
53997
54002
54003
54016
54023
54025
54028
54029
54030
54034
54036
54038
54043
54051
54054
54060
54064
54065
54071
54074
54077
54078
54083
54084
54086
54092
54095
54096
54097
54127
54134
54138
54141
54144
54146
54152
54157
54162
54165
54166
54178
54179
54182
54185
54186
54190
54196
54199
54200
54201
54202
54208
54210
54222
54227
54231
54233
54234
54235
54236
54238
54239
54243
54247
54252
54253
54254
54259
54262
54264
54266
54268
54271
54275
54276
54286
54287
54290
54294
54296
54310
54311
54312
54316
54317
54322
54323
54325
54329
54332
54333
54341
54343
54344
54353
54355
54357
54361
54364
54365
54368
54381
54382
54387
54389
54390
54391
54392
54394
54397
54398
54401
54404
54409
54411
54412
54413
54415
54419
54425
54426
54427
54428
54435
54436
54437
54441
54449
54450
54452
54454
54459
54462
54468
54471
54474
54476
54483
54486
54487
54490
54491
54496
54498
54499
54503
54506
54510
54514
54518
54519
54522
54525
54529
54532
54533
54539
54542
54543
54547
54549
54551
54555
54556
54557
54558
54560
54564
54566
54571
54573
54575
54578
54583
54584
54585
54586
54590
54595
54597
54598
54599
54601
54603
54604
54605
54606
54608
54609
54611
54612
54613
54614
54617
54621
54631
54632
54635
54636
54645
54649
54650
54651
54654
54660
54661
54663
54667
54668
54673
54674
54680
54687
54688
54694
54695
54696
54697
54699
54701
54706
54708
54709
54715
54716
54717
54718
54723
54724
54725
54728
54730
54732
54736
54737
54739
54741
54742
54745
54746
54750
54752
54759
54763
54766
54769
54773
54774
54775
54780
54784
54792
54794
54797
54799
54800
54804
54809
54816
54817
54819
54821
54822
54830
54833
54834
54835
54839
54842
54844
54845
54847
54848
54850
54851
54853
54854
54857
54861
54864
54866
54869
54872
54882
54883
54886
54887
54891
54894
54896
54897
54898
54903
54907
54908
54909
54912
54914
54915
54916
54919
54921
54931
54932
54934
54936
54939
54942
54944
54949
54950
54951
54954
54956
54957
54961
54963
54965
54967
54972
54978
54982
54985
54987
54988
54990
54991
54994
54996
54997
54999
55002
55003
55006
55007
55009
55015
55017
55020
55021
55022
55028
55032
55039
55043
55045
55049
55051
55059
55062
55064
55065
55066
55071
55072
55076
55078
55080
55082
55083
55084
55088
55090
55094
55096
55097
55098
55100
55101
55102
55104
55105
55108
55111
55114
55118
55119
55121
55122
55125
55126
55130
55136
55140
55143
55150
55151
55152
55153
55154
55155
55156
55161
55164
55167
55168
55169
55171
55174
55176
55177
55178
55180
55186
55188
55195
55198
55200
55201
55204
55205
55208
55210
55211
55213
55216
55221
55222
55223
55226
55229
55231
55233
55237
55248
55256
55257
55258
55261
55262
55266
55270
55271
55273
55275
55277
55280
55281
55284
55287
55288
55289
55292
55295
55297
55299
55300
55304
55308
55312
55314
55319
55324
55328
55329
55331
55339
55346
55347
55355
55360
55367
55383
55391
55392
55397
55403
55404
55407
55416
55417
55419
55420
55421
55423
55424
55431
55432
55434
55435
55436
55445
55447
55453
55455
55457
55458
55459
55462
55469
55470
55471
55472
55473
55477
55482
55483
55485
55486
55488
55499
55521
55525
55526
55533
55535
55539
55542
55543
55554
55559
55566
55567
55569
55571
55573
)


// ************************************************************************* //
