/*--------------------------------*- C++ -*----------------------------------*\
| =========                 |                                                 |
| \\      /  F ield         | OpenFOAM: The Open Source CFD Toolbox           |
|  \\    /   O peration     | Version:  v2012                                 |
|   \\  /    A nd           | Website:  www.openfoam.com                      |
|    \\/     M anipulation  |                                                 |
\*---------------------------------------------------------------------------*/
FoamFile
{
    version     2.0;
    format      ascii;
    class       labelList;
    location    "constant/polyMesh";
    object      pointProcAddressing;
}
// * * * * * * * * * * * * * * * * * * * * * * * * * * * * * * * * * * * * * //


15002
(
0
4
8
10
12
14
16
17
18
19
20
21
22
23
24
25
26
27
28
29
30
31
32
33
34
35
36
37
38
39
40
41
42
43
44
45
46
47
48
49
50
51
52
53
380
381
382
383
384
385
386
387
388
389
390
391
392
393
394
395
396
397
398
399
400
401
402
403
404
405
406
407
408
409
410
411
412
413
414
415
416
417
418
419
420
421
422
423
424
425
426
427
428
429
430
431
432
433
434
435
436
437
438
439
440
441
442
443
444
445
446
447
448
449
450
451
452
453
454
455
456
457
458
459
460
461
462
463
464
465
466
467
468
469
470
471
472
473
474
475
476
477
478
479
480
481
482
483
484
485
486
487
488
489
490
491
492
493
494
495
496
497
498
499
500
501
502
503
504
505
506
507
508
509
510
511
512
513
514
515
516
517
518
519
520
521
522
523
524
525
526
527
528
529
530
531
532
533
534
535
536
537
538
539
540
541
542
543
544
545
546
547
548
694
695
696
697
698
699
700
701
702
703
704
705
706
707
708
709
710
711
712
713
714
715
716
717
718
719
720
721
722
723
724
725
726
727
728
729
730
731
732
733
734
735
736
737
738
739
740
741
742
743
744
745
746
747
748
749
750
751
752
753
754
755
756
757
758
759
760
761
762
763
764
765
766
767
768
769
770
771
772
773
774
775
776
777
778
779
780
781
782
783
784
785
786
787
788
789
790
791
792
793
794
795
796
797
798
799
800
801
802
803
804
805
806
807
1134
1135
1136
1137
1138
1139
1140
1141
1142
1143
1144
1145
1146
1147
1148
1149
1150
1151
1152
1153
1154
1155
1156
1157
1158
1159
1160
1161
1162
1163
1164
1165
1166
1167
1168
1169
1170
1171
1172
1173
1174
1175
1176
1177
1178
1179
1180
1181
1182
1183
1184
1185
1186
1187
1188
1189
1190
1191
1192
1193
1194
1195
1196
1197
1198
1199
1200
1201
1202
1203
1204
1205
1206
1207
1208
1209
1210
1211
1212
1213
1214
1215
1216
1217
1218
1219
1220
1221
1222
1223
1224
1225
1226
1227
1228
1229
1230
1231
1232
1233
1234
1235
1236
1237
1238
1239
1240
1241
1242
1243
1244
1245
1246
1247
1248
1249
1250
1251
1252
1253
1254
1255
1256
1257
1258
1259
1260
1261
1262
1263
1264
1265
1266
1267
1268
1269
1270
1271
1272
1273
1274
1275
1276
1277
1278
1279
1280
1281
1282
1283
1284
1285
1286
1287
1288
1289
1290
1291
1292
1293
1294
1295
1296
1297
1298
1299
1300
1301
1302
1448
1449
1450
1451
1452
1453
1454
1455
1456
1457
1458
1459
1460
1461
1462
1463
1464
1465
1466
1467
1468
1469
1470
1471
1472
1473
1474
1475
1476
1477
1478
1479
1480
1481
1482
1483
1484
1485
1486
1487
1488
1489
1490
1491
1492
1493
1494
1495
1496
1497
1498
1499
1500
1501
1502
1503
1504
1505
1506
1507
1508
1509
1510
1511
1512
1513
1514
1515
1516
1517
1518
1519
1520
1521
1522
1523
1530
1531
1532
1533
1534
1535
1536
1537
1539
1540
1541
1542
1543
1544
1545
1546
1547
1548
1549
1556
1557
1558
1566
1567
1579
1588
1591
1595
1596
1598
1600
1604
1612
1614
1617
1621
1629
1630
1633
1634
1635
1636
1637
1638
1639
1641
1643
1645
1647
1648
1651
1653
1654
1656
1658
1661
1662
1665
1673
1674
1675
1679
1687
1702
1704
1705
1712
1715
1716
1717
1718
1720
1731
1733
1736
1738
1739
1764
2260
2261
2262
2263
2264
2265
2266
2267
2268
2269
2270
2271
2272
2273
2274
2275
2276
2277
2278
2279
2280
2281
2284
2285
2291
2292
2294
2295
2296
2297
2298
2301
2302
2303
2307
2308
2309
2310
2311
2312
2313
2314
2315
2318
2319
2320
2325
2326
2330
2331
2332
2333
2334
2335
2337
2339
2340
2347
2348
2355
2356
2359
2360
2361
2362
2363
2364
2365
2366
2367
2368
2369
2370
2371
2372
2373
2374
2375
2376
2377
2378
2379
2380
2381
2382
2383
2384
2385
2386
2387
2392
2393
2398
2399
2400
2401
2407
2408
2412
2413
2414
2420
2421
2422
2427
2429
2430
2435
2437
2438
2445
2446
2447
2448
2449
2450
2453
2454
2459
2460
2461
2462
2466
2467
2472
2473
2474
2479
2480
2481
2482
2483
2484
2485
2486
2487
2488
2489
2490
2491
2492
2493
2494
2495
2496
2499
2544
2545
2558
2559
2564
2565
2572
2573
2584
2585
2586
2587
2588
2589
2590
2591
2602
2603
2604
2670
2671
3024
3025
3026
3027
3028
3029
3030
3031
3032
3033
3034
3035
3036
3037
3038
3039
3040
3041
3042
3043
3044
3045
3046
3047
3048
3049
3050
3051
3052
3053
3054
3055
3056
3057
3058
3059
3060
3061
3062
3063
3064
3065
3066
3067
3068
3069
3070
3071
3072
3073
3074
3075
3076
3077
3078
3079
3080
3081
3082
3083
3084
3085
3086
3087
3088
3089
3090
3091
3092
3093
3094
3095
3096
3097
3098
3099
3100
3101
3102
3103
3104
3105
3106
3107
3108
3109
3110
3111
3112
3113
3114
3115
3116
3117
3118
3119
3120
3121
3122
3123
3124
3125
3126
3127
3128
3129
3130
3131
3132
3133
3134
3135
3136
3137
3138
3139
3140
3141
3142
3143
3145
3146
3147
3148
3149
3157
3158
3166
3167
3168
3169
3170
3171
3172
3173
3174
3175
3176
3177
3236
3237
3238
3239
3249
3250
3251
3254
3255
3256
3263
3264
3291
3292
3296
3297
3307
3308
3330
3331
3390
3397
3398
3403
3404
3409
3410
3411
3412
3413
3414
3415
3416
3417
3418
3419
3420
3421
3422
3423
3425
3426
3427
3429
3432
3433
3442
3443
3447
3448
3456
3457
3458
3459
3466
3472
3473
3474
3475
3476
3477
3478
3481
3486
3488
3489
3490
3491
3492
3493
3494
3512
3513
3514
3628
3629
3637
3638
3639
3640
3641
3642
3643
3653
3655
3656
3659
3664
3665
3669
3670
3671
3672
3673
3674
3675
3676
3677
3678
3679
3680
3681
3682
3683
3684
3685
3686
3687
3688
3689
3690
3691
3692
3693
3694
3695
3696
3697
3731
3738
3744
3745
3748
3766
3767
3768
3769
3770
3771
3772
3773
3774
3775
3776
3777
3778
3779
3780
3781
3782
3783
3786
3886
3890
3897
3898
3912
3913
3926
3927
3928
3929
3930
3931
3932
3933
3934
3935
3936
3937
3938
3939
3940
3941
3942
3943
3950
3951
3958
3959
3960
3961
3962
3963
3966
3995
3996
4008
4009
4010
4011
4012
4013
4014
4015
4016
4017
4019
4020
4033
4034
4048
4066
4067
4068
4103
4128
4149
4158
4159
4160
4252
4270
4271
4272
4280
4281
4283
4297
4299
4300
4305
4306
4589
4590
4599
4722
4723
4724
4725
4726
4727
4728
4729
4730
4731
4732
4733
4734
4735
4736
4737
4738
4739
4740
4741
4742
4743
4744
4745
4746
4747
4748
4749
4750
4751
4752
4753
4754
4755
4756
4757
4758
4759
4760
4761
4762
4763
4764
4765
4766
4767
4768
4769
4770
4771
4772
4773
4774
4775
4776
4777
4778
4779
4780
4781
4782
4783
4784
4785
4786
4787
4788
4789
4790
4791
4792
4793
4794
4795
4796
4797
4798
4799
4800
4801
4802
4803
4804
4805
4806
4807
4808
4809
4810
4811
4812
4813
4814
4815
4816
4817
4818
4819
4820
4821
4822
4823
4824
4825
4826
4827
4828
4829
4830
4831
4832
4833
4834
4835
4836
4837
4838
4839
4840
4841
4842
4843
4844
4845
4846
4847
4848
4849
4850
4851
4852
4853
4854
4855
4856
4857
4858
4859
4860
4861
4862
4863
4864
4865
4866
4867
4868
4869
4870
4871
4872
4873
4874
4875
4876
4877
4878
4879
4880
4881
4882
4883
4884
4885
4886
4887
4888
4889
4890
4891
4892
4893
4894
4895
4896
4897
4898
4899
4900
4901
4904
4905
4906
4908
4909
4910
4911
4912
4913
4914
4915
4917
4918
4919
4920
4921
4922
4923
4924
4925
4926
4929
4930
4931
4932
4933
4934
4935
4936
4937
4938
4939
4940
4941
4953
4954
4964
4965
4979
4980
4981
4990
5015
5016
5045
5076
5084
5134
5135
5136
5137
5138
5201
5202
5203
5204
5205
5206
5207
5208
5209
5210
5211
5212
5213
5214
5215
5216
5217
5218
5219
5220
5221
5222
5223
5224
5225
5226
5227
5228
5229
5230
5231
5232
5233
5234
5235
5236
5237
5238
5239
5240
5241
5242
5243
5244
5245
5246
5247
5248
5249
5251
5252
5253
5254
5255
5257
5258
5259
5260
5261
5262
5263
5264
5265
5266
5267
5268
5269
5270
5271
5272
5273
5274
5275
5276
5277
5278
5279
5280
5281
5282
5283
5284
5285
5286
5287
5288
5289
5290
5291
5292
5294
5295
5298
5299
5301
5302
5307
5310
5324
5326
5327
5328
5420
5421
5431
5432
5433
5435
5508
5509
5510
5511
5512
5592
5594
5595
5666
5667
5680
5681
5692
5693
5694
5695
5696
5697
5702
5703
5710
5711
5712
5713
5714
5715
5716
5717
5718
5721
5722
5723
5724
5725
5726
5727
5728
5729
5730
5731
5732
5733
5734
5735
5736
5740
5755
5756
5757
5758
5760
5762
5763
5764
5766
5767
5781
5791
5792
5795
5796
5797
5798
5799
5800
5801
5802
5803
5804
5805
5806
5807
5808
5809
5810
5811
5812
5817
5818
5946
5954
5955
5956
5957
5958
5959
5960
5961
5962
5963
5964
5965
5966
5978
5979
5980
5981
5982
5983
5990
5991
5992
5993
5994
5995
5996
5997
6031
6033
6034
6035
6036
6037
6038
6039
6040
6041
6057
6058
6060
6061
6062
6063
6068
6182
6183
6184
6185
6221
6222
6223
6224
6225
6226
6230
6231
6232
6243
6244
6261
6265
6266
6268
6269
6278
6290
6291
6294
6302
6303
6307
6308
6309
6310
6311
6312
6332
6333
6334
6335
6336
6337
6338
6339
6340
6341
6342
6343
6344
6345
6346
6347
6348
6349
6350
6351
6352
6353
6429
6434
6435
6436
6438
6439
6440
6441
6447
6453
6499
6506
6507
6508
6509
6510
6511
6512
6513
6514
6515
6516
6517
6518
6519
6520
6521
6522
6527
6532
6533
6534
6538
6539
6557
6558
6564
6565
6679
6680
6681
6682
6683
6684
6685
6686
6687
6688
6689
6690
6691
6692
6693
6694
6695
6696
6698
6699
6700
6701
6709
6710
6712
6713
6714
6715
6728
6729
6730
6734
6735
6744
6745
6758
6759
6765
6766
6767
6769
6770
6817
6827
6828
6829
6830
6838
6852
6932
6934
6936
6951
6955
6956
6963
6989
6990
6995
6996
7009
7010
7022
7023
7037
7039
7056
7085
7086
7087
7088
7089
7090
7091
7092
7093
7094
7095
7096
7097
7098
7099
7100
7101
7103
7108
7112
7113
7116
7117
7118
7123
7130
7131
7138
7140
7141
7142
7231
7237
7238
7239
7257
7260
7261
7262
7263
7264
7265
7266
7267
7268
7269
7270
7271
7272
7273
7274
7275
7276
7277
7278
7279
7280
7281
7292
7293
7303
7309
7318
7319
7324
7325
7326
7327
7328
7329
7330
7331
7332
7333
7334
7335
7336
7337
7338
7339
7340
7341
7342
7343
7344
7345
7346
7347
7348
7349
7350
7351
7352
7353
7354
7355
7356
7357
7358
7359
7360
7361
7362
7363
7364
7365
7366
7367
7387
7388
7389
7391
7392
7393
7394
7395
7396
7397
7398
7399
7400
7404
7406
7407
7408
7413
7421
7422
7430
7437
7447
7461
7493
7494
7495
7496
7497
7498
7499
7500
7501
7502
7503
7504
7505
7506
7507
7508
7509
7510
7511
7512
7513
7514
7515
7516
7518
7525
7532
7533
7534
7535
7546
7551
7557
7558
7559
7580
7582
7583
7584
7587
7592
7593
7595
7597
7598
7599
7602
7603
7629
7632
7642
7643
7650
7651
7652
7653
7654
7656
7658
7669
7670
7716
7737
7738
7739
7740
7741
7742
7743
7744
7745
7746
7747
7748
7750
7754
7786
7787
7788
7789
7790
7791
7792
7793
7794
7795
7796
7797
7798
7799
7800
7801
7802
7803
7804
7805
7806
7807
7808
7809
7810
7811
7812
7813
7814
7815
7816
7817
7821
7823
7832
7833
7834
7835
7836
7837
7893
7895
7896
7898
7901
7902
7904
7907
7908
7910
7911
7912
7914
7915
7916
7917
7918
7919
7920
7921
7922
7923
7924
7925
7926
7929
7930
7931
7932
7933
7934
7935
7936
7937
7938
7939
7940
7941
7942
7943
7944
7945
7946
7947
7948
7949
7950
7951
7952
7953
7954
7955
7956
7957
7958
7975
8022
8041
8045
8060
8070
8103
8182
8196
8311
8317
8318
8322
8327
8347
8386
8407
8408
8409
8426
8437
8438
8439
8460
8461
8462
8463
8464
8465
8466
8467
8468
8469
8470
8471
8472
8474
8480
8481
8482
8483
8485
8528
8554
8565
8587
8588
8593
8600
8603
8617
8625
8626
8629
8634
8636
8638
8639
8640
8641
8642
8643
8644
8645
8646
8647
8648
8649
8650
8651
8652
8653
8654
8655
8656
8657
8658
8659
8672
8673
8680
8681
8682
8684
8687
8688
8690
8691
8692
8699
8711
8719
8721
8723
8724
8731
8732
8733
8734
8750
8751
8753
8764
8771
8773
8775
8790
8834
8835
8836
8837
8838
8839
8840
8841
8842
8843
8844
8845
8846
8847
8848
8849
8850
8851
8852
8853
8854
8855
8856
8857
8858
8859
8860
8861
8862
8863
8864
8865
8866
8867
8868
8894
8904
8905
8906
8911
8912
8924
8925
8930
8933
8936
8938
8943
8946
8947
8956
8966
8971
8973
8975
8979
8982
8988
8989
9010
9011
9022
9023
9028
9047
9050
9051
9054
9069
9072
9079
9080
9092
9112
9113
9118
9119
9150
9161
9175
9180
9181
9182
9188
9189
9190
9191
9192
9193
9194
9195
9196
9197
9198
9199
9200
9201
9202
9203
9204
9205
9206
9207
9208
9209
9210
9211
9212
9213
9214
9215
9216
9217
9218
9219
9220
9221
9222
9223
9224
9225
9226
9227
9228
9229
9230
9231
9232
9233
9234
9235
9236
9237
9238
9239
9240
9241
9242
9243
9244
9245
9246
9247
9248
9249
9250
9251
9252
9253
9254
9255
9256
9257
9258
9259
9260
9261
9262
9263
9264
9265
9266
9267
9268
9269
9270
9271
9272
9273
9274
9275
9276
9277
9278
9279
9280
9281
9282
9283
9284
9285
9286
9287
9288
9289
9290
9291
9292
9293
9294
9295
9296
9297
9298
9299
9300
9301
9302
9303
9304
9305
9306
9307
9308
9309
9310
9311
9312
9313
9314
9315
9316
9317
9318
9319
9320
9321
9322
9323
9324
9325
9326
9327
9328
9329
9330
9331
9332
9333
9334
9335
9336
9337
9338
9339
9340
9341
9342
9343
9344
9345
9346
9347
9348
9349
9350
9351
9352
9353
9354
9355
9356
9357
9358
9359
9360
9361
9362
9363
9364
9365
9366
9367
9368
9369
9370
9371
9372
9373
9374
9375
9376
9377
9378
9379
9380
9381
9382
9383
9384
9385
9386
9387
9388
9389
9390
9391
9392
9393
9394
9395
9396
9397
9398
9399
9400
9401
9402
9403
9404
9405
9406
9407
9408
9409
9410
9411
9412
9413
9414
9415
9416
9417
9418
9419
9420
9421
9422
9423
9424
9425
9426
9427
9428
9429
9430
9431
9466
9467
9468
9469
9470
9471
9472
9473
9474
9475
9476
9477
9478
9479
9480
9481
9482
9483
9484
9485
9486
9487
9490
9491
9492
9493
9494
9495
9496
9502
9505
9512
9537
9538
9541
9545
9547
9554
9555
9556
9557
9565
9566
9569
9570
9571
9579
9584
9598
9604
9612
9615
9626
9637
9640
9641
9642
9651
9665
9667
9668
9669
9670
9671
9672
9673
9674
9678
9685
9696
9697
9698
9701
9708
9709
9721
9722
9723
9727
9728
9745
9746
9747
9748
9749
9750
9751
9768
9771
9775
9792
9793
9798
9799
9802
9808
9813
9820
9821
9822
9825
9826
9830
9833
9842
9843
9844
9849
9850
9851
9852
9853
9854
9855
9856
9857
9858
9859
9860
9861
9862
9863
9864
9865
9869
9891
9892
9893
9894
9902
9907
9910
9914
9921
9925
9966
9967
9968
9969
9970
9971
9972
9973
9974
9975
9976
9977
9978
9979
9980
9981
9982
9983
9984
9985
9986
9987
9988
9989
9990
9991
9992
9993
9994
9995
9996
9997
9998
9999
10000
10001
10002
10003
10004
10005
10006
10007
10008
10009
10010
10011
10012
10013
10014
10015
10016
10017
10018
10019
10020
10021
10022
10023
10024
10025
10026
10027
10028
10029
10030
10031
10032
10033
10034
10035
10036
10037
10038
10039
10040
10041
10042
10043
10044
10045
10046
10047
10048
10049
10050
10051
10052
10053
10054
10055
10056
10057
10058
10059
10060
10061
10062
10063
10064
10065
10066
10067
10068
10069
10071
10072
10073
10074
10075
10077
10079
10080
10081
10082
10084
10085
10086
10087
10088
10089
10090
10091
10092
10093
10094
10098
10099
10100
10101
10102
10190
10191
10202
10214
10215
10216
10230
10231
10232
10236
10237
10249
10276
10277
10283
10284
10289
10290
10297
10306
10307
10308
10309
10310
10311
10312
10325
10328
10329
10330
10334
10335
10336
10337
10339
10340
10345
10346
10347
10348
10349
10350
10351
10352
10353
10354
10355
10356
10357
10358
10359
10360
10361
10362
10363
10364
10365
10366
10367
10368
10369
10370
10371
10372
10374
10375
10384
10387
10388
10390
10395
10397
10398
10408
10410
10415
10416
10586
10587
10603
10604
10615
10616
10617
10618
10625
10642
10650
10652
10653
10662
10670
10673
10690
10691
10692
10697
10715
10721
10748
10749
10757
10758
10761
10802
10807
10808
10809
10810
10811
10812
10813
10814
10815
10816
10817
10820
10821
10822
10823
10840
10841
10842
10847
10848
10849
10853
10854
10855
10856
10863
10864
10865
10866
10869
10872
10875
10881
10882
10883
10884
10885
10891
10895
10918
10920
10921
10922
10923
10925
10927
10928
10931
10953
10954
10956
10960
10968
10972
10973
10983
10989
10993
10997
11000
11001
11002
11003
11004
11008
11025
11046
11047
11048
11049
11050
11051
11052
11059
11060
11065
11066
11070
11071
11072
11073
11074
11078
11079
11086
11100
11101
11105
11112
11116
11117
11118
11152
11153
11168
11193
11194
11201
11202
11203
11204
11256
11257
11258
11278
11279
11309
11330
11331
11343
11345
11353
11359
11365
11366
11372
11386
11391
11392
11404
11405
11407
11417
11423
11435
11438
11439
11440
11441
11445
11454
11461
11465
11469
11495
11496
11497
11510
11531
11532
11539
11540
11545
11546
11562
11563
11565
11568
11571
11573
11577
11579
11583
11587
11588
11590
11592
11593
11597
11599
11603
11605
11617
11618
11620
11625
11640
11649
11652
11665
11666
11674
11675
11676
11677
11678
11679
11680
11681
11691
11692
11693
11694
11695
11696
11697
11698
11705
11711
11712
11713
11723
11724
11746
11747
11751
11752
11753
11756
11759
11761
11764
11765
11784
11785
11786
11795
11805
11806
11813
11817
11818
11834
11845
11850
11851
11853
11855
11856
11863
11879
11880
11881
11884
11885
11888
11890
11893
11895
11908
11912
11913
11914
11915
11924
11928
11929
11930
11931
11932
11933
11936
11937
11939
11944
11958
11964
11968
11969
11972
11974
11975
11978
11979
11980
11981
11982
11983
11993
11997
11999
12006
12013
12014
12015
12018
12019
12020
12022
12023
12033
12034
12038
12039
12082
12083
12084
12085
12086
12087
12094
12105
12108
12109
12110
12111
12114
12127
12128
12129
12138
12144
12145
12147
12151
12173
12176
12177
12184
12186
12200
12201
12202
12203
12205
12206
12212
12213
12223
12227
12228
12237
12259
12260
12261
12262
12267
12273
12274
12285
12286
12287
12308
12327
12328
12336
12337
12339
12340
12348
12349
12350
12351
12352
12353
12354
12355
12383
12407
12408
12411
12412
12419
12420
12421
12423
12426
12430
12442
12449
12454
12458
12459
12460
12461
12462
12463
12468
12476
12494
12496
12497
12498
12501
12504
12508
12509
12520
12521
12531
12538
12539
12543
12544
12545
12553
12554
12557
12564
12565
12569
12570
12571
12572
12574
12575
12576
12577
12578
12579
12580
12581
12583
12585
12588
12589
12601
12606
12624
12627
12628
12640
12641
12656
12660
12661
12666
12667
12670
12671
12672
12673
12676
12689
12695
12696
12701
12703
12704
12705
12706
12714
12715
12716
12717
12718
12719
12720
12721
12722
12725
12738
12743
12744
12745
12748
12749
12750
12752
12753
12755
12756
12757
12758
12766
12767
12781
12801
12803
12806
12807
12814
12817
12818
12822
12823
12824
12838
12841
12842
12843
12854
12855
12856
12857
12873
12875
12882
12889
12892
12901
12904
12907
12913
12918
12933
12934
12935
12936
12937
12938
12939
12944
12945
12946
12947
12951
12955
12956
12957
12958
12959
12960
12961
12962
12963
12964
12965
12966
12967
12968
12969
12970
12971
12972
12974
12980
12982
12983
12984
12985
12991
12992
12993
12994
12995
12997
12998
12999
13000
13001
13002
13003
13010
13012
13014
13015
13016
13017
13018
13019
13020
13021
13029
13030
13034
13035
13036
13037
13038
13052
13053
13059
13068
13069
13081
13082
13083
13097
13098
13112
13120
13138
13140
13144
13145
13151
13152
13153
13156
13165
13166
13167
13170
13172
13183
13188
13194
13197
13202
13203
13204
13205
13206
13210
13214
13215
13228
13229
13230
13231
13232
13234
13235
13262
13266
13283
13288
13289
13297
13298
13299
13308
13311
13312
13314
13316
13317
13318
13319
13320
13322
13324
13326
13327
13363
13374
13375
13377
13378
13379
13380
13381
13387
13388
13389
13390
13391
13393
13394
13397
13403
13404
13405
13406
13407
13408
13409
13410
13411
13412
13413
13414
13415
13418
13446
13447
13448
13449
13453
13461
13462
13463
13464
13465
13466
13467
13468
13469
13470
13471
13472
13473
13474
13475
13476
13477
13478
13479
13480
13481
13482
13483
13484
13485
13486
13487
13488
13489
13490
13491
13492
13493
13499
13500
13518
13519
13523
13524
13540
13545
13546
13549
13550
13551
13552
13553
13554
13556
13565
13566
13570
13587
13588
13593
13594
13610
13611
13620
13627
13628
13674
13675
13719
13744
13754
13792
13800
13805
13807
13808
13809
13824
13825
13855
13859
13884
13897
13907
13910
13915
13916
13917
13918
13919
13920
13921
13922
13923
13924
13925
13926
13927
13928
13942
13953
13954
13966
13967
14043
14055
14056
14057
14059
14062
14064
14065
14066
14067
14068
14069
14070
14071
14072
14073
14074
14075
14076
14090
14091
14092
14097
14098
14099
14100
14101
14102
14103
14113
14114
14115
14130
14131
14134
14135
14136
14137
14138
14139
14143
14144
14145
14147
14156
14159
14163
14165
14177
14189
14193
14194
14201
14202
14203
14204
14205
14206
14208
14209
14210
14211
14221
14222
14223
14224
14225
14230
14231
14238
14239
14242
14247
14248
14249
14250
14251
14252
14253
14254
14255
14260
14262
14265
14267
14271
14285
14286
14302
14303
14304
14312
14315
14316
14322
14323
14324
14325
14336
14337
14340
14341
14349
14350
14351
14352
14371
14384
14385
14386
14387
14388
14389
14390
14391
14392
14393
14394
14395
14396
14398
14402
14403
14404
14405
14411
14413
14422
14427
14431
14432
14435
14437
14438
14439
14440
14441
14442
14458
14459
14473
14474
14475
14476
14477
14478
14479
14480
14481
14482
14483
14484
14485
14488
14490
14496
14498
14499
14503
14504
14506
14507
14525
14526
14527
14532
14533
14536
14538
14539
14547
14553
14570
14573
14577
14578
14583
14584
14588
14589
14590
14591
14592
14593
14594
14598
14603
14604
14605
14606
14610
14611
14612
14614
14619
14620
14621
14622
14626
14629
14630
14631
14632
14633
14634
14635
14636
14637
14638
14639
14640
14641
14646
14647
14648
14649
14651
14652
14653
14654
14658
14664
14665
14666
14667
14668
14669
14674
14680
14682
14683
14687
14709
14712
14713
14722
14723
14724
14725
14726
14727
14728
14729
14730
14740
14757
14758
14759
14760
14761
14762
14763
14764
14765
14766
14767
14774
14775
14776
14785
14786
14787
14797
14818
14823
14824
14826
14827
14829
14830
14831
14832
14847
14848
14849
14852
14855
14861
14862
14875
14879
14880
14882
14883
14884
14886
14887
14889
14893
14896
14897
14904
14905
14908
14926
14927
14928
14935
14936
14937
14941
14942
14951
14957
14968
14969
14980
14993
14994
14995
14996
15010
15013
15014
15015
15016
15026
15027
15028
15031
15047
15048
15055
15063
15066
15070
15076
15077
15084
15085
15090
15091
15093
15094
15104
15105
15106
15107
15115
15116
15117
15118
15119
15120
15121
15124
15128
15132
15136
15137
15139
15146
15152
15158
15162
15163
15169
15170
15171
15172
15173
15174
15176
15178
15179
15189
15190
15191
15192
15194
15198
15206
15209
15210
15211
15212
15222
15223
15225
15241
15246
15247
15248
15293
15295
15307
15320
15322
15329
15332
15336
15366
15367
15371
15372
15374
15383
15388
15418
15419
15420
15424
15429
15430
15440
15452
15453
15454
15455
15456
15464
15467
15469
15490
15492
15493
15507
15511
15512
15517
15526
15527
15528
15529
15533
15536
15541
15542
15543
15549
15550
15551
15552
15559
15560
15569
15570
15571
15572
15573
15574
15575
15576
15577
15578
15588
15589
15590
15594
15595
15596
15597
15600
15603
15604
15610
15613
15616
15617
15618
15619
15620
15629
15636
15650
15654
15678
15680
15681
15682
15689
15691
15698
15699
15704
15705
15710
15732
15739
15740
15741
15742
15743
15744
15754
15755
15756
15779
15781
15783
15784
15785
15788
15799
15806
15807
15853
15854
15858
15859
15868
15872
15873
15880
15881
15882
15883
15899
15900
15903
15905
15906
15926
15927
15930
15931
15932
15939
15941
15951
15952
15955
15956
15957
15958
15959
15960
15961
15962
15963
15964
15965
15966
15967
15968
15969
15970
15971
15972
15973
15974
15975
15976
15977
15978
15979
15983
15984
16000
16008
16009
16014
16019
16020
16027
16030
16031
16032
16033
16036
16037
16039
16041
16048
16049
16053
16054
16057
16065
16071
16072
16073
16074
16075
16076
16077
16078
16079
16080
16081
16082
16083
16084
16085
16086
16087
16088
16089
16090
16099
16100
16103
16111
16113
16114
16119
16120
16121
16122
16128
16129
16130
16131
16133
16144
16145
16201
16202
16206
16218
16219
16220
16221
16229
16235
16236
16241
16242
16243
16244
16245
16246
16247
16248
16249
16250
16251
16252
16253
16254
16258
16296
16300
16303
16304
16309
16310
16312
16321
16322
16328
16330
16332
16345
16346
16347
16348
16363
16364
16390
16391
16392
16394
16396
16399
16400
16406
16414
16418
16431
16436
16439
16440
16441
16442
16443
16445
16446
16455
16464
16467
16470
16471
16482
16484
16485
16486
16492
16495
16508
16509
16510
16511
16512
16515
16535
16536
16550
16551
16557
16559
16564
16565
16566
16569
16570
16571
16573
16575
16582
16583
16584
16585
16586
16587
16588
16589
16590
16591
16592
16593
16594
16595
16596
16597
16598
16599
16600
16601
16602
16603
16604
16605
16606
16607
16608
16609
16610
16611
16612
16613
16614
16615
16616
16617
16618
16619
16620
16621
16622
16624
16625
16627
16628
16629
16630
16639
16657
16667
16668
16685
16688
16691
16694
16704
16707
16708
16711
16719
16720
16722
16730
16731
16732
16740
16743
16745
16746
16747
16749
16751
16752
16753
16758
16762
16763
16767
16776
16777
16782
16783
16811
16812
16820
16821
16830
16836
16837
16838
16839
16841
16845
16852
16857
16858
16859
16863
16864
16865
16866
16868
16870
16873
16874
16875
16876
16877
16888
16895
16899
16900
16901
16903
16913
16914
16919
16921
16922
16923
16924
16927
16928
16937
16948
16953
16954
16955
16964
16965
16966
16967
16969
16981
16982
16983
16987
16988
16990
16991
16992
16996
16997
16998
17000
17001
17002
17007
17008
17009
17010
17012
17013
17015
17016
17017
17018
17025
17026
17027
17031
17047
17049
17050
17051
17052
17053
17054
17060
17064
17065
17069
17070
17071
17075
17078
17083
17089
17092
17093
17095
17103
17104
17105
17106
17107
17108
17109
17122
17127
17129
17130
17133
17134
17139
17141
17150
17151
17152
17158
17171
17174
17175
17180
17182
17183
17184
17185
17186
17187
17188
17190
17202
17204
17205
17206
17215
17216
17259
17260
17264
17265
17271
17276
17277
17278
17279
17281
17282
17283
17296
17308
17310
17313
17314
17319
17324
17325
17340
17341
17342
17343
17344
17345
17346
17347
17348
17349
17350
17351
17352
17357
17375
17376
17377
17378
17379
17380
17381
17382
17383
17384
17385
17386
17388
17391
17392
17393
17397
17398
17401
17403
17404
17408
17410
17417
17419
17428
17429
17431
17433
17434
17436
17437
17438
17441
17446
17454
17455
17456
17461
17462
17468
17473
17474
17476
17477
17478
17479
17480
17481
17482
17483
17493
17496
17498
17502
17503
17512
17513
17514
17515
17516
17517
17518
17519
17520
17521
17522
17523
17524
17525
17526
17527
17528
17529
17530
17531
17532
17533
17534
17535
17536
17537
17538
17539
17540
17541
17542
17543
17544
17545
17546
17547
17548
17549
17550
17551
17552
17553
17554
17555
17556
17557
17558
17559
17560
17561
17562
17563
17564
17565
17566
17567
17568
17569
17570
17571
17572
17573
17574
17575
17576
17577
17578
17579
17580
17581
17582
17583
17584
17585
17586
17587
17590
17591
17592
17593
17594
17595
17596
17597
17600
17605
17606
17607
17608
17609
17610
17611
17612
17613
17614
17615
17616
17617
17618
17619
17620
17621
17622
17623
17624
17625
17626
17627
17628
17629
17630
17631
17632
17633
17634
17635
17636
17637
17638
17639
17640
17641
17642
17643
17644
17645
17646
17647
17648
17649
17650
17651
17652
17653
17654
17655
17656
17657
17658
17659
17660
17661
17668
17669
17673
17679
17680
17690
17691
17693
17694
17695
17696
17697
17698
17699
17700
17701
17702
17703
17704
17705
17706
17707
17708
17709
17710
17711
17712
17713
17714
17715
17716
17717
17718
17719
17720
17721
17722
17723
17724
17725
17726
17727
17728
17729
17730
17731
17732
17733
17734
17735
17736
17737
17738
17739
17740
17741
17742
17743
17744
17745
17746
17747
17748
17749
17750
17751
17752
17753
17760
17761
17762
17763
17765
17766
17767
17768
17769
17776
17780
17783
17784
17786
17788
17792
17793
17797
17800
17801
17803
17811
17812
17835
17836
17837
17838
17839
17840
17841
17842
17843
17844
17845
17846
17847
17848
17849
17850
17851
17852
17853
17854
17855
17856
17857
17858
17859
17860
17861
17862
17863
17864
17865
17866
17867
17868
17869
17870
17871
17872
17873
17874
17875
17876
17881
17889
17902
17907
17915
17927
17928
17929
17930
17931
17942
17946
17955
17956
17962
17963
17964
17965
17966
17968
17969
17970
17976
17977
17983
17984
17985
17993
17994
17999
18001
18007
18008
18012
18013
18014
18015
18019
18020
18029
18030
18032
18033
18034
18044
18045
18046
18047
18048
18050
18051
18063
18069
18070
18074
18075
18076
18077
18079
18080
18081
18082
18083
18084
18085
18086
18087
18088
18089
18090
18091
18092
18093
18097
18120
18121
18128
18129
18130
18131
18132
18133
18159
18162
18194
18195
18208
18209
18210
18211
18212
18213
18214
18215
18216
18217
18230
18234
18235
18238
18239
18241
18242
18243
18244
18245
18246
18247
18259
18263
18265
18267
18268
18269
18270
18271
18274
18279
18280
18281
18282
18283
18284
18285
18287
18290
18291
18304
18305
18307
18308
18309
18310
18311
18312
18313
18314
18315
18322
18332
18333
18334
18335
18336
18337
18338
18339
18340
18341
18342
18344
18345
18347
18348
18349
18350
18351
18367
18368
18380
18381
18382
18383
18384
18385
18386
18387
18388
18389
18390
18391
18392
18393
18394
18395
18396
18397
18398
18399
18400
18401
18402
18403
18404
18405
18407
18410
18411
18414
18415
18416
18417
18423
18427
18448
18464
18467
18468
18483
18488
18541
18542
18545
18546
18547
18548
18549
18550
18551
18560
18561
18562
18563
18564
18577
18587
18589
18590
18591
18593
18595
18598
18599
18600
18601
18602
18603
18604
18605
18606
18607
18610
18611
18612
18613
18616
18617
18618
18619
18620
18622
18624
18625
18627
18628
18629
18630
18631
18632
18633
18634
18635
18636
18637
18638
18639
18640
18641
18642
18643
18644
18645
18646
18652
18653
18654
18655
18656
18661
18662
18663
18680
18681
18682
18683
18684
18685
18686
18687
18688
18689
18690
18691
18692
18693
18694
18695
18696
18710
18711
18712
18713
18715
18725
18733
18734
18735
18751
18752
18763
18764
18770
18771
18791
18792
18796
18797
18798
18799
18800
18801
18806
18815
18844
18845
18847
18848
18850
18851
18852
18853
18868
18885
18887
18889
18890
18891
18892
18893
18894
18895
18896
18897
18898
18916
18921
18922
18923
18924
18925
18926
18927
18928
18931
18932
18933
18934
18935
18954
18955
18958
18997
19019
19025
19027
19028
19029
19030
19031
19032
19033
19034
19035
19036
19037
19042
19053
19054
19055
19058
19059
19067
19089
19092
19093
19096
19104
19105
19108
19109
19121
19122
19130
19131
19134
19141
19142
19143
19144
19145
19146
19147
19148
19149
19150
19151
19152
19153
19154
19155
19156
19162
19163
19164
19165
19166
19167
19177
19178
19179
19180
19181
19182
19183
19184
19185
19186
19194
19195
19203
19204
19205
19206
19207
19208
19209
19210
19211
19214
19226
19236
19245
19246
19247
19248
19249
19250
19260
19263
19264
19265
19287
19289
19290
19291
19292
19293
19294
19295
19296
19297
19298
19299
19300
19301
19302
19313
19314
19315
19320
19321
19322
19323
19327
19328
19329
19330
19331
19332
19333
19335
19336
19338
19339
19342
19348
19352
19354
19355
19356
19357
19358
19360
19364
19365
19366
19372
19373
19376
19377
19379
19384
19397
19401
19408
19409
19410
19411
19412
19413
19414
19415
19416
19434
19438
19442
19452
19453
19465
19466
19469
19473
19474
19475
19476
19477
19478
19479
19480
19481
19482
19483
19486
19498
19499
19504
19511
19512
19514
19515
19516
19517
19518
19519
19520
19521
19522
19531
19532
19533
19534
19535
19536
19539
19546
19562
19567
19568
19585
19586
19588
19589
19590
19591
19593
19599
19600
19606
19607
19633
19660
19673
19674
19675
19676
19677
19678
19679
19680
19681
19682
19683
19684
19696
19704
19705
19706
19707
19711
19724
19727
19728
19729
19730
19731
19743
19744
19747
19748
19749
19755
19763
19767
19770
19775
19776
19777
19790
19795
19798
19847
19849
19850
19851
19852
19853
19854
19855
19858
19875
19882
19885
19887
19888
19889
19891
19892
19907
19908
19920
19921
19922
19923
19924
19925
19926
19927
19933
19940
19948
19949
19956
19961
19964
19965
19966
19967
19969
19970
19971
19972
19975
19979
20001
20003
20007
20010
20011
20012
20013
20015
20018
20019
20023
20030
20031
20032
20038
20041
20042
20055
20062
20065
20066
20080
20082
20085
20090
20136
20138
20139
20142
20153
20155
20160
20162
20166
20169
20170
20190
20197
20199
20200
20201
20202
20209
20212
20217
20218
20220
20229
20230
20231
20240
20241
20247
20248
20249
20253
20257
20262
20266
20270
20271
20275
20277
20278
20279
20280
20281
20282
20285
20302
20318
20319
20320
20322
20323
20325
20326
20328
20330
20332
20334
20337
20338
20349
20350
20359
20360
20361
20362
20363
20364
20386
20392
20395
20406
20409
20410
20449
20451
20452
20453
20454
20459
20465
20472
20484
20485
20486
20488
20500
20502
20517
20518
20519
20520
20534
20541
20543
20545
20546
20548
20565
20566
20574
20578
20583
20589
20590
20591
20592
20595
20599
20600
20601
20602
20603
20605
20606
20607
20611
20624
20635
20640
20646
20647
20648
20649
20650
20651
20652
20656
20657
20658
20659
20679
20683
20686
20687
20697
20706
20710
20711
20721
20730
20770
20796
20803
20804
20820
20829
20832
20838
20840
20844
20849
20850
20851
20852
20853
20854
20855
20856
20865
20874
20875
20876
20903
20904
20905
20906
20913
20914
20918
20930
20931
20932
20949
20961
20971
20981
20985
20987
20991
20992
20993
20994
20996
21021
21027
21045
21046
21047
21048
21049
21060
21063
21065
21067
21071
21078
21085
21089
21092
21093
21096
21099
21102
21115
21123
21124
21125
21127
21136
21137
21150
21158
21165
21168
21177
21178
21181
21182
21183
21184
21185
21186
21187
21192
21204
21208
21221
21225
21226
21227
21234
21235
21237
21244
21267
21271
21276
21281
21306
21317
21321
21343
21358
21362
21373
21380
21392
21393
21394
21395
21429
21430
21452
21461
21473
21485
21534
21544
21545
21547
21576
21579
21585
21613
21614
21615
21616
21617
21654
21676
21678
21700
21703
21720
21721
21745
21746
21747
21748
21749
21750
21751
21752
21753
21754
21755
21756
21757
21758
21759
21760
21761
21762
21763
21764
21765
21766
21767
21768
21771
21782
21804
21805
21806
21807
21826
21827
21828
21829
21959
21989
21999
22040
22042
22055
22072
22092
22097
22107
22123
22139
22140
22153
22154
22157
22186
22189
22237
22280
22288
22292
22300
22305
22314
22327
22330
22331
22343
22345
22352
22353
22383
22386
22388
22393
22395
22415
22426
22445
22451
22452
22472
22491
22498
22504
22505
22521
22529
22560
22569
22572
22575
22578
22604
22605
22608
22609
22619
22623
22626
22632
22650
22657
22658
22664
22665
22668
22671
22675
22676
22677
22678
22687
22697
22698
22706
22714
22715
22716
22732
22733
22740
22741
22780
22781
22799
22808
22815
22816
22817
22830
22834
22836
22837
22839
22844
22846
22848
22850
22851
22852
22853
22854
22855
22856
22857
22858
22859
22861
22864
22865
22869
22870
22871
22872
22873
22874
22875
22876
22878
22887
22888
22894
22895
22900
22901
22903
22904
22912
22913
22916
22918
22923
22925
22927
22936
22950
22955
22970
22971
22976
22993
22994
22997
23002
23004
23005
23011
23019
23026
23029
23035
23037
23038
23039
23040
23041
23044
23045
23046
23047
23057
23059
23060
23064
23071
23073
23077
23090
23092
23105
23106
23107
23108
23115
23116
23117
23126
23132
23154
23157
23159
23169
23180
23182
23186
23187
23189
23191
23192
23201
23203
23209
23210
23211
23213
23215
23216
23218
23223
23227
23239
23240
23242
23243
23244
23248
23249
23251
23260
23261
23271
23272
23273
23280
23281
23282
23284
23287
23299
23304
23318
23324
23325
23326
23329
23330
23331
23332
23339
23348
23358
23360
23366
23368
23370
23392
23399
23402
23403
23405
23446
23447
23449
23452
23453
23457
23458
23463
23471
23478
23482
23485
23487
23488
23495
23498
23506
23509
23510
23511
23520
23523
23524
23533
23536
23537
23538
23540
23541
23546
23547
23550
23553
23560
23561
23562
23569
23570
23573
23586
23587
23589
23590
23593
23599
23603
23605
23606
23611
23613
23615
23623
23626
23628
23629
23642
23643
23646
23647
23655
23659
23665
23668
23669
23679
23682
23683
23686
23698
23704
23707
23722
23725
23726
23727
23731
23734
23735
23738
23739
23742
23743
23746
23747
23751
23757
23758
23764
23765
23778
23790
23801
23812
23815
23817
23818
23821
23834
23842
23845
23853
23854
23855
23862
23864
23867
23871
23872
23877
23883
23884
23885
23891
23900
23902
23904
23906
23908
23912
23925
23929
23930
23938
23943
23949
23952
23954
23956
23958
23959
23961
23967
23968
23969
23972
23973
23982
23986
23987
23988
23993
23997
23998
24000
24001
24005
24007
24010
24018
24019
24022
24023
24026
24031
24039
24040
24042
24051
24052
24057
24066
24067
24068
24069
24070
24073
24079
24081
24087
24090
24091
24094
24099
24100
24103
24104
24105
24108
24109
24111
24112
24113
24117
24118
24121
24128
24129
24131
24135
24138
24139
24141
24143
24145
24150
24151
24153
24154
24155
24156
24158
24159
24164
24169
24172
24174
24178
24179
24183
24193
24194
24196
24197
24198
24199
24201
24202
24208
24209
24210
24214
24215
24216
24218
24227
24229
24232
24233
24234
24235
24236
24241
24244
24245
24246
24247
24249
24250
24254
24257
24259
24263
24266
24270
24274
24275
24276
24279
24283
24291
24292
24299
24302
24303
24305
24309
24310
24314
24315
24320
24329
24330
24331
24332
24333
24337
24338
24342
24344
24346
24351
24356
24361
24365
24368
24369
24373
24376
24377
24381
24382
24383
24384
24385
24386
24389
24390
24396
24398
24401
24404
24405
24408
24411
24414
24422
24423
24424
24428
24431
24432
24433
24434
24436
24437
24442
24443
24445
24451
24452
24460
24461
24463
24467
24477
24481
24488
24493
24496
24502
24503
24504
24505
24512
24513
24516
24517
24518
24521
24524
24525
24527
24529
24530
24532
24533
24534
24536
24540
24545
24546
24548
24550
24551
24557
24558
24560
24566
24567
24571
24575
24576
24579
24583
24584
24585
24590
24595
24597
24598
24599
24600
24601
24602
24603
24605
24606
24608
24609
24611
24613
24614
24618
24621
24624
24625
24627
24631
24633
24634
24635
24637
24638
24639
24643
24645
24648
24649
24666
24667
24668
24669
24673
24674
24676
24677
24685
24689
24695
24696
24700
24708
24709
24712
24719
24722
24725
24732
24737
24741
24744
24748
24749
24751
24755
24756
24762
24765
24773
24777
24782
24788
24798
24801
24803
24807
24808
24812
24820
24821
24824
24829
24830
24833
24838
24839
24846
24850
24856
24862
24863
24866
24868
24869
24875
24879
24882
24883
24884
24885
24888
24889
24897
24898
24901
24907
24914
24915
24920
24921
24930
24936
24937
24938
24941
24943
24945
24948
24951
24955
24956
24958
24962
24964
24968
24969
24974
24981
24983
24994
25004
25007
25008
25015
25025
25032
25038
25043
25046
25048
25049
25050
25053
25054
25057
25058
25060
25063
25064
25071
25072
25077
25082
25086
25087
25095
25096
25099
25104
25107
25109
25110
25111
25115
25118
25121
25127
25129
25133
25134
25136
25137
25139
25140
25148
25149
25152
25153
25154
25158
25159
25160
25162
25164
25168
25169
25171
25173
25176
25180
25186
25190
25192
25193
25194
25196
25199
25200
25201
25205
25211
25220
25226
25235
25236
25238
25240
25242
25247
25248
25249
25250
25256
25260
25261
25265
25266
25268
25269
25273
25283
25284
25285
25287
25291
25292
25293
25295
25300
25303
25304
25306
25314
25315
25319
25323
25326
25327
25331
25333
25340
25341
25343
25344
25348
25349
25351
25352
25354
25355
25357
25358
25362
25363
25364
25365
25366
25373
25375
25380
25383
25385
25388
25389
25400
25404
25406
25407
25412
25413
25414
25415
25419
25425
25431
25432
25435
25436
25440
25450
25453
25456
25461
25462
25468
25469
25471
25475
25477
25485
25487
25493
25500
25501
25502
25503
25507
25514
25516
25519
25520
25521
25523
25526
25529
25532
25537
25538
25539
25540
25550
25557
25558
25560
25561
25562
25563
25566
25567
25568
25574
25579
25581
25585
25586
25588
25589
25593
25595
25596
25597
25602
25603
25605
25611
25613
25621
25634
25635
25638
25640
25644
25648
25657
25663
25669
25671
25673
25676
25677
25684
25692
25693
25694
25696
25703
25708
25710
25712
25725
25727
25732
25739
25741
25743
25747
25749
25757
25759
25776
25777
25779
25781
25782
25787
25788
25790
25791
25795
25801
25807
25808
25809
25810
25812
25827
25828
25831
25832
25833
25840
25849
25850
25852
25854
25860
25861
25862
25864
25866
25874
25875
25876
25882
25884
25897
25898
25904
25907
25913
25915
25916
25919
25923
25930
25934
25938
25939
25948
25954
25959
25961
25963
25964
25968
25970
25971
25974
25976
25979
25981
25985
25986
25989
25994
26001
26002
26006
26009
26010
26012
26014
26016
26023
26024
26027
26029
26036
26043
26044
26048
26049
26050
26056
26057
26058
26060
26063
26065
26067
26068
26069
26070
26077
26084
26087
26088
26091
26093
26096
26099
26100
26104
26107
26112
26118
26126
26128
26130
26139
26141
26143
26145
26147
26148
26149
26150
26151
26152
26153
26154
26161
26163
26166
26168
26181
26183
26187
26188
26190
26195
26198
26204
26209
26213
26215
26217
26221
26232
26234
26235
26238
26243
26248
26249
26251
26253
26255
26258
26259
26264
26272
26273
26276
26280
26284
26288
26290
26299
26300
26301
26306
26307
26311
26314
26316
26320
26328
26329
26337
26338
26345
26347
26349
26358
26364
26367
26368
26369
26375
26379
26381
26383
26393
26394
26396
26401
26402
26403
26410
26413
26414
26415
26422
26427
26428
26433
26435
26439
26440
26450
26454
26455
26457
26459
26464
26466
26469
26479
26484
26487
26492
26505
26511
26514
26519
26521
26525
26527
26528
26529
26534
26535
26542
26543
26549
26555
26559
26574
26581
26587
26593
26597
26599
26600
26607
26621
26622
26626
26629
26630
26631
26641
26646
26656
26659
26660
26663
26667
26668
26669
26672
26676
26682
26683
26687
26693
26694
26699
26702
26704
26707
26708
26709
26714
26724
26727
26730
26732
26737
26738
26741
26752
26753
26764
26777
26778
26787
26788
26789
26790
26800
26801
26802
26803
26805
26809
26812
26815
26818
26831
26837
26838
26840
26841
26843
26845
26848
26849
26851
26862
26867
26868
26870
26872
26874
26875
26877
26880
26883
26890
26892
26894
26901
26905
26910
26912
26914
26915
26919
26936
26938
26942
26944
26945
26949
26950
26956
26963
26967
26968
26971
26972
26975
26982
26989
26990
26992
26993
26994
26995
26997
26999
27000
27001
27003
27012
27014
27015
27021
27026
27031
27032
27036
27039
27044
27045
27046
27055
27057
27065
27066
27067
27070
27075
27076
27079
27084
27086
27087
27089
27093
27094
27096
27097
27106
27108
27110
27112
27115
27119
27120
27121
27122
27124
27128
27137
27140
27144
27151
27152
27153
27160
27163
27168
27169
27172
27173
27174
27177
27178
27179
27180
27190
27197
27203
27208
27214
27217
27226
27228
27231
27232
27242
27243
27245
27254
27258
27259
27276
27278
27280
27285
27287
27297
27304
27305
27308
27309
27311
27315
27317
27323
27332
27333
27338
27339
27341
27343
27347
27349
27350
27352
27354
27357
27362
27367
27369
27371
27372
27377
27378
27379
27380
27381
27386
27392
27402
27408
27412
27413
27415
27416
27417
27418
27421
27422
27427
27431
27434
27435
27436
27440
27442
27463
27464
27467
27468
27473
27478
27479
27485
27488
27491
27492
27493
27494
27495
27496
27497
27500
27501
27502
27505
27508
27510
27518
27519
27528
27531
27532
27536
27539
27542
27553
27555
27556
27557
27558
27561
27562
27565
27566
27567
27580
27583
27585
27588
27590
27593
27595
27596
27597
27600
27603
27604
27605
27607
27608
27609
27617
27620
27624
27626
27627
27628
27631
27634
27636
27641
27643
27644
27646
27647
27652
27653
27655
27659
27660
27665
27668
27671
27676
27677
27678
27684
27686
27701
27702
27705
27713
27717
27720
27721
27722
27724
27726
27729
27734
27735
27738
27743
27751
27753
27755
27762
27764
27766
27768
27769
27770
27780
27782
27786
27788
27789
27793
27794
27797
27798
27800
27802
27804
27807
27814
27816
27827
27828
27830
27831
27833
27841
27844
27845
27846
27854
27859
27861
27863
27867
27871
27873
27880
27882
27885
27889
27893
27896
27897
27899
27901
27908
27909
27910
27922
27925
27930
27933
27941
27942
27943
27946
27951
27961
27962
27967
27969
27971
27972
27975
27978
27982
27983
27993
27996
27997
28000
28002
28003
28008
28010
28012
28013
28019
28025
28027
28028
28032
28033
28035
28037
28048
28049
28050
28057
28061
28063
28064
28067
28069
28070
28072
28088
28095
28100
28103
28104
28105
28106
28108
28112
28114
28117
28119
28124
28136
28138
28141
28152
28153
28162
28164
28167
28170
28171
28173
28177
28179
28185
28189
28201
28206
28207
28209
28211
28213
28214
28216
28217
28218
28220
28233
28241
28242
28245
28246
28247
28256
28258
28261
28262
28264
28272
28273
28274
28277
28284
28290
28294
28296
28297
28301
28304
28305
28314
28315
28317
28323
28327
28329
28330
28331
28335
28341
28345
28349
28357
28360
28362
28364
28366
28367
28368
28369
28370
28377
28378
28379
28380
28387
28392
28396
28398
28399
28406
28408
28411
28415
28418
28420
28422
28427
28430
28440
28446
28454
28459
28467
28475
28476
28477
28479
28481
28483
28489
28490
28491
28493
28497
28498
28505
28506
28508
28509
28518
28524
28527
28528
28530
28534
28538
28540
28541
28548
28549
28556
28559
28562
28564
28565
28567
28571
28572
28575
28589
28590
28591
28596
28598
28601
28604
28605
28611
28617
28618
28624
28626
28633
28634
28638
28639
28640
28641
28643
28652
28659
28660
28662
28664
28665
28674
28678
28686
28688
28693
28700
28705
28706
28707
28709
28715
28718
28720
28723
28727
28728
28734
28735
28738
28741
28743
28744
28748
28749
28752
28757
28761
28762
28765
28769
28772
28776
28777
28778
28780
28781
28782
28785
28786
28787
28790
28791
28795
28796
28799
28803
28804
28807
28808
28816
28817
28823
28824
28837
28841
28843
28847
28848
28852
28853
28859
28860
28861
28862
28863
28869
28872
28873
28874
28880
28882
28891
28898
28906
28907
28911
28913
28914
28915
28917
28919
28920
28921
28927
28928
28929
28936
28937
28938
28939
28940
28941
28942
28943
28945
28946
28947
28948
28949
28950
28951
28952
28953
28954
28955
28962
28963
28964
28972
28973
28985
28994
28997
29001
29002
29004
29006
29010
29018
29020
29023
29027
29035
29036
29039
29040
29041
29042
29043
29044
29045
29047
29049
29051
29053
29054
29057
29059
29060
29062
29064
29067
29068
29071
29079
29080
29081
29085
29093
29108
29110
29111
29118
29121
29122
29123
29124
29126
29137
29139
29142
29144
29145
29170
29666
29667
29668
29669
29670
29671
29672
29673
29674
29675
29676
29677
29678
29679
29680
29681
29682
29683
29684
29685
29686
29687
29690
29691
29697
29698
29700
29701
29702
29703
29704
29707
29708
29709
29713
29714
29715
29716
29717
29718
29719
29720
29721
29724
29725
29726
29731
29732
29736
29737
29738
29739
29740
29741
29743
29745
29746
29753
29754
29761
29762
29765
29766
29767
29768
29769
29770
29771
29772
29773
29774
29775
29776
29777
29778
29779
29780
29781
29782
29783
29784
29785
29786
29787
29788
29789
29790
29791
29792
29793
29798
29799
29804
29805
29806
29807
29813
29814
29818
29819
29820
29826
29827
29828
29833
29835
29836
29841
29843
29844
29851
29852
29853
29854
29855
29856
29859
29860
29865
29866
29867
29868
29872
29873
29878
29879
29880
29885
29886
29887
29888
29889
29890
29891
29892
29893
29894
29895
29896
29897
29898
29899
29900
29901
29902
29905
29950
29951
29964
29965
29970
29971
29978
29979
29990
29991
29992
29993
29994
29995
29996
29997
30008
30009
30010
30076
30077
30430
30431
30432
30433
30434
30435
30436
30437
30438
30439
30440
30441
30442
30443
30444
30445
30446
30447
30448
30449
30450
30451
30452
30453
30454
30455
30456
30457
30458
30459
30460
30461
30462
30463
30464
30465
30466
30467
30468
30469
30470
30471
30472
30473
30474
30475
30476
30477
30478
30479
30480
30481
30482
30483
30484
30485
30486
30487
30488
30489
30490
30491
30492
30493
30494
30495
30496
30497
30498
30499
30500
30501
30502
30503
30504
30505
30506
30507
30508
30509
30510
30511
30512
30513
30514
30515
30516
30517
30518
30519
30520
30521
30522
30523
30524
30525
30526
30527
30528
30529
30530
30531
30532
30533
30534
30535
30536
30537
30538
30539
30540
30541
30542
30543
30544
30545
30546
30547
30548
30549
30551
30552
30553
30554
30555
30563
30564
30572
30573
30574
30575
30576
30577
30578
30579
30580
30581
30582
30583
30642
30643
30644
30645
30655
30656
30657
30660
30661
30662
30669
30670
30697
30698
30702
30703
30713
30714
30736
30737
30796
30803
30804
30809
30810
30815
30816
30817
30818
30819
30820
30821
30822
30823
30824
30825
30826
30827
30828
30829
30831
30832
30833
30835
30838
30839
30848
30849
30853
30854
30862
30863
30864
30865
30872
30878
30879
30880
30881
30882
30883
30884
30887
30892
30894
30895
30896
30897
30898
30899
30900
30918
30919
30920
31034
31035
31043
31044
31045
31046
31047
31048
31049
31059
31061
31062
31065
31070
31071
31075
31076
31077
31078
31079
31080
31081
31082
31083
31084
31085
31086
31087
31088
31089
31090
31091
31092
31093
31094
31095
31096
31097
31098
31099
31100
31101
31102
31103
31137
31144
31150
31151
31154
31172
31173
31174
31175
31176
31177
31178
31179
31180
31181
31182
31183
31184
31185
31186
31187
31188
31189
31192
31292
31296
31303
31304
31318
31319
31332
31333
31334
31335
31336
31337
31338
31339
31340
31341
31342
31343
31344
31345
31346
31347
31348
31349
31356
31357
31364
31365
31366
31367
31368
31369
31372
31401
31402
31414
31415
31416
31417
31418
31419
31420
31421
31422
31423
31425
31426
31439
31440
31454
31472
31473
31474
31509
31534
31555
31564
31565
31566
31658
31676
31677
31678
31686
31687
31689
31703
31705
31706
31711
31712
31995
31996
32005
32128
32129
32130
32131
32132
32133
32134
32135
32136
32137
32138
32139
32140
32141
32142
32143
32144
32145
32146
32147
32148
32149
32150
32151
32152
32153
32154
32155
32156
32157
32158
32159
32160
32161
32162
32163
32164
32165
32166
32167
32168
32169
32170
32171
32172
32173
32174
32175
32176
32177
32178
32179
32180
32181
32182
32183
32184
32185
32186
32187
32188
32189
32190
32191
32192
32193
32194
32195
32196
32197
32198
32199
32200
32201
32202
32203
32204
32205
32206
32207
32208
32209
32210
32211
32212
32213
32214
32215
32216
32217
32218
32219
32220
32221
32222
32223
32224
32225
32226
32227
32228
32229
32230
32231
32232
32233
32234
32235
32236
32237
32238
32239
32240
32241
32242
32243
32244
32245
32246
32247
32248
32249
32250
32251
32252
32253
32254
32255
32256
32257
32258
32259
32260
32261
32262
32263
32264
32265
32266
32267
32268
32269
32270
32271
32272
32273
32274
32275
32276
32277
32278
32279
32280
32281
32282
32283
32284
32285
32286
32287
32288
32289
32290
32291
32292
32293
32294
32295
32296
32297
32298
32299
32300
32301
32302
32303
32304
32305
32306
32307
32310
32311
32312
32314
32315
32316
32317
32318
32319
32320
32321
32323
32324
32325
32326
32327
32328
32329
32330
32331
32332
32335
32336
32337
32338
32339
32340
32341
32342
32343
32344
32345
32346
32347
32359
32360
32370
32371
32385
32386
32387
32396
32421
32422
32451
32482
32490
32540
32541
32542
32543
32544
32607
32608
32609
32610
32611
32612
32613
32614
32615
32616
32617
32618
32619
32620
32621
32622
32623
32624
32625
32626
32627
32628
32629
32630
32631
32632
32633
32634
32635
32636
32637
32638
32639
32640
32641
32642
32643
32644
32645
32646
32647
32648
32649
32650
32651
32652
32653
32654
32655
32657
32658
32659
32660
32661
32663
32664
32665
32666
32667
32668
32669
32670
32671
32672
32673
32674
32675
32676
32677
32678
32679
32680
32681
32682
32683
32684
32685
32686
32687
32688
32689
32690
32691
32692
32693
32694
32695
32696
32697
32698
32700
32701
32704
32705
32707
32708
32713
32716
32730
32732
32733
32734
32826
32827
32837
32838
32839
32841
32914
32915
32916
32917
32918
32998
33000
33001
33072
33073
33086
33087
33098
33099
33100
33101
33102
33103
33108
33109
33116
33117
33118
33119
33120
33121
33122
33123
33124
33127
33128
33129
33130
33131
33132
33133
33134
33135
33136
33137
33138
33139
33140
33141
33142
33146
33161
33162
33163
33164
33166
33168
33169
33170
33172
33173
33187
33197
33198
33201
33202
33203
33204
33205
33206
33207
33208
33209
33210
33211
33212
33213
33214
33215
33216
33217
33218
33223
33224
33352
33360
33361
33362
33363
33364
33365
33366
33367
33368
33369
33370
33371
33372
33384
33385
33386
33387
33388
33389
33396
33397
33398
33399
33400
33401
33402
33403
33437
33439
33440
33441
33442
33443
33444
33445
33446
33447
33463
33464
33466
33467
33468
33469
33474
33588
33589
33590
33591
33627
33628
33629
33630
33631
33632
33636
33637
33638
33649
33650
33667
33671
33672
33674
33675
33684
33696
33697
33700
33708
33709
33713
33714
33715
33716
33717
33718
33738
33739
33740
33741
33742
33743
33744
33745
33746
33747
33748
33749
33750
33751
33752
33753
33754
33755
33756
33757
33758
33759
33835
33840
33841
33842
33844
33845
33846
33847
33853
33859
33905
33912
33913
33914
33915
33916
33917
33918
33919
33920
33921
33922
33923
33924
33925
33926
33927
33928
33933
33938
33939
33940
33944
33945
33963
33964
33970
33971
34085
34086
34087
34088
34089
34090
34091
34092
34093
34094
34095
34096
34097
34098
34099
34100
34101
34102
34104
34105
34106
34107
34115
34116
34118
34119
34120
34121
34134
34135
34136
34140
34141
34150
34151
34164
34165
34171
34172
34173
34175
34176
34223
34233
34234
34235
34236
34244
34258
34338
34340
34342
34357
34361
34362
34369
34395
34396
34401
34402
34415
34416
34428
34429
34443
34445
34462
34491
34492
34493
34494
34495
34496
34497
34498
34499
34500
34501
34502
34503
34504
34505
34506
34507
34509
34514
34518
34519
34522
34523
34524
34529
34536
34537
34544
34546
34547
34548
34637
34643
34644
34645
34663
34666
34667
34668
34669
34670
34671
34672
34673
34674
34675
34676
34677
34678
34679
34680
34681
34682
34683
34684
34685
34686
34687
34698
34699
34709
34715
34724
34725
34730
34731
34732
34733
34734
34735
34736
34737
34738
34739
34740
34741
34742
34743
34744
34745
34746
34747
34748
34749
34750
34751
34752
34753
34754
34755
34756
34757
34758
34759
34760
34761
34762
34763
34764
34765
34766
34767
34768
34769
34770
34771
34772
34773
34793
34794
34795
34797
34798
34799
34800
34801
34802
34803
34804
34805
34806
34810
34812
34813
34814
34819
34827
34828
34836
34843
34853
34867
34899
34900
34901
34902
34903
34904
34905
34906
34907
34908
34909
34910
34911
34912
34913
34914
34915
34916
34917
34918
34919
34920
34921
34922
34924
34931
34938
34939
34940
34941
34952
34957
34963
34964
34965
34986
34988
34989
34990
34993
34998
34999
35001
35003
35004
35005
35008
35009
35035
35038
35048
35049
35056
35057
35058
35059
35060
35062
35064
35075
35076
35122
35143
35144
35145
35146
35147
35148
35149
35150
35151
35152
35153
35154
35156
35160
35192
35193
35194
35195
35196
35197
35198
35199
35200
35201
35202
35203
35204
35205
35206
35207
35208
35209
35210
35211
35212
35213
35214
35215
35216
35217
35218
35219
35220
35221
35222
35223
35227
35229
35238
35239
35240
35241
35242
35243
35299
35301
35302
35304
35307
35308
35310
35313
35314
35316
35317
35318
35320
35321
35322
35323
35324
35325
35326
35327
35328
35329
35330
35331
35332
35335
35336
35337
35338
35339
35340
35341
35342
35343
35344
35345
35346
35347
35348
35349
35350
35351
35352
35353
35354
35355
35356
35357
35358
35359
35360
35361
35362
35363
35364
35381
35428
35447
35451
35466
35476
35509
35588
35602
35717
35723
35724
35728
35733
35753
35792
35813
35814
35815
35832
35843
35844
35845
35866
35867
35868
35869
35870
35871
35872
35873
35874
35875
35876
35877
35878
35880
35886
35887
35888
35889
35891
35934
35960
35971
35993
35994
35999
36006
36009
36023
36031
36032
36035
36040
36042
36044
36045
36046
36047
36048
36049
36050
36051
36052
36053
36054
36055
36056
36057
36058
36059
36060
36061
36062
36063
36064
36065
36078
36079
36086
36087
36088
36090
36093
36094
36096
36097
36098
36105
36117
36125
36127
36129
36130
36137
36138
36139
36140
36156
36157
36159
36170
36177
36179
36181
36196
36240
36241
36242
36243
36244
36245
36246
36247
36248
36249
36250
36251
36252
36253
36254
36255
36256
36257
36258
36259
36260
36261
36262
36263
36264
36265
36266
36267
36268
36269
36270
36271
36272
36273
36274
36300
36310
36311
36312
36317
36318
36330
36331
36336
36339
36342
36344
36349
36352
36353
36362
36372
36377
36379
36381
36385
36388
36394
36395
36416
36417
36428
36429
36434
36453
36456
36457
36460
36475
36478
36485
36486
36498
36518
36519
36524
36525
36556
36567
36581
36586
36587
36588
36594
36595
36596
36597
36598
36599
36600
36601
36602
36603
36604
36605
36606
36607
36608
36609
36610
36611
36612
36613
36614
36615
36616
36617
36618
36619
36620
36621
36622
36623
36624
36625
36626
36627
36628
36629
36630
36631
36632
36633
36634
36635
36636
36637
36638
36639
36640
36641
36642
36643
36644
36645
36646
36647
36648
36649
36650
36651
36652
36653
36654
36655
36656
36657
36658
36659
36660
36661
36662
36663
36664
36665
36666
36667
36668
36669
36670
36671
36672
36673
36674
36675
36676
36677
36678
36679
36680
36681
36682
36683
36684
36685
36686
36687
36688
36689
36690
36691
36692
36693
36694
36695
36696
36697
36698
36699
36700
36701
36702
36703
36704
36705
36706
36707
36708
36709
36710
36711
36712
36713
36714
36715
36716
36717
36718
36719
36720
36721
36722
36723
36724
36725
36726
36727
36728
36729
36730
36731
36732
36733
36734
36735
36736
36737
36738
36739
36740
36741
36742
36743
36744
36745
36746
36747
36748
36749
36750
36751
36752
36753
36754
36755
36756
36757
36758
36759
36760
36761
36762
36763
36764
36765
36766
36767
36768
36769
36770
36771
36772
36773
36774
36775
36776
36777
36778
36779
36780
36781
36782
36783
36784
36785
36786
36787
36788
36789
36790
36791
36792
36793
36794
36795
36796
36797
36798
36799
36800
36801
36802
36803
36804
36805
36806
36807
36808
36809
36810
36811
36812
36813
36814
36815
36816
36817
36818
36819
36820
36821
36822
36823
36824
36825
36826
36827
36828
36829
36830
36831
36832
36833
36834
36835
36836
36837
36872
36873
36874
36875
36876
36877
36878
36879
36880
36881
36882
36883
36884
36885
36886
36887
36888
36889
36890
36891
36892
36893
36896
36897
36898
36899
36900
36901
36902
36908
36911
36918
36943
36944
36947
36951
36953
36960
36961
36962
36963
36971
36972
36975
36976
36977
36985
36990
37004
37010
37018
37021
37032
37043
37046
37047
37048
37057
37071
37073
37074
37075
37076
37077
37078
37079
37080
37084
37091
37102
37103
37104
37107
37114
37115
37127
37128
37129
37133
37134
37151
37152
37153
37154
37155
37156
37157
37174
37177
37181
37198
37199
37204
37205
37208
37214
37219
37226
37227
37228
37231
37232
37236
37239
37248
37249
37250
37255
37256
37257
37258
37259
37260
37261
37262
37263
37264
37265
37266
37267
37268
37269
37270
37271
37275
37297
37298
37299
37300
37308
37313
37316
37320
37327
37331
37372
37373
37374
37375
37376
37377
37378
37379
37380
37381
37382
37383
37384
37385
37386
37387
37388
37389
37390
37391
37392
37393
37394
37395
37396
37397
37398
37399
37400
37401
37402
37403
37404
37405
37406
37407
37408
37409
37410
37411
37412
37413
37414
37415
37416
37417
37418
37419
37420
37421
37422
37423
37424
37425
37426
37427
37428
37429
37430
37431
37432
37433
37434
37435
37436
37437
37438
37439
37440
37441
37442
37443
37444
37445
37446
37447
37448
37449
37450
37451
37452
37453
37454
37455
37456
37457
37458
37459
37460
37461
37462
37463
37464
37465
37466
37467
37468
37469
37470
37471
37472
37473
37474
37475
37477
37478
37479
37480
37481
37483
37485
37486
37487
37488
37490
37491
37492
37493
37494
37495
37496
37497
37498
37499
37500
37504
37505
37506
37507
37508
37596
37597
37608
37620
37621
37622
37636
37637
37638
37642
37643
37655
37682
37683
37689
37690
37695
37696
37703
37712
37713
37714
37715
37716
37717
37718
37731
37734
37735
37736
37740
37741
37742
37743
37745
37746
37751
37752
37753
37754
37755
37756
37757
37758
37759
37760
37761
37762
37763
37764
37765
37766
37767
37768
37769
37770
37771
37772
37773
37774
37775
37776
37777
37778
37780
37781
37790
37793
37794
37796
37801
37803
37804
37814
37816
37821
37822
37992
37993
38009
38010
38021
38022
38023
38024
38031
38048
38056
38058
38059
38068
38076
38079
38096
38097
38098
38103
38121
38127
38154
38155
38163
38164
38167
38208
38213
38214
38215
38216
38217
38218
38219
38220
38221
38222
38223
38226
38227
38228
38229
38246
38247
38248
38253
38254
38255
38259
38260
38261
38262
38269
38270
38271
38272
38275
38278
38281
38287
38288
38289
38290
38291
38297
38301
38324
38326
38327
38328
38329
38331
38333
38334
38337
38359
38360
38362
38366
38374
38378
38379
38389
38395
38399
38403
38406
38407
38408
38409
38410
38414
38431
38452
38453
38454
38455
38456
38457
38458
38465
38466
38471
38472
38476
38477
38478
38479
38480
38484
38485
38492
38506
38507
38511
38518
38522
38523
38524
38558
38559
38574
38599
38600
38607
38608
38609
38610
38662
38663
38664
38684
38685
38715
38736
38737
38749
38751
38759
38765
38771
38772
38778
38792
38797
38798
38810
38811
38813
38823
38829
38841
38844
38845
38846
38847
38851
38860
38867
38871
38875
38901
38902
38903
38916
38937
38938
38945
38946
38951
38952
38968
38969
38971
38974
38977
38979
38983
38985
38989
38993
38994
38996
38998
38999
39003
39005
39009
39011
39023
39024
39026
39031
39046
39055
39058
39071
39072
39080
39081
39082
39083
39084
39085
39086
39087
39097
39098
39099
39100
39101
39102
39103
39104
39111
39117
39118
39119
39129
39130
39152
39153
39157
39158
39159
39162
39165
39167
39170
39171
39190
39191
39192
39201
39211
39212
39219
39223
39224
39240
39251
39256
39257
39259
39261
39262
39269
39285
39286
39287
39290
39291
39294
39296
39299
39301
39314
39318
39319
39320
39321
39330
39334
39335
39336
39337
39338
39339
39342
39343
39345
39350
39364
39370
39374
39375
39378
39380
39381
39384
39385
39386
39387
39388
39389
39399
39403
39405
39412
39419
39420
39421
39424
39425
39426
39428
39429
39439
39440
39444
39445
39488
39489
39490
39491
39492
39493
39500
39511
39514
39515
39516
39517
39520
39533
39534
39535
39544
39550
39551
39553
39557
39579
39582
39583
39590
39592
39606
39607
39608
39609
39611
39612
39618
39619
39629
39633
39634
39643
39665
39666
39667
39668
39673
39679
39680
39691
39692
39693
39714
39733
39734
39742
39743
39745
39746
39754
39755
39756
39757
39758
39759
39760
39761
39789
39813
39814
39817
39818
39825
39826
39827
39829
39832
39836
39848
39855
39860
39864
39865
39866
39867
39868
39869
39874
39882
39900
39902
39903
39904
39907
39910
39914
39915
39926
39927
39937
39944
39945
39949
39950
39951
39959
39960
39963
39970
39971
39975
39976
39977
39978
39980
39981
39982
39983
39984
39985
39986
39987
39989
39991
39994
39995
40007
40012
40030
40033
40034
40046
40047
40062
40066
40067
40072
40073
40076
40077
40078
40079
40082
40095
40101
40102
40107
40109
40110
40111
40112
40120
40121
40122
40123
40124
40125
40126
40127
40128
40131
40144
40149
40150
40151
40154
40155
40156
40158
40159
40161
40162
40163
40164
40172
40173
40187
40207
40209
40212
40213
40220
40223
40224
40228
40229
40230
40244
40247
40248
40249
40260
40261
40262
40263
40279
40281
40288
40295
40298
40307
40310
40313
40319
40324
40339
40340
40341
40342
40343
40344
40345
40350
40351
40352
40353
40357
40361
40362
40363
40364
40365
40366
40367
40368
40369
40370
40371
40372
40373
40374
40375
40376
40377
40378
40380
40386
40388
40389
40390
40391
40397
40398
40399
40400
40401
40403
40404
40405
40406
40407
40408
40409
40416
40418
40420
40421
40422
40423
40424
40425
40426
40427
40435
40436
40440
40441
40442
40443
40444
40458
40459
40465
40474
40475
40487
40488
40489
40503
40504
40518
40526
40544
40546
40550
40551
40557
40558
40559
40562
40571
40572
40573
40576
40578
40589
40594
40600
40603
40608
40609
40610
40611
40612
40616
40620
40621
40634
40635
40636
40637
40638
40640
40641
40668
40672
40689
40694
40695
40703
40704
40705
40714
40717
40718
40720
40722
40723
40724
40725
40726
40728
40730
40732
40733
40769
40780
40781
40783
40784
40785
40786
40787
40793
40794
40795
40796
40797
40799
40800
40803
40809
40810
40811
40812
40813
40814
40815
40816
40817
40818
40819
40820
40821
40824
40852
40853
40854
40855
40859
40867
40868
40869
40870
40871
40872
40873
40874
40875
40876
40877
40878
40879
40880
40881
40882
40883
40884
40885
40886
40887
40888
40889
40890
40891
40892
40893
40894
40895
40896
40897
40898
40899
40905
40906
40924
40925
40929
40930
40946
40951
40952
40955
40956
40957
40958
40959
40960
40962
40971
40972
40976
40993
40994
40999
41000
41016
41017
41026
41033
41034
41080
41081
41125
41150
41160
41198
41206
41211
41213
41214
41215
41230
41231
41261
41265
41290
41303
41313
41316
41321
41322
41323
41324
41325
41326
41327
41328
41329
41330
41331
41332
41333
41334
41348
41359
41360
41372
41373
41449
41461
41462
41463
41465
41468
41470
41471
41472
41473
41474
41475
41476
41477
41478
41479
41480
41481
41482
41496
41497
41498
41503
41504
41505
41506
41507
41508
41509
41519
41520
41521
41536
41537
41540
41541
41542
41543
41544
41545
41549
41550
41551
41553
41562
41565
41569
41571
41583
41595
41599
41600
41607
41608
41609
41610
41611
41612
41614
41615
41616
41617
41627
41628
41629
41630
41631
41636
41637
41644
41645
41648
41653
41654
41655
41656
41657
41658
41659
41660
41661
41666
41668
41671
41673
41677
41691
41692
41708
41709
41710
41718
41721
41722
41728
41729
41730
41731
41742
41743
41746
41747
41755
41756
41757
41758
41777
41790
41791
41792
41793
41794
41795
41796
41797
41798
41799
41800
41801
41802
41804
41808
41809
41810
41811
41817
41819
41828
41833
41837
41838
41841
41843
41844
41845
41846
41847
41848
41864
41865
41879
41880
41881
41882
41883
41884
41885
41886
41887
41888
41889
41890
41891
41894
41896
41902
41904
41905
41909
41910
41912
41913
41931
41932
41933
41938
41939
41942
41944
41945
41953
41959
41976
41979
41983
41984
41989
41990
41994
41995
41996
41997
41998
41999
42000
42004
42009
42010
42011
42012
42016
42017
42018
42020
42025
42026
42027
42028
42032
42035
42036
42037
42038
42039
42040
42041
42042
42043
42044
42045
42046
42047
42052
42053
42054
42055
42057
42058
42059
42060
42064
42070
42071
42072
42073
42074
42075
42080
42086
42088
42089
42093
42115
42118
42119
42128
42129
42130
42131
42132
42133
42134
42135
42136
42146
42163
42164
42165
42166
42167
42168
42169
42170
42171
42172
42173
42180
42181
42182
42191
42192
42193
42203
42224
42229
42230
42232
42233
42235
42236
42237
42238
42253
42254
42255
42258
42261
42267
42268
42281
42285
42286
42288
42289
42290
42292
42293
42295
42299
42302
42303
42310
42311
42314
42332
42333
42334
42341
42342
42343
42347
42348
42357
42363
42374
42375
42386
42399
42400
42401
42402
42416
42419
42420
42421
42422
42432
42433
42434
42437
42453
42454
42461
42469
42472
42476
42482
42483
42490
42491
42496
42497
42499
42500
42510
42511
42512
42513
42521
42522
42523
42524
42525
42526
42527
42530
42534
42538
42542
42543
42545
42552
42558
42564
42568
42569
42575
42576
42577
42578
42579
42580
42582
42584
42585
42595
42596
42597
42598
42600
42604
42612
42615
42616
42617
42618
42628
42629
42631
42647
42652
42653
42654
42699
42701
42713
42726
42728
42735
42738
42742
42772
42773
42777
42778
42780
42789
42794
42824
42825
42826
42830
42835
42836
42846
42858
42859
42860
42861
42862
42870
42873
42875
42896
42898
42899
42913
42917
42918
42923
42932
42933
42934
42935
42939
42942
42947
42948
42949
42955
42956
42957
42958
42965
42966
42975
42976
42977
42978
42979
42980
42981
42982
42983
42984
42994
42995
42996
43000
43001
43002
43003
43006
43009
43010
43016
43019
43022
43023
43024
43025
43026
43035
43042
43056
43060
43084
43086
43087
43088
43095
43097
43104
43105
43110
43111
43116
43138
43145
43146
43147
43148
43149
43150
43160
43161
43162
43185
43187
43189
43190
43191
43194
43205
43212
43213
43259
43260
43264
43265
43274
43278
43279
43286
43287
43288
43289
43305
43306
43309
43311
43312
43332
43333
43336
43337
43338
43345
43347
43357
43358
43361
43362
43363
43364
43365
43366
43367
43368
43369
43370
43371
43372
43373
43374
43375
43376
43377
43378
43379
43380
43381
43382
43383
43384
43385
43389
43390
43406
43414
43415
43420
43425
43426
43433
43436
43437
43438
43439
43442
43443
43445
43447
43454
43455
43459
43460
43463
43471
43477
43478
43479
43480
43481
43482
43483
43484
43485
43486
43487
43488
43489
43490
43491
43492
43493
43494
43495
43496
43505
43506
43509
43517
43519
43520
43525
43526
43527
43528
43534
43535
43536
43537
43539
43550
43551
43607
43608
43612
43624
43625
43626
43627
43635
43641
43642
43647
43648
43649
43650
43651
43652
43653
43654
43655
43656
43657
43658
43659
43660
43664
43702
43706
43709
43710
43715
43716
43718
43727
43728
43734
43736
43738
43751
43752
43753
43754
43769
43770
43796
43797
43798
43800
43802
43805
43806
43812
43820
43824
43837
43842
43845
43846
43847
43848
43849
43851
43852
43861
43870
43873
43876
43877
43888
43890
43891
43892
43898
43901
43914
43915
43916
43917
43918
43921
43941
43942
43956
43957
43963
43965
43970
43971
43972
43975
43976
43977
43979
43981
43988
43989
43990
43991
43992
43993
43994
43995
43996
43997
43998
43999
44000
44001
44002
44003
44004
44005
44006
44007
44008
44009
44010
44011
44012
44013
44014
44015
44016
44017
44018
44019
44020
44021
44022
44023
44024
44025
44026
44027
44028
44030
44031
44033
44034
44035
44036
44045
44063
44073
44074
44091
44094
44097
44100
44110
44113
44114
44117
44125
44126
44128
44136
44137
44138
44146
44149
44151
44152
44153
44155
44157
44158
44159
44164
44168
44169
44173
44182
44183
44188
44189
44217
44218
44226
44227
44236
44242
44243
44244
44245
44247
44251
44258
44263
44264
44265
44269
44270
44271
44272
44274
44276
44279
44280
44281
44282
44283
44294
44301
44305
44306
44307
44309
44319
44320
44325
44327
44328
44329
44330
44333
44334
44343
44354
44359
44360
44361
44370
44371
44372
44373
44375
44387
44388
44389
44393
44394
44396
44397
44398
44402
44403
44404
44406
44407
44408
44413
44414
44415
44416
44418
44419
44421
44422
44423
44424
44431
44432
44433
44437
44453
44455
44456
44457
44458
44459
44460
44466
44470
44471
44475
44476
44477
44481
44484
44489
44495
44498
44499
44501
44509
44510
44511
44512
44513
44514
44515
44528
44533
44535
44536
44539
44540
44545
44547
44556
44557
44558
44564
44577
44580
44581
44586
44588
44589
44590
44591
44592
44593
44594
44596
44608
44610
44611
44612
44621
44622
44665
44666
44670
44671
44677
44682
44683
44684
44685
44687
44688
44689
44702
44714
44716
44719
44720
44725
44730
44731
44746
44747
44748
44749
44750
44751
44752
44753
44754
44755
44756
44757
44758
44763
44781
44782
44783
44784
44785
44786
44787
44788
44789
44790
44791
44792
44794
44797
44798
44799
44803
44804
44807
44809
44810
44814
44816
44823
44825
44834
44835
44837
44839
44840
44842
44843
44844
44847
44852
44860
44861
44862
44867
44868
44874
44879
44880
44882
44883
44884
44885
44886
44887
44888
44889
44899
44902
44904
44908
44909
44918
44919
44920
44921
44922
44923
44924
44925
44926
44927
44928
44929
44930
44931
44932
44933
44934
44935
44936
44937
44938
44939
44940
44941
44942
44943
44944
44945
44946
44947
44948
44949
44950
44951
44952
44953
44954
44955
44956
44957
44958
44959
44960
44961
44962
44963
44964
44965
44966
44967
44968
44969
44970
44971
44972
44973
44974
44975
44976
44977
44978
44979
44980
44981
44982
44983
44984
44985
44986
44987
44988
44989
44990
44991
44992
44993
44996
44997
44998
44999
45000
45001
45002
45003
45006
45011
45012
45013
45014
45015
45016
45017
45018
45019
45020
45021
45022
45023
45024
45025
45026
45027
45028
45029
45030
45031
45032
45033
45034
45035
45036
45037
45038
45039
45040
45041
45042
45043
45044
45045
45046
45047
45048
45049
45050
45051
45052
45053
45054
45055
45056
45057
45058
45059
45060
45061
45062
45063
45064
45065
45066
45067
45074
45075
45079
45085
45086
45096
45097
45099
45100
45101
45102
45103
45104
45105
45106
45107
45108
45109
45110
45111
45112
45113
45114
45115
45116
45117
45118
45119
45120
45121
45122
45123
45124
45125
45126
45127
45128
45129
45130
45131
45132
45133
45134
45135
45136
45137
45138
45139
45140
45141
45142
45143
45144
45145
45146
45147
45148
45149
45150
45151
45152
45153
45154
45155
45156
45157
45158
45159
45166
45167
45168
45169
45171
45172
45173
45174
45175
45182
45186
45189
45190
45192
45194
45198
45199
45203
45206
45207
45209
45217
45218
45241
45242
45243
45244
45245
45246
45247
45248
45249
45250
45251
45252
45253
45254
45255
45256
45257
45258
45259
45260
45261
45262
45263
45264
45265
45266
45267
45268
45269
45270
45271
45272
45273
45274
45275
45276
45277
45278
45279
45280
45281
45282
45287
45295
45308
45313
45321
45333
45334
45335
45336
45337
45348
45352
45361
45362
45368
45369
45370
45371
45372
45374
45375
45376
45382
45383
45389
45390
45391
45399
45400
45405
45407
45413
45414
45418
45419
45420
45421
45425
45426
45435
45436
45438
45439
45440
45450
45451
45452
45453
45454
45456
45457
45469
45475
45476
45480
45481
45482
45483
45485
45486
45487
45488
45489
45490
45491
45492
45493
45494
45495
45496
45497
45498
45499
45503
45526
45527
45534
45535
45536
45537
45538
45539
45565
45568
45600
45601
45614
45615
45616
45617
45618
45619
45620
45621
45622
45623
45636
45640
45641
45644
45645
45647
45648
45649
45650
45651
45652
45653
45665
45669
45671
45673
45674
45675
45676
45677
45680
45685
45686
45687
45688
45689
45690
45691
45693
45696
45697
45710
45711
45713
45714
45715
45716
45717
45718
45719
45720
45721
45728
45738
45739
45740
45741
45742
45743
45744
45745
45746
45747
45748
45750
45751
45753
45754
45755
45756
45757
45773
45774
45786
45787
45788
45789
45790
45791
45792
45793
45794
45795
45796
45797
45798
45799
45800
45801
45802
45803
45804
45805
45806
45807
45808
45809
45810
45811
45813
45816
45817
45820
45821
45822
45823
45829
45833
45854
45870
45873
45874
45889
45894
45947
45948
45951
45952
45953
45954
45955
45956
45957
45966
45967
45968
45969
45970
45983
45993
45995
45996
45997
45999
46001
46004
46005
46006
46007
46008
46009
46010
46011
46012
46013
46016
46017
46018
46019
46022
46023
46024
46025
46026
46028
46030
46031
46033
46034
46035
46036
46037
46038
46039
46040
46041
46042
46043
46044
46045
46046
46047
46048
46049
46050
46051
46052
46058
46059
46060
46061
46062
46067
46068
46069
46086
46087
46088
46089
46090
46091
46092
46093
46094
46095
46096
46097
46098
46099
46100
46101
46102
46116
46117
46118
46119
46121
46131
46139
46140
46141
46157
46158
46169
46170
46176
46177
46197
46198
46202
46203
46204
46205
46206
46207
46212
46221
46250
46251
46253
46254
46256
46257
46258
46259
46274
46291
46293
46295
46296
46297
46298
46299
46300
46301
46302
46303
46304
46322
46327
46328
46329
46330
46331
46332
46333
46334
46337
46338
46339
46340
46341
46360
46361
46364
46403
46425
46431
46433
46434
46435
46436
46437
46438
46439
46440
46441
46442
46443
46448
46459
46460
46461
46464
46465
46473
46495
46498
46499
46502
46510
46511
46514
46515
46527
46528
46536
46537
46540
46547
46548
46549
46550
46551
46552
46553
46554
46555
46556
46557
46558
46559
46560
46561
46562
46568
46569
46570
46571
46572
46573
46583
46584
46585
46586
46587
46588
46589
46590
46591
46592
46600
46601
46609
46610
46611
46612
46613
46614
46615
46616
46617
46620
46632
46642
46651
46652
46653
46654
46655
46656
46666
46669
46670
46671
46693
46695
46696
46697
46698
46699
46700
46701
46702
46703
46704
46705
46706
46707
46708
46719
46720
46721
46726
46727
46728
46729
46733
46734
46735
46736
46737
46738
46739
46741
46742
46744
46745
46748
46754
46758
46760
46761
46762
46763
46764
46766
46770
46771
46772
46778
46779
46782
46783
46785
46790
46803
46807
46814
46815
46816
46817
46818
46819
46820
46821
46822
46840
46844
46848
46858
46859
46871
46872
46875
46879
46880
46881
46882
46883
46884
46885
46886
46887
46888
46889
46892
46904
46905
46910
46917
46918
46920
46921
46922
46923
46924
46925
46926
46927
46928
46937
46938
46939
46940
46941
46942
46945
46952
46968
46973
46974
46991
46992
46994
46995
46996
46997
46999
47005
47006
47012
47013
47039
47066
47079
47080
47081
47082
47083
47084
47085
47086
47087
47088
47089
47090
47102
47110
47111
47112
47113
47117
47130
47133
47134
47135
47136
47137
47149
47150
47153
47154
47155
47161
47169
47173
47176
47181
47182
47183
47196
47201
47204
47253
47255
47256
47257
47258
47259
47260
47261
47264
47281
47288
47291
47293
47294
47295
47297
47298
47313
47314
47326
47327
47328
47329
47330
47331
47332
47333
47339
47346
47354
47355
47362
47367
47370
47371
47372
47373
47375
47376
47377
47378
47381
47385
47407
47409
47413
47416
47417
47418
47419
47421
47424
47425
47429
47436
47437
47438
47444
47447
47448
47461
47468
47471
47472
47486
47488
47491
47496
47542
47544
47545
47548
47559
47561
47566
47568
47572
47575
47576
47596
47603
47605
47606
47607
47608
47615
47618
47623
47624
47626
47635
47636
47637
47646
47647
47653
47654
47655
47659
47663
47668
47672
47676
47677
47681
47683
47684
47685
47686
47687
47688
47691
47708
47724
47725
47726
47728
47729
47731
47732
47734
47736
47738
47740
47743
47744
47755
47756
47765
47766
47767
47768
47769
47770
47792
47798
47801
47812
47815
47816
47855
47857
47858
47859
47860
47865
47871
47878
47890
47891
47892
47894
47906
47908
47923
47924
47925
47926
47940
47947
47949
47951
47952
47954
47971
47972
47980
47984
47989
47995
47996
47997
47998
48001
48005
48006
48007
48008
48009
48011
48012
48013
48017
48030
48041
48046
48052
48053
48054
48055
48056
48057
48058
48062
48063
48064
48065
48085
48089
48092
48093
48103
48112
48116
48117
48127
48136
48176
48202
48209
48210
48226
48235
48238
48244
48246
48250
48255
48256
48257
48258
48259
48260
48261
48262
48271
48280
48281
48282
48309
48310
48311
48312
48319
48320
48324
48336
48337
48338
48355
48367
48377
48387
48391
48393
48397
48398
48399
48400
48402
48427
48433
48451
48452
48453
48454
48455
48466
48469
48471
48473
48477
48484
48491
48495
48498
48499
48502
48505
48508
48521
48529
48530
48531
48533
48542
48543
48556
48564
48571
48574
48583
48584
48587
48588
48589
48590
48591
48592
48593
48598
48610
48614
48627
48631
48632
48633
48640
48641
48643
48650
48673
48677
48682
48687
48712
48723
48727
48749
48764
48768
48779
48786
48798
48799
48800
48801
48835
48836
48858
48867
48879
48891
48940
48950
48951
48953
48982
48985
48991
49019
49020
49021
49022
49023
49060
49082
49084
49106
49109
49126
49127
49151
49152
49153
49154
49155
49156
49157
49158
49159
49160
49161
49162
49163
49164
49165
49166
49167
49168
49169
49170
49171
49172
49173
49174
49177
49188
49210
49211
49212
49213
49232
49233
49234
49235
49365
49395
49405
49446
49448
49461
49478
49498
49503
49513
49529
49545
49546
49559
49560
49563
49592
49595
49643
49686
49694
49698
49706
49711
49720
49733
49736
49737
49749
49751
49758
49759
49789
49792
49794
49799
49801
49821
49832
49851
49857
49858
49878
49897
49904
49910
49911
49927
49935
49966
49975
49978
49981
49984
50010
50011
50014
50015
50025
50029
50032
50038
50056
50063
50064
50070
50071
50074
50077
50081
50082
50083
50084
50093
50103
50104
50112
50120
50121
50122
50138
50139
50146
50147
50186
50187
50205
50214
50221
50222
50223
50236
50240
50242
50243
50245
50250
50252
50254
50256
50257
50258
50259
50260
50261
50262
50263
50264
50265
50267
50270
50271
50275
50276
50277
50278
50279
50280
50281
50282
50284
50293
50294
50300
50301
50306
50307
50309
50310
50318
50319
50322
50324
50329
50331
50333
50342
50356
50361
50376
50377
50382
50399
50400
50403
50408
50410
50411
50417
50425
50432
50435
50441
50443
50444
50445
50446
50447
50450
50451
50452
50453
50463
50465
50466
50470
50477
50479
50483
50496
50498
50511
50512
50513
50514
50521
50522
50523
50532
50538
50560
50563
50565
50575
50586
50588
50592
50593
50595
50597
50598
50607
50609
50615
50616
50617
50619
50621
50622
50624
50629
50633
50645
50646
50648
50649
50650
50654
50655
50657
50666
50667
50677
50678
50679
50686
50687
50688
50690
50693
50705
50710
50724
50730
50731
50732
50735
50736
50737
50738
50745
50754
50764
50766
50772
50774
50776
50798
50805
50808
50809
50811
50852
50853
50855
50858
50859
50863
50864
50869
50877
50884
50888
50891
50893
50894
50901
50904
50912
50915
50916
50917
50926
50929
50930
50939
50942
50943
50944
50946
50947
50952
50953
50956
50959
50966
50967
50968
50975
50976
50979
50992
50993
50995
50996
50999
51005
51009
51011
51012
51017
51019
51021
51029
51032
51034
51035
51048
51049
51052
51053
51061
51065
51071
51074
51075
51085
51088
51089
51092
51104
51110
51113
51128
51131
51132
51133
51137
51140
51141
51144
51145
51148
51149
51152
51153
51157
51163
51164
51170
51171
51184
51196
51207
51218
51221
51223
51224
51227
51240
51248
51251
51259
51260
51261
51268
51270
51273
51277
51278
51283
51289
51290
51291
51297
51306
51308
51310
51312
51314
51318
51331
51335
51336
51344
51349
51355
51358
51360
51362
51364
51365
51367
51373
51374
51375
51378
51379
51388
51392
51393
51394
51399
51403
51404
51406
51407
51411
51413
51416
51424
51425
51428
51429
51432
51437
51445
51446
51448
51457
51458
51463
51472
51473
51474
51475
51476
51479
51485
51487
51493
51496
51497
51500
51505
51506
51509
51510
51511
51514
51515
51517
51518
51519
51523
51524
51527
51534
51535
51537
51541
51544
51545
51547
51549
51551
51556
51557
51559
51560
51561
51562
51564
51565
51570
51575
51578
51580
51584
51585
51589
51599
51600
51602
51603
51604
51605
51607
51608
51614
51615
51616
51620
51621
51622
51624
51633
51635
51638
51639
51640
51641
51642
51647
51650
51651
51652
51653
51655
51656
51660
51663
51665
51669
51672
51676
51680
51681
51682
51685
51689
51697
51698
51705
51708
51709
51711
51715
51716
51720
51721
51726
51735
51736
51737
51738
51739
51743
51744
51748
51750
51752
51757
51762
51767
51771
51774
51775
51779
51782
51783
51787
51788
51789
51790
51791
51792
51795
51796
51802
51804
51807
51810
51811
51814
51817
51820
51828
51829
51830
51834
51837
51838
51839
51840
51842
51843
51848
51849
51851
51857
51858
51866
51867
51869
51873
51883
51887
51894
51899
51902
51908
51909
51910
51911
51918
51919
51922
51923
51924
51927
51930
51931
51933
51935
51936
51938
51939
51940
51942
51946
51951
51952
51954
51956
51957
51963
51964
51966
51972
51973
51977
51981
51982
51985
51989
51990
51991
51996
52001
52003
52004
52005
52006
52007
52008
52009
52011
52012
52014
52015
52017
52019
52020
52024
52027
52030
52031
52033
52037
52039
52040
52041
52043
52044
52045
52049
52051
52054
52055
52072
52073
52074
52075
52079
52080
52082
52083
52091
52095
52101
52102
52106
52114
52115
52118
52125
52128
52131
52138
52143
52147
52150
52154
52155
52157
52161
52162
52168
52171
52179
52183
52188
52194
52204
52207
52209
52213
52214
52218
52226
52227
52230
52235
52236
52239
52244
52245
52252
52256
52262
52268
52269
52272
52274
52275
52281
52285
52288
52289
52290
52291
52294
52295
52303
52304
52307
52313
52320
52321
52326
52327
52336
52342
52343
52344
52347
52349
52351
52354
52357
52361
52362
52364
52368
52370
52374
52375
52380
52387
52389
52400
52410
52413
52414
52421
52431
52438
52444
52449
52452
52454
52455
52456
52459
52460
52463
52464
52466
52469
52470
52477
52478
52483
52488
52492
52493
52501
52502
52505
52510
52513
52515
52516
52517
52521
52524
52527
52533
52535
52539
52540
52542
52543
52545
52546
52554
52555
52558
52559
52560
52564
52565
52566
52568
52570
52574
52575
52577
52579
52582
52586
52592
52596
52598
52599
52600
52602
52605
52606
52607
52611
52617
52626
52632
52641
52642
52644
52646
52648
52653
52654
52655
52656
52662
52666
52667
52671
52672
52674
52675
52679
52689
52690
52691
52693
52697
52698
52699
52701
52706
52709
52710
52712
52720
52721
52725
52729
52732
52733
52737
52739
52746
52747
52749
52750
52754
52755
52757
52758
52760
52761
52763
52764
52768
52769
52770
52771
52772
52779
52781
52786
52789
52791
52794
52795
52806
52810
52812
52813
52818
52819
52820
52821
52825
52831
52837
52838
52841
52842
52846
52856
52859
52862
52867
52868
52874
52875
52877
52881
52883
52891
52893
52899
52906
52907
52908
52909
52913
52920
52922
52925
52926
52927
52929
52932
52935
52938
52943
52944
52945
52946
52956
52963
52964
52966
52967
52968
52969
52972
52973
52974
52980
52985
52987
52991
52992
52994
52995
52999
53001
53002
53003
53008
53009
53011
53017
53019
53027
53040
53041
53044
53046
53050
53054
53063
53069
53075
53077
53079
53082
53083
53090
53098
53099
53100
53102
53109
53114
53116
53118
53131
53133
53138
53145
53147
53149
53153
53155
53163
53165
53182
53183
53185
53187
53188
53193
53194
53196
53197
53201
53207
53213
53214
53215
53216
53218
53233
53234
53237
53238
53239
53246
53255
53256
53258
53260
53266
53267
53268
53270
53272
53280
53281
53282
53288
53290
53303
53304
53310
53313
53319
53321
53322
53325
53329
53336
53340
53344
53345
53354
53360
53365
53367
53369
53370
53374
53376
53377
53380
53382
53385
53387
53391
53392
53395
53400
53407
53408
53412
53415
53416
53418
53420
53422
53429
53430
53433
53435
53442
53449
53450
53454
53455
53456
53462
53463
53464
53466
53469
53471
53473
53474
53475
53476
53483
53490
53493
53494
53497
53499
53502
53505
53506
53510
53513
53518
53524
53532
53534
53536
53545
53547
53549
53551
53553
53554
53555
53556
53557
53558
53559
53560
53567
53569
53572
53574
53587
53589
53593
53594
53596
53601
53604
53610
53615
53619
53621
53623
53627
53638
53640
53641
53644
53649
53654
53655
53657
53659
53661
53664
53665
53670
53678
53679
53682
53686
53690
53694
53696
53705
53706
53707
53712
53713
53717
53720
53722
53726
53734
53735
53743
53744
53751
53753
53755
53764
53770
53773
53774
53775
53781
53785
53787
53789
53799
53800
53802
53807
53808
53809
53816
53819
53820
53821
53828
53833
53834
53839
53841
53845
53846
53856
53860
53861
53863
53865
53870
53872
53875
53885
53890
53893
53898
53911
53917
53920
53925
53927
53931
53933
53934
53935
53940
53941
53948
53949
53955
53961
53965
53980
53987
53993
53999
54003
54005
54006
54013
54027
54028
54032
54035
54036
54037
54047
54052
54062
54065
54066
54069
54073
54074
54075
54078
54082
54088
54089
54093
54099
54100
54105
54108
54110
54113
54114
54115
54120
54130
54133
54136
54138
54143
54144
54147
54158
54159
54170
54183
54184
54193
54194
54195
54196
54206
54207
54208
54209
54211
54215
54218
54221
54224
54237
54243
54244
54246
54247
54249
54251
54254
54255
54257
54268
54273
54274
54276
54278
54280
54281
54283
54286
54289
54296
54298
54300
54307
54311
54316
54318
54320
54321
54325
54342
54344
54348
54350
54351
54355
54356
54362
54369
54373
54374
54377
54378
54381
54388
54395
54396
54398
54399
54400
54401
54403
54405
54406
54407
54409
54418
54420
54421
54427
54432
54437
54438
54442
54445
54450
54451
54452
54461
54463
54471
54472
54473
54476
54481
54482
54485
54490
54492
54493
54495
54499
54500
54502
54503
54512
54514
54516
54518
54521
54525
54526
54527
54528
54530
54534
54543
54546
54550
54557
54558
54559
54566
54569
54574
54575
54578
54579
54580
54583
54584
54585
54586
54596
54603
54609
54614
54620
54623
54632
54634
54637
54638
54648
54649
54651
54660
54664
54665
54682
54684
54686
54691
54693
54703
54710
54711
54714
54715
54717
54721
54723
54729
54738
54739
54744
54745
54747
54749
54753
54755
54756
54758
54760
54763
54768
54773
54775
54777
54778
54783
54784
54785
54786
54787
54792
54798
54808
54814
54818
54819
54821
54822
54823
54824
54827
54828
54833
54837
54840
54841
54842
54846
54848
54869
54870
54873
54874
54879
54884
54885
54891
54894
54897
54898
54899
54900
54901
54902
54903
54906
54907
54908
54911
54914
54916
54924
54925
54934
54937
54938
54942
54945
54948
54959
54961
54962
54963
54964
54967
54968
54971
54972
54973
54986
54989
54991
54994
54996
54999
55001
55002
55003
55006
55009
55010
55011
55013
55014
55015
55023
55026
55030
55032
55033
55034
55037
55040
55042
55047
55049
55050
55052
55053
55058
55059
55061
55065
55066
55071
55074
55077
55082
55083
55084
55090
55092
55107
55108
55111
55119
55123
55126
55127
55128
55130
55132
55135
55140
55141
55144
55149
55157
55159
55161
55168
55170
55172
55174
55175
55176
55186
55188
55192
55194
55195
55199
55200
55203
55204
55206
55208
55210
55213
55220
55222
55233
55234
55236
55237
55239
55247
55250
55251
55252
55260
55265
55267
55269
55273
55277
55279
55286
55288
55291
55295
55299
55302
55303
55305
55307
55314
55315
55316
55328
55331
55336
55339
55347
55348
55349
55352
55357
55367
55368
55373
55375
55377
55378
55381
55384
55388
55389
55399
55402
55403
55406
55408
55409
55414
55416
55418
55419
55425
55431
55433
55434
55438
55439
55441
55443
55454
55455
55456
55463
55467
55469
55470
55473
55475
55476
55478
55494
55501
55506
55509
55510
55511
55512
55514
55518
55520
55523
55525
55530
55542
55544
55547
55558
55559
55568
55570
55573
55576
55577
55579
55583
55585
55591
55595
55607
55612
55613
55615
55617
55619
55620
55622
55623
55624
55626
55639
55647
55648
55651
55652
55653
55662
55664
55667
55668
55670
55678
55679
55680
55683
55690
55696
55700
55702
55703
55707
55710
55711
55720
55721
55723
55729
55733
55735
55736
55737
55741
55747
55751
55755
55763
55766
55768
55770
55772
55773
55774
55775
55776
55783
55784
55785
55786
55793
55798
55802
55804
55805
55812
55814
55817
55821
55824
55826
55828
55833
55836
55846
55852
55860
55865
55873
55881
55882
55883
55885
55887
55889
55895
55896
55897
55899
55903
55904
55911
55912
55914
55915
55924
55930
55933
55934
55936
55940
55944
55946
55947
55954
55955
55962
55965
55968
55970
55971
55973
55977
55978
55981
55995
55996
55997
56002
56004
56007
56010
56011
56017
56023
56024
56030
56032
56039
56040
56044
56045
56046
56047
56049
56058
56065
56066
56068
56070
56071
56080
56084
56092
56094
56099
56106
56111
56112
56113
56115
56121
56124
56126
56129
56133
56134
56140
56141
56144
56147
56149
56150
56154
56155
56158
56163
56167
56168
56171
56175
56178
56182
56183
56184
56186
56187
56188
56191
56192
56193
56196
56197
56201
56202
56205
56209
56210
56213
56214
56222
56223
56229
56230
56243
56247
56249
56253
56254
56258
56259
56265
56266
56267
56268
56269
56275
56278
56279
56280
56286
56288
56297
56304
56312
56313
56317
56319
56320
56321
56323
56325
56326
56327
56333
56334
56335
)


// ************************************************************************* //
