/*--------------------------------*- C++ -*----------------------------------*\
| =========                 |                                                 |
| \\      /  F ield         | OpenFOAM: The Open Source CFD Toolbox           |
|  \\    /   O peration     | Version:  v2012                                 |
|   \\  /    A nd           | Website:  www.openfoam.com                      |
|    \\/     M anipulation  |                                                 |
\*---------------------------------------------------------------------------*/
FoamFile
{
    version     2.0;
    format      ascii;
    class       labelList;
    location    "constant/polyMesh";
    object      cellProcAddressing;
}
// * * * * * * * * * * * * * * * * * * * * * * * * * * * * * * * * * * * * * //


13917
(
1
8
11
12
15
16
17
19
21
22
23
25
26
30
34
35
39
40
42
44
45
46
49
51
53
60
61
65
71
72
76
77
81
82
84
85
86
88
94
106
110
111
112
113
115
121
128
132
133
134
137
138
141
143
145
148
150
156
157
160
161
162
166
177
178
179
182
184
187
189
190
193
198
199
204
205
206
207
208
210
211
212
213
214
215
216
223
224
229
231
233
234
236
237
241
243
246
252
253
257
261
262
263
269
276
283
286
287
292
293
306
307
308
313
314
316
318
320
323
327
332
335
336
342
345
346
348
353
354
355
360
361
362
363
368
369
371
372
374
378
388
391
398
400
402
409
410
420
428
432
433
434
435
437
438
439
444
445
447
448
452
455
459
463
465
466
469
474
477
478
480
481
484
485
491
497
498
499
503
505
507
511
512
514
520
524
526
535
537
538
539
545
546
550
551
553
561
563
564
574
576
577
582
583
594
595
598
600
604
605
607
609
610
611
616
623
624
625
628
629
631
633
635
642
657
667
668
670
671
672
674
675
679
680
683
684
686
695
697
699
700
702
704
707
715
716
720
725
732
733
735
741
745
753
756
758
762
763
768
771
772
773
775
779
780
782
784
785
787
788
790
793
800
801
804
808
811
819
821
822
824
826
827
830
833
834
835
837
839
841
844
849
852
854
864
869
872
876
878
886
887
888
895
896
900
902
904
910
915
936
937
938
939
943
945
946
948
955
956
958
962
963
972
979
981
983
984
985
986
994
999
1001
1008
1015
1018
1020
1024
1025
1026
1027
1028
1030
1044
1050
1054
1057
1058
1065
1066
1069
1071
1072
1073
1078
1080
1081
1085
1087
1090
1094
1101
1102
1103
1108
1112
1116
1121
1123
1125
1132
1134
1136
1139
1140
1153
1156
1159
1165
1168
1169
1172
1183
1190
1192
1194
1198
1199
1200
1207
1210
1211
1212
1213
1214
1215
1221
1222
1230
1233
1234
1236
1237
1239
1241
1242
1244
1245
1249
1252
1253
1254
1257
1259
1277
1283
1290
1293
1298
1300
1306
1307
1311
1320
1322
1324
1327
1332
1333
1335
1338
1339
1340
1345
1347
1349
1351
1352
1353
1354
1356
1357
1363
1364
1365
1368
1370
1371
1378
1381
1395
1400
1401
1404
1407
1408
1409
1410
1412
1415
1416
1423
1428
1430
1431
1438
1451
1459
1466
1467
1470
1477
1478
1480
1484
1491
1493
1500
1503
1504
1505
1506
1508
1512
1517
1520
1522
1523
1524
1525
1530
1532
1534
1540
1544
1546
1547
1554
1556
1562
1564
1565
1574
1582
1583
1584
1591
1592
1594
1597
1598
1599
1601
1608
1611
1613
1615
1616
1627
1637
1639
1641
1642
1643
1645
1646
1655
1657
1660
1663
1665
1676
1678
1679
1683
1685
1686
1687
1688
1690
1691
1696
1697
1698
1703
1704
1707
1709
1712
1713
1714
1718
1726
1728
1733
1738
1745
1748
1755
1763
1766
1770
1784
1789
1791
1792
1796
1799
1805
1813
1814
1820
1821
1822
1825
1827
1830
1842
1844
1846
1848
1853
1862
1866
1872
1873
1874
1877
1879
1884
1889
1890
1891
1898
1900
1903
1904
1906
1910
1916
1917
1920
1923
1926
1928
1929
1930
1932
1939
1940
1941
1947
1961
1962
1964
1965
1975
1981
1987
1989
1991
2002
2005
2017
2018
2020
2021
2024
2028
2031
2038
2040
2042
2046
2047
2049
2050
2051
2052
2053
2055
2058
2059
2061
2067
2075
2078
2081
2087
2094
2097
2099
2101
2103
2105
2106
2107
2112
2113
2116
2117
2122
2131
2132
2134
2143
2144
2148
2151
2152
2158
2161
2163
2164
2170
2177
2184
2185
2187
2189
2201
2202
2206
2207
2210
2214
2216
2219
2223
2249
2256
2258
2259
2261
2270
2272
2274
2276
2280
2286
2289
2290
2292
2293
2294
2295
2299
2300
2307
2308
2320
2325
2337
2338
2339
2340
2345
2349
2353
2354
2358
2361
2362
2364
2365
2366
2367
2369
2373
2380
2382
2386
2390
2404
2407
2410
2412
2419
2424
2426
2429
2433
2440
2443
2448
2450
2452
2453
2454
2457
2458
2459
2461
2462
2464
2466
2467
2468
2469
2470
2475
2478
2481
2482
2483
2488
2490
2494
2498
2501
2504
2505
2506
2519
2520
2524
2526
2528
2531
2536
2551
2555
2557
2561
2562
2565
2567
2574
2576
2581
2582
2583
2585
2586
2588
2590
2592
2598
2602
2606
2610
2622
2627
2628
2629
2634
2647
2651
2655
2657
2664
2665
2670
2671
2673
2676
2685
2687
2688
2690
2691
2694
2697
2698
2704
2708
2709
2712
2720
2721
2725
2730
2733
2735
2736
2738
2740
2743
2744
2748
2749
2758
2765
2773
2779
2780
2783
2784
2793
2796
2798
2800
2802
2806
2817
2819
2821
2824
2825
2827
2831
2832
2835
2837
2838
2840
2841
2843
2847
2848
2851
2853
2854
2855
2856
2871
2873
2876
2879
2885
2887
2888
2892
2893
2898
2900
2910
2911
2918
2920
2925
2931
2934
2941
2947
2949
2950
2954
2957
2963
2967
2969
2970
2973
2974
2976
2986
2987
2997
2998
3006
3007
3009
3011
3015
3016
3019
3023
3024
3027
3029
3030
3032
3036
3042
3044
3045
3047
3053
3058
3066
3067
3069
3073
3078
3079
3083
3085
3093
3096
3098
3099
3101
3102
3115
3117
3119
3126
3130
3136
3142
3145
3146
3152
3157
3158
3167
3172
3173
3174
3176
3178
3183
3184
3187
3189
3194
3195
3196
3204
3206
3209
3212
3213
3221
3230
3237
3255
3259
3260
3261
3263
3272
3273
3278
3283
3285
3286
3299
3303
3308
3316
3318
3322
3328
3334
3335
3337
3348
3349
3353
3354
3361
3363
3369
3373
3374
3375
3377
3380
3384
3388
3395
3397
3398
3399
3402
3403
3405
3406
3408
3413
3414
3417
3425
3431
3432
3433
3435
3436
3439
3443
3447
3450
3461
3462
3464
3466
3467
3468
3471
3474
3479
3480
3489
3496
3499
3503
3507
3516
3523
3527
3532
3533
3534
3540
3545
3546
3552
3556
3557
3561
3566
3567
3569
3573
3584
3585
3595
3598
3599
3601
3605
3607
3613
3616
3617
3619
3620
3627
3630
3632
3634
3637
3639
3641
3643
3644
3645
3648
3649
3651
3653
3658
3660
3662
3669
3671
3673
3681
3683
3684
3685
3688
3690
3699
3700
3701
3704
3705
3707
3712
3718
3721
3722
3723
3724
3728
3729
3730
3731
3732
3736
3737
3739
3749
3750
3760
3761
3763
3764
3766
3768
3771
3774
3778
3781
3789
3790
3794
3796
3797
3799
3813
3815
3816
3817
3818
3819
3821
3823
3827
3833
3834
3835
3842
3845
3851
3856
3860
3862
3867
3869
3870
3880
3882
3883
3887
3888
3889
3890
3895
3896
3900
3907
3910
3913
3917
3918
3920
3922
3928
3932
3933
3934
3941
3942
3945
3949
3950
3959
3960
3964
3965
3970
3972
3975
3977
3979
3980
3985
3987
3992
3997
3999
4004
4013
4016
4018
4036
4044
4045
4047
4049
4051
4054
4059
4064
4067
4073
4075
4078
4080
4081
4082
4083
4084
4086
4089
4090
4092
4094
4096
4101
4103
4107
4115
4117
4119
4122
4123
4125
4128
4131
4133
4137
4141
4142
4144
4145
4146
4150
4152
4153
4157
4158
4159
4164
4166
4170
4172
4177
4179
4184
4186
4187
4189
4192
4194
4203
4208
4212
4214
4219
4227
4231
4237
4238
4249
4251
4252
4256
4257
4261
4275
4277
4281
4283
4286
4287
4289
4295
4296
4298
4299
4300
4307
4308
4309
4311
4313
4314
4315
4321
4325
4328
4331
4335
4340
4341
4345
4347
4358
4362
4363
4368
4370
4371
4373
4374
4381
4384
4389
4390
4393
4398
4404
4407
4412
4418
4419
4420
4425
4430
4433
4436
4442
4451
4455
4464
4467
4474
4488
4489
4494
4497
4500
4502
4503
4504
4507
4509
4512
4516
4519
4520
4525
4527
4539
4546
4557
4563
4564
4565
4566
4579
4581
4583
4586
4590
4592
4594
4599
4602
4604
4608
4611
4615
4618
4619
4621
4626
4629
4632
4634
4637
4642
4645
4648
4649
4652
4653
4655
4658
4659
4664
4666
4668
4670
4676
4677
4681
4683
4684
4686
4690
4700
4708
4712
4716
4717
4718
4719
4722
4725
4726
4728
4729
4733
4734
4742
4747
4752
4755
4757
4759
4764
4769
4781
4783
4786
4791
4798
4801
4802
4803
4806
4809
4815
4819
4821
4824
4828
4837
4840
4848
4850
4852
4853
4856
4858
4859
4862
4863
4871
4881
4886
4891
4895
4898
4905
4914
4915
4920
4925
4927
4928
4932
4940
4941
4947
4953
4955
4957
4958
4960
4968
4969
4973
4974
4976
4978
4982
4983
4984
4985
4988
4989
4992
4993
4995
4996
5000
5005
5007
5008
5013
5014
5017
5018
5019
5021
5023
5024
5027
5032
5039
5046
5048
5055
5062
5063
5064
5065
5069
5083
5086
5093
5106
5107
5117
5124
5126
5131
5136
5138
5139
5141
5145
5147
5149
5157
5158
5172
5176
5180
5182
5189
5190
5199
5203
5209
5210
5213
5219
5220
5221
5230
5235
5237
5252
5253
5254
5256
5260
5262
5263
5264
5278
5281
5286
5287
5290
5294
5295
5296
5304
5319
5320
5321
5325
5326
5327
5332
5333
5334
5337
5340
5344
5352
5353
5355
5365
5366
5368
5370
5374
5376
5380
5381
5382
5384
5385
5388
5391
5393
5395
5398
5401
5402
5407
5408
5410
5411
5414
5416
5417
5418
5420
5430
5441
5442
5448
5451
5454
5455
5457
5459
5463
5478
5481
5483
5485
5491
5492
5495
5500
5507
5510
5531
5534
5547
5548
5550
5552
5553
5555
5558
5560
5564
5568
5569
5570
5571
5585
5592
5598
5599
5600
5608
5611
5612
5613
5618
5620
5621
5625
5633
5636
5639
5647
5648
5650
5654
5655
5660
5663
5671
5672
5676
5677
5681
5685
5697
5701
5702
5708
5712
5717
5723
5724
5726
5730
5734
5735
5739
5742
5743
5748
5760
5763
5765
5768
5772
5773
5775
5777
5782
5783
5791
5792
5800
5802
5804
5806
5808
5818
5819
5821
5822
5823
5824
5825
5828
5830
5832
5834
5836
5837
5842
5846
5847
5853
5854
5855
5856
5859
5860
5862
5863
5865
5868
5871
5872
5873
5874
5876
5879
5881
5883
5885
5896
5898
5899
5901
5903
5910
5911
5912
5913
5915
5917
5919
5921
5923
5925
5927
5928
5929
5930
5932
5933
5934
5937
5945
5948
5953
5956
5957
5958
5960
5961
5968
5976
5977
5986
5992
5998
5999
6000
6007
6009
6011
6012
6015
6025
6026
6032
6033
6042
6043
6044
6045
6050
6057
6060
6061
6062
6064
6065
6069
6073
6079
6083
6086
6089
6090
6091
6095
6096
6097
6100
6101
6102
6106
6108
6109
6114
6115
6125
6131
6133
6138
6140
6147
6148
6149
6157
6159
6162
6164
6165
6169
6172
6174
6178
6183
6193
6198
6200
6211
6218
6224
6226
6227
6228
6230
6249
6253
6258
6260
6263
6264
6266
6271
6273
6274
6277
6278
6280
6282
6289
6291
6293
6297
6300
6305
6309
6311
6314
6317
6318
6325
6330
6332
6334
6338
6339
6343
6353
6354
6362
6364
6370
6371
6388
6390
6393
6394
6401
6410
6411
6413
6415
6418
6419
6422
6432
6433
6435
6438
6441
6442
6449
6450
6454
6459
6461
6469
6472
6480
6481
6485
6489
6490
6491
6495
6496
6499
6502
6506
6507
6510
6512
6517
6518
6532
6533
6535
6536
6538
6539
6541
6545
6548
6554
6563
6565
6567
6568
6575
6585
6589
6590
6591
6599
6601
6602
6607
6615
6616
6619
6621
6626
6627
6630
6631
6632
6633
6640
6643
6646
6656
6657
6668
6670
6672
6673
6675
6677
6679
6690
6691
6694
6706
6708
6710
6715
6716
6720
6722
6725
6726
6728
6731
6733
6734
6739
6741
6748
6754
6755
6756
6760
6762
6764
6766
6769
6773
6774
6781
6782
6787
6790
6792
6793
6794
6795
6796
6800
6801
6807
6812
6814
6816
6821
6822
6824
6831
6832
6833
6841
6850
6853
6860
6861
6869
6870
6871
6879
6882
6884
6889
6890
6895
6906
6909
6912
6916
6918
6925
6928
6934
6941
6947
6948
6958
6959
6962
6963
6965
6966
6967
6968
6970
6971
6974
6977
6978
6984
6987
6991
6993
6996
6997
7000
7002
7009
7013
7014
7015
7017
7020
7021
7025
7026
7031
7032
7034
7035
7037
7048
7050
7053
7058
7070
7071
7073
7078
7081
7088
7089
7094
7095
7099
7101
7107
7109
7113
7118
7121
7124
7125
7130
7139
7145
7151
7152
7156
7157
7164
7165
7167
7176
7179
7187
7188
7196
7203
7205
7207
7210
7213
7217
7218
7224
7231
7232
7233
7240
7245
7255
7264
7266
7270
7277
7282
7283
7288
7290
7294
7297
7301
7305
7306
7310
7312
7313
7317
7324
7338
7344
7350
7354
7356
7361
7362
7373
7376
7377
7381
7382
7385
7388
7390
7393
7407
7410
7422
7423
7427
7437
7438
7443
7448
7450
7451
7452
7456
7459
7474
7475
7478
7482
7484
7485
7487
7488
7491
7492
7496
7501
7504
7505
7507
7509
7512
7518
7520
7522
7524
7526
7527
7529
7540
7542
7543
7550
7551
7562
7575
7578
7585
7586
7597
7603
7615
7620
7622
7625
7626
7628
7629
7630
7633
7635
7639
7640
7646
7664
7666
7667
7673
7674
7678
7681
7682
7683
7684
7688
7692
7695
7703
7707
7711
7718
7725
7727
7731
7735
7736
7738
7744
7755
7756
7758
7762
7763
7777
7778
7782
7783
7790
7792
7794
7795
7797
7800
7804
7806
7807
7812
7813
7815
7818
7823
7826
7830
7842
7844
7849
7854
7856
7858
7859
7862
7863
7864
7867
7876
7878
7883
7884
7888
7890
7898
7900
7901
7903
7913
7914
7916
7918
7925
7929
7936
7946
7950
7951
7952
7953
7954
7960
7964
7968
7970
7972
7976
7977
7982
7986
7990
7994
7995
7996
8015
8016
8018
8020
8021
8023
8025
8030
8040
8042
8043
8046
8051
8054
8060
8062
8065
8071
8082
8084
8086
8091
8092
8095
8097
8100
8101
8102
8107
8109
8111
8118
8121
8123
8126
8127
8128
8130
8135
8138
8144
8146
8150
8153
8155
8157
8158
8161
8164
8167
8177
8185
8186
8191
8192
8195
8196
8204
8205
8212
8213
8218
8220
8226
8227
8233
8234
8235
8240
8245
8246
8256
8260
8264
8267
8268
8269
8270
8272
8276
8285
8286
8287
8309
8312
8315
8321
8334
8345
8346
8347
8348
8349
8351
8369
8374
8375
8376
8379
8382
8385
8387
8400
8401
8402
8405
8406
8409
8410
8412
8413
8414
8421
8422
8425
8431
8434
8437
8441
8444
8447
8452
8453
8460
8461
8473
8481
8485
8486
8492
8493
8496
8502
8503
8505
8506
8507
8511
8516
8518
8527
8530
8537
8539
8542
8545
8552
8555
8556
8560
8561
8565
8566
8569
8570
8572
8575
8577
8580
8585
8590
8601
8602
8603
8606
8609
8611
8612
8613
8616
8623
8625
8626
8627
8633
8634
8638
8642
8643
8646
8649
8651
8652
8656
8662
8664
8666
8675
8684
8688
8689
8690
8692
8693
8696
8697
8705
8706
8707
8712
8724
8725
8732
8733
8737
8738
8739
8740
8741
8742
8744
8746
8751
8752
8753
8754
8757
8759
8760
8761
8762
8763
8764
8766
8767
8769
8770
8772
8775
8785
8787
8788
8790
8793
8795
8802
8803
8806
8807
8808
8812
8821
8825
8827
8828
8829
8830
8832
8838
8840
8847
8855
8859
8862
8864
8868
8869
8870
8880
8882
8890
8891
8895
8903
8904
8905
8906
8908
8911
8915
8916
8921
8927
8929
8936
8939
8944
8945
8947
8950
8951
8957
8959
8961
8962
8965
8968
8970
8973
8977
8979
8980
8983
8991
8994
9006
9011
9015
9017
9018
9023
9025
9033
9044
9045
9046
9051
9054
9060
9061
9063
9064
9065
9067
9070
9071
9075
9076
9083
9088
9091
9093
9096
9101
9107
9108
9109
9112
9115
9118
9119
9120
9121
9122
9124
9128
9134
9136
9138
9146
9147
9152
9156
9157
9165
9169
9171
9172
9173
9175
9178
9179
9180
9182
9192
9195
9205
9207
9213
9215
9217
9224
9225
9235
9237
9243
9246
9249
9251
9252
9257
9265
9267
9274
9279
9280
9284
9285
9286
9288
9289
9297
9298
9301
9306
9309
9311
9317
9321
9322
9325
9330
9333
9336
9337
9349
9352
9358
9361
9367
9368
9370
9371
9374
9378
9379
9380
9382
9384
9395
9401
9404
9406
9407
9408
9409
9410
9416
9418
9431
9438
9443
9444
9446
9447
9450
9451
9452
9453
9460
9461
9462
9464
9468
9469
9473
9474
9476
9479
9481
9484
9487
9490
9491
9498
9503
9511
9514
9515
9516
9517
9522
9524
9525
9526
9529
9530
9538
9544
9545
9549
9553
9561
9570
9571
9575
9589
9591
9592
9597
9601
9605
9606
9620
9623
9629
9630
9634
9637
9639
9641
9653
9661
9663
9665
9668
9684
9693
9696
9699
9703
9705
9708
9710
9711
9717
9719
9723
9724
9725
9731
9739
9741
9744
9746
9748
9750
9751
9758
9761
9762
9767
9768
9772
9773
9774
9776
9780
9782
9785
9791
9792
9794
9796
9803
9804
9806
9807
9808
9810
9813
9814
9815
9817
9826
9827
9833
9835
9840
9841
9845
9848
9851
9855
9856
9863
9879
9882
9884
9886
9891
9893
9894
9896
9899
9900
9910
9912
9913
9914
9915
9918
9919
9920
9924
9929
9931
9932
9934
9937
9938
9939
9941
9951
9953
9954
9959
9960
9963
9964
9966
9977
9982
9988
9997
10000
10002
10006
10007
10010
10013
10015
10017
10019
10020
10021
10022
10024
10027
10028
10036
10040
10043
10044
10045
10052
10053
10055
10057
10064
10065
10067
10069
10071
10074
10075
10078
10079
10084
10085
10091
10097
10099
10103
10105
10106
10107
10109
10114
10115
10116
10118
10120
10122
10123
10124
10127
10128
10129
10130
10131
10134
10136
10138
10141
10145
10148
10149
10152
10153
10158
10161
10166
10167
10173
10176
10182
10193
10201
10203
10204
10205
10207
10214
10217
10225
10230
10233
10236
10240
10241
10246
10249
10251
10253
10254
10255
10260
10262
10263
10264
10270
10271
10274
10279
10282
10284
10286
10289
10291
10304
10305
10307
10308
10314
10315
10317
10319
10321
10326
10327
10329
10331
10332
10333
10334
10337
10339
10341
10343
10347
10350
10351
10355
10356
10358
10363
10367
10371
10376
10384
10385
10386
10387
10389
10394
10397
10399
10425
10427
10428
10429
10431
10437
10438
10440
10442
10443
10444
10447
10453
10459
10461
10462
10464
10468
10470
10476
10479
10480
10481
10489
10491
10493
10495
10500
10501
10507
10509
10511
10515
10516
10519
10520
10521
10522
10523
10525
10526
10527
10528
10529
10530
10531
10532
10537
10539
10540
10544
10545
10550
10552
10560
10561
10562
10564
10567
10569
10576
10578
10583
10586
10591
10593
10597
10600
10603
10605
10616
10618
10619
10621
10622
10624
10629
10630
10633
10636
10638
10640
10643
10647
10650
10652
10660
10662
10663
10664
10670
10671
10676
10685
10687
10688
10689
10691
10703
10704
10706
10707
10709
10712
10716
10720
10721
10727
10732
10735
10736
10738
10739
10740
10742
10743
10744
10745
10748
10755
10757
10759
10760
10764
10765
10772
10776
10778
10780
10781
10784
10789
10792
10798
10799
10804
10805
10807
10811
10813
10815
10816
10817
10819
10821
10822
10823
10825
10826
10831
10832
10834
10839
10843
10852
10854
10856
10867
10869
10871
10873
10874
10877
10879
10882
10883
10886
10887
10888
10890
10892
10896
10897
10898
10901
10905
10908
10910
10911
10915
10918
10920
10922
10924
10925
10926
10932
10938
10942
10944
10946
10947
10949
10950
10952
10953
10955
10957
10961
10963
10966
10967
10969
10970
10978
10980
10982
10984
10991
10996
10997
11001
11004
11006
11007
11009
11012
11014
11015
11017
11019
11021
11022
11028
11029
11031
11034
11038
11040
11042
11045
11046
11047
11048
11053
11054
11058
11061
11068
11069
11071
11075
11079
11081
11082
11085
11091
11094
11098
11099
11104
11107
11108
11110
11111
11114
11119
11126
11131
11135
11145
11147
11151
11152
11153
11162
11166
11170
11177
11179
11180
11188
11191
11194
11195
11206
11207
11208
11210
11214
11221
11223
11224
11235
11236
11238
11239
11240
11243
11249
11253
11257
11264
11268
11270
11276
11278
11282
11285
11286
11294
11296
11306
11310
11314
11317
11318
11319
11323
11326
11328
11331
11339
11341
11345
11356
11361
11371
11373
11374
11375
11378
11381
11382
11388
11390
11391
11392
11398
11399
11401
11403
11404
11406
11408
11411
11412
11417
11418
11419
11427
11430
11435
11436
11437
11438
11448
11450
11451
11452
11453
11456
11458
11459
11460
11464
11467
11473
11475
11476
11477
11479
11494
11499
11500
11503
11506
11511
11512
11514
11515
11522
11523
11524
11526
11539
11540
11545
11547
11548
11549
11550
11555
11558
11559
11561
11562
11568
11569
11571
11573
11576
11579
11581
11582
11583
11594
11599
11600
11601
11602
11603
11605
11606
11607
11610
11611
11614
11622
11624
11629
11633
11636
11640
11641
11645
11647
11648
11656
11657
11658
11662
11664
11667
11670
11676
11678
11685
11686
11692
11693
11694
11695
11697
11698
11700
11701
11702
11705
11718
11719
11721
11726
11729
11732
11744
11748
11754
11757
11759
11761
11763
11765
11768
11769
11773
11774
11778
11780
11783
11784
11785
11788
11796
11800
11802
11803
11808
11809
11810
11813
11815
11817
11820
11822
11828
11829
11830
11833
11838
11839
11846
11850
11851
11853
11855
11858
11860
11862
11864
11865
11867
11868
11873
11876
11877
11879
11881
11887
11895
11901
11903
11904
11907
11908
11909
11910
11912
11917
11919
11928
11931
11935
11938
11939
11945
11947
11948
11954
11955
11956
11960
11964
11975
11977
11980
11981
11990
11995
11998
12001
12002
12006
12008
12009
12011
12012
12013
12014
12016
12019
12023
12027
12029
12031
12033
12041
12044
12050
12052
12055
12058
12060
12062
12066
12078
12082
12083
12090
12095
12097
12098
12099
12105
12109
12111
12116
12120
12124
12125
12131
12132
12133
12134
12138
12139
12143
12144
12145
12146
12151
12152
12154
12157
12158
12160
12161
12163
12164
12165
12166
12167
12172
12175
12184
12186
12189
12190
12195
12196
12205
12207
12209
12213
12225
12226
12233
12236
12237
12239
12242
12246
12250
12251
12254
12256
12257
12260
12265
12266
12270
12275
12279
12283
12287
12292
12294
12296
12299
12303
12311
12312
12315
12323
12326
12329
12336
12337
12342
12344
12351
12353
12362
12365
12373
12375
12376
12382
12383
12385
12388
12389
12391
12392
12396
12402
12403
12404
12406
12412
12413
12415
12416
12417
12418
12422
12430
12438
12440
12441
12442
12443
12449
12451
12460
12462
12466
12467
12468
12469
12471
12481
12483
12487
12490
12494
12495
12496
12500
12502
12503
12504
12507
12511
12520
12523
12524
12528
12529
12535
12541
12543
12547
12550
12555
12559
12563
12565
12567
12570
12575
12576
12580
12586
12587
12589
12593
12597
12601
12604
12605
12608
12609
12612
12613
12616
12617
12622
12623
12627
12630
12634
12635
12640
12647
12651
12653
12656
12662
12667
12673
12677
12684
12685
12686
12689
12695
12698
12699
12701
12703
12706
12708
12710
12718
12720
12721
12724
12728
12732
12735
12740
12742
12745
12755
12756
12759
12764
12767
12770
12777
12784
12785
12787
12790
12792
12797
12801
12812
12817
12819
12820
12823
12824
12826
12835
12837
12843
12846
12849
12852
12854
12855
12859
12861
12864
12865
12866
12867
12878
12882
12884
12885
12887
12890
12891
12895
12896
12903
12908
12913
12919
12924
12925
12928
12932
12934
12943
12944
12947
12951
12952
12957
12961
12963
12964
12968
12970
12971
12973
12976
12980
12986
12996
12997
13008
13012
13013
13016
13018
13021
13025
13029
13037
13039
13040
13042
13044
13045
13049
13052
13071
13072
13073
13075
13077
13080
13082
13084
13094
13096
13102
13104
13106
13109
13116
13122
13124
13131
13132
13138
13142
13144
13149
13152
13153
13154
13155
13162
13171
13174
13191
13202
13205
13207
13211
13212
13213
13216
13218
13219
13226
13230
13232
13239
13241
13245
13250
13257
13258
13262
13263
13265
13268
13271
13274
13279
13280
13284
13294
13302
13307
13311
13314
13321
13329
13332
13336
13337
13338
13340
13352
13353
13357
13364
13365
13368
13370
13375
13376
13393
13397
13403
13413
13419
13424
13429
13437
13442
13448
13449
13451
13454
13467
13479
13481
13483
13485
13492
13496
13497
13499
13512
13514
13515
13534
13536
13538
13549
13552
13558
13560
13562
13563
13568
13569
13575
13581
13585
13595
13605
13607
13621
13625
13628
13630
13631
13635
13636
13645
13649
13655
13657
13679
13680
13682
13684
13688
13689
13693
13699
13702
13706
13709
13712
13714
13719
13722
13726
13734
13741
13744
13746
13756
13763
13768
13769
13770
13771
13776
13777
13779
13783
13784
13796
13798
13799
13800
13810
13811
13815
13824
13825
13827
13831
13832
13834
13837
13844
13853
13867
13870
13871
13876
13877
13878
13879
13881
13882
13885
13890
13892
13894
13896
13898
13899
13903
13907
13908
13911
13912
13914
13916
13918
13921
13925
13939
13944
13946
13947
13949
13950
13953
13954
13957
13958
13963
13964
13978
13980
13983
13984
13989
13997
14000
14003
14010
14012
14015
14017
14022
14025
14026
14028
14029
14033
14037
14038
14048
14049
14051
14052
14058
14061
14071
14072
14075
14078
14079
14081
14086
14090
14094
14096
14105
14106
14109
14112
14121
14123
14125
14127
14128
14135
14136
14141
14142
14144
14148
14155
14161
14162
14164
14174
14175
14179
14180
14181
14187
14189
14192
14193
14194
14195
14197
14199
14205
14210
14211
14214
14231
14238
14239
14240
14242
14243
14245
14246
14252
14260
14269
14271
14275
14288
14290
14293
14295
14301
14302
14303
14305
14306
14316
14319
14325
14332
14333
14335
14340
14341
14345
14348
14351
14353
14354
14356
14362
14368
14377
14385
14386
14387
14390
14393
14398
14400
14402
14408
14410
14412
14413
14414
14415
14416
14419
14427
14429
14431
14432
14436
14438
14442
14444
14445
14448
14453
14457
14458
14459
14461
14462
14465
14475
14481
14482
14483
14487
14490
14491
14492
14494
14495
14497
14499
14500
14501
14504
14515
14519
14523
14527
14533
14536
14537
14542
14545
14546
14552
14555
14558
14561
14562
14563
14565
14567
14568
14572
14578
14580
14591
14594
14595
14596
14602
14604
14607
14609
14612
14613
14615
14616
14618
14621
14622
14626
14629
14632
14635
14636
14640
14645
14651
14657
14659
14664
14669
14673
14681
14682
14688
14691
14693
14698
14699
14706
14707
14712
14713
14714
14717
14723
14729
14730
14732
14738
14739
14744
14752
14753
14765
14766
14774
14777
14778
14779
14780
14781
14785
14787
14791
14792
14793
14794
14797
14798
14799
14800
14804
14807
14813
14814
14816
14817
14819
14821
14824
14825
14826
14827
14828
14829
14830
14834
14841
14842
14843
14845
14860
14864
14865
14868
14873
14876
14878
14879
14884
14886
14888
14891
14897
14899
14905
14906
14913
14915
14919
14920
14922
14927
14928
14929
14931
14932
14939
14945
14953
14955
14959
14960
14962
14963
14964
14969
14970
14975
14976
14978
14980
14982
14987
14989
14993
14994
14996
14997
15000
15004
15006
15007
15009
15010
15014
15016
15017
15021
15023
15025
15030
15031
15034
15039
15040
15042
15045
15047
15050
15051
15053
15055
15056
15057
15062
15064
15070
15074
15075
15078
15081
15087
15091
15092
15093
15094
15096
15098
15100
15101
15104
15105
15111
15121
15124
15127
15139
15141
15142
15149
15157
15159
15161
15163
15172
15178
15180
15183
15190
15201
15205
15208
15212
15214
15216
15217
15225
15231
15238
15239
15240
15243
15244
15246
15256
15273
15274
15275
15280
15281
15284
15286
15287
15288
15293
15296
15297
15305
15313
15322
15323
15324
15325
15326
15334
15336
15339
15340
15342
15344
15353
15354
15355
15358
15359
15365
15367
15370
15371
15372
15373
15375
15377
15379
15383
15388
15389
15404
15408
15409
15413
15418
15420
15422
15425
15433
15445
15446
15452
15458
15462
15471
15478
15484
15494
15496
15501
15512
15516
15517
15518
15523
15527
15537
15541
15545
15550
15571
15575
15580
15581
15582
15585
15587
15595
15597
15598
15599
15601
15606
15611
15621
15623
15626
15627
15628
15629
15640
15642
15645
15650
15651
15654
15662
15665
15667
15670
15673
15674
15675
15676
15680
15681
15683
15688
15694
15696
15698
15703
15711
15715
15721
15731
15735
15736
15740
15745
15750
15753
15757
15759
15762
15763
15770
15776
15778
15792
15794
15796
15801
15803
15804
15809
15817
15820
15828
15831
15833
15845
15853
15858
15861
15868
15883
15885
15887
15893
15899
15903
15904
15915
15925
15930
15944
15951
15956
15957
15958
15960
15961
15962
15963
15966
15972
15974
15975
15979
15988
15991
15993
16003
16006
16008
16023
16027
16030
16031
16035
16036
16037
16038
16039
16041
16047
16048
16053
16059
16070
16084
16085
16089
16098
16113
16114
16118
16121
16123
16125
16127
16132
16134
16140
16142
16144
16145
16147
16149
16152
16153
16156
16162
16164
16165
16166
16168
16175
16177
16185
16186
16188
16189
16191
16193
16198
16200
16203
16215
16221
16231
16249
16251
16255
16258
16265
16269
16272
16275
16277
16294
16296
16299
16305
16309
16313
16318
16320
16323
16328
16334
16337
16341
16342
16348
16355
16367
16369
16371
16374
16380
16383
16387
16391
16397
16399
16404
16415
16420
16423
16429
16430
16431
16432
16438
16440
16447
16452
16455
16456
16457
16464
16466
16473
16477
16480
16482
16495
16497
16498
16499
16505
16509
16510
16511
16519
16527
16533
16535
16538
16542
16544
16545
16551
16553
16554
16557
16559
16568
16570
16572
16573
16575
16578
16579
16583
16585
16592
16593
16596
16601
16603
16606
16616
16618
16621
16622
16625
16626
16627
16628
16640
16646
16651
16653
16660
16662
16664
16665
16667
16668
16671
16674
16679
16680
16690
16691
16694
16697
16703
16704
16709
16716
16721
16723
16725
16727
16734
16742
16746
16754
16755
16756
16763
16765
16767
16768
16772
16775
16777
16778
16781
16793
16794
16799
16803
16806
16807
16808
16810
16817
16820
16830
16831
16835
16836
16838
16842
16843
16845
16846
16849
16855
16862
16864
16865
16874
16879
16882
16883
16885
16888
16889
16891
16895
16897
16898
16901
16902
16903
16908
16915
16919
16922
16923
16924
16925
16927
16932
16940
16942
16945
16947
16950
16953
16954
16958
16963
16965
16966
16967
16968
16969
16970
16973
16974
16976
16978
16979
16980
16981
16983
16988
16990
16991
16992
16994
16996
16998
17001
17002
17003
17008
17012
17013
17016
17018
17021
17022
17023
17028
17035
17037
17042
17049
17051
17057
17058
17059
17061
17065
17066
17071
17072
17077
17079
17080
17082
17084
17085
17089
17103
17104
17111
17112
17114
17126
17128
17130
17135
17140
17141
17143
17148
17149
17158
17162
17163
17164
17171
17175
17176
17177
17179
17186
17187
17189
17190
17191
17192
17194
17195
17197
17200
17203
17205
17208
17215
17218
17221
17228
17230
17232
17234
17239
17242
17249
17251
17252
17257
17260
17262
17264
17275
17286
17288
17292
17295
17297
17299
17309
17311
17312
17313
17315
17319
17320
17321
17324
17325
17327
17332
17335
17337
17341
17344
17346
17347
17352
17354
17355
17357
17365
17370
17371
17376
17378
17381
17382
17383
17386
17393
17406
17409
17430
17433
17439
17441
17442
17447
17463
17464
17475
17484
17485
17488
17492
17495
17497
17500
17501
17507
17508
17512
17513
17517
17519
17520
17521
17523
17524
17532
17533
17534
17539
17546
17561
17589
17592
17595
17599
17603
17610
17612
17615
17616
17617
17620
17626
17647
17652
17661
17668
17670
17671
17675
17677
17681
17682
17688
17689
17694
17697
17702
17703
17706
17709
17715
17716
17718
17722
17723
17728
17730
17732
17733
17734
17740
17742
17749
17756
17757
17761
17762
17764
17766
17790
17799
17800
17803
17808
17809
17814
17818
17822
17823
17828
17840
17841
17842
17852
17855
17857
17858
17865
17866
17879
17882
17883
17885
17890
17899
17900
17906
17909
17911
17915
17930
17934
17941
17942
17944
17945
17954
17956
17959
17963
17964
17965
17967
17970
17983
17984
17994
17997
17999
18005
18009
18010
18013
18015
18037
18040
18041
18050
18052
18056
18058
18060
18063
18064
18073
18074
18075
18078
18079
18089
18091
18092
18094
18095
18103
18106
18107
18109
18117
18120
18127
18128
18130
18136
18138
18142
18152
18160
18161
18171
18173
18176
18178
18180
18183
18188
18193
18198
18199
18201
18210
18220
18221
18231
18233
18237
18250
18253
18257
18265
18268
18281
18289
18292
18293
18294
18295
18296
18298
18300
18310
18311
18315
18320
18321
18327
18331
18335
18337
18338
18342
18349
18352
18353
18355
18357
18358
18362
18367
18368
18371
18376
18378
18410
18413
18422
18423
18428
18430
18440
18442
18443
18450
18454
18457
18460
18462
18465
18469
18472
18475
18484
18490
18493
18495
18497
18498
18500
18501
18504
18506
18511
18518
18532
18534
18536
18537
18543
18551
18557
18560
18567
18568
18570
18581
18583
18586
18597
18607
18608
18610
18611
18622
18623
18628
18629
18645
18646
18647
18653
18655
18657
18661
18669
18671
18672
18676
18679
18686
18691
18698
18702
18703
18704
18714
18718
18722
18723
18725
18726
18735
18740
18741
18742
18745
18760
18762
18778
18783
18784
18786
18790
18793
18796
18797
18803
18810
18811
18814
18818
18821
18827
18841
18845
18849
18854
18856
18857
18861
18863
18867
18868
18872
18873
18876
18880
18890
18892
18893
18894
18898
18899
18901
18902
18904
18907
18920
18925
18927
18934
18945
18948
18956
18958
18959
18968
18974
18976
18977
18979
18980
18982
18991
18994
19001
19003
19005
19013
19018
19021
19025
19035
19036
19039
19041
19043
19044
19048
19060
19065
19066
19073
19075
19078
19082
19090
19094
19099
19109
19118
19121
19131
19132
19133
19137
19140
19145
19146
19150
19155
19161
19162
19175
19176
19177
19180
19184
19186
19192
19196
19202
19211
19214
19219
19220
19225
19226
19227
19229
19230
19232
19233
19236
19239
19243
19256
19260
19264
19265
19281
19287
19289
19291
19303
19304
19312
19313
19318
19319
19320
19327
19328
19331
19333
19359
19361
19363
19372
19377
19380
19390
19391
19394
19395
19396
19397
19399
19409
19410
19412
19413
19416
19418
19424
19435
19448
19453
19460
19462
19465
19468
19489
19496
19499
19505
19506
19511
19515
19521
19530
19536
19545
19547
19551
19559
19561
19569
19575
19578
19581
19583
19590
19598
19606
19608
19613
19616
19622
19628
19629
19644
19646
19651
19671
19673
19675
19685
19693
19700
19706
19707
19710
19712
19713
19716
19719
19722
19728
19730
19738
19742
19744
19745
19755
19759
19764
19769
19785
19792
19794
19806
19808
19819
19820
19822
19824
19825
19827
19829
19861
19863
19871
19879
19880
19881
19885
19889
19892
19894
19896
19906
19913
19917
19923
19931
19933
19938
19949
19951
19952
19955
19959
19963
19964
19973
19974
19976
19995
19999
20002
20005
20006
20007
20013
20016
20018
20021
20023
20026
20027
20044
20047
20073
20074
20081
20091
20095
20108
20111
20114
20118
20122
20124
20128
20140
20143
20147
20148
20153
20154
20158
20160
20162
20163
20164
20168
20178
20180
20181
20186
20204
20207
20208
20209
20215
20224
20225
20227
20231
20234
20260
20262
20263
20266
20272
20278
20282
20285
20287
20288
20289
20291
20293
20296
20297
20303
20305
20309
20311
20316
20322
20330
20332
20341
20343
20356
20357
20358
20365
20367
20370
20375
20391
20403
20406
20408
20410
20412
20419
20420
20428
20432
20440
20447
20452
20468
20469
20477
20480
20485
20488
20489
20496
20499
20500
20510
20511
20514
20515
20516
20520
20521
20522
20527
20543
20547
20548
20549
20550
20556
20561
20563
20566
20567
20584
20590
20591
20597
20608
20611
20615
20620
20622
20632
20635
20638
20646
20648
20649
20662
20684
20694
20701
20703
20720
20731
20740
20741
20746
20750
20754
20759
20778
20790
20793
20795
20802
20813
20816
20822
20842
20878
20887
20897
20905
20910
20913
20919
20925
20926
20929
20936
20940
20942
20943
20944
20946
20954
20965
20969
20971
20972
20975
20976
20977
20983
20984
20986
20995
21000
21009
21023
21024
21039
21040
21041
21045
21053
21054
21080
21112
21117
21137
21155
21158
21168
21198
21210
21217
21221
21226
21229
21233
21239
21241
21246
21254
21264
21270
21272
21275
21285
21286
21289
21292
21295
21310
21312
21322
21332
21341
21347
21364
21368
21369
21371
21373
21378
21379
21396
21404
21406
21409
21411
21414
21416
21422
21433
21434
21439
21448
21449
21459
21464
21495
21503
21520
21526
21535
21541
21546
21548
21557
21564
21569
21571
21586
21588
21593
21595
21603
21605
21614
21616
21621
21641
21651
21652
21655
21656
21657
21664
21666
21671
21672
21674
21676
21678
21679
21683
21696
21699
21708
21711
21716
21725
21727
21729
21739
21750
21765
21767
21780
21785
21786
21798
21802
21809
21810
21811
21836
21845
21852
21858
21859
21862
21866
21875
21881
21888
21929
21931
21935
21936
21937
21941
21950
21959
21965
21978
21982
21995
22000
22036
22045
22048
22053
22069
22092
22094
22099
22105
22115
22117
22124
22134
22147
22150
22151
22157
22163
22168
22187
22197
22201
22203
22206
22213
22218
22221
22239
22251
22252
22254
22258
22262
22266
22267
22268
22303
22325
22326
22335
22343
22344
22346
22349
22354
22357
22359
22377
22391
22399
22409
22416
22425
22429
22438
22445
22452
22458
22459
22467
22474
22477
22478
22482
22488
22491
22495
22504
22514
22516
22531
22555
22562
22572
22585
22589
22597
22619
22625
22627
22629
22635
22639
22642
22645
22661
22688
22696
22726
22738
22746
22752
22765
22766
22773
22781
22823
22824
22837
22853
22866
22868
22874
22885
22901
22907
22919
22926
22940
22943
22956
22959
22965
22967
22990
22995
23003
23006
23011
23018
23041
23042
23046
23047
23064
23083
23089
23103
23107
23118
23125
23127
23151
23160
23165
23181
23183
23186
23193
23206
23209
23223
23234
23240
23244
23245
23260
23267
23304
23309
23323
23327
23329
23332
23335
23336
23354
23356
23380
23393
23397
23399
23403
23405
23412
23418
23419
23433
23435
23452
23496
23514
23523
23529
23530
23540
23569
23575
23585
23587
23601
23606
23624
23628
23638
23640
23642
23645
23646
23660
23661
23668
23671
23687
23697
23700
23701
23715
23722
23724
23747
23773
23775
23776
23778
23780
23782
23788
23801
23804
23818
23830
23842
23844
23850
23857
23887
23889
23904
23906
23907
23914
23919
23953
23955
23956
23961
23981
23984
23992
24008
24011
24014
24029
24032
24047
24076
24081
24083
24092
24103
24116
24122
24139
24153
24158
24178
24187
24190
24201
24227
24228
24232
24244
24248
24260
24282
24285
24292
24300
24312
24320
24338
24346
24350
24356
24364
24372
24382
24520
24542
24578
24583
24598
24601
24621
24634
24650
24661
24666
24704
24713
24716
24718
24727
24759
24770
24789
24801
24807
24815
24818
24823
24824
24827
24839
24842
24853
24855
24858
24859
24879
24883
24895
24900
24904
24928
24947
24948
24949
24986
24997
25007
25008
25018
25069
25084
25089
25093
25099
25103
25107
25122
25148
25154
25174
25186
25191
25195
25196
25230
25247
25272
25295
25298
25302
25316
25344
25370
25375
25416
25426
25428
25434
25441
25455
25475
25476
25483
25506
25518
25531
25532
25543
25545
25566
25567
25571
25576
25579
25580
25581
25598
25610
25621
25642
25643
25655
25671
25685
25691
25718
25719
25731
25743
25772
25778
25795
25804
25811
25818
25834
25842
25869
25873
25884
25885
25889
25898
25908
25928
25949
25957
25971
25982
26006
26014
26033
26043
26046
26066
26110
26143
26149
26158
26164
26190
26202
26203
26204
26214
26217
26237
26239
26262
26279
26283
26294
26299
26308
26319
26326
26340
26348
26353
26356
26373
26376
26387
26396
26414
26420
26423
26426
26434
26441
26453
26463
26472
26473
26498
26509
26519
26522
26529
26531
26534
26539
26543
26546
26549
26554
26563
26565
26568
26576
26590
26595
26605
26606
26608
26613
26623
26641
26644
26650
26659
26667
26669
26670
26673
26675
26678
26690
26703
26722
26731
26733
26734
26752
26759
26775
26780
26789
26795
26798
26817
26821
26825
26831
26833
26848
26883
26889
26910
26911
26916
26945
26948
26951
26955
26959
26972
26986
27000
27006
27024
27043
27044
27047
27059
27064
27065
27068
27077
27080
27081
27083
27088
27096
27101
27128
27135
27143
27144
27150
27163
27168
27169
27175
27180
27181
27183
27192
27197
27205
27208
27217
27220
27222
27225
27237
27248
27253
27258
27265
27268
27300
27308
27315
27321
27326
27329
27331
27335
27339
27340
27346
27349
27363
27365
27368
27372
27385
27386
27396
27397
27419
27422
27430
27434
27438
27439
27447
27452
27462
27463
27473
27477
27488
27494
27496
27510
27513
27521
27532
27536
27550
27553
27567
27575
27590
27592
27595
27600
27601
27606
27613
27620
27626
27628
27630
27637
27638
27639
27640
27643
27645
27646
27663
27678
27689
27695
27703
27709
27712
27719
27725
27727
27736
27739
27757
27761
27766
27776
27777
27785
27788
27789
27791
27796
27803
27806
27814
27821
27826
27834
27836
27839
27844
27856
27858
27859
27860
27864
27870
27872
27875
27888
27889
27890
27898
27914
27920
27925
27943
27951
27956
27968
27981
27984
27990
27993
27996
28002
28010
28042
28044
28047
28059
28066
28072
28073
28087
28090
28094
28095
28103
28114
28138
28143
28144
28149
28150
28153
28156
28159
28161
28162
28163
28164
28178
28179
28185
28186
28191
28206
28207
28208
28210
28212
28219
28223
28225
28236
28243
28256
28258
28260
28267
28268
28289
28291
28300
28301
28308
28312
28314
28324
28358
28361
28368
28372
28383
28388
28397
28400
28421
28429
28430
28445
28449
28452
28454
28461
28478
28481
28492
28494
28500
28510
28515
28525
28535
28545
28553
28557
28558
28583
28588
28590
28600
28604
28610
28611
28615
28630
28633
28638
28643
28648
28649
28650
28655
28658
28661
28663
28684
28699
28704
28718
28722
28724
28728
28734
28748
28755
28756
28770
28774
28810
28817
28833
28839
28844
28855
28861
28865
28869
28876
28878
28879
28886
28897
28931
28937
28938
28939
28952
28980
28983
28987
28988
28991
29004
29012
29028
29046
29060
29074
29080
29088
29108
29109
29111
29119
29140
29141
29145
29147
29170
29175
29182
29186
29192
29214
29225
29233
29235
29246
29249
29255
29261
29264
29272
29281
29295
29299
29316
29330
29332
29337
29351
29390
29392
29401
29408
29425
29434
29436
29437
29453
29457
29458
29466
29471
29473
29474
29480
29485
29506
29509
29513
29516
29518
29531
29541
29543
29559
29563
29565
29569
29574
29578
29589
29591
29598
29602
29609
29623
29638
29654
29655
29688
29694
29702
29709
29714
29739
29750
29751
29780
29783
29785
29786
29788
29795
29797
29813
29817
29819
29821
29828
29829
29832
29873
29885
29891
29897
29901
29903
29910
29920
29940
29944
29948
29951
29953
29956
29960
29977
29983
29987
29992
29999
30001
30019
30028
30030
30033
30037
30040
30047
30059
30068
30089
30092
30106
30111
30117
30122
30125
30131
30134
30136
30140
30154
30157
30165
30167
30168
30172
30179
30191
30204
30208
30211
30215
30218
30222
30224
30229
30236
30248
30253
30271
30273
30280
30281
30288
30290
30298
30309
30312
30323
30325
30327
30344
30346
30348
30352
30360
30375
30382
30402
30414
30419
30433
30436
30438
30453
30456
30459
30472
30481
30484
30488
30496
30499
30517
30521
30541
30542
30584
30588
30593
30599
30613
30615
30617
30619
30628
30629
30630
30631
30639
30641
30654
30656
30666
30670
30679
30686
30688
30692
30695
30698
30736
30738
30746
30749
30753
30755
30757
30763
30766
30776
30779
30792
30806
30814
30822
30825
30828
30843
30850
30853
30858
30859
30865
30876
30882
30887
30889
30891
30901
30902
30904
30912
30913
30918
30920
30934
30939
30943
30954
30955
30958
30971
30980
30985
30995
31008
31010
31013
31025
31039
31041
31052
31058
31066
31068
31070
31072
31078
31084
31087
31088
31089
31096
31097
31099
31101
31104
31117
31126
31127
31141
31152
31159
31160
31161
31173
31187
31189
31194
31197
31203
31205
31212
31224
31240
31248
31250
31280
31288
31293
31296
31298
31303
31323
31332
31338
31341
31344
31345
31346
31365
31366
31376
31381
31386
31391
31400
31404
31409
31425
31427
31431
31434
31435
31440
31453
31461
31464
31470
31476
31477
31486
31493
31503
31504
31508
31510
31515
31516
31519
31526
31533
31538
31542
31543
31550
31555
31557
31561
31574
31583
31586
31593
31603
31605
31607
31610
31612
31613
31617
31620
31626
31627
31631
31637
31644
31645
31666
31669
31675
31677
31680
31685
31692
31695
31699
31701
31707
31709
31711
31725
31727
31731
31733
31735
31737
31749
31759
31764
31766
31772
31773
31782
31791
31804
31807
31811
31812
31815
31818
31821
31829
31830
31832
31850
31851
31853
31863
31874
31879
31885
31887
31892
31907
31910
31920
31921
31932
31935
31943
31956
31962
31966
31976
31994
32019
32020
32035
32042
32049
32050
32054
32068
32073
32074
32087
32090
32099
32100
32107
32108
32111
32114
32121
32124
32125
32131
32133
32142
32144
32145
32146
32156
32175
32180
32191
32192
32198
32202
32205
32209
32218
32220
32221
32224
32229
32242
32245
32247
32249
32250
32256
32262
32265
32271
32282
32284
32296
32303
32305
32314
32316
32319
32321
32325
32326
32334
32337
32343
32350
32352
32357
32362
32368
32369
32370
32376
32377
32379
32381
32390
32393
32396
32403
32420
32426
32440
32441
32455
32456
32463
32475
32479
32490
32498
32503
32507
32515
32517
32518
32523
32530
32533
32534
32535
32537
32540
32542
32555
32565
32567
32569
32571
32575
32576
32582
32586
32592
32596
32617
32619
32621
32630
32634
32636
32639
32641
32645
32649
32658
32665
32668
32671
32673
32692
32698
32702
32704
32705
32708
32709
32716
32724
32725
32731
32732
32737
32748
32750
32751
32753
32757
32763
32783
32786
32789
32794
32803
32808
32813
32823
32827
32840
32844
32850
32876
32877
32887
32888
32899
32901
32913
32920
32930
32935
32941
32944
32953
32966
32967
32981
32987
32995
32998
33006
33019
33020
33023
33024
33025
33027
33040
33048
33060
33065
33069
33076
33081
33083
33084
33094
33096
33098
33111
33113
33120
33125
33128
33130
33131
33132
33137
33143
33147
33148
33149
33151
33152
33154
33155
33162
33166
33170
33177
33195
33203
33214
33222
33223
33224
33225
33227
33232
33233
33238
33240
33253
33256
33259
33262
33269
33271
33284
33288
33289
33291
33297
33304
33306
33308
33313
33315
33320
33322
33326
33329
33331
33333
33337
33339
33340
33345
33351
33352
33354
33355
33363
33367
33373
33374
33375
33381
33382
33390
33393
33394
33395
33401
33403
33407
33410
33412
33421
33427
33435
33436
33437
33440
33441
33451
33453
33456
33457
33458
33460
33462
33463
33465
33473
33474
33477
33479
33480
33483
33488
33489
33491
33493
33494
33499
33500
33506
33509
33518
33519
33522
33525
33530
33531
33532
33539
33543
33545
33550
33551
33552
33554
33555
33557
33561
33565
33566
33567
33568
33569
33575
33576
33577
33578
33590
33591
33592
33593
33594
33595
33596
33597
33598
33599
33600
33601
33602
33603
33604
33605
33606
33607
33608
33635
33644
33646
33658
33661
33662
33663
33670
33672
33674
33677
33678
33686
33689
33693
33694
33697
33701
33703
33709
33712
33723
33724
33727
33732
33734
33736
33737
33741
33745
33746
33749
33751
33752
33753
33755
33757
33758
33760
33761
33764
33765
33772
33778
33779
33782
33784
33786
33790
33792
33797
33798
33800
33801
33803
33805
33811
33812
33815
33817
33821
33822
33825
33826
33828
33832
33834
33841
33844
33849
33857
33861
33866
33867
33870
33873
33874
33882
33888
33890
33896
33903
33904
33905
33911
33917
33918
33924
33925
33933
33935
33943
33945
33947
33953
33957
33961
33966
33970
33971
33974
33989
33992
33996
34004
34005
34008
34012
34013
34015
34018
34026
34033
34034
34035
34041
34043
34046
34059
34062
34069
34072
34076
34078
34081
34082
34084
34085
34091
34101
34103
34107
34109
34110
34116
34117
34123
34128
34133
34135
34136
34137
34146
34149
34150
34152
34153
34155
34168
34170
34171
34172
34178
34184
34198
34201
34207
34212
34213
34219
34230
34231
34232
34234
34250
34254
34255
34257
34258
34261
34263
34267
34268
34271
34274
34278
34280
34285
34286
34293
34295
34300
34311
34315
34316
34317
34318
34319
34325
34335
34337
34340
34342
34343
34352
34355
34356
34357
34358
34360
34362
34366
34369
34371
34372
34380
34381
34382
34383
34386
34394
34396
34400
34407
34418
34421
34426
34427
34433
34436
34439
34444
34447
34450
34451
34452
34453
34455
34456
34457
34458
34462
34465
34467
34471
34475
34476
34478
34484
34486
34487
34489
34494
34497
34500
34505
34506
34510
34511
34512
34521
34529
34546
34551
34562
34564
34568
34570
34576
34581
34583
34599
34603
34606
34607
34614
34616
34620
34621
34632
34636
34654
34657
34662
34663
34670
34672
34673
34675
34677
34680
34688
34689
34700
34702
34708
34735
34739
34747
34748
34750
34754
34755
34756
34759
34771
34772
34781
34782
34784
34785
34786
34788
34790
34791
34792
34793
34794
34796
34806
34813
34814
34818
34820
34822
34826
34827
34830
34831
34835
34839
34840
34843
34844
34849
34850
34853
34854
34855
34856
34858
34860
34867
34868
34869
34872
34873
34874
34879
34880
34883
34885
34894
34895
34896
34897
34902
34905
34917
34919
34924
34926
34934
34939
34942
34945
34947
34958
34959
34962
34963
34966
34967
34972
34973
34975
34976
34978
34982
34987
34994
35008
35014
35015
35017
35019
35032
35052
35060
35064
35066
35071
35073
35076
35081
35091
35114
35116
35121
35127
35128
35129
35131
35136
35137
35143
35144
35150
35152
35157
35158
35160
35165
35168
35169
35170
35175
35179
35183
35185
35190
35191
35194
35195
35196
35203
35205
35213
35216
35221
35223
35228
35232
35233
35236
35237
35239
35245
35247
35249
35258
35260
35263
35267
35283
35284
35286
35299
35300
35304
35307
35310
35311
35316
35317
35322
35329
35338
35347
35349
35351
35352
35357
35360
35361
35363
35366
35371
35372
35376
35385
35393
35396
35399
35404
35408
35411
35413
35415
35416
35418
35419
35421
35425
35428
35440
35442
35444
35445
35448
35461
35462
35467
35471
35476
35479
35481
35483
35485
35489
35496
35500
35502
35508
35509
35510
35516
35519
35520
35523
35524
35528
35529
35535
35541
35542
35543
35544
35546
35548
35554
35556
35559
35561
35568
35571
35575
35578
35585
35586
35587
35593
35596
35597
35601
35606
35608
35616
35621
35626
35627
35628
35629
35635
35650
35654
35656
35657
35670
35681
35682
35688
35690
35695
35696
35702
35706
35707
35715
35717
35718
35719
35720
35721
35723
35726
35728
35729
35730
35732
35737
35738
35739
35744
35748
35750
35753
35754
35760
35762
35768
35770
35772
35798
35803
35807
35821
35823
35843
35847
35859
35863
35865
35867
35869
35870
35872
35876
35877
35878
35882
35888
35889
35891
35893
35898
35901
35903
35905
35906
35911
35920
35922
35924
35926
35928
35931
35934
35936
35937
35939
35940
35944
35945
35955
35956
35962
35963
35965
35967
35968
35971
35973
35978
35982
35983
35991
35992
35998
35999
36000
36010
36017
36024
36025
36026
36032
36034
36039
36041
36043
36045
36046
36057
36059
36061
36063
36066
36073
36077
36080
36081
36083
36085
36086
36089
36093
36097
36098
36106
36107
36108
36112
36116
36117
36121
36124
36127
36135
36138
36139
36152
36159
36161
36172
36174
36180
36184
36187
36191
36192
36193
36194
36197
36198
36199
36200
36206
36210
36211
36214
36215
36225
36226
36234
36235
36238
36242
36247
36249
36250
36252
36258
36261
36262
36266
36270
36271
36275
36279
36281
36291
36293
36298
36299
36302
36309
36311
36319
36323
36327
36340
36344
36345
36350
36352
36357
36361
36364
36369
36377
36379
36380
36381
36384
36385
36388
36393
36399
36401
36402
36411
36418
36422
36424
36427
36429
36434
36441
36450
36453
36464
36467
36468
36470
36472
36477
36481
36487
36489
36493
36496
36499
36501
36502
36504
36513
36515
36519
36521
36526
36529
36530
36532
36533
36536
36553
36554
36559
36566
36572
36573
36575
36576
36580
36593
36594
36595
36596
36598
36599
36601
36602
36604
36610
36618
36626
36642
36643
36644
36646
36647
36652
36655
36657
36661
36664
36670
36673
36682
36687
36695
36696
36697
36704
36706
36710
36713
36715
36719
36723
36731
36748
36749
36757
36758
36759
36760
36763
36772
36773
36776
36777
36778
36779
36781
36783
36786
36790
36794
36800
36806
36809
36813
36816
36822
36825
36826
36832
36835
36844
36853
36857
36858
36862
36867
36869
36870
36871
36872
36873
36878
36886
36891
36892
36903
36907
36908
36912
36917
36918
36919
36922
36927
36928
36929
36931
36935
36944
36952
36953
36956
36963
36968
36972
36979
36980
36984
36985
36992
36993
36994
36995
37002
37026
37028
37032
37034
37039
37040
37043
37045
37049
37050
37053
37054
37056
37063
37069
37070
37075
37078
37086
37087
37089
37091
37093
37110
37111
37116
37120
37122
37130
37132
37144
37145
37146
37149
37152
37155
37163
37167
37168
37173
37177
37178
37179
37181
37188
37192
37193
37194
37209
37213
37216
37217
37220
37221
37222
37228
37232
37235
37237
37238
37253
37254
37257
37259
37263
37271
37280
37288
37295
37302
37312
37316
37318
37321
37322
37325
37334
37344
37345
37346
37348
37356
37358
37362
37367
37369
37371
37374
37375
37376
37382
37383
37392
37398
37401
37402
37404
37408
37417
37421
37426
37429
37432
37434
37437
37439
37442
37445
37448
37453
37456
37461
37462
37463
37464
37474
37476
37477
37482
37485
37487
37493
37494
37495
37497
37504
37506
37508
37510
37511
37512
37513
37517
37519
37522
37526
37532
37534
37537
37542
37546
37554
37556
37558
37559
37568
37571
37573
37579
37580
37582
37583
37584
37588
37593
37594
37595
37599
37609
37612
37613
37618
37635
37636
37638
37640
37649
37650
37652
37662
37666
37669
37673
37675
37692
37693
37696
37697
37700
37704
37706
37708
37709
37713
37718
37723
37724
37730
37731
37735
37739
37748
37749
37752
37755
37756
37759
37760
37763
37767
37769
37770
37772
37775
37784
37785
37786
37788
37790
37793
37794
37797
37802
37805
37807
37816
37817
37818
37819
37820
37823
37827
37834
37837
37842
37848
37855
37861
37873
37874
37877
37883
37886
37888
37890
37901
37902
37905
37906
37910
37911
37916
37929
37930
37931
37935
37942
37944
37955
37956
37963
37964
37965
37972
37984
37986
37987
37988
37990
37994
37996
38001
38004
38005
38012
38024
38025
38032
38033
38043
38047
38049
38053
38054
38056
38061
38065
38066
38073
38080
38081
38084
38085
38088
38089
38090
38093
38095
38099
38101
38102
38103
38106
38107
38108
38109
38111
38116
38117
38118
38120
38127
38128
38131
38137
38146
38149
38151
38152
38155
38157
38158
38163
38166
38171
38174
38176
38181
38183
38187
38200
38203
38210
38211
38212
38214
38219
38225
38236
38238
38240
38241
38252
38255
38263
38266
38270
38271
38272
38273
38274
38275
38276
38278
38280
38283
38287
38295
38297
38301
38307
38313
38317
38320
38329
38330
38332
38334
38344
38345
38358
38359
38363
38371
38372
38374
38375
38381
38384
38385
38386
38387
38389
38390
38395
38396
38405
38408
38411
38414
38417
38422
38426
38433
38437
38440
38441
38442
38443
38444
38446
38450
38455
38456
38457
38462
38464
38467
38468
38469
38477
38479
38486
38488
38489
38490
38491
38494
38502
38504
38505
38509
38514
38516
38517
38519
38520
38521
38525
38537
38539
38542
38545
38547
38548
38550
38553
38560
38564
38568
38569
38572
38575
38577
38578
38579
38580
38582
38583
38587
38590
38592
38595
38596
38599
38601
38602
38605
38606
38607
38611
38612
38613
38614
38615
38616
38618
38619
38621
38623
38626
38631
38634
38636
38640
38642
38645
38650
38652
38658
38660
38661
38664
38665
38666
38667
38671
38674
38690
38694
38700
38702
38707
38712
38713
38715
38720
38721
38724
38725
38726
38728
38733
38735
38737
38738
38740
38745
38749
38751
38754
38756
38758
38763
38764
38768
38769
38770
38772
38774
38776
38780
38781
38785
38787
38792
38797
38798
38804
38808
38812
38813
38816
38823
38825
38835
38836
38840
38843
38844
38846
38847
38851
38856
38865
38870
38875
38876
38877
38880
38883
38886
38890
38901
38903
38910
38918
38920
38925
38932
38935
38937
38938
38944
38946
38948
38950
38951
38955
38956
38957
38974
38976
38979
38984
38985
38991
38996
39001
39006
39008
39010
39011
39013
39014
39015
39018
39023
39027
39030
39031
39038
39039
39042
39044
39046
39047
39051
39055
39058
39059
39060
39062
39063
39064
39065
39066
39068
39069
39070
39079
39081
39082
39085
39086
39087
39088
39090
39092
39099
39104
39107
39109
39110
39115
39118
39134
39138
39140
39141
39146
39147
39154
39155
39157
39160
39161
39162
39163
39166
39169
39174
39177
39179
39180
39183
39184
39185
39194
39198
39200
39202
39207
39208
39211
39214
39217
39218
39220
39221
39226
39227
39230
39231
39236
39237
39239
39245
39246
39248
39249
39255
39260
39262
39268
39272
39275
39284
39290
39298
39300
39301
39303
39304
39305
39307
39309
39315
39316
39318
39319
39322
39323
39326
39327
39332
39333
39336
39337
39341
39345
39346
39348
39357
39361
39363
39365
39366
39373
39378
39379
39393
39394
39395
39402
39409
39410
39411
39412
39413
39417
39421
39424
39426
39427
39430
39436
39438
39444
39448
39452
39453
39455
39460
39464
39466
39469
39476
39477
39478
39479
39481
39484
39485
39487
39488
39489
39490
39491
39492
39493
39494
39496
39497
39499
39507
39510
39513
39515
39517
39519
39520
39523
39524
39528
39532
39534
39535
39537
39541
39543
39544
39545
39548
39550
39552
39559
39560
39561
39562
39563
39564
39565
39566
39569
39570
39571
39572
39574
39576
39577
39578
39580
39583
39586
39591
39593
39596
39600
39604
39609
39614
39618
39619
39620
39628
39632
39648
39652
39654
39655
39660
39661
39666
39668
39671
39672
39673
39675
39680
39685
39688
39690
39693
39702
39708
39710
39712
39715
39717
39722
39723
39725
39726
39734
39735
39737
39738
39742
39750
39751
39754
39755
39756
39757
39758
39763
39770
39774
39775
39777
39778
39780
39782
39790
39794
39795
39802
39805
39806
39807
39811
39815
39823
39824
39831
39833
39834
39839
39851
39852
39853
39860
39868
39881
39890
39891
39893
39895
39896
39897
39900
39903
39911
39919
39920
39923
39927
39929
39932
39934
39935
39936
39939
39942
39945
39946
39948
39949
39951
39952
39956
39963
39967
39970
39972
39974
39978
39981
39983
39985
39988
39990
39993
39997
39998
40001
40002
40003
40006
40009
40010
40011
40018
40019
40020
40022
40024
40027
40028
40029
40033
40039
40046
40049
40052
40057
40059
40060
40061
40065
40067
40071
40075
40076
40079
40082
40083
40089
40090
40093
40094
40096
40097
40099
40104
40106
40108
40109
40111
40112
40119
40121
40124
40125
40129
40136
40137
40138
40141
40143
40145
40150
40152
40153
40156
40160
40161
40163
40170
40173
40175
40177
40178
40179
40180
40187
40188
40189
40191
40192
40194
40195
40199
40201
40202
40209
40214
40215
40217
40218
40219
40224
40232
40235
40237
40240
40241
40247
40250
40251
40253
40256
40259
40261
40264
40266
40267
40273
40274
40275
40276
40277
40278
40279
40285
40287
40288
40290
40292
40296
40299
40300
40301
40303
40305
40308
40309
40310
40313
40322
40324
40328
40329
40338
40339
40340
40344
40347
40350
40352
40354
40358
40360
40361
40362
40363
40365
40369
40372
40375
40377
40380
40383
40386
40388
40393
40394
40396
40399
40401
40405
40406
40407
40409
40410
40411
40415
40416
40418
40430
40432
40433
40437
40442
40444
40450
40451
40458
40459
40462
40466
40467
40469
40471
40476
40479
40483
40494
40498
40500
40502
40505
40506
40508
40509
40511
40512
40516
40519
40522
40523
40524
40529
40531
40536
40538
40546
40547
40549
40551
40559
40562
40563
40565
40566
40571
40575
40578
40581
40582
40583
40586
40587
40594
40595
40598
40600
40601
40604
40608
40609
40610
40613
40614
40617
40618
40619
40621
40622
40627
40630
40631
40633
40635
40636
40638
40640
40642
40643
40644
40647
40648
40650
40654
40655
40657
40660
40661
40662
40669
40675
40677
40678
40681
40685
40687
40690
40691
40693
40698
40699
40702
40705
40706
40707
40711
40712
40713
40717
40724
40729
40730
40736
40741
40743
40749
40752
40755
40764
40766
40768
40771
40773
40774
40777
40780
40787
40791
40792
40794
40797
40801
40808
40811
40813
40817
40822
40823
40826
40828
40829
40831
40835
40837
40840
40843
40845
40848
40850
40851
40853
40857
40867
40870
40871
40874
40876
40878
40882
40890
40892
40895
40896
40897
40898
40901
40904
40906
40911
40923
40925
40928
40936
40942
40945
40947
40954
40958
40959
40967
40969
40970
40972
40973
40976
40978
40982
40987
40991
40995
41000
41001
41004
41009
41010
41012
41021
41032
41038
41040
41042
41043
41044
41051
41055
41057
41061
41062
41069
41076
41081
41083
41085
41086
41089
41094
41100
41101
41105
41106
41110
41118
41119
41120
41121
41125
41126
41128
41130
41131
41132
41133
41139
41141
41144
41145
41147
41148
41149
41151
41154
41157
41163
41164
41166
41167
41168
41171
41173
41176
41178
41181
41184
41188
41192
41199
41201
41204
41206
41207
41210
41211
41212
41214
41218
41226
41231
41232
41235
41238
41248
41249
41255
41257
41259
41260
41261
41266
41270
41272
41278
41279
41284
41286
41287
41289
41290
41295
41296
41298
41303
41304
41305
41307
41308
41310
41313
41318
41320
41323
41325
41326
41332
41334
41341
41345
41349
41354
41358
41361
41367
41369
41371
41378
41388
41390
41391
41396
41400
41414
41416
41418
41425
41426
41427
41432
41435
41438
41441
41442
41444
41445
41447
41449
41450
41456
41457
41458
41466
41467
41480
41483
41484
41491
41492
41493
41495
41498
41501
41504
41511
41513
41515
41527
41528
41529
41532
41533
41537
41540
41543
41544
41549
41559
41561
41566
41568
41569
41573
41586
41591
41593
41597
41600
41602
41608
41610
41611
41612
41613
41614
41615
41624
41625
41626
41629
41631
41637
41639
41642
41646
41647
41648
41649
41651
41652
41653
41654
41656
41663
41664
41669
41671
41674
41675
41676
41677
41679
41688
41691
41693
41700
41702
41707
41710
41713
41720
41722
41723
41725
41727
41730
41731
41733
41734
41736
41738
41743
41747
41748
41750
41751
41752
41753
41754
41759
41766
41768
41769
41770
41776
41784
41786
41788
41789
41793
41796
41799
41800
41801
41802
41803
41805
41807
41808
41809
41810
41814
41815
41823
41827
41828
41831
41832
41835
41837
41842
41843
41848
41854
41855
41858
41859
41869
41872
41878
41879
41880
41887
41895
41901
41902
41905
41907
41909
41911
41912
41914
41916
41919
41920
41922
41926
41929
41932
41937
41939
41941
41946
41947
41952
41958
41968
41976
41977
41978
41980
41984
41987
41989
41994
41997
42000
42008
42012
42015
42022
42025
42028
42031
42033
42034
42043
42051
42055
42057
42058
42063
42064
42065
42068
42070
42071
42074
42075
42078
42081
42085
42088
42091
42095
42098
42101
42102
42103
42105
42107
42108
42110
42117
42119
42135
42137
42139
42144
42146
42148
42149
42151
42153
42157
42158
42163
42170
42175
42179
42180
42183
42184
42186
42188
42190
42194
42202
42204
42205
42207
42215
42217
42228
42234
42240
42241
42243
42244
42249
42251
42256
42258
42259
42260
42265
42272
42273
42280
42286
42287
42292
42302
42305
42308
42309
42312
42316
42324
42331
42334
42337
42339
42340
42344
42348
42349
42356
42358
42360
42361
42363
42364
42365
42366
42370
42372
42375
42376
42378
42380
42381
42383
42385
42386
42387
42388
42406
42408
42409
42417
42420
42422
42424
42426
42441
42444
42445
42446
42448
42450
42455
42456
42459
42461
42463
42466
42473
42475
42482
42486
42489
42499
42500
42507
42509
42510
42511
42513
42516
42519
42525
42527
42529
42536
42539
42540
42542
42544
42545
42547
42548
42550
42554
42558
42559
42563
42565
42566
42569
42572
42573
42584
42586
42587
42588
42600
42601
42603
42612
42613
42614
42617
42620
42626
42630
42631
42635
42650
42655
42657
42658
42666
42669
42672
42676
42679
42682
42686
42690
42692
42693
42696
42697
42698
42700
42701
42705
42709
42714
42719
42721
42722
42725
42726
42730
42731
42732
42740
42743
42745
42754
42757
42760
42761
42765
42766
42776
42780
42782
42786
42788
42797
42800
42802
42804
42805
42807
42814
42815
42821
42826
42828
42829
42841
42846
42847
42852
42855
42857
42858
42859
42864
42866
42867
42874
42877
42879
42880
42881
42885
42890
42892
42893
42896
42904
42907
42909
42913
42916
42920
42921
42924
42925
42930
42934
42941
42945
42948
42950
42954
42957
42960
42961
42963
42966
42969
42971
42974
42980
42983
42984
42985
42986
42989
42991
42992
43001
43003
43004
43008
43011
43014
43016
43017
43018
43019
43021
43023
43025
43027
43029
43031
43035
43036
43037
43041
43047
43048
43056
43057
43070
43075
43081
43087
43088
43092
43094
43100
43112
43115
43122
43124
43128
43131
43133
43137
43139
43157
43158
43159
43167
43171
43174
43178
43180
43183
43186
43192
43203
43204
43206
43208
43209
43211
43213
43215
43217
43219
43223
43232
43237
43238
43239
43244
43248
43249
43250
43254
43260
43265
43271
43273
43274
43277
43279
43288
43290
43291
43313
43314
43320
43330
43333
43334
43338
43339
43342
43345
43347
43350
43356
43358
43365
43366
43368
43370
43371
43372
43377
43378
43381
43382
43390
43391
43392
43393
43396
43397
43398
43402
43405
43406
43407
43410
43411
43413
43415
43420
43422
43427
43428
43430
43436
43439
43441
43443
43445
43450
43463
43471
43479
43481
43488
43498
43499
43501
43502
43504
43507
43511
43512
43513
43514
43519
43521
43532
43533
43535
43536
43539
43548
43553
43556
43561
43562
43563
43565
43572
43575
43578
43582
43586
43588
43589
43592
43595
43596
43597
43600
43608
43609
43610
43611
43615
43617
43624
43629
43630
43631
43632
43634
43636
43637
43642
43643
43646
43651
43659
43660
43662
43671
43675
43676
43677
43691
43696
43699
43700
43704
43705
43706
43709
43710
43711
43713
43717
43722
43726
43729
43732
43734
43739
43742
43744
43745
43746
43748
43749
43750
43752
43757
43760
43763
43766
43768
43770
43774
43775
43777
43779
43780
43783
43786
43792
43794
43797
43798
43799
43801
43802
43806
43811
43814
43820
43821
43824
43826
43827
43829
43831
43832
43837
43838
43841
43842
43843
43845
43850
43852
43855
43859
43862
43863
43866
43868
43869
43872
43874
43875
43877
43885
43886
43887
43888
43889
43890
43892
43893
43894
43895
43896
43899
43903
43904
43907
43908
43911
43913
43915
43917
43919
43929
43930
43931
43932
43939
43943
43944
43952
43953
43954
43956
43964
43970
43972
43973
43974
43975
43976
43977
43978
43980
43984
43985
43986
43987
43990
43995
43996
43997
44000
44004
44007
44012
44017
44018
44022
44023
44025
44026
44033
44034
44037
44039
44043
44047
44049
44051
44054
44061
44062
44066
44073
44079
44081
44089
44091
44095
44096
44101
44103
44107
44108
44111
44120
44122
44128
44134
44136
44139
44140
44145
44147
44149
44151
44154
44155
44156
44157
44164
44169
44170
44172
44173
44185
44186
44198
44201
44208
44209
44216
44218
44221
44222
44231
44237
44241
44246
44249
44250
44252
44255
44256
44260
44264
44267
44269
44273
44282
44283
44285
44292
44294
44300
44301
44304
44309
44310
44313
44319
44320
44322
44324
44326
44327
44329
44337
44339
44344
44346
44350
44358
44362
44363
44364
44366
44368
44371
44377
44379
44385
44386
44393
44395
44396
44397
44398
44399
44401
44402
44409
44413
44414
44431
44436
44442
44445
44446
44450
44451
44456
44458
44464
44470
44478
44486
44490
44491
44495
44496
44497
44498
44500
44501
44508
44514
44516
44520
44522
44534
44535
44537
44538
44539
44542
44548
44550
44551
44553
44555
44557
44562
44564
44566
44569
44570
44572
44578
44581
44582
44586
44589
44593
44597
44598
44601
44602
44603
44605
44609
44613
44624
44629
44632
44634
44636
44643
44645
44648
44653
44657
44659
44660
44661
44664
44667
44670
44676
44677
44687
44690
44694
44696
44699
44702
44714
44717
44723
44724
44728
44729
44730
44731
44734
44736
44737
44738
44743
44751
44756
44758
44760
44761
44766
44769
44772
44774
44775
44779
44781
44782
44784
44787
44788
44791
44794
44796
44811
44813
44814
44816
44820
44822
44824
44826
44829
44830
44832
44835
44837
44839
44842
44844
44846
44849
44850
44856
44857
44860
44864
44865
44868
44875
44879
44884
44885
44886
44888
44891
44898
44900
44901
44904
44905
44906
44907
44908
44910
44917
44930
44931
44933
44935
44937
44940
44942
44943
44944
44949
44950
44951
44953
44955
44958
44960
44969
44970
44973
44975
44978
44979
44984
44985
44988
44993
44994
44996
44997
45004
45006
45008
45011
45012
45014
45015
45017
45022
45023
45025
45029
45031
45042
45043
45045
45050
45051
45055
45057
45058
45065
45066
45068
45069
45070
45078
45080
45084
45092
45095
45096
45102
45107
45117
45119
45121
45128
45132
45136
45140
45141
45142
45143
45144
45147
45165
45167
45170
45174
45186
45187
45189
45199
45202
45203
45205
45225
45227
45229
45235
45240
45243
45253
45260
45262
45264
45266
45267
45268
45269
45281
45282
45288
45295
45296
45298
45300
45307
45311
45314
45315
45321
45325
45326
45328
45329
45334
45336
45337
45339
45341
45347
45350
45352
45353
45366
45367
45368
45370
45373
45374
45377
45378
45383
45388
45390
45393
45396
45397
45401
45404
45406
45407
45414
45420
45421
45425
45429
45430
45431
45432
45437
45445
45446
45450
45453
45454
45457
45463
45470
45471
45475
45476
45477
45479
45486
45495
45497
45499
45501
45504
45511
45512
45514
45515
45518
45524
45525
45526
45536
45538
45540
45542
45543
45544
45546
45547
45549
45560
45565
45572
45580
45584
45585
45601
45604
45607
45609
45610
45615
45617
45621
45624
45625
45628
45629
45632
45640
45644
45646
45648
45649
45650
45653
45656
45657
45658
45659
45661
45663
45665
45669
45670
45672
45677
45683
45684
45688
45693
45697
45699
45701
45707
45710
45711
45715
45716
45720
45726
45732
45740
45742
45743
45745
45746
45750
45758
45761
45762
45767
45770
45771
45772
45783
45784
45787
45789
45790
45791
45795
45797
45798
45801
45807
45808
45812
45814
45821
45822
45823
45825
45826
45827
45837
45840
45844
45848
45849
45851
45854
45864
45868
45869
45870
45873
45881
45883
45888
45890
45892
45895
45897
45898
45899
45900
45905
45906
45909
45911
45912
45915
45916
45921
45923
45931
45937
45943
45944
45945
45946
45953
45957
45958
45968
45969
45971
45973
45976
45980
45982
45984
45989
45994
45999
46004
46015
46016
46029
46030
46034
46038
46048
46050
46052
46053
46056
46059
46061
46064
46068
46071
46073
46076
46078
46079
46085
46089
46103
46105
46107
46109
46112
46114
46120
46125
46126
46127
46138
46149
46155
46156
46160
46162
46164
46167
46169
46171
46181
46189
46190
46193
46198
46205
46206
46212
46213
46214
46215
46217
46219
46220
46226
46227
46228
46231
46232
46246
46254
46256
46263
46265
46272
46278
46281
46283
46284
46288
46294
46295
46297
46300
46309
46316
46324
46325
46327
46332
46337
46341
46347
46348
46355
46358
46360
46363
46370
46371
46372
46383
46391
46396
46403
46404
46409
46413
46414
46415
46416
46418
46421
46423
46425
46428
46430
46431
46432
46438
46439
46441
46449
46452
46455
46456
46466
46467
46472
46482
46493
46494
46498
46502
46506
46510
46516
46520
46528
46531
46532
46538
46551
46552
46553
46556
46562
46564
46571
46575
46577
46581
46591
46593
46598
46599
46603
46604
46605
46612
46613
46624
46625
46635
46637
46639
46640
46647
46648
46649
46656
46657
46659
46663
46666
46672
46673
46674
46675
46676
46679
46683
46685
46686
46687
46689
46707
46708
46711
46712
46714
46723
46724
46725
46728
46733
46734
46740
46743
46744
46746
46748
46750
46753
46755
46763
46766
46767
46771
46775
46776
46778
46796
46798
46805
46809
46811
46814
46815
46818
46819
46820
46821
46823
46826
46828
46829
46834
46837
46838
46839
46840
46841
46842
46846
46849
46850
46851
46854
46859
46860
46862
46863
46864
46869
46871
46873
46878
46883
46887
46888
46889
46894
46899
46904
46917
46919
46929
46930
46935
46939
46940
46950
46957
46959
46961
46962
46963
46964
46965
46970
46972
46976
46977
46984
46993
46995
46998
47000
47002
47005
47013
47014
47021
47023
47024
47028
47037
47042
47045
47049
47052
47058
47061
47074
47075
47088
47094
47098
47101
47110
47113
47115
47121
47122
47125
47127
47133
47134
47137
47138
47142
47143
47150
47153
47159
47160
47164
47167
47177
47180
47181
47187
47190
47191
47195
47197
47198
47204
47207
47210
47214
47221
47223
47227
47230
47231
47239
47244
47247
47256
47258
47260
47264
47270
47272
47280
47285
47290
47291
47296
47298
47299
47307
47309
47310
47323
47325
47327
47328
47330
47332
47335
47341
47342
47345
47347
47350
47351
47360
47362
47366
47367
47368
47369
47371
47373
47374
47384
47385
47390
47395
47396
47397
47401
47405
47413
47416
47422
47423
47424
47433
47438
47439
47441
47442
47444
47449
47458
47463
47464
47466
47467
47468
47481
47482
47485
47493
47498
47500
47505
47513
47516
47518
47520
47522
47525
47526
47529
47536
47541
47544
47547
47548
47553
47554
47570
47573
47577
47579
47582
47583
47585
47587
47592
47598
47599
47602
47603
47605
47614
47616
47619
47621
47622
47624
47626
47630
47631
47638
47639
47645
47646
47650
47654
47655
47656
47658
47666
47671
47672
47673
47683
47684
47686
47690
47692
47695
47697
47699
47700
47705
47711
47719
47724
47725
47729
47731
47732
47733
47735
47736
47744
47748
47751
47754
47759
47770
47775
47777
47778
47780
47782
47811
47813
47819
47822
47825
47826
47829
47830
47832
47835
47842
47859
47868
47870
47872
47874
47876
47877
47883
47885
47891
47894
47897
47904
47909
47932
47934
47937
47939
47943
47944
47946
47947
47948
47951
47957
47958
47962
47968
47969
47974
47976
47985
47986
47990
47991
47992
48003
48007
48010
48014
48016
48020
48025
48029
48034
48036
48037
48039
48044
48052
48053
48054
48056
48058
48059
48061
48070
48086
48092
48094
48095
48096
48098
48099
48101
48105
48111
48113
48115
48116
48120
48124
48125
48126
48127
48134
48136
48137
48139
48143
48144
48145
48146
48147
48150
48151
48154
48156
48160
48161
48163
48164
48168
48172
48174
48179
48180
48182
48184
48185
48189
48193
48199
48204
48206
48211
48216
48219
48220
48221
48222
48229
48233
48237
48241
48246
48252
48257
48265
48280
48281
48287
48289
48297
48299
48305
48307
48312
48323
48326
48327
48337
48338
48345
48348
48351
48354
48355
48357
48362
48370
48371
48372
48380
48383
48392
48394
48402
48406
48408
48410
48412
48417
48423
48424
48427
48429
48431
48435
48440
48441
48447
48452
48453
48454
48456
48458
48459
48461
48463
48465
48466
48469
48476
48484
48485
48488
48494
48500
48501
48503
48513
48514
48515
48520
48523
48530
48533
48535
48540
48547
48551
48553
48556
48559
48560
48561
48568
48581
48583
48591
48592
48594
48597
48599
48603
48604
48605
48608
48609
48610
48615
48619
48624
48628
48633
48642
48646
48649
48650
48652
48656
48658
48659
48661
48664
48672
48675
48678
48679
48685
48687
48688
48689
48690
48691
48692
48696
48697
48700
48702
48703
48705
48709
48710
48712
48718
48722
48723
48724
48728
48731
48736
48745
48747
48749
48750
48754
48759
48764
48767
48768
48769
48770
48772
48776
48781
48782
48790
48792
48797
48808
48810
48812
48819
48831
48833
48836
48837
48841
48842
48846
48851
48852
48855
48858
48859
48861
48863
48875
48878
48880
48881
48884
48890
48891
48893
48899
48913
48917
48919
48928
48935
48936
48941
48942
48947
48950
48951
48954
48955
48957
48963
48968
48972
48974
48980
48983
48989
48996
49002
49005
49006
49008
49009
49010
49015
49018
49020
49024
49030
49034
49035
49037
49038
49041
49043
49045
49050
49053
49059
49060
49061
49070
49076
49078
49079
49088
49089
49092
49100
49104
49109
49114
49116
49122
49125
49143
49145
49146
49149
49153
49156
49157
49159
49160
49161
49162
49163
49165
49172
49174
49176
49177
49182
49184
49188
49209
49216
49219
49220
49221
49225
49232
49233
49234
49240
49244
49245
49251
49267
49271
49273
49276
49283
49288
49295
49301
49303
49305
49306
49312
49313
49314
49325
49329
49330
49339
49341
49347
49354
49355
49356
49360
49361
49364
49365
49367
49373
49377
49380
49388
49391
49396
49397
49408
49419
49424
49425
49430
49435
49443
49447
49467
49469
49472
49474
49476
49477
49483
49484
49486
49489
49492
49495
49498
49500
49501
49506
49508
49511
49514
49515
49516
49519
49521
49523
49529
49530
49539
49540
49541
49543
49545
49546
49548
49550
49551
49552
49558
49559
49560
49562
49563
49564
49567
49570
49577
49591
49593
49594
49599
49602
49603
49604
49611
49615
49616
49617
49619
49620
49626
49630
49631
49637
49638
49640
49644
49645
49648
49649
49652
49654
49656
49658
49659
49664
49666
49668
49672
49675
49676
49677
49682
49684
49686
49690
49692
49693
49694
49696
49702
49705
49713
49722
49723
49728
49732
49734
49748
49750
49752
49753
49755
49758
49759
49766
49768
49775
49777
49780
49784
49785
49786
49787
49792
49801
49809
49810
49811
49812
49820
49822
49823
49827
49829
49830
49835
49837
49838
49839
49842
49849
49850
49853
49857
49862
49871
49873
49880
49881
49882
49884
49887
49894
49895
49896
49900
49903
49907
49908
49909
49916
49917
49932
49956
49962
49965
49979
49980
49981
49982
49987
49988
49989
49994
49995
49997
49998
50001
50005
50006
50010
50011
50013
50016
50017
50021
50022
50024
50025
50027
50028
50029
50030
50032
50034
50035
50039
50050
50059
50060
50061
50065
50075
50079
50080
50088
50093
50101
50103
50105
50109
50112
50119
50123
50133
50136
50141
50146
50153
50156
50160
50162
50166
50169
50172
50176
50180
50184
50185
50187
50188
50191
50199
50204
50205
50206
50210
50215
50220
50221
50225
50228
50231
50233
50235
50237
50238
50250
50252
50254
50261
50263
50265
50267
50271
50273
50274
50280
50281
50286
50288
50290
50292
50293
50294
50296
50297
50299
50304
50308
50310
50312
50313
50317
50318
50320
50321
50323
50328
50334
50336
50339
50340
50342
50345
50349
50355
50358
50360
50362
50363
50368
50371
50374
50377
50380
50386
50388
50391
50392
50397
50403
50404
50410
50418
50419
50422
50427
50428
50429
50431
50432
50434
50440
50443
50444
50446
50456
50459
50460
50463
50469
50480
50485
50487
50490
50498
50500
50503
50511
50514
50515
50517
50518
50519
50523
50524
50533
50537
50538
50539
50546
50554
50556
50564
50573
50574
50575
50576
50585
50589
50594
50602
50603
50608
50620
50621
50622
50626
50629
50636
50638
50639
50642
50645
50651
50652
50653
50657
50659
50661
50668
50671
50678
50692
50696
50699
50701
50702
50707
50711
50712
50719
50725
50730
50736
50738
50743
50744
50748
50749
50754
50755
50762
50766
50771
50773
50778
50781
50782
50783
50784
50786
50787
50790
50791
50793
50798
50799
50800
50802
50806
50810
50811
50812
50813
50823
50824
50829
50832
50838
50841
50843
50848
50851
50853
50855
50859
50862
50863
50866
50871
50876
50877
50884
50886
50887
50888
50890
50895
50896
50902
50907
50908
50915
50917
50919
50920
50922
50925
50931
50936
50942
50950
50952
50958
50966
50967
50973
50977
50978
50979
50980
50981
50986
50987
50989
50992
51003
51007
51021
51024
51036
51037
51041
51044
51046
51054
51056
51057
51059
51060
51062
51069
51073
51074
51080
51086
51091
51096
51097
51098
51105
51109
51114
51117
51118
51124
51127
51128
51135
51141
51142
51143
51147
51151
51152
51155
51160
51163
51164
51165
51168
51171
51174
51175
51176
51185
51187
51194
51197
51199
51202
51220
51221
51222
51223
51224
51225
51227
51231
51233
51242
51244
51249
51253
51256
51258
51259
51265
51267
51268
51271
51276
51277
51282
51283
51286
51288
51289
51291
51295
51303
51307
51308
51311
51313
51320
51326
51328
51334
51336
51339
51347
51349
51353
51356
51359
51364
51366
51370
51372
51377
51381
51382
51383
51386
51394
51396
51397
51398
51400
51403
51406
51408
51410
51414
51415
51416
51420
51423
51426
51428
51431
51432
51434
51437
51440
51445
51447
51449
51453
51454
51457
51458
51462
51476
51481
51482
51487
51489
51495
51498
51501
51502
51518
51519
51521
51533
51536
51540
51541
51544
51545
51553
51556
51557
51561
51563
51564
51569
51575
51581
51591
51601
51602
51604
51606
51613
51615
51616
51620
51636
51642
51647
51650
51653
51654
51660
51665
51666
51669
51670
51677
51682
51687
51689
51690
51693
51695
51696
51697
51701
51707
51711
51714
51716
51717
51727
51729
51733
51734
51740
51741
51742
51745
51750
51751
51760
51767
51769
51774
51776
51789
51792
51806
51812
51813
51815
51816
51817
51818
51822
51823
51826
51827
51830
51831
51834
51835
51836
51839
51840
51848
51852
51859
51860
51863
51868
51875
51879
51881
51882
51890
51891
51894
51899
51903
51906
51917
51918
51921
51923
51926
51927
51929
51931
51933
51934
51935
51942
51947
51952
51955
51957
51958
51965
51969
51977
51982
51985
51992
52000
52003
52004
52007
52011
52012
52015
52018
52029
52040
52043
52047
52048
52051
52062
52065
52067
52069
52075
52084
52085
52087
52091
52093
52094
52098
52100
52106
52113
52115
52117
52121
52123
52135
52137
52139
52140
52142
52144
52146
52149
52154
52160
52167
52173
52174
52177
52181
52182
52187
52189
52198
52204
52210
52212
52215
52218
52222
52230
52233
52243
52248
52249
52250
52251
52253
52254
52258
52262
52264
52266
52267
52269
52270
52273
52275
52277
52278
52280
52287
52293
52295
52297
52302
52306
52309
52310
52311
52313
52315
52321
52322
52324
52326
52330
52331
52332
52334
52336
52340
52341
52342
52343
52348
52354
52356
52358
52359
52360
52367
52370
52374
52375
52379
52383
52384
52385
52394
52401
52404
52405
52410
52411
52416
52420
52422
52424
52425
52426
52427
52428
52430
52434
52443
52444
52445
52449
52450
52453
52454
52457
52459
52465
52466
52468
52475
52477
52481
52484
52499
52500
52507
52511
52515
52516
52517
52520
52528
52530
52532
52536
52539
52546
52547
52552
52555
52561
52567
52570
52576
52577
52580
52581
52582
52585
52588
52591
52596
52608
52619
52621
52622
52627
52630
52633
52637
52638
52642
52644
52647
52651
52652
52659
52662
52666
52668
52672
52675
52676
52681
52685
52687
52692
52697
52701
52708
52713
52722
52723
52724
52726
52728
52729
52732
52733
52734
52736
52737
52739
52741
52747
52751
52752
52763
52772
52774
52782
52785
52786
52791
52793
52795
52797
52798
52805
52806
52813
52824
52826
52827
52832
52836
52837
52839
52840
52841
52842
52846
52850
52860
52861
52863
52864
52869
52880
52883
52885
52898
52902
52906
52907
52908
52911
52913
52922
52925
52927
52933
52938
52939
52944
52946
52950
52956
52960
52965
52968
52974
52977
52980
52981
52982
52987
52989
52992
52993
53004
53015
53018
53023
53024
53027
53030
53035
53040
53043
53050
53056
53057
53060
53061
53064
53068
53073
53075
53081
53082
53091
53092
53103
53104
53109
53131
53133
53136
53137
53152
53162
53165
53176
53178
53200
53202
53206
53213
53216
53217
53221
53229
53230
53234
53235
53240
53243
53246
53248
53249
53254
53264
53267
53275
53276
53278
53285
53288
53290
53298
53313
53316
53317
53328
53329
53331
53332
53333
53336
53342
53348
53351
53361
53364
53366
53367
53373
53378
53382
53394
53396
53398
53404
53405
53407
53409
53410
53414
53422
53424
53432
53435
53437
53439
53446
53459
53462
53467
53469
53471
53473
53478
53483
53485
53494
53499
53500
53509
53511
53514
53517
53518
53520
53524
53539
53551
53565
53569
53570
53582
53584
53585
53588
53589
53591
53594
53595
53598
53599
53604
53607
53608
53616
53619
53625
53628
53630
53634
53635
53640
53644
53646
53652
53656
53657
53660
53667
53676
53683
53684
53685
53695
53697
53698
53705
53706
53713
53715
53719
53727
53739
53742
53745
53758
53761
53768
53772
53774
53787
53790
53794
53800
53801
53803
53807
53808
53812
53819
53823
53826
53830
53836
53838
53841
53849
53850
53858
53866
53869
53873
53876
53878
53884
53890
53899
53915
53916
53918
53921
53926
53929
53936
53940
53956
53961
53963
53964
53966
53969
53971
53973
53989
53996
53999
54000
54001
54007
54008
54012
54016
54021
54022
54031
54038
54045
54047
54051
54055
54056
54058
54060
54064
54069
54073
54074
54078
54081
54083
54086
54093
54095
54098
54105
54106
54113
54117
54119
54123
54126
54129
54136
54146
54149
54152
54154
54155
54157
54160
54168
54169
54172
54188
54189
54199
54205
54208
54216
54220
54221
54222
54226
54229
54230
54240
54245
54246
54249
54252
54253
54254
54256
54263
54264
54265
54266
54268
54269
54275
54277
54281
54282
54285
54286
54288
54290
54292
54306
54308
54310
54314
54316
54317
54321
54322
54323
54329
54331
54333
54335
54338
54340
54350
54355
54356
54357
54359
54370
54378
54379
54381
54382
54384
54385
54387
54391
54394
54402
54410
54415
54416
54419
54423
54425
54426
54430
54439
54441
54444
54445
54447
54448
54451
54453
54454
54458
54462
54467
54470
54480
54482
54484
54485
54487
54488
54489
54491
54495
54497
54498
54500
54502
54508
54520
54521
54525
54526
54527
54529
54530
54534
54536
54539
54542
54543
54549
54550
54556
54562
54567
54568
54573
54574
54576
54577
54579
54580
54582
54586
54587
54588
54591
54596
54603
54605
54607
54610
54615
54626
54627
54630
54635
54638
54646
54651
54652
54654
54656
54658
54671
54673
54682
54685
54687
54688
54691
54699
54700
54702
54703
54706
54709
54710
54711
54712
54714
54717
54718
54719
54721
54733
54736
54742
54746
54748
54750
54753
54755
54760
54763
54775
54779
54783
54784
54786
54787
54790
54791
54792
54793
54799
54804
54808
54809
54813
54817
54819
54820
54821
54822
54823
54824
54827
54829
54832
54833
54835
54838
54845
54846
54848
54851
54859
54860
54863
54869
54873
54874
54875
54877
54885
54889
54890
54896
54897
54902
54903
54908
54909
54912
54913
54916
54920
54922
54923
54924
54925
54937
54946
54953
54956
54961
54962
54966
54967
54969
54971
54977
54978
54981
54984
54994
54996
54997
54999
55000
55001
55002
55004
55005
55006
55017
55024
55029
55030
55031
55034
55045
55046
55048
55049
55052
55056
55060
55062
55066
55068
55070
55072
55076
55080
55081
55082
55083
55084
55099
55100
55101
55104
55107
55109
55114
55116
55117
55122
55125
55127
55129
55130
55134
55140
55141
55144
55145
55146
55149
55150
55160
55165
55166
55172
55174
55175
55178
55179
55180
55181
55200
55201
55205
55209
55211
55213
55214
55217
55222
55230
55231
55233
55242
55244
55246
55247
55252
55253
55259
55262
55266
55270
55276
55279
55286
55287
55288
55292
55294
55301
55305
55314
55315
55319
55321
55323
55335
55339
55350
55352
55356
55361
55362
55364
55365
55367
55368
55369
55374
55378
55380
55387
55389
55395
55398
55401
55403
55406
55408
55411
55413
55416
55424
55426
55428
55433
55435
55448
55451
55452
55455
55460
55461
55465
55466
55468
55469
55470
55473
55478
55479
55480
55482
55485
55486
55488
55491
55500
55501
55502
55507
55508
55512
55514
55519
55531
)


// ************************************************************************* //
