/*--------------------------------*- C++ -*----------------------------------*\
| =========                 |                                                 |
| \\      /  F ield         | OpenFOAM: The Open Source CFD Toolbox           |
|  \\    /   O peration     | Version:  v2012                                 |
|   \\  /    A nd           | Website:  www.openfoam.com                      |
|    \\/     M anipulation  |                                                 |
\*---------------------------------------------------------------------------*/
FoamFile
{
    version     2.0;
    format      ascii;
    class       labelList;
    location    "constant/polyMesh";
    object      pointProcAddressing;
}
// * * * * * * * * * * * * * * * * * * * * * * * * * * * * * * * * * * * * * //


14324
(
3
7
11
15
215
216
217
218
219
220
221
222
223
224
225
226
227
228
229
230
231
232
233
234
235
236
237
238
239
240
241
242
243
244
245
246
247
248
249
250
251
252
348
349
350
351
352
353
354
355
356
357
358
359
360
361
362
363
364
365
366
367
368
369
370
371
372
373
374
375
376
377
378
379
380
381
618
619
620
621
622
623
624
625
626
627
628
629
630
631
632
633
634
635
636
637
638
639
640
641
642
643
644
645
646
647
648
649
650
651
652
653
654
655
656
657
658
659
660
661
662
663
664
665
666
667
668
669
670
671
672
673
674
675
676
677
678
679
680
681
682
683
684
685
686
687
688
689
690
691
692
693
694
695
696
697
698
699
700
701
702
703
704
705
706
707
708
709
710
711
712
713
714
715
716
717
718
719
720
721
722
723
724
725
726
727
728
729
730
731
732
733
734
735
736
737
738
739
740
741
742
743
744
745
746
747
748
749
750
751
752
753
754
755
756
757
758
759
760
761
762
763
764
765
766
767
768
969
970
971
972
973
974
975
976
977
978
979
980
981
982
983
984
985
986
987
988
989
990
991
992
993
994
995
996
997
998
999
1000
1001
1002
1003
1004
1005
1006
1102
1103
1104
1105
1106
1107
1108
1109
1110
1111
1112
1113
1114
1115
1116
1117
1118
1119
1120
1121
1122
1123
1124
1125
1126
1127
1128
1129
1130
1131
1132
1133
1134
1135
1372
1373
1374
1375
1376
1377
1378
1379
1380
1381
1382
1383
1384
1385
1386
1387
1388
1389
1390
1391
1392
1393
1394
1395
1396
1397
1398
1399
1400
1401
1402
1403
1404
1405
1406
1407
1408
1409
1410
1411
1412
1413
1414
1415
1416
1417
1418
1419
1420
1421
1422
1423
1424
1425
1426
1427
1428
1429
1430
1431
1432
1433
1434
1435
1436
1437
1438
1439
1440
1441
1442
1443
1444
1445
1446
1447
1448
1449
1450
1451
1452
1453
1454
1455
1456
1457
1458
1459
1460
1461
1462
1463
1464
1465
1466
1467
1468
1469
1470
1471
1472
1473
1474
1475
1476
1477
1478
1479
1480
1481
1482
1483
1484
1485
1486
1487
1488
1489
1490
1491
1492
1493
1494
1495
1496
1497
1498
1499
1500
1501
1502
1503
1504
1505
1506
1507
1508
1509
1510
1511
1512
1513
1514
1515
1516
1517
1518
1519
1520
1521
1522
1546
1547
1548
1549
1550
1551
1552
1554
1555
1556
1557
1558
1559
1560
1564
1565
1577
1584
1587
1591
1595
1598
1604
1611
1612
1616
1620
1621
1628
1631
1632
1637
1638
1644
1645
1646
1648
1649
1653
1654
1658
1659
1660
1662
1665
1669
1674
1680
1686
1689
1704
1708
1712
1713
1715
1718
1720
1721
1724
1734
1736
1737
1741
1767
2296
2297
2298
2299
2300
2301
2302
2303
2304
2305
2306
2307
2308
2309
2310
2311
2312
2313
2314
2315
2316
2317
2318
2319
2320
2321
2322
2323
2324
2325
2326
2327
2328
2329
2330
2331
2332
2333
2334
2335
2336
2337
2338
2342
2343
2344
2345
2346
2347
2348
2349
2350
2351
2352
2353
2354
2355
2356
2357
2358
2359
2360
2361
2362
2363
2364
2365
2366
2367
2368
2369
2370
2371
2372
2373
2374
2375
2376
2377
2378
2379
2380
2381
2382
2383
2384
2385
2386
2387
2388
2390
2391
2392
2395
2396
2399
2401
2402
2405
2406
2409
2410
2414
2417
2418
2425
2426
2427
2432
2433
2438
2440
2447
2464
2465
2466
2467
2474
2475
2479
2480
2481
2482
2483
2484
2485
2486
2487
2488
2489
2490
2491
2492
2493
2494
2495
2496
2497
2498
2499
2500
2501
2502
2503
2504
2505
2506
2507
2508
2509
2510
2511
2512
2513
2518
2557
2572
3049
3050
3051
3052
3053
3054
3055
3056
3057
3058
3059
3060
3061
3062
3063
3065
3066
3067
3068
3069
3070
3071
3072
3073
3074
3075
3076
3077
3078
3079
3080
3081
3082
3083
3084
3085
3086
3087
3088
3089
3090
3091
3092
3093
3094
3095
3096
3097
3098
3099
3100
3101
3102
3103
3104
3105
3106
3107
3108
3109
3110
3111
3112
3113
3114
3115
3116
3117
3118
3119
3120
3121
3122
3123
3124
3125
3126
3127
3128
3129
3130
3131
3132
3133
3134
3135
3136
3137
3138
3139
3140
3141
3142
3143
3144
3145
3146
3147
3148
3149
3150
3151
3152
3153
3154
3155
3156
3157
3158
3159
3160
3161
3162
3163
3164
3165
3166
3167
3168
3169
3170
3171
3172
3173
3174
3175
3176
3177
3178
3179
3181
3182
3183
3184
3185
3186
3187
3188
3189
3190
3193
3194
3195
3196
3197
3198
3199
3200
3201
3202
3203
3204
3205
3206
3208
3217
3219
3230
3231
3232
3233
3234
3235
3237
3238
3239
3250
3251
3252
3253
3254
3255
3256
3257
3258
3259
3260
3261
3262
3263
3264
3266
3267
3268
3269
3270
3271
3272
3273
3274
3275
3276
3277
3284
3285
3286
3287
3288
3289
3290
3294
3295
3296
3297
3298
3299
3300
3301
3302
3320
3321
3322
3323
3324
3325
3326
3327
3328
3329
3336
3337
3349
3350
3352
3353
3354
3356
3357
3359
3360
3361
3362
3363
3364
3365
3366
3367
3374
3375
3376
3378
3379
3380
3385
3386
3387
3388
3389
3390
3391
3392
3393
3394
3395
3396
3397
3398
3399
3400
3401
3402
3403
3404
3405
3406
3407
3408
3409
3410
3411
3412
3413
3414
3415
3416
3417
3418
3419
3420
3421
3422
3423
3424
3425
3426
3427
3428
3429
3430
3431
3432
3433
3434
3435
3436
3437
3438
3439
3440
3443
3444
3451
3452
3454
3455
3456
3457
3458
3459
3460
3461
3462
3463
3464
3467
3471
3474
3475
3476
3477
3478
3479
3480
3481
3482
3483
3484
3485
3486
3487
3488
3489
3490
3491
3492
3496
3497
3498
3499
3500
3506
3507
3508
3509
3512
3513
3514
3519
3520
3521
3522
3525
3526
3527
3528
3529
3530
3531
3532
3533
3534
3535
3536
3537
3538
3539
3540
3541
3542
3543
3544
3545
3546
3547
3548
3549
3550
3551
3552
3553
3554
3555
3556
3557
3558
3559
3560
3561
3562
3563
3566
3567
3575
3576
3577
3578
3580
3581
3582
3583
3584
3585
3586
3611
3612
3618
3620
3621
3622
3623
3632
3635
3636
3638
3639
3642
3645
3654
3655
3656
3657
3658
3659
3660
3661
3662
3663
3664
3665
3666
3669
3670
3675
3676
3677
3678
3679
3680
3681
3682
3683
3684
3685
3724
4143
4152
4393
4394
4397
4398
4399
4400
4401
4402
4403
4404
4406
4407
4422
4423
4424
4446
4448
4491
4492
4620
4629
4661
4662
4732
4740
4741
4745
4746
4747
4902
4903
4928
4940
4942
4943
4951
5017
5018
5021
5062
5063
5064
5065
5066
5067
5068
5069
5080
5084
5085
5086
5087
5173
5191
5192
5193
5222
5295
5296
5297
5298
5299
5300
5301
5302
5303
5304
5305
5306
5307
5308
5309
5310
5311
5312
5313
5314
5315
5316
5317
5318
5319
5320
5321
5322
5323
5324
5325
5326
5327
5328
5329
5330
5331
5332
5333
5334
5335
5336
5337
5338
5339
5340
5341
5342
5343
5344
5345
5346
5347
5348
5349
5350
5351
5352
5353
5354
5355
5356
5357
5358
5359
5360
5361
5362
5363
5364
5365
5366
5367
5368
5369
5370
5371
5372
5373
5374
5375
5376
5377
5378
5379
5380
5381
5382
5383
5384
5385
5386
5387
5388
5389
5390
5391
5392
5393
5394
5395
5396
5397
5398
5399
5400
5401
5402
5403
5404
5405
5406
5407
5408
5409
5410
5411
5412
5413
5414
5415
5416
5417
5418
5419
5420
5421
5422
5423
5424
5425
5426
5427
5428
5429
5430
5431
5432
5433
5434
5435
5436
5437
5438
5439
5440
5441
5442
5443
5444
5445
5446
5447
5448
5449
5450
5451
5452
5453
5454
5455
5456
5457
5458
5459
5460
5461
5462
5463
5464
5465
5466
5467
5468
5469
5470
5471
5472
5473
5474
5475
5476
5477
5478
5479
5480
5481
5482
5483
5484
5485
5486
5487
5488
5489
5490
5491
5495
5496
5497
5498
5499
5500
5501
5502
5503
5504
5505
5506
5507
5508
5509
5510
5511
5512
5513
5514
5515
5516
5517
5518
5520
5522
5523
5524
5560
5561
5564
5565
5566
5567
5574
5575
5576
5577
5578
5579
5580
5593
5594
5600
5601
5603
5607
5616
5617
5622
5656
5666
5667
5686
5688
5689
5818
5825
5841
5842
5851
5857
5859
5860
5864
5865
5890
5893
5894
5895
6088
6228
6229
6230
6231
6232
6233
6261
6262
6263
6264
6265
6266
6267
6268
6269
6270
6271
6272
6273
6282
6300
6301
6355
6356
6357
6421
6438
6439
6440
6441
6442
6443
6444
6445
6446
6447
6448
6449
6450
6451
6452
6453
6454
6455
6456
6457
6458
6459
6460
6461
6462
6475
6476
6494
6603
6610
6611
6618
6619
6620
6621
6622
6623
6624
6625
6626
6627
6628
6629
6630
6631
6632
6633
6634
6635
6636
6637
6638
6639
6640
6641
6642
6643
6644
6645
6646
6647
6648
6649
6650
6651
6652
6653
6654
6655
6656
6657
6658
6659
6660
6661
6662
6663
6664
6665
6666
6667
6694
6716
6717
6718
6719
6720
6721
6725
6758
6775
6776
6796
6797
6798
6822
6823
6824
6825
6828
6830
6831
6832
6833
6834
6835
6836
6837
6838
6839
6840
6841
6842
6843
6844
6845
6846
6847
6848
6849
6850
6851
6852
6853
6854
6855
6856
6857
6858
6859
6860
6861
6862
6863
6864
6865
6866
6867
6868
6869
6870
6871
6872
6873
6874
6875
6876
6877
6878
6879
6880
6881
6882
6883
6884
6885
6886
6887
6888
6889
6890
6891
6892
6893
6894
6895
6896
6897
6898
6899
6900
6901
6902
6903
6904
6905
6906
6907
6908
6909
6910
6911
6912
6913
6914
6915
6916
6917
6918
6919
6920
6921
6962
6968
6971
6974
6985
6986
6987
6989
7122
7133
7136
7137
7138
7147
7148
7157
7163
7165
7174
7191
7192
7193
7201
7202
7205
7206
7207
7212
7215
7224
7228
7235
7240
7293
7296
7297
7314
7318
7323
7326
7327
7340
7352
7362
7363
7377
7405
7406
7432
7438
7439
7440
7451
7457
7460
7473
7474
7485
7486
7487
7493
7500
7501
7502
7503
7504
7505
7506
7507
7509
7526
7527
7535
7536
7542
7546
7549
7557
7558
7559
7560
7561
7562
7563
7564
7565
7566
7567
7568
7569
7570
7571
7572
7573
7574
7575
7576
7577
7578
7579
7580
7581
7582
7583
7584
7585
7586
7587
7588
7593
7598
7602
7605
7609
7618
7624
7626
7627
7631
7638
7648
7651
7653
7654
7655
7656
7657
7658
7659
7660
7666
7668
7670
7671
7672
7674
7677
7681
7682
7688
7690
7691
7706
7726
7727
7728
7729
7730
7731
7732
7733
7734
7736
7737
7738
7739
7740
7741
7742
7743
7744
7745
7746
7755
7756
7757
7758
7763
7768
7769
7770
7772
7774
7778
7779
7807
7809
7810
7813
7823
7879
7882
7884
7888
7898
7899
7900
7901
7902
7903
7904
7905
7906
7907
7908
7909
7910
7911
7912
7913
7914
7915
7916
7917
7918
7919
7920
7921
7922
7923
7924
7925
7926
7927
7928
7929
7930
7931
7932
7933
7934
7935
7936
7937
7938
7968
7970
7971
7977
7987
7988
7989
7990
7991
7992
7993
7994
7995
7996
7997
7998
7999
8000
8001
8002
8003
8004
8005
8006
8007
8008
8009
8010
8011
8012
8013
8014
8015
8016
8017
8018
8019
8020
8021
8022
8023
8024
8025
8026
8027
8028
8029
8030
8031
8032
8033
8034
8035
8036
8037
8038
8039
8040
8041
8042
8043
8044
8045
8046
8047
8048
8049
8050
8051
8052
8053
8054
8055
8056
8057
8058
8059
8060
8061
8062
8063
8064
8065
8066
8067
8068
8069
8070
8071
8072
8073
8074
8075
8076
8077
8078
8079
8080
8081
8082
8083
8084
8085
8086
8087
8088
8089
8090
8091
8092
8093
8101
8119
8122
8175
8245
8256
8315
8316
8317
8318
8319
8320
8321
8322
8323
8324
8325
8343
8383
8391
8392
8432
8433
8437
8484
8494
8501
8502
8573
8574
8579
8580
8581
8582
8583
8584
8585
8586
8587
8588
8589
8590
8593
8594
8598
8599
8600
8601
8602
8603
8604
8605
8606
8607
8608
8609
8611
8612
8613
8614
8615
8616
8617
8618
8628
8633
8634
8635
8637
8638
8639
8669
8670
8671
8672
8683
8684
8686
8701
8704
8705
8706
8707
8709
8711
8722
8723
8726
8740
8741
8742
8743
8744
8745
8746
8747
8748
8749
8750
8751
8752
8753
8754
8755
8756
8757
8758
8759
8760
8761
8762
8763
8767
8768
8769
8770
8771
8772
8773
8774
8775
8776
8777
8778
8779
8780
8781
8782
8783
8784
8785
8786
8787
8788
8789
8790
8791
8792
8793
8794
8795
8796
8797
8798
8799
8800
8801
8802
8803
8804
8805
8806
8807
8808
8809
8810
8811
8812
8813
8814
8815
8816
8817
8818
8821
8823
8827
8828
8839
8840
8841
8842
8843
8844
8845
8846
8847
8848
8850
8851
8852
8853
8854
8855
8856
8857
8858
8859
8860
8861
8862
8871
8872
8873
8874
8875
8876
8877
8878
8879
8880
8881
8882
8883
8884
8885
8886
8887
8888
8889
8890
8891
8893
8894
8895
8897
8898
8899
8911
8914
8915
8916
8926
8928
8929
8937
8941
8942
8946
8947
8948
8950
8955
8957
8958
8961
8962
8963
8969
8980
8983
8984
8985
8986
8996
8998
9001
9002
9005
9006
9016
9018
9019
9020
9023
9027
9030
9031
9034
9050
9051
9052
9053
9054
9055
9056
9057
9058
9059
9060
9061
9062
9063
9064
9065
9066
9067
9068
9069
9070
9071
9072
9073
9074
9075
9076
9077
9078
9079
9080
9081
9082
9083
9084
9085
9086
9087
9088
9089
9090
9096
9098
9099
9100
9101
9102
9103
9104
9105
9106
9107
9108
9109
9110
9111
9112
9113
9114
9115
9116
9117
9118
9119
9120
9121
9122
9123
9124
9125
9126
9127
9128
9129
9130
9131
9132
9133
9134
9135
9136
9137
9138
9139
9140
9141
9142
9143
9144
9145
9146
9147
9148
9149
9150
9151
9152
9153
9154
9155
9156
9157
9158
9159
9160
9161
9162
9163
9164
9165
9166
9167
9168
9169
9170
9171
9184
9185
9190
9191
9192
9193
9194
9195
9196
9197
9202
9209
9213
9214
9215
9231
9233
9239
9240
9242
9245
9250
9263
9275
9276
9277
9278
9303
9304
9305
9306
9312
9327
9328
9331
9336
9342
9343
9344
9345
9346
9347
9348
9349
9350
9351
9352
9355
9356
9360
9362
9365
9367
9368
9369
9370
9371
9372
9373
9374
9375
9376
9377
9378
9379
9380
9383
9384
9385
9386
9390
9395
9396
9399
9403
9405
9421
9433
9434
9435
9436
9440
9441
9442
9443
9444
9445
9446
9447
9448
9449
9450
9451
9452
9453
9454
9455
9456
9457
9458
9459
9460
9461
9462
9463
9464
9465
9466
9467
9483
9484
9485
9486
9498
9499
9500
9516
9519
9520
9527
9530
9531
9532
9533
9534
9535
9536
9537
9538
9539
9540
9541
9542
9567
9572
9573
9574
9575
9576
9577
9578
9579
9580
9581
9582
9583
9584
9585
9586
9587
9589
9590
9598
9606
9607
9609
9610
9611
9612
9618
9632
9633
9651
9653
9655
9656
9657
9658
9660
9661
9662
9663
9664
9666
9667
9668
9674
9678
9679
9684
9685
9687
9692
9697
9698
9710
9711
9713
9714
9715
9720
9738
9745
9746
9747
9748
9749
9750
9751
9752
9753
9754
9755
9756
9757
9764
9770
9772
9773
9774
9775
9781
9782
9783
9784
9799
9800
9801
9808
9809
9810
9819
9820
9821
9822
9844
9845
9846
9847
9850
9857
9859
9860
9865
9866
9867
9870
9875
9877
9881
9883
9884
9885
9886
9888
9897
9898
9899
9901
9908
9910
9914
9921
9923
9924
9947
9957
9967
9968
9976
9980
9992
9994
9997
10000
10009
10012
10016
10023
10024
10029
10030
10031
10032
10033
10037
10038
10043
10044
10045
10050
10051
10089
10098
10099
10102
10104
10105
10111
10112
10113
10115
10116
10117
10118
10119
10120
10130
10134
10144
10145
10150
10156
10157
10158
10161
10183
10206
10207
10245
10250
10251
10255
10261
10263
10264
10265
10266
10267
10268
10269
10270
10271
10272
10273
10274
10275
10276
10277
10278
10279
10280
10281
10282
10283
10284
10285
10286
10287
10288
10289
10290
10291
10292
10293
10294
10295
10296
10297
10298
10299
10300
10301
10302
10303
10304
10305
10306
10307
10309
10310
10312
10313
10314
10315
10316
10317
10318
10319
10320
10321
10322
10323
10324
10325
10326
10327
10328
10329
10330
10331
10332
10333
10334
10335
10336
10337
10338
10339
10340
10341
10342
10343
10344
10345
10346
10347
10348
10349
10350
10351
10352
10353
10354
10355
10356
10357
10358
10359
10360
10361
10362
10363
10364
10365
10366
10367
10368
10369
10370
10372
10373
10386
10387
10396
10397
10400
10401
10402
10418
10420
10421
10422
10423
10426
10427
10429
10430
10431
10432
10434
10507
10513
10570
10571
10572
10573
10574
10575
10577
10578
10604
10605
10608
10628
10629
10633
10634
10635
10636
10637
10638
10639
10640
10641
10642
10643
10660
10661
10666
10729
10734
10735
10736
10738
10755
10760
10761
10766
10790
10791
10792
10794
10795
10810
10811
10818
10830
10912
10919
10920
10924
10982
10983
10984
10985
10986
10987
10988
11029
11057
11060
11063
11065
11067
11109
11114
11115
11117
11118
11120
11121
11129
11143
11144
11145
11146
11147
11148
11161
11169
11235
11236
11237
11238
11262
11271
11272
11274
11275
11284
11291
11299
11300
11307
11308
11310
11311
11334
11335
11336
11337
11342
11343
11344
11351
11353
11355
11357
11360
11361
11362
11363
11364
11381
11382
11383
11384
11392
11394
11406
11410
11413
11414
11415
11416
11417
11418
11419
11420
11423
11432
11436
11437
11445
11446
11450
11451
11453
11454
11461
11472
11473
11487
11504
11519
11520
11545
11546
11547
11548
11549
11559
11560
11561
11562
11575
11577
11580
11582
11586
11587
11590
11593
11594
11595
11596
11597
11598
11599
11600
11603
11605
11606
11607
11608
11610
11615
11616
11617
11618
11630
11631
11633
11640
11641
11647
11700
11716
11723
11727
11729
11730
11731
11732
11738
11739
11741
11744
11745
11746
11749
11750
11769
11770
11771
11773
11779
11780
11785
11789
11818
11819
11844
11847
11848
11851
11852
11861
11873
11882
11883
11885
11886
11887
11888
11889
11909
11910
11911
11929
11930
11943
11953
11954
11965
11971
11972
11973
11978
11982
11983
11984
11985
11986
11987
11988
11989
11990
11991
11999
12003
12004
12005
12006
12007
12042
12046
12047
12048
12049
12059
12060
12061
12064
12067
12069
12070
12074
12075
12076
12078
12079
12080
12087
12088
12090
12091
12093
12110
12120
12124
12148
12149
12150
12151
12152
12154
12155
12158
12159
12172
12188
12191
12199
12200
12201
12202
12203
12204
12205
12222
12223
12224
12225
12226
12240
12274
12275
12276
12302
12314
12322
12323
12324
12328
12329
12354
12362
12363
12368
12376
12377
12387
12388
12389
12393
12398
12400
12401
12409
12410
12411
12417
12418
12428
12429
12433
12434
12443
12444
12445
12454
12455
12456
12460
12464
12472
12473
12474
12476
12483
12484
12494
12496
12497
12506
12507
12515
12516
12517
12518
12519
12521
12523
12528
12529
12530
12535
12536
12538
12539
12540
12543
12545
12550
12557
12558
12560
12561
12569
12610
12621
12622
12623
12633
12634
12638
12644
12656
12657
12658
12661
12668
12669
12670
12685
12687
12688
12689
12690
12691
12703
12731
12732
12733
12734
12735
12736
12737
12738
12739
12740
12741
12742
12744
12745
12746
12747
12748
12749
12750
12751
12752
12753
12754
12755
12756
12757
12758
12759
12760
12761
12762
12763
12764
12765
12766
12767
12768
12769
12776
12784
12789
12791
12793
12799
12800
12803
12804
12807
12811
12819
12823
12824
12826
12832
12833
12854
12859
12860
12864
12866
12867
12868
12871
12874
12875
12876
12877
12888
12906
12907
12911
12920
12929
12930
12933
12939
12940
12947
12948
12953
12956
12966
12967
12975
12976
12977
12983
12986
12988
12989
13000
13025
13031
13036
13037
13038
13039
13047
13051
13052
13053
13054
13055
13056
13057
13058
13062
13063
13064
13065
13066
13069
13071
13072
13107
13108
13109
13117
13118
13123
13124
13125
13129
13130
13131
13132
13133
13134
13135
13136
13137
13138
13139
13140
13141
13160
13161
13162
13163
13169
13170
13171
13172
13173
13179
13181
13182
13183
13194
13195
13204
13205
13206
13217
13220
13224
13231
13241
13243
13248
13249
13250
13263
13264
13265
13266
13269
13271
13272
13273
13274
13275
13276
13277
13278
13279
13280
13281
13314
13315
13316
13323
13324
13329
13332
13337
13338
13339
13340
13341
13371
13372
13373
13374
13375
13382
13383
13384
13385
13397
13398
13399
13400
13401
13402
13405
13406
13407
13409
13426
13427
13428
13429
13454
13455
13456
13457
13465
13466
13467
13468
13469
13470
13473
13474
13475
13476
13477
13483
13484
13485
13486
13487
13488
13489
13490
13491
13492
13493
13494
13495
13499
13503
13526
13527
13528
13529
13535
13536
13537
13571
13572
13573
13574
13575
13583
13586
13592
13596
13597
13608
13609
13610
13616
13617
13618
13619
13621
13659
13660
13680
13724
13725
13726
13745
13747
13750
13751
13752
13753
13754
13755
13756
13757
13758
13759
13760
13761
13762
13763
13764
13765
13766
13767
13768
13777
13778
13782
13810
13814
13819
13840
13841
13842
13843
13844
13845
13846
13847
13859
13860
13937
13942
13943
13954
13974
13975
13976
13977
13998
14015
14018
14020
14029
14030
14031
14032
14033
14046
14060
14061
14065
14069
14075
14077
14102
14103
14113
14115
14116
14125
14126
14127
14128
14133
14136
14137
14138
14139
14140
14141
14142
14143
14144
14157
14158
14159
14160
14164
14167
14168
14169
14172
14173
14174
14190
14192
14195
14198
14200
14201
14204
14206
14208
14212
14213
14216
14217
14221
14226
14228
14230
14231
14240
14256
14257
14258
14286
14287
14288
14289
14290
14291
14292
14299
14304
14305
14306
14307
14308
14309
14310
14311
14320
14323
14324
14325
14369
14381
14392
14393
14394
14395
14396
14400
14401
14402
14403
14404
14406
14407
14408
14411
14414
14415
14416
14417
14418
14420
14421
14422
14423
14424
14427
14439
14449
14450
14451
14452
14469
14471
14472
14473
14474
14475
14476
14477
14478
14479
14483
14484
14485
14486
14487
14488
14489
14490
14497
14498
14499
14500
14504
14522
14523
14525
14526
14527
14528
14531
14533
14539
14542
14543
14544
14545
14546
14547
14548
14552
14553
14556
14557
14558
14572
14580
14583
14584
14587
14588
14591
14592
14594
14596
14602
14603
14604
14605
14611
14612
14627
14628
14629
14630
14632
14633
14634
14635
14644
14645
14658
14659
14666
14667
14668
14669
14670
14671
14672
14673
14674
14675
14676
14691
14692
14694
14695
14696
14697
14698
14699
14704
14714
14719
14721
14722
14778
14779
14780
14781
14785
14789
14790
14824
14825
14826
14827
14830
14831
14833
14838
14839
14853
14854
14855
14857
14859
14860
14861
14862
14863
14864
14865
14867
14868
14870
14871
14872
14877
14878
14892
14893
14894
14895
14896
14897
14898
14900
14901
14926
14927
14929
14933
14934
14935
14936
14952
14953
14954
14955
14956
14957
14958
14962
14964
14965
14966
14967
14968
14969
14970
14979
14980
14981
14986
14987
14988
14995
15007
15014
15019
15020
15021
15022
15024
15025
15032
15033
15034
15035
15040
15041
15053
15054
15064
15065
15066
15067
15068
15069
15070
15071
15072
15073
15074
15075
15076
15078
15079
15080
15082
15084
15094
15096
15098
15101
15102
15103
15104
15105
15106
15107
15108
15118
15122
15123
15127
15135
15136
15137
15151
15152
15153
15154
15155
15161
15162
15163
15164
15168
15169
15170
15171
15192
15226
15230
15239
15240
15243
15244
15248
15249
15250
15266
15267
15268
15269
15278
15284
15285
15286
15287
15289
15290
15291
15294
15303
15304
15305
15306
15310
15318
15338
15339
15341
15343
15344
15346
15373
15374
15378
15397
15399
15400
15403
15413
15415
15418
15426
15427
15428
15432
15433
15444
15448
15449
15459
15461
15468
15469
15475
15492
15493
15494
15495
15526
15529
15530
15531
15539
15542
15543
15555
15559
15604
15607
15624
15632
15640
15641
15642
15644
15664
15665
15666
15702
15714
15725
15741
15764
15765
15766
15777
15778
15779
15780
15781
15786
15787
15788
15800
15801
15804
15805
15811
15812
15818
15825
15830
15831
15837
15839
15845
15855
15899
15906
15907
15910
15916
15919
15921
15932
15933
15934
15935
15936
15937
15938
15941
15943
15945
15946
15950
15960
15961
15962
15963
15964
15965
15966
15973
15976
15977
15978
15979
16003
16006
16011
16013
16014
16025
16028
16029
16030
16031
16032
16033
16048
16056
16060
16062
16063
16066
16067
16081
16086
16087
16097
16101
16102
16104
16106
16107
16108
16117
16119
16125
16131
16133
16135
16136
16139
16140
16144
16146
16152
16153
16154
16158
16159
16160
16169
16170
16171
16172
16184
16190
16191
16192
16196
16200
16205
16207
16243
16256
16257
16258
16264
16265
16267
16268
16269
16270
16271
16272
16273
16275
16278
16281
16282
16283
16284
16287
16289
16294
16310
16312
16315
16316
16321
16325
16336
16338
16339
16346
16349
16350
16352
16355
16368
16376
16377
16378
16383
16384
16388
16392
16395
16398
16401
16402
16415
16416
16419
16423
16425
16426
16428
16438
16439
16450
16451
16457
16460
16461
16462
16463
16467
16485
16486
16490
16495
16496
16497
16498
16504
16505
16508
16513
16516
16517
16518
16541
16543
16546
16547
16548
16549
16550
16555
16556
16557
16558
16559
16560
16561
16562
16563
16564
16589
16590
16591
16595
16597
16604
16605
16610
16616
16620
16637
16638
16644
16646
16647
16648
16649
16652
16661
16662
16664
16665
16666
16674
16675
16676
16677
16681
16684
16691
16692
16693
16694
16695
16721
16722
16724
16725
16726
16727
16728
16729
16730
16731
16732
16738
16741
16743
16754
16755
16756
16767
16768
16769
16770
16771
16790
16791
16798
16802
16803
16804
16843
16846
16847
16857
16858
16880
16885
16886
16887
16896
16897
16905
16914
16917
16918
16919
16920
16924
16928
16929
16939
16941
16942
16943
16953
16957
16959
16960
16961
16962
16963
16964
16965
16970
16971
16980
16981
16982
16993
16994
16995
16999
17000
17001
17018
17021
17022
17039
17040
17041
17042
17043
17044
17045
17046
17047
17051
17059
17060
17061
17062
17063
17066
17067
17069
17070
17071
17072
17073
17074
17075
17076
17077
17084
17093
17094
17095
17096
17105
17106
17107
17108
17125
17130
17131
17139
17144
17145
17153
17154
17160
17168
17169
17170
17171
17172
17173
17180
17181
17185
17186
17187
17188
17189
17190
17191
17192
17193
17194
17195
17196
17198
17199
17203
17208
17209
17213
17214
17216
17222
17230
17231
17236
17244
17245
17246
17247
17248
17249
17250
17256
17257
17258
17260
17261
17272
17273
17274
17275
17277
17278
17294
17295
17296
17297
17298
17299
17302
17303
17304
17306
17308
17309
17310
17312
17313
17314
17315
17316
17317
17322
17323
17324
17330
17332
17338
17342
17343
17344
17347
17355
17356
17360
17361
17371
17374
17376
17378
17379
17380
17383
17385
17386
17389
17395
17396
17401
17414
17419
17420
17428
17434
17435
17436
17437
17438
17439
17450
17451
17452
17453
17454
17455
17456
17457
17458
17459
17460
17461
17462
17463
17464
17465
17466
17467
17468
17469
17470
17471
17472
17473
17474
17475
17479
17480
17481
17483
17484
17485
17486
17487
17490
17491
17494
17495
17496
17500
17501
17505
17521
17524
17541
17550
17551
17552
17553
17554
17580
17584
17587
17588
17589
17590
17592
17598
17601
17607
17608
17609
17613
17615
17617
17619
17621
17622
17623
17624
17625
17626
17628
17632
17633
17635
17636
17640
17641
17644
17660
17661
17662
17663
17664
17665
17666
17667
17668
17669
17670
17671
17672
17673
17674
17680
17703
17706
17715
17716
17718
17719
17721
17722
17723
17727
17728
17756
17757
17758
17774
17776
17778
17779
17780
17783
17786
17787
17788
17789
17790
17792
17803
17804
17806
17807
17815
17816
17817
17818
17825
17829
17830
17832
17833
17834
17835
17836
17841
17842
17843
17844
17845
17846
17847
17848
17849
17850
17851
17853
17858
17861
17862
17863
17864
17865
17866
17867
17868
17872
17873
17875
17876
17878
17879
17880
17886
17889
17891
17892
17893
17896
17897
17899
17900
17901
17902
17903
17904
17905
17906
17907
17908
17912
17913
17914
17919
17920
17921
17931
17935
17946
17947
17948
17949
17950
17951
17952
17956
17957
17958
17959
17960
17961
17964
17979
17980
17983
17987
17995
17996
17997
18006
18007
18010
18011
18012
18013
18014
18015
18016
18017
18018
18019
18021
18022
18037
18038
18039
18040
18041
18042
18043
18058
18061
18096
18110
18111
18112
18114
18115
18116
18117
18118
18119
18127
18128
18129
18130
18131
18135
18137
18142
18143
18171
18172
18173
18174
18175
18176
18177
18181
18182
18183
18184
18185
18186
18187
18189
18191
18192
18194
18195
18197
18212
18213
18214
18215
18218
18221
18222
18233
18235
18236
18237
18238
18239
18240
18241
18242
18243
18244
18245
18246
18247
18248
18249
18250
18251
18252
18259
18262
18263
18264
18265
18266
18283
18284
18285
18286
18287
18288
18289
18290
18291
18311
18313
18314
18316
18317
18318
18319
18320
18321
18322
18323
18325
18326
18327
18328
18330
18331
18332
18333
18334
18335
18336
18337
18338
18339
18343
18344
18350
18355
18357
18362
18366
18373
18387
18395
18396
18397
18408
18415
18418
18419
18420
18422
18423
18424
18425
18426
18428
18429
18430
18431
18432
18433
18435
18438
18439
18440
18441
18443
18444
18446
18447
18448
18449
18450
18452
18454
18455
18456
18457
18458
18460
18479
18480
18481
18482
18483
18484
18485
18497
18499
18500
18501
18502
18504
18520
18521
18522
18524
18525
18526
18528
18529
18532
18533
18534
18535
18537
18540
18541
18542
18543
18544
18545
18546
18547
18548
18549
18550
18551
18552
18556
18558
18559
18560
18561
18562
18563
18564
18565
18566
18567
18568
18569
18570
18571
18572
18573
18574
18575
18576
18577
18578
18586
18587
18588
18589
18590
18591
18592
18642
18643
18644
18645
18646
18647
18648
18662
18670
18671
18672
18675
18677
18681
18684
18685
18686
18689
18707
18720
18721
18722
18723
18724
18726
18728
18729
18734
18735
18752
18753
18754
18756
18757
18758
18759
18761
18762
18797
18798
18799
18800
18801
18810
18825
18826
18869
18882
18883
18884
18885
18886
18887
18888
18889
18890
18891
18892
18893
18894
18895
18896
18898
18899
18900
18901
18938
18948
18949
18962
18967
18976
18985
18986
18987
18989
18992
18993
18994
19004
19005
19016
19024
19025
19030
19032
19033
19034
19054
19071
19072
19073
19074
19075
19076
19077
19078
19079
19080
19082
19083
19094
19095
19096
19097
19098
19099
19100
19101
19102
19105
19107
19112
19113
19114
19126
19138
19139
19140
19141
19142
19144
19145
19146
19182
19183
19188
19189
19201
19202
19203
19204
19205
19206
19207
19208
19209
19210
19211
19213
19214
19221
19222
19223
19227
19232
19233
19234
19245
19246
19247
19248
19249
19250
19251
19252
19253
19254
19255
19256
19257
19258
19259
19265
19266
19267
19268
19269
19283
19284
19285
19286
19288
19289
19295
19298
19305
19306
19309
19334
19357
19358
19359
19369
19370
19371
19372
19373
19374
19378
19379
19380
19381
19382
19383
19384
19386
19387
19389
19390
19391
19392
19393
19394
19395
19396
19405
19406
19407
19408
19409
19410
19411
19412
19414
19420
19438
19439
19446
19449
19454
19455
19456
19457
19458
19459
19460
19461
19462
19463
19464
19465
19469
19486
19502
19503
19504
19507
19508
19511
19526
19534
19535
19536
19538
19542
19544
19559
19575
19588
19589
19590
19600
19602
19603
19604
19605
19615
19631
19639
19640
19641
19642
19645
19647
19648
19649
19650
19651
19652
19653
19654
19655
19656
19657
19658
19659
19660
19661
19662
19663
19664
19665
19666
19667
19668
19669
19672
19686
19687
19690
19691
19692
19695
19696
19697
19698
19699
19700
19722
19727
19728
19742
19744
19749
19759
19760
19765
19766
19767
19771
19786
19787
19788
19789
19790
19791
19792
19795
19797
19798
19799
19805
19817
19818
19819
19823
19852
19856
19857
19858
19889
19890
19895
19896
19897
19898
19899
19900
19901
19907
19908
19909
19920
19921
19947
19952
19953
19960
19975
19978
19986
19987
19988
19994
20000
20001
20002
20003
20004
20015
20017
20018
20019
20020
20047
20048
20049
20056
20057
20058
20067
20068
20075
20076
20078
20083
20085
20088
20089
20090
20091
20092
20093
20094
20095
20096
20097
20098
20099
20100
20101
20104
20109
20112
20113
20114
20115
20119
20121
20129
20133
20144
20145
20146
20147
20150
20160
20168
20169
20170
20174
20175
20176
20177
20178
20179
20180
20190
20222
20232
20235
20236
20237
20238
20239
20240
20241
20242
20244
20263
20281
20282
20283
20285
20287
20288
20298
20299
20322
20323
20332
20334
20335
20342
20345
20346
20347
20348
20349
20351
20352
20365
20370
20371
20372
20382
20383
20386
20390
20391
20392
20393
20395
20397
20401
20416
20417
20418
20421
20424
20425
20436
20450
20453
20454
20455
20456
20465
20473
20475
20478
20513
20518
20519
20530
20532
20544
20545
20546
20547
20548
20549
20550
20551
20552
20553
20554
20555
20556
20557
20558
20559
20560
20561
20562
20563
20564
20565
20566
20567
20568
20569
20570
20571
20572
20573
20574
20575
20576
20577
20578
20579
20580
20581
20582
20583
20584
20585
20586
20587
20588
20589
20590
20591
20592
20593
20594
20609
20611
20613
20632
20633
20634
20637
20638
20639
20650
20654
20655
20656
20657
20660
20663
20664
20667
20668
20675
20678
20682
20683
20684
20685
20691
20692
20696
20697
20698
20699
20703
20708
20709
20711
20721
20734
20752
20759
20760
20772
20778
20784
20823
20824
20833
20834
20837
20838
20840
20843
20863
20894
20895
20896
20897
20898
20899
20900
20904
20905
20919
20931
20934
20938
20941
20942
20943
20944
20945
20948
20953
20959
20960
20961
20963
20974
20983
20984
20988
20992
20994
21007
21017
21018
21019
21020
21021
21034
21035
21036
21048
21055
21061
21062
21067
21068
21073
21075
21079
21102
21103
21108
21118
21133
21140
21144
21158
21175
21203
21206
21213
21248
21249
21257
21263
21269
21272
21285
21299
21300
21301
21302
21305
21308
21353
21362
21363
21367
21368
21393
21394
21400
21415
21429
21434
21435
21436
21443
21450
21454
21467
21478
21489
21491
21492
21493
21494
21495
21496
21503
21504
21508
21514
21537
21540
21541
21560
21563
21567
21589
21604
21609
21652
21654
21657
21658
21659
21660
21661
21662
21663
21666
21667
21676
21688
21689
21690
21702
21703
21734
21753
21754
21760
21761
21762
21763
21766
21767
21768
21769
21770
21771
21772
21773
21782
21798
21813
21843
21850
21851
21852
21857
21947
21953
21957
21978
22000
22042
22050
22051
22055
22103
22113
22170
22191
22207
22225
22236
22293
22327
22336
22353
22354
22382
22385
22407
22413
22424
22429
22449
22514
22535
22536
22553
22555
22561
22562
22568
22572
22575
22581
22592
22597
22610
22614
22621
22623
22628
22634
22636
22638
22641
22646
22649
22663
22666
22670
22694
22695
22698
22704
22741
22750
22756
22768
22770
22782
22785
22786
22792
22799
22801
22808
22816
22821
22823
22829
22832
22837
22841
22842
22852
22853
22854
22855
22861
22863
22865
22868
22869
22870
22871
22875
22876
22881
22882
22883
22886
22927
22928
22934
22935
22943
22946
22952
22955
22960
22969
22976
22987
22989
22990
22999
23000
23002
23003
23004
23008
23009
23015
23017
23019
23020
23023
23026
23032
23035
23043
23044
23045
23049
23050
23051
23052
23053
23054
23060
23063
23068
23075
23076
23078
23089
23091
23101
23104
23109
23110
23113
23114
23115
23116
23118
23119
23120
23124
23131
23134
23141
23143
23148
23150
23153
23156
23159
23161
23163
23168
23178
23179
23197
23199
23200
23203
23204
23214
23215
23216
23221
23243
23255
23262
23265
23270
23272
23275
23281
23282
23283
23284
23286
23290
23291
23293
23298
23303
23304
23305
23311
23312
23325
23326
23346
23349
23356
23357
23366
23373
23383
23384
23387
23389
23390
23408
23414
23415
23416
23419
23424
23427
23429
23442
23443
23447
23448
23449
23450
23452
23456
23462
23468
23470
23471
23475
23476
23478
23483
23486
23494
23497
23500
23506
23508
23514
23518
23519
23520
23523
23527
23529
23530
23534
23535
23549
23555
23558
23565
23569
23571
23574
23586
23593
23599
23602
23607
23613
23618
23621
23624
23627
23628
23629
23630
23635
23639
23646
23655
23658
23661
23670
23674
23683
23693
23694
23695
23697
23701
23702
23704
23705
23706
23717
23723
23727
23739
23750
23754
23757
23759
23761
23765
23771
23772
23773
23786
23787
23794
23800
23813
23817
23819
23821
23825
23831
23833
23834
23839
23848
23850
23851
23857
23858
23861
23865
23867
23875
23885
23888
23890
23891
23899
23914
23915
23918
23923
23924
23927
23928
23930
23938
23941
23943
23945
23946
23951
23953
23955
23957
23964
23967
23969
23978
23980
23981
23982
23984
23989
23993
23997
23999
24002
24009
24010
24017
24027
24032
24033
24036
24038
24039
24040
24042
24046
24048
24049
24056
24057
24059
24060
24061
24062
24063
24065
24066
24068
24071
24073
24074
24078
24081
24082
24086
24089
24095
24097
24098
24103
24104
24107
24114
24117
24118
24119
24122
24124
24125
24130
24131
24133
24135
24136
24137
24142
24144
24145
24146
24148
24151
24156
24157
24160
24161
24171
24173
24176
24182
24183
24186
24193
24195
24196
24201
24202
24207
24209
24217
24221
24222
24226
24227
24231
24235
24237
24238
24241
24242
24245
24246
24247
24250
24251
24253
24262
24267
24270
24274
24275
24278
24282
24283
24284
24287
24303
24305
24310
24314
24315
24316
24325
24326
24328
24330
24335
24338
24339
24347
24351
24352
24354
24357
24358
24361
24364
24368
24372
24373
24374
24376
24377
24379
24382
24383
24386
24389
24391
24392
24393
24394
24395
24399
24405
24408
24409
24413
24415
24417
24419
24420
24421
24422
24423
24426
24427
24428
24429
24433
24437
24439
24442
24443
24451
24452
24464
24466
24468
24470
24471
24477
24480
24481
24483
24484
24485
24486
24490
24491
24493
24496
24497
24503
24510
24511
24516
24518
24525
24526
24531
24532
24536
24540
24541
24550
24551
24554
24555
24556
24559
24560
24561
24568
24572
24580
24581
24584
24585
24587
24592
24597
24601
24602
24603
24606
24610
24617
24619
24620
24628
24630
24635
24639
24644
24645
24647
24649
24652
24658
24671
24675
24676
24685
24686
24688
24690
24696
24704
24709
24714
24716
24718
24719
24722
24730
24735
24740
24742
24744
24746
24749
24756
24761
24763
24766
24769
24772
24773
24778
24782
24784
24791
24794
24802
24803
24808
24822
24824
24830
24833
24845
24847
24852
24858
24859
24868
24875
24886
24890
24910
24912
24913
24916
24920
24922
24927
24930
24931
24933
24935
24939
24949
24956
24958
24960
24961
24962
24970
24974
24976
24985
24986
24994
24996
24997
24998
25014
25015
25016
25018
25026
25028
25030
25033
25034
25036
25037
25038
25042
25044
25046
25050
25053
25054
25063
25068
25075
25077
25079
25081
25082
25083
25084
25085
25096
25099
25100
25104
25106
25112
25121
25125
25126
25128
25135
25136
25137
25150
25152
25163
25165
25169
25171
25176
25179
25182
25184
25185
25188
25193
25195
25199
25201
25202
25204
25208
25209
25210
25211
25215
25218
25226
25229
25230
25231
25233
25239
25240
25242
25245
25246
25247
25251
25254
25255
25259
25263
25264
25266
25271
25272
25273
25274
25286
25287
25288
25293
25294
25295
25298
25299
25300
25304
25305
25308
25315
25316
25318
25324
25326
25329
25337
25338
25339
25346
25348
25349
25350
25351
25352
25353
25354
25358
25361
25366
25367
25369
25370
25375
25377
25382
25383
25384
25386
25390
25396
25398
25406
25414
25417
25419
25422
25425
25429
25430
25433
25434
25443
25448
25452
25453
25457
25458
25463
25464
25469
25470
25471
25473
25487
25494
25502
25507
25509
25519
25520
25523
25530
25537
25543
25547
25550
25556
25561
25562
25575
25577
25579
25583
25586
25588
25595
25609
25610
25612
25617
25625
25629
25632
25633
25635
25638
25639
25644
25645
25650
25656
25657
25659
25660
25662
25676
25683
25687
25689
25697
25703
25710
25713
25714
25722
25724
25729
25733
25734
25737
25742
25745
25751
25752
25753
25756
25760
25761
25763
25764
25765
25766
25770
25773
25776
25779
25786
25788
25791
25793
25798
25806
25807
25809
25811
25812
25814
25818
25822
25825
25826
25835
25836
25844
25845
25846
25849
25850
25857
25863
25868
25871
25877
25878
25880
25881
25882
25888
25889
25891
25896
25897
25898
25901
25909
25911
25912
25915
25921
25924
25927
25929
25932
25933
25937
25944
25956
25968
25971
25977
25983
25984
25993
25995
25997
26003
26009
26011
26017
26019
26029
26031
26035
26036
26039
26053
26056
26057
26059
26063
26068
26071
26079
26095
26098
26100
26101
26110
26111
26118
26122
26128
26130
26132
26136
26138
26141
26146
26148
26150
26156
26159
26171
26176
26179
26184
26185
26186
26187
26188
26189
26192
26201
26202
26206
26207
26211
26213
26215
26217
26220
26222
26224
26229
26231
26240
26242
26243
26245
26247
26252
26253
26254
26256
26262
26263
26274
26275
26276
26278
26283
26284
26285
26287
26292
26300
26311
26312
26317
26326
26328
26336
26339
26343
26345
26348
26352
26353
26354
26357
26359
26364
26371
26372
26375
26376
26377
26379
26381
26384
26386
26398
26412
26416
26417
26418
26429
26437
26441
26443
26448
26452
26454
26463
26467
26468
26469
26475
26476
26480
26481
26484
26487
26488
26492
26501
26508
26510
26511
26514
26517
26519
26527
26529
26533
26538
26539
26543
26557
26560
26563
26567
26573
26575
26576
26580
26583
26584
26586
26589
26590
26591
26597
26599
26611
26612
26615
26616
26620
26628
26630
26632
26633
26636
26637
26642
26645
26652
26657
26659
26660
26662
26664
26667
26670
26673
26675
26677
26680
26682
26685
26688
26694
26697
26701
26710
26714
26716
26718
26719
26720
26722
26724
26727
26731
26745
26746
26752
26762
26763
26767
26769
26777
26779
26796
26801
26812
26817
26821
26829
26832
26833
26839
26859
26860
26862
26864
26867
26872
26875
26878
26889
26893
26895
26898
26899
26900
26907
26909
26912
26914
26915
26921
26924
26925
26931
26932
26934
26947
26948
26952
26953
26958
26968
26978
26980
26981
26982
26983
26985
26989
26992
26997
27006
27007
27009
27011
27014
27016
27022
27032
27043
27046
27048
27049
27053
27061
27064
27065
27067
27076
27082
27090
27093
27094
27095
27104
27115
27119
27127
27130
27133
27142
27143
27149
27153
27154
27156
27157
27158
27162
27164
27169
27174
27177
27180
27181
27183
27184
27186
27187
27190
27193
27197
27199
27200
27203
27204
27206
27223
27225
27229
27235
27236
27237
27238
27239
27241
27245
27247
27250
27253
27254
27255
27256
27258
27259
27265
27268
27270
27273
27276
27278
27281
27282
27283
27285
27288
27290
27293
27295
27300
27302
27306
27311
27318
27319
27331
27334
27335
27337
27338
27341
27342
27344
27346
27352
27362
27364
27366
27367
27372
27375
27376
27378
27380
27384
27388
27402
27406
27407
27410
27414
27417
27420
27426
27436
27447
27448
27449
27454
27455
27460
27470
27475
27477
27478
27479
27480
27483
27485
27487
27491
27493
27498
27499
27502
27503
27511
27515
27526
27532
27536
27537
27543
27544
27547
27548
27556
27563
27566
27573
27577
27579
27582
27594
27606
27607
27611
27612
27616
27619
27620
27624
27625
27629
27633
27641
27645
27649
27650
27652
27655
27659
27670
27672
27680
27683
27687
27688
27693
27695
27698
27699
27701
27702
27707
27709
27710
27714
27717
27719
27721
27724
27727
27728
27732
27735
27736
27740
27743
27749
27755
27756
27760
27762
27766
27767
27772
27780
27794
27797
27800
27804
27805
27812
27813
27816
27825
27833
27837
27839
27842
27844
27849
27851
27853
27856
27857
27863
27864
27869
27872
27878
27879
27881
27883
27886
27892
27893
27894
27897
27901
27903
27909
27912
27914
27918
27919
27920
27922
27925
27935
27944
27948
27951
27956
27959
27960
27961
27967
27973
27974
27975
27978
27987
27993
27997
27999
28001
28003
28005
28007
28008
28012
28015
28017
28019
28026
28031
28041
28043
28044
28055
28056
28057
28061
28066
28067
28068
28069
28070
28077
28080
28087
28088
28090
28095
28096
28098
28099
28109
28115
28117
28118
28119
28120
28122
28123
28126
28127
28130
28133
28139
28140
28143
28147
28148
28150
28152
28157
28164
28165
28166
28167
28173
28176
28181
28186
28187
28189
28193
28196
28197
28204
28206
28213
28215
28216
28223
28224
28225
28228
28230
28232
28233
28236
28237
28244
28251
28256
28258
28261
28264
28268
28269
28271
28277
28278
28279
28280
28281
28285
28286
28289
28291
28294
28295
28301
28302
28308
28309
28316
28317
28318
28325
28330
28335
28338
28342
28344
28365
28366
28373
28377
28378
28385
28388
28389
28391
28397
28402
28403
28409
28410
28413
28417
28418
28423
28424
28425
28427
28428
28429
28430
28432
28433
28437
28438
28440
28443
28448
28449
28452
28455
28456
28459
28460
28461
28464
28468
28470
28473
28482
28483
28490
28498
28502
28504
28509
28514
28515
28519
28532
28540
28544
28550
28555
28558
28561
28562
28563
28565
28566
28567
28568
28573
28575
28579
28582
28591
28592
28597
28603
28604
28610
28615
28618
28623
28625
28628
28631
28632
28636
28637
28638
28640
28646
28653
28655
28656
28658
28659
28667
28668
28670
28672
28673
28676
28677
28678
28680
28681
28684
28687
28696
28698
28699
28713
28721
28723
28724
28732
28735
28737
28739
28750
28755
28759
28764
28774
28779
28781
28783
28785
28790
28791
28794
28795
28805
28810
28812
28813
28817
28821
28823
28831
28842
28844
28849
28854
28855
28856
28858
28859
28861
28866
28868
28872
28875
28882
28888
28889
28892
28895
28897
28898
28901
28906
28933
28934
28935
28936
28937
28938
28939
28941
28942
28943
28944
28945
28946
28947
28951
28952
28964
28971
28974
28978
28982
28985
28991
28998
28999
29003
29007
29008
29015
29018
29019
29024
29025
29031
29032
29033
29035
29036
29040
29041
29045
29046
29047
29049
29052
29056
29061
29067
29073
29076
29091
29095
29099
29100
29102
29105
29107
29108
29111
29121
29123
29124
29128
29154
29683
29684
29685
29686
29687
29688
29689
29690
29691
29692
29693
29694
29695
29696
29697
29698
29699
29700
29701
29702
29703
29704
29705
29706
29707
29708
29709
29710
29711
29712
29713
29714
29715
29716
29717
29718
29719
29720
29721
29722
29723
29724
29725
29729
29730
29731
29732
29733
29734
29735
29736
29737
29738
29739
29740
29741
29742
29743
29744
29745
29746
29747
29748
29749
29750
29751
29752
29753
29754
29755
29756
29757
29758
29759
29760
29761
29762
29763
29764
29765
29766
29767
29768
29769
29770
29771
29772
29773
29774
29775
29777
29778
29779
29782
29783
29786
29788
29789
29792
29793
29796
29797
29801
29804
29805
29812
29813
29814
29819
29820
29825
29827
29834
29851
29852
29853
29854
29861
29862
29866
29867
29868
29869
29870
29871
29872
29873
29874
29875
29876
29877
29878
29879
29880
29881
29882
29883
29884
29885
29886
29887
29888
29889
29890
29891
29892
29893
29894
29895
29896
29897
29898
29899
29900
29905
29944
29959
30436
30437
30438
30439
30440
30441
30442
30443
30444
30445
30446
30447
30448
30449
30450
30452
30453
30454
30455
30456
30457
30458
30459
30460
30461
30462
30463
30464
30465
30466
30467
30468
30469
30470
30471
30472
30473
30474
30475
30476
30477
30478
30479
30480
30481
30482
30483
30484
30485
30486
30487
30488
30489
30490
30491
30492
30493
30494
30495
30496
30497
30498
30499
30500
30501
30502
30503
30504
30505
30506
30507
30508
30509
30510
30511
30512
30513
30514
30515
30516
30517
30518
30519
30520
30521
30522
30523
30524
30525
30526
30527
30528
30529
30530
30531
30532
30533
30534
30535
30536
30537
30538
30539
30540
30541
30542
30543
30544
30545
30546
30547
30548
30549
30550
30551
30552
30553
30554
30555
30556
30557
30558
30559
30560
30561
30562
30563
30564
30565
30566
30568
30569
30570
30571
30572
30573
30574
30575
30576
30577
30580
30581
30582
30583
30584
30585
30586
30587
30588
30589
30590
30591
30592
30593
30595
30604
30606
30617
30618
30619
30620
30621
30622
30624
30625
30626
30637
30638
30639
30640
30641
30642
30643
30644
30645
30646
30647
30648
30649
30650
30651
30653
30654
30655
30656
30657
30658
30659
30660
30661
30662
30663
30664
30671
30672
30673
30674
30675
30676
30677
30681
30682
30683
30684
30685
30686
30687
30688
30689
30707
30708
30709
30710
30711
30712
30713
30714
30715
30716
30723
30724
30736
30737
30739
30740
30741
30743
30744
30746
30747
30748
30749
30750
30751
30752
30753
30754
30761
30762
30763
30765
30766
30767
30772
30773
30774
30775
30776
30777
30778
30779
30780
30781
30782
30783
30784
30785
30786
30787
30788
30789
30790
30791
30792
30793
30794
30795
30796
30797
30798
30799
30800
30801
30802
30803
30804
30805
30806
30807
30808
30809
30810
30811
30812
30813
30814
30815
30816
30817
30818
30819
30820
30821
30822
30823
30824
30825
30826
30827
30830
30831
30838
30839
30841
30842
30843
30844
30845
30846
30847
30848
30849
30850
30851
30854
30858
30861
30862
30863
30864
30865
30866
30867
30868
30869
30870
30871
30872
30873
30874
30875
30876
30877
30878
30879
30883
30884
30885
30886
30887
30893
30894
30895
30896
30899
30900
30901
30906
30907
30908
30909
30912
30913
30914
30915
30916
30917
30918
30919
30920
30921
30922
30923
30924
30925
30926
30927
30928
30929
30930
30931
30932
30933
30934
30935
30936
30937
30938
30939
30940
30941
30942
30943
30944
30945
30946
30947
30948
30949
30950
30953
30954
30962
30963
30964
30965
30967
30968
30969
30970
30971
30972
30973
30998
30999
31005
31007
31008
31009
31010
31019
31022
31023
31025
31026
31029
31032
31041
31042
31043
31044
31045
31046
31047
31048
31049
31050
31051
31052
31053
31056
31057
31062
31063
31064
31065
31066
31067
31068
31069
31070
31071
31072
31111
31530
31539
31780
31781
31784
31785
31786
31787
31788
31789
31790
31791
31793
31794
31809
31810
31811
31833
31835
31878
31879
32007
32016
32048
32049
32119
32127
32128
32132
32133
32134
32289
32290
32315
32327
32329
32330
32338
32404
32405
32408
32449
32450
32451
32452
32453
32454
32455
32456
32467
32471
32472
32473
32474
32560
32578
32579
32580
32609
32682
32683
32684
32685
32686
32687
32688
32689
32690
32691
32692
32693
32694
32695
32696
32697
32698
32699
32700
32701
32702
32703
32704
32705
32706
32707
32708
32709
32710
32711
32712
32713
32714
32715
32716
32717
32718
32719
32720
32721
32722
32723
32724
32725
32726
32727
32728
32729
32730
32731
32732
32733
32734
32735
32736
32737
32738
32739
32740
32741
32742
32743
32744
32745
32746
32747
32748
32749
32750
32751
32752
32753
32754
32755
32756
32757
32758
32759
32760
32761
32762
32763
32764
32765
32766
32767
32768
32769
32770
32771
32772
32773
32774
32775
32776
32777
32778
32779
32780
32781
32782
32783
32784
32785
32786
32787
32788
32789
32790
32791
32792
32793
32794
32795
32796
32797
32798
32799
32800
32801
32802
32803
32804
32805
32806
32807
32808
32809
32810
32811
32812
32813
32814
32815
32816
32817
32818
32819
32820
32821
32822
32823
32824
32825
32826
32827
32828
32829
32830
32831
32832
32833
32834
32835
32836
32837
32838
32839
32840
32841
32842
32843
32844
32845
32846
32847
32848
32849
32850
32851
32852
32853
32854
32855
32856
32857
32858
32859
32860
32861
32862
32863
32864
32865
32866
32867
32868
32869
32870
32871
32872
32873
32874
32875
32876
32877
32878
32882
32883
32884
32885
32886
32887
32888
32889
32890
32891
32892
32893
32894
32895
32896
32897
32898
32899
32900
32901
32902
32903
32904
32905
32907
32909
32910
32911
32947
32948
32951
32952
32953
32954
32961
32962
32963
32964
32965
32966
32967
32980
32981
32987
32988
32990
32994
33003
33004
33009
33043
33053
33054
33073
33075
33076
33205
33212
33228
33229
33238
33244
33246
33247
33251
33252
33277
33280
33281
33282
33475
33615
33616
33617
33618
33619
33620
33648
33649
33650
33651
33652
33653
33654
33655
33656
33657
33658
33659
33660
33669
33687
33688
33742
33743
33744
33808
33825
33826
33827
33828
33829
33830
33831
33832
33833
33834
33835
33836
33837
33838
33839
33840
33841
33842
33843
33844
33845
33846
33847
33848
33849
33862
33863
33881
33990
33997
33998
34005
34006
34007
34008
34009
34010
34011
34012
34013
34014
34015
34016
34017
34018
34019
34020
34021
34022
34023
34024
34025
34026
34027
34028
34029
34030
34031
34032
34033
34034
34035
34036
34037
34038
34039
34040
34041
34042
34043
34044
34045
34046
34047
34048
34049
34050
34051
34052
34053
34054
34081
34103
34104
34105
34106
34107
34108
34112
34145
34162
34163
34183
34184
34185
34209
34210
34211
34212
34215
34217
34218
34219
34220
34221
34222
34223
34224
34225
34226
34227
34228
34229
34230
34231
34232
34233
34234
34235
34236
34237
34238
34239
34240
34241
34242
34243
34244
34245
34246
34247
34248
34249
34250
34251
34252
34253
34254
34255
34256
34257
34258
34259
34260
34261
34262
34263
34264
34265
34266
34267
34268
34269
34270
34271
34272
34273
34274
34275
34276
34277
34278
34279
34280
34281
34282
34283
34284
34285
34286
34287
34288
34289
34290
34291
34292
34293
34294
34295
34296
34297
34298
34299
34300
34301
34302
34303
34304
34305
34306
34307
34308
34349
34355
34358
34361
34372
34373
34374
34376
34509
34520
34523
34524
34525
34534
34535
34544
34550
34552
34561
34578
34579
34580
34588
34589
34592
34593
34594
34599
34602
34611
34615
34622
34627
34680
34683
34684
34701
34705
34710
34713
34714
34727
34739
34749
34750
34764
34792
34793
34819
34825
34826
34827
34838
34844
34847
34860
34861
34872
34873
34874
34880
34887
34888
34889
34890
34891
34892
34893
34894
34896
34913
34914
34922
34923
34929
34933
34936
34944
34945
34946
34947
34948
34949
34950
34951
34952
34953
34954
34955
34956
34957
34958
34959
34960
34961
34962
34963
34964
34965
34966
34967
34968
34969
34970
34971
34972
34973
34974
34975
34980
34985
34989
34992
34996
35005
35011
35013
35014
35018
35025
35035
35038
35040
35041
35042
35043
35044
35045
35046
35047
35053
35055
35057
35058
35059
35061
35064
35068
35069
35075
35077
35078
35093
35113
35114
35115
35116
35117
35118
35119
35120
35121
35123
35124
35125
35126
35127
35128
35129
35130
35131
35132
35133
35142
35143
35144
35145
35150
35155
35156
35157
35159
35161
35165
35166
35194
35196
35197
35200
35210
35266
35269
35271
35275
35285
35286
35287
35288
35289
35290
35291
35292
35293
35294
35295
35296
35297
35298
35299
35300
35301
35302
35303
35304
35305
35306
35307
35308
35309
35310
35311
35312
35313
35314
35315
35316
35317
35318
35319
35320
35321
35322
35323
35324
35325
35355
35357
35358
35364
35374
35375
35376
35377
35378
35379
35380
35381
35382
35383
35384
35385
35386
35387
35388
35389
35390
35391
35392
35393
35394
35395
35396
35397
35398
35399
35400
35401
35402
35403
35404
35405
35406
35407
35408
35409
35410
35411
35412
35413
35414
35415
35416
35417
35418
35419
35420
35421
35422
35423
35424
35425
35426
35427
35428
35429
35430
35431
35432
35433
35434
35435
35436
35437
35438
35439
35440
35441
35442
35443
35444
35445
35446
35447
35448
35449
35450
35451
35452
35453
35454
35455
35456
35457
35458
35459
35460
35461
35462
35463
35464
35465
35466
35467
35468
35469
35470
35471
35472
35473
35474
35475
35476
35477
35478
35479
35480
35488
35506
35509
35562
35632
35643
35702
35703
35704
35705
35706
35707
35708
35709
35710
35711
35712
35730
35770
35778
35779
35819
35820
35824
35871
35881
35888
35889
35960
35961
35966
35967
35968
35969
35970
35971
35972
35973
35974
35975
35976
35977
35980
35981
35985
35986
35987
35988
35989
35990
35991
35992
35993
35994
35995
35996
35998
35999
36000
36001
36002
36003
36004
36005
36015
36020
36021
36022
36024
36025
36026
36056
36057
36058
36059
36070
36071
36073
36088
36091
36092
36093
36094
36096
36098
36109
36110
36113
36127
36128
36129
36130
36131
36132
36133
36134
36135
36136
36137
36138
36139
36140
36141
36142
36143
36144
36145
36146
36147
36148
36149
36150
36154
36155
36156
36157
36158
36159
36160
36161
36162
36163
36164
36165
36166
36167
36168
36169
36170
36171
36172
36173
36174
36175
36176
36177
36178
36179
36180
36181
36182
36183
36184
36185
36186
36187
36188
36189
36190
36191
36192
36193
36194
36195
36196
36197
36198
36199
36200
36201
36202
36203
36204
36205
36208
36210
36214
36215
36226
36227
36228
36229
36230
36231
36232
36233
36234
36235
36237
36238
36239
36240
36241
36242
36243
36244
36245
36246
36247
36248
36249
36258
36259
36260
36261
36262
36263
36264
36265
36266
36267
36268
36269
36270
36271
36272
36273
36274
36275
36276
36277
36278
36280
36281
36282
36284
36285
36286
36298
36301
36302
36303
36313
36315
36316
36324
36328
36329
36333
36334
36335
36337
36342
36344
36345
36348
36349
36350
36356
36367
36370
36371
36372
36373
36383
36385
36388
36389
36392
36393
36403
36405
36406
36407
36410
36414
36417
36418
36421
36437
36438
36439
36440
36441
36442
36443
36444
36445
36446
36447
36448
36449
36450
36451
36452
36453
36454
36455
36456
36457
36458
36459
36460
36461
36462
36463
36464
36465
36466
36467
36468
36469
36470
36471
36472
36473
36474
36475
36476
36477
36483
36485
36486
36487
36488
36489
36490
36491
36492
36493
36494
36495
36496
36497
36498
36499
36500
36501
36502
36503
36504
36505
36506
36507
36508
36509
36510
36511
36512
36513
36514
36515
36516
36517
36518
36519
36520
36521
36522
36523
36524
36525
36526
36527
36528
36529
36530
36531
36532
36533
36534
36535
36536
36537
36538
36539
36540
36541
36542
36543
36544
36545
36546
36547
36548
36549
36550
36551
36552
36553
36554
36555
36556
36557
36558
36571
36572
36577
36578
36579
36580
36581
36582
36583
36584
36589
36596
36600
36601
36602
36618
36620
36626
36627
36629
36632
36637
36650
36662
36663
36664
36665
36690
36691
36692
36693
36699
36714
36715
36718
36723
36729
36730
36731
36732
36733
36734
36735
36736
36737
36738
36739
36742
36743
36747
36749
36752
36754
36755
36756
36757
36758
36759
36760
36761
36762
36763
36764
36765
36766
36767
36770
36771
36772
36773
36777
36782
36783
36786
36790
36792
36808
36820
36821
36822
36823
36827
36828
36829
36830
36831
36832
36833
36834
36835
36836
36837
36838
36839
36840
36841
36842
36843
36844
36845
36846
36847
36848
36849
36850
36851
36852
36853
36854
36870
36871
36872
36873
36885
36886
36887
36903
36906
36907
36914
36917
36918
36919
36920
36921
36922
36923
36924
36925
36926
36927
36928
36929
36954
36959
36960
36961
36962
36963
36964
36965
36966
36967
36968
36969
36970
36971
36972
36973
36974
36976
36977
36985
36993
36994
36996
36997
36998
36999
37005
37019
37020
37038
37040
37042
37043
37044
37045
37047
37048
37049
37050
37051
37053
37054
37055
37061
37065
37066
37071
37072
37074
37079
37084
37085
37097
37098
37100
37101
37102
37107
37125
37132
37133
37134
37135
37136
37137
37138
37139
37140
37141
37142
37143
37144
37151
37157
37159
37160
37161
37162
37168
37169
37170
37171
37186
37187
37188
37195
37196
37197
37206
37207
37208
37209
37231
37232
37233
37234
37237
37244
37246
37247
37252
37253
37254
37257
37262
37264
37268
37270
37271
37272
37273
37275
37284
37285
37286
37288
37295
37297
37301
37308
37310
37311
37334
37344
37354
37355
37363
37367
37379
37381
37384
37387
37396
37399
37403
37410
37411
37416
37417
37418
37419
37420
37424
37425
37430
37431
37432
37437
37438
37476
37485
37486
37489
37491
37492
37498
37499
37500
37502
37503
37504
37505
37506
37507
37517
37521
37531
37532
37537
37543
37544
37545
37548
37570
37593
37594
37632
37637
37638
37642
37648
37650
37651
37652
37653
37654
37655
37656
37657
37658
37659
37660
37661
37662
37663
37664
37665
37666
37667
37668
37669
37670
37671
37672
37673
37674
37675
37676
37677
37678
37679
37680
37681
37682
37683
37684
37685
37686
37687
37688
37689
37690
37691
37692
37693
37694
37696
37697
37699
37700
37701
37702
37703
37704
37705
37706
37707
37708
37709
37710
37711
37712
37713
37714
37715
37716
37717
37718
37719
37720
37721
37722
37723
37724
37725
37726
37727
37728
37729
37730
37731
37732
37733
37734
37735
37736
37737
37738
37739
37740
37741
37742
37743
37744
37745
37746
37747
37748
37749
37750
37751
37752
37753
37754
37755
37756
37757
37759
37760
37773
37774
37783
37784
37787
37788
37789
37805
37807
37808
37809
37810
37813
37814
37816
37817
37818
37819
37821
37894
37900
37957
37958
37959
37960
37961
37962
37964
37965
37991
37992
37995
38015
38016
38020
38021
38022
38023
38024
38025
38026
38027
38028
38029
38030
38047
38048
38053
38116
38121
38122
38123
38125
38142
38147
38148
38153
38177
38178
38179
38181
38182
38197
38198
38205
38217
38299
38306
38307
38311
38369
38370
38371
38372
38373
38374
38375
38416
38444
38447
38450
38452
38454
38496
38501
38502
38504
38505
38507
38508
38516
38530
38531
38532
38533
38534
38535
38548
38556
38622
38623
38624
38625
38649
38658
38659
38661
38662
38671
38678
38686
38687
38694
38695
38697
38698
38721
38722
38723
38724
38729
38730
38731
38738
38740
38742
38744
38747
38748
38749
38750
38751
38768
38769
38770
38771
38779
38781
38793
38797
38800
38801
38802
38803
38804
38805
38806
38807
38810
38819
38823
38824
38832
38833
38837
38838
38840
38841
38848
38859
38860
38874
38891
38906
38907
38932
38933
38934
38935
38936
38946
38947
38948
38949
38962
38964
38967
38969
38973
38974
38977
38980
38981
38982
38983
38984
38985
38986
38987
38990
38992
38993
38994
38995
38997
39002
39003
39004
39005
39017
39018
39020
39027
39028
39034
39087
39103
39110
39114
39116
39117
39118
39119
39125
39126
39128
39131
39132
39133
39136
39137
39156
39157
39158
39160
39166
39167
39172
39176
39205
39206
39231
39234
39235
39238
39239
39248
39260
39269
39270
39272
39273
39274
39275
39276
39296
39297
39298
39316
39317
39330
39340
39341
39352
39358
39359
39360
39365
39369
39370
39371
39372
39373
39374
39375
39376
39377
39378
39386
39390
39391
39392
39393
39394
39429
39433
39434
39435
39436
39446
39447
39448
39451
39454
39456
39457
39461
39462
39463
39465
39466
39467
39474
39475
39477
39478
39480
39497
39507
39511
39535
39536
39537
39538
39539
39541
39542
39545
39546
39559
39575
39578
39586
39587
39588
39589
39590
39591
39592
39609
39610
39611
39612
39613
39627
39661
39662
39663
39689
39701
39709
39710
39711
39715
39716
39741
39749
39750
39755
39763
39764
39774
39775
39776
39780
39785
39787
39788
39796
39797
39798
39804
39805
39815
39816
39820
39821
39830
39831
39832
39841
39842
39843
39847
39851
39859
39860
39861
39863
39870
39871
39881
39883
39884
39893
39894
39902
39903
39904
39905
39906
39908
39910
39915
39916
39917
39922
39923
39925
39926
39927
39930
39932
39937
39944
39945
39947
39948
39956
39997
40008
40009
40010
40020
40021
40025
40031
40043
40044
40045
40048
40055
40056
40057
40072
40074
40075
40076
40077
40078
40090
40118
40119
40120
40121
40122
40123
40124
40125
40126
40127
40128
40129
40131
40132
40133
40134
40135
40136
40137
40138
40139
40140
40141
40142
40143
40144
40145
40146
40147
40148
40149
40150
40151
40152
40153
40154
40155
40156
40163
40171
40176
40178
40180
40186
40187
40190
40191
40194
40198
40206
40210
40211
40213
40219
40220
40241
40246
40247
40251
40253
40254
40255
40258
40261
40262
40263
40264
40275
40293
40294
40298
40307
40316
40317
40320
40326
40327
40334
40335
40340
40343
40353
40354
40362
40363
40364
40370
40373
40375
40376
40387
40412
40418
40423
40424
40425
40426
40434
40438
40439
40440
40441
40442
40443
40444
40445
40449
40450
40451
40452
40453
40456
40458
40459
40494
40495
40496
40504
40505
40510
40511
40512
40516
40517
40518
40519
40520
40521
40522
40523
40524
40525
40526
40527
40528
40547
40548
40549
40550
40556
40557
40558
40559
40560
40566
40568
40569
40570
40581
40582
40591
40592
40593
40604
40607
40611
40618
40628
40630
40635
40636
40637
40650
40651
40652
40653
40656
40658
40659
40660
40661
40662
40663
40664
40665
40666
40667
40668
40701
40702
40703
40710
40711
40716
40719
40724
40725
40726
40727
40728
40758
40759
40760
40761
40762
40769
40770
40771
40772
40784
40785
40786
40787
40788
40789
40792
40793
40794
40796
40813
40814
40815
40816
40841
40842
40843
40844
40852
40853
40854
40855
40856
40857
40860
40861
40862
40863
40864
40870
40871
40872
40873
40874
40875
40876
40877
40878
40879
40880
40881
40882
40886
40890
40913
40914
40915
40916
40922
40923
40924
40958
40959
40960
40961
40962
40970
40973
40979
40983
40984
40995
40996
40997
41003
41004
41005
41006
41008
41046
41047
41067
41111
41112
41113
41132
41134
41137
41138
41139
41140
41141
41142
41143
41144
41145
41146
41147
41148
41149
41150
41151
41152
41153
41154
41155
41164
41165
41169
41197
41201
41206
41227
41228
41229
41230
41231
41232
41233
41234
41246
41247
41324
41329
41330
41341
41361
41362
41363
41364
41385
41402
41405
41407
41416
41417
41418
41419
41420
41433
41447
41448
41452
41456
41462
41464
41489
41490
41500
41502
41503
41512
41513
41514
41515
41520
41523
41524
41525
41526
41527
41528
41529
41530
41531
41544
41545
41546
41547
41551
41554
41555
41556
41559
41560
41561
41577
41579
41582
41585
41587
41588
41591
41593
41595
41599
41600
41603
41604
41608
41613
41615
41617
41618
41627
41643
41644
41645
41673
41674
41675
41676
41677
41678
41679
41686
41691
41692
41693
41694
41695
41696
41697
41698
41707
41710
41711
41712
41756
41768
41779
41780
41781
41782
41783
41787
41788
41789
41790
41791
41793
41794
41795
41798
41801
41802
41803
41804
41805
41807
41808
41809
41810
41811
41814
41826
41836
41837
41838
41839
41856
41858
41859
41860
41861
41862
41863
41864
41865
41866
41870
41871
41872
41873
41874
41875
41876
41877
41884
41885
41886
41887
41891
41909
41910
41912
41913
41914
41915
41918
41920
41926
41929
41930
41931
41932
41933
41934
41935
41939
41940
41943
41944
41945
41959
41967
41970
41971
41974
41975
41978
41979
41981
41983
41989
41990
41991
41992
41998
41999
42014
42015
42016
42017
42019
42020
42021
42022
42031
42032
42045
42046
42053
42054
42055
42056
42057
42058
42059
42060
42061
42062
42063
42078
42079
42081
42082
42083
42084
42085
42086
42091
42101
42106
42108
42109
42165
42166
42167
42168
42172
42176
42177
42211
42212
42213
42214
42217
42218
42220
42225
42226
42240
42241
42242
42244
42246
42247
42248
42249
42250
42251
42252
42254
42255
42257
42258
42259
42264
42265
42279
42280
42281
42282
42283
42284
42285
42287
42288
42313
42314
42316
42320
42321
42322
42323
42339
42340
42341
42342
42343
42344
42345
42349
42351
42352
42353
42354
42355
42356
42357
42366
42367
42368
42373
42374
42375
42382
42394
42401
42406
42407
42408
42409
42411
42412
42419
42420
42421
42422
42427
42428
42440
42441
42451
42452
42453
42454
42455
42456
42457
42458
42459
42460
42461
42462
42463
42465
42466
42467
42469
42471
42481
42483
42485
42488
42489
42490
42491
42492
42493
42494
42495
42505
42509
42510
42514
42522
42523
42524
42538
42539
42540
42541
42542
42548
42549
42550
42551
42555
42556
42557
42558
42579
42613
42617
42626
42627
42630
42631
42635
42636
42637
42653
42654
42655
42656
42665
42671
42672
42673
42674
42676
42677
42678
42681
42690
42691
42692
42693
42697
42705
42725
42726
42728
42730
42731
42733
42760
42761
42765
42784
42786
42787
42790
42800
42802
42805
42813
42814
42815
42819
42820
42831
42835
42836
42846
42848
42855
42856
42862
42879
42880
42881
42882
42913
42916
42917
42918
42926
42929
42930
42942
42946
42991
42994
43011
43019
43027
43028
43029
43031
43051
43052
43053
43089
43101
43112
43128
43151
43152
43153
43164
43165
43166
43167
43168
43173
43174
43175
43187
43188
43191
43192
43198
43199
43205
43212
43217
43218
43224
43226
43232
43242
43286
43293
43294
43297
43303
43306
43308
43319
43320
43321
43322
43323
43324
43325
43328
43330
43332
43333
43337
43347
43348
43349
43350
43351
43352
43353
43360
43363
43364
43365
43366
43390
43393
43398
43400
43401
43412
43415
43416
43417
43418
43419
43420
43435
43443
43447
43449
43450
43453
43454
43468
43473
43474
43484
43488
43489
43491
43493
43494
43495
43504
43506
43512
43518
43520
43522
43523
43526
43527
43531
43533
43539
43540
43541
43545
43546
43547
43556
43557
43558
43559
43571
43577
43578
43579
43583
43587
43592
43594
43630
43643
43644
43645
43651
43652
43654
43655
43656
43657
43658
43659
43660
43662
43665
43668
43669
43670
43671
43674
43676
43681
43697
43699
43702
43703
43708
43712
43723
43725
43726
43733
43736
43737
43739
43742
43755
43763
43764
43765
43770
43771
43775
43779
43782
43785
43788
43789
43802
43803
43806
43810
43812
43813
43815
43825
43826
43837
43838
43844
43847
43848
43849
43850
43854
43872
43873
43877
43882
43883
43884
43885
43891
43892
43895
43900
43903
43904
43905
43928
43930
43933
43934
43935
43936
43937
43942
43943
43944
43945
43946
43947
43948
43949
43950
43951
43976
43977
43978
43982
43984
43991
43992
43997
44003
44007
44024
44025
44031
44033
44034
44035
44036
44039
44048
44049
44051
44052
44053
44061
44062
44063
44064
44068
44071
44078
44079
44080
44081
44082
44108
44109
44111
44112
44113
44114
44115
44116
44117
44118
44119
44125
44128
44130
44141
44142
44143
44154
44155
44156
44157
44158
44177
44178
44185
44189
44190
44191
44230
44233
44234
44244
44245
44267
44272
44273
44274
44283
44284
44292
44301
44304
44305
44306
44307
44311
44315
44316
44326
44328
44329
44330
44340
44344
44346
44347
44348
44349
44350
44351
44352
44357
44358
44367
44368
44369
44380
44381
44382
44386
44387
44388
44405
44408
44409
44426
44427
44428
44429
44430
44431
44432
44433
44434
44438
44446
44447
44448
44449
44450
44453
44454
44456
44457
44458
44459
44460
44461
44462
44463
44464
44471
44480
44481
44482
44483
44492
44493
44494
44495
44512
44517
44518
44526
44531
44532
44540
44541
44547
44555
44556
44557
44558
44559
44560
44567
44568
44572
44573
44574
44575
44576
44577
44578
44579
44580
44581
44582
44583
44585
44586
44590
44595
44596
44600
44601
44603
44609
44617
44618
44623
44631
44632
44633
44634
44635
44636
44637
44643
44644
44645
44647
44648
44659
44660
44661
44662
44664
44665
44681
44682
44683
44684
44685
44686
44689
44690
44691
44693
44695
44696
44697
44699
44700
44701
44702
44703
44704
44709
44710
44711
44717
44719
44725
44729
44730
44731
44734
44742
44743
44747
44748
44758
44761
44763
44765
44766
44767
44770
44772
44773
44776
44782
44783
44788
44801
44806
44807
44815
44821
44822
44823
44824
44825
44826
44837
44838
44839
44840
44841
44842
44843
44844
44845
44846
44847
44848
44849
44850
44851
44852
44853
44854
44855
44856
44857
44858
44859
44860
44861
44862
44866
44867
44868
44870
44871
44872
44873
44874
44877
44878
44881
44882
44883
44887
44888
44892
44908
44911
44928
44937
44938
44939
44940
44941
44967
44971
44974
44975
44976
44977
44979
44985
44988
44994
44995
44996
45000
45002
45004
45006
45008
45009
45010
45011
45012
45013
45015
45019
45020
45022
45023
45027
45028
45031
45047
45048
45049
45050
45051
45052
45053
45054
45055
45056
45057
45058
45059
45060
45061
45067
45090
45093
45102
45103
45105
45106
45108
45109
45110
45114
45115
45143
45144
45145
45161
45163
45165
45166
45167
45170
45173
45174
45175
45176
45177
45179
45190
45191
45193
45194
45202
45203
45204
45205
45212
45216
45217
45219
45220
45221
45222
45223
45228
45229
45230
45231
45232
45233
45234
45235
45236
45237
45238
45240
45245
45248
45249
45250
45251
45252
45253
45254
45255
45259
45260
45262
45263
45265
45266
45267
45273
45276
45278
45279
45280
45283
45284
45286
45287
45288
45289
45290
45291
45292
45293
45294
45295
45299
45300
45301
45306
45307
45308
45318
45322
45333
45334
45335
45336
45337
45338
45339
45343
45344
45345
45346
45347
45348
45351
45366
45367
45370
45374
45382
45383
45384
45393
45394
45397
45398
45399
45400
45401
45402
45403
45404
45405
45406
45408
45409
45424
45425
45426
45427
45428
45429
45430
45445
45448
45483
45497
45498
45499
45501
45502
45503
45504
45505
45506
45514
45515
45516
45517
45518
45522
45524
45529
45530
45558
45559
45560
45561
45562
45563
45564
45568
45569
45570
45571
45572
45573
45574
45576
45578
45579
45581
45582
45584
45599
45600
45601
45602
45605
45608
45609
45620
45622
45623
45624
45625
45626
45627
45628
45629
45630
45631
45632
45633
45634
45635
45636
45637
45638
45639
45646
45649
45650
45651
45652
45653
45670
45671
45672
45673
45674
45675
45676
45677
45678
45698
45700
45701
45703
45704
45705
45706
45707
45708
45709
45710
45712
45713
45714
45715
45717
45718
45719
45720
45721
45722
45723
45724
45725
45726
45730
45731
45737
45742
45744
45749
45753
45760
45774
45782
45783
45784
45795
45802
45805
45806
45807
45809
45810
45811
45812
45813
45815
45816
45817
45818
45819
45820
45822
45825
45826
45827
45828
45830
45831
45833
45834
45835
45836
45837
45839
45841
45842
45843
45844
45845
45847
45866
45867
45868
45869
45870
45871
45872
45884
45886
45887
45888
45889
45891
45907
45908
45909
45911
45912
45913
45915
45916
45919
45920
45921
45922
45924
45927
45928
45929
45930
45931
45932
45933
45934
45935
45936
45937
45938
45939
45943
45945
45946
45947
45948
45949
45950
45951
45952
45953
45954
45955
45956
45957
45958
45959
45960
45961
45962
45963
45964
45965
45973
45974
45975
45976
45977
45978
45979
46029
46030
46031
46032
46033
46034
46035
46049
46057
46058
46059
46062
46064
46068
46071
46072
46073
46076
46094
46107
46108
46109
46110
46111
46113
46115
46116
46121
46122
46139
46140
46141
46143
46144
46145
46146
46148
46149
46184
46185
46186
46187
46188
46197
46212
46213
46256
46269
46270
46271
46272
46273
46274
46275
46276
46277
46278
46279
46280
46281
46282
46283
46285
46286
46287
46288
46325
46335
46336
46349
46354
46363
46372
46373
46374
46376
46379
46380
46381
46391
46392
46403
46411
46412
46417
46419
46420
46421
46441
46458
46459
46460
46461
46462
46463
46464
46465
46466
46467
46469
46470
46481
46482
46483
46484
46485
46486
46487
46488
46489
46492
46494
46499
46500
46501
46513
46525
46526
46527
46528
46529
46531
46532
46533
46569
46570
46575
46576
46588
46589
46590
46591
46592
46593
46594
46595
46596
46597
46598
46600
46601
46608
46609
46610
46614
46619
46620
46621
46632
46633
46634
46635
46636
46637
46638
46639
46640
46641
46642
46643
46644
46645
46646
46652
46653
46654
46655
46656
46670
46671
46672
46673
46675
46676
46682
46685
46692
46693
46696
46721
46744
46745
46746
46756
46757
46758
46759
46760
46761
46765
46766
46767
46768
46769
46770
46771
46773
46774
46776
46777
46778
46779
46780
46781
46782
46783
46792
46793
46794
46795
46796
46797
46798
46799
46801
46807
46825
46826
46833
46836
46841
46842
46843
46844
46845
46846
46847
46848
46849
46850
46851
46852
46856
46873
46889
46890
46891
46894
46895
46898
46913
46921
46922
46923
46925
46929
46931
46946
46962
46975
46976
46977
46987
46989
46990
46991
46992
47002
47018
47026
47027
47028
47029
47032
47034
47035
47036
47037
47038
47039
47040
47041
47042
47043
47044
47045
47046
47047
47048
47049
47050
47051
47052
47053
47054
47055
47056
47059
47073
47074
47077
47078
47079
47082
47083
47084
47085
47086
47087
47109
47114
47115
47129
47131
47136
47146
47147
47152
47153
47154
47158
47173
47174
47175
47176
47177
47178
47179
47182
47184
47185
47186
47192
47204
47205
47206
47210
47239
47243
47244
47245
47276
47277
47282
47283
47284
47285
47286
47287
47288
47294
47295
47296
47307
47308
47334
47339
47340
47347
47362
47365
47373
47374
47375
47381
47387
47388
47389
47390
47391
47402
47404
47405
47406
47407
47434
47435
47436
47443
47444
47445
47454
47455
47462
47463
47465
47470
47472
47475
47476
47477
47478
47479
47480
47481
47482
47483
47484
47485
47486
47487
47488
47491
47496
47499
47500
47501
47502
47506
47508
47516
47520
47531
47532
47533
47534
47537
47547
47555
47556
47557
47561
47562
47563
47564
47565
47566
47567
47577
47609
47619
47622
47623
47624
47625
47626
47627
47628
47629
47631
47650
47668
47669
47670
47672
47674
47675
47685
47686
47709
47710
47719
47721
47722
47729
47732
47733
47734
47735
47736
47738
47739
47752
47757
47758
47759
47769
47770
47773
47777
47778
47779
47780
47782
47784
47788
47803
47804
47805
47808
47811
47812
47823
47837
47840
47841
47842
47843
47852
47860
47862
47865
47900
47905
47906
47917
47919
47931
47932
47933
47934
47935
47936
47937
47938
47939
47940
47941
47942
47943
47944
47945
47946
47947
47948
47949
47950
47951
47952
47953
47954
47955
47956
47957
47958
47959
47960
47961
47962
47963
47964
47965
47966
47967
47968
47969
47970
47971
47972
47973
47974
47975
47976
47977
47978
47979
47980
47981
47996
47998
48000
48019
48020
48021
48024
48025
48026
48037
48041
48042
48043
48044
48047
48050
48051
48054
48055
48062
48065
48069
48070
48071
48072
48078
48079
48083
48084
48085
48086
48090
48095
48096
48098
48108
48121
48139
48146
48147
48159
48165
48171
48210
48211
48220
48221
48224
48225
48227
48230
48250
48281
48282
48283
48284
48285
48286
48287
48291
48292
48306
48318
48321
48325
48328
48329
48330
48331
48332
48335
48340
48346
48347
48348
48350
48361
48370
48371
48375
48379
48381
48394
48404
48405
48406
48407
48408
48421
48422
48423
48435
48442
48448
48449
48454
48455
48460
48462
48466
48489
48490
48495
48505
48520
48527
48531
48545
48562
48590
48593
48600
48635
48636
48644
48650
48656
48659
48672
48686
48687
48688
48689
48692
48695
48740
48749
48750
48754
48755
48780
48781
48787
48802
48816
48821
48822
48823
48830
48837
48841
48854
48865
48876
48878
48879
48880
48881
48882
48883
48890
48891
48895
48901
48924
48927
48928
48947
48950
48954
48976
48991
48996
49039
49041
49044
49045
49046
49047
49048
49049
49050
49053
49054
49063
49075
49076
49077
49089
49090
49121
49140
49141
49147
49148
49149
49150
49153
49154
49155
49156
49157
49158
49159
49160
49169
49185
49200
49230
49237
49238
49239
49244
49334
49340
49344
49365
49387
49429
49437
49438
49442
49490
49500
49557
49578
49594
49612
49623
49680
49714
49723
49740
49741
49769
49772
49794
49800
49811
49816
49836
49901
49922
49923
49940
49942
49948
49949
49955
49959
49962
49968
49979
49984
49997
50001
50008
50010
50015
50021
50023
50025
50028
50033
50036
50050
50053
50057
50081
50082
50085
50091
50128
50137
50143
50155
50157
50169
50172
50173
50179
50186
50188
50195
50203
50208
50210
50216
50219
50224
50228
50229
50239
50240
50241
50242
50248
50250
50252
50255
50256
50257
50258
50262
50263
50268
50269
50270
50273
50314
50315
50321
50322
50330
50333
50339
50342
50347
50356
50363
50374
50376
50377
50386
50387
50389
50390
50391
50395
50396
50402
50404
50406
50407
50410
50413
50419
50422
50430
50431
50432
50436
50437
50438
50439
50440
50441
50447
50450
50455
50462
50463
50465
50476
50478
50488
50491
50496
50497
50500
50501
50502
50503
50505
50506
50507
50511
50518
50521
50528
50530
50535
50537
50540
50543
50546
50548
50550
50555
50565
50566
50584
50586
50587
50590
50591
50601
50602
50603
50608
50630
50642
50649
50652
50657
50659
50662
50668
50669
50670
50671
50673
50677
50678
50680
50685
50690
50691
50692
50698
50699
50712
50713
50733
50736
50743
50744
50753
50760
50770
50771
50774
50776
50777
50795
50801
50802
50803
50806
50811
50814
50816
50829
50830
50834
50835
50836
50837
50839
50843
50849
50855
50857
50858
50862
50863
50865
50870
50873
50881
50884
50887
50893
50895
50901
50905
50906
50907
50910
50914
50916
50917
50921
50922
50936
50942
50945
50952
50956
50958
50961
50973
50980
50986
50989
50994
51000
51005
51008
51011
51014
51015
51016
51017
51022
51026
51033
51042
51045
51048
51057
51061
51070
51080
51081
51082
51084
51088
51089
51091
51092
51093
51104
51110
51114
51126
51137
51141
51144
51146
51148
51152
51158
51159
51160
51173
51174
51181
51187
51200
51204
51206
51208
51212
51218
51220
51221
51226
51235
51237
51238
51244
51245
51248
51252
51254
51262
51272
51275
51277
51278
51286
51301
51302
51305
51310
51311
51314
51315
51317
51325
51328
51330
51332
51333
51338
51340
51342
51344
51351
51354
51356
51365
51367
51368
51369
51371
51376
51380
51384
51386
51389
51396
51397
51404
51414
51419
51420
51423
51425
51426
51427
51429
51433
51435
51436
51443
51444
51446
51447
51448
51449
51450
51452
51453
51455
51458
51460
51461
51465
51468
51469
51473
51476
51482
51484
51485
51490
51491
51494
51501
51504
51505
51506
51509
51511
51512
51517
51518
51520
51522
51523
51524
51529
51531
51532
51533
51535
51538
51543
51544
51547
51548
51558
51560
51563
51569
51570
51573
51580
51582
51583
51588
51589
51594
51596
51604
51608
51609
51613
51614
51618
51622
51624
51625
51628
51629
51632
51633
51634
51637
51638
51640
51649
51654
51657
51661
51662
51665
51669
51670
51671
51674
51690
51692
51697
51701
51702
51703
51712
51713
51715
51717
51722
51725
51726
51734
51738
51739
51741
51744
51745
51748
51751
51755
51759
51760
51761
51763
51764
51766
51769
51770
51773
51776
51778
51779
51780
51781
51782
51786
51792
51795
51796
51800
51802
51804
51806
51807
51808
51809
51810
51813
51814
51815
51816
51820
51824
51826
51829
51830
51838
51839
51851
51853
51855
51857
51858
51864
51867
51868
51870
51871
51872
51873
51877
51878
51880
51883
51884
51890
51897
51898
51903
51905
51912
51913
51918
51919
51923
51927
51928
51937
51938
51941
51942
51943
51946
51947
51948
51955
51959
51967
51968
51971
51972
51974
51979
51984
51988
51989
51990
51993
51997
52004
52006
52007
52015
52017
52022
52026
52031
52032
52034
52036
52039
52045
52058
52062
52063
52072
52073
52075
52077
52083
52091
52096
52101
52103
52105
52106
52109
52117
52122
52127
52129
52131
52133
52136
52143
52148
52150
52153
52156
52159
52160
52165
52169
52171
52178
52181
52189
52190
52195
52209
52211
52217
52220
52232
52234
52239
52245
52246
52255
52262
52273
52277
52297
52299
52300
52303
52307
52309
52314
52317
52318
52320
52322
52326
52336
52343
52345
52347
52348
52349
52357
52361
52363
52372
52373
52381
52383
52384
52385
52401
52402
52403
52405
52413
52415
52417
52420
52421
52423
52424
52425
52429
52431
52433
52437
52440
52441
52450
52455
52462
52464
52466
52468
52469
52470
52471
52472
52483
52486
52487
52491
52493
52499
52508
52512
52513
52515
52522
52523
52524
52537
52539
52550
52552
52556
52558
52563
52566
52569
52571
52572
52575
52580
52582
52586
52588
52589
52591
52595
52596
52597
52598
52602
52605
52613
52616
52617
52618
52620
52626
52627
52629
52632
52633
52634
52638
52641
52642
52646
52650
52651
52653
52658
52659
52660
52661
52673
52674
52675
52680
52681
52682
52685
52686
52687
52691
52692
52695
52702
52703
52705
52711
52713
52716
52724
52725
52726
52733
52735
52736
52737
52738
52739
52740
52741
52745
52748
52753
52754
52756
52757
52762
52764
52769
52770
52771
52773
52777
52783
52785
52793
52801
52804
52806
52809
52812
52816
52817
52820
52821
52830
52835
52839
52840
52844
52845
52850
52851
52856
52857
52858
52860
52874
52881
52889
52894
52896
52906
52907
52910
52917
52924
52930
52934
52937
52943
52948
52949
52962
52964
52966
52970
52973
52975
52982
52996
52997
52999
53004
53012
53016
53019
53020
53022
53025
53026
53031
53032
53037
53043
53044
53046
53047
53049
53063
53070
53074
53076
53084
53090
53097
53100
53101
53109
53111
53116
53120
53121
53124
53129
53132
53138
53139
53140
53143
53147
53148
53150
53151
53152
53153
53157
53160
53163
53166
53173
53175
53178
53180
53185
53193
53194
53196
53198
53199
53201
53205
53209
53212
53213
53222
53223
53231
53232
53233
53236
53237
53244
53250
53255
53258
53264
53265
53267
53268
53269
53275
53276
53278
53283
53284
53285
53288
53296
53298
53299
53302
53308
53311
53314
53316
53319
53320
53324
53331
53343
53355
53358
53364
53370
53371
53380
53382
53384
53390
53396
53398
53404
53406
53416
53418
53422
53423
53426
53440
53443
53444
53446
53450
53455
53458
53466
53482
53485
53487
53488
53497
53498
53505
53509
53515
53517
53519
53523
53525
53528
53533
53535
53537
53543
53546
53558
53563
53566
53571
53572
53573
53574
53575
53576
53579
53588
53589
53593
53594
53598
53600
53602
53604
53607
53609
53611
53616
53618
53627
53629
53630
53632
53634
53639
53640
53641
53643
53649
53650
53661
53662
53663
53665
53670
53671
53672
53674
53679
53687
53698
53699
53704
53713
53715
53723
53726
53730
53732
53735
53739
53740
53741
53744
53746
53751
53758
53759
53762
53763
53764
53766
53768
53771
53773
53785
53799
53803
53804
53805
53816
53824
53828
53830
53835
53839
53841
53850
53854
53855
53856
53862
53863
53867
53868
53871
53874
53875
53879
53888
53895
53897
53898
53901
53904
53906
53914
53916
53920
53925
53926
53930
53944
53947
53950
53954
53960
53962
53963
53967
53970
53971
53973
53976
53977
53978
53984
53986
53998
53999
54002
54003
54007
54015
54017
54019
54020
54023
54024
54029
54032
54039
54044
54046
54047
54049
54051
54054
54057
54060
54062
54064
54067
54069
54072
54075
54081
54084
54088
54097
54101
54103
54105
54106
54107
54109
54111
54114
54118
54132
54133
54139
54149
54150
54154
54156
54164
54166
54183
54188
54199
54204
54208
54216
54219
54220
54226
54246
54247
54249
54251
54254
54259
54262
54265
54276
54280
54282
54285
54286
54287
54294
54296
54299
54301
54302
54308
54311
54312
54318
54319
54321
54334
54335
54339
54340
54345
54355
54365
54367
54368
54369
54370
54372
54376
54379
54384
54393
54394
54396
54398
54401
54403
54409
54419
54430
54433
54435
54436
54440
54448
54451
54452
54454
54463
54469
54477
54480
54481
54482
54491
54502
54506
54514
54517
54520
54529
54530
54536
54540
54541
54543
54544
54545
54549
54551
54556
54561
54564
54567
54568
54570
54571
54573
54574
54577
54580
54584
54586
54587
54590
54591
54593
54610
54612
54616
54622
54623
54624
54625
54626
54628
54632
54634
54637
54640
54641
54642
54643
54645
54646
54652
54655
54657
54660
54663
54665
54668
54669
54670
54672
54675
54677
54680
54682
54687
54689
54693
54698
54705
54706
54718
54721
54722
54724
54725
54728
54729
54731
54733
54739
54749
54751
54753
54754
54759
54762
54763
54765
54767
54771
54775
54789
54793
54794
54797
54801
54804
54807
54813
54823
54834
54835
54836
54841
54842
54847
54857
54862
54864
54865
54866
54867
54870
54872
54874
54878
54880
54885
54886
54889
54890
54898
54902
54913
54919
54923
54924
54930
54931
54934
54935
54943
54950
54953
54960
54964
54966
54969
54981
54993
54994
54998
54999
55003
55006
55007
55011
55012
55016
55020
55028
55032
55036
55037
55039
55042
55046
55057
55059
55067
55070
55074
55075
55080
55082
55085
55086
55088
55089
55094
55096
55097
55101
55104
55106
55108
55111
55114
55115
55119
55122
55123
55127
55130
55136
55142
55143
55147
55149
55153
55154
55159
55167
55181
55184
55187
55191
55192
55199
55200
55203
55212
55220
55224
55226
55229
55231
55236
55238
55240
55243
55244
55250
55251
55256
55259
55265
55266
55268
55270
55273
55279
55280
55281
55284
55288
55290
55296
55299
55301
55305
55306
55307
55309
55312
55322
55331
55335
55338
55343
55346
55347
55348
55354
55360
55361
55362
55365
55374
55380
55384
55386
55388
55390
55392
55394
55395
55399
55402
55404
55406
55413
55418
55428
55430
55431
55442
55443
55444
55448
55453
55454
55455
55456
55457
55464
55467
55474
55475
55477
55482
55483
55485
55486
55496
55502
55504
55505
55506
55507
55509
55510
55513
55514
55517
55520
55526
55527
55530
55534
55535
55537
55539
55544
55551
55552
55553
55554
55560
55563
55568
55573
55574
55576
55580
55583
55584
55591
55593
55600
55602
55603
55610
55611
55612
55615
55617
55619
55620
55623
55624
55631
55638
55643
55645
55648
55651
55655
55656
55658
55664
55665
55666
55667
55668
55672
55673
55676
55678
55681
55682
55688
55689
55695
55696
55703
55704
55705
55712
55717
55722
55725
55729
55731
55752
55753
55760
55764
55765
55772
55775
55776
55778
55784
55789
55790
55796
55797
55800
55804
55805
55810
55811
55812
55814
55815
55816
55817
55819
55820
55824
55825
55827
55830
55835
55836
55839
55842
55843
55846
55847
55848
55851
55855
55857
55860
55869
55870
55877
55885
55889
55891
55896
55901
55902
55906
55919
55927
55931
55937
55942
55945
55948
55949
55950
55952
55953
55954
55955
55960
55962
55966
55969
55978
55979
55984
55990
55991
55997
56002
56005
56010
56012
56015
56018
56019
56023
56024
56025
56027
56033
56040
56042
56043
56045
56046
56054
56055
56057
56059
56060
56063
56064
56065
56067
56068
56071
56074
56083
56085
56086
56100
56108
56110
56111
56119
56122
56124
56126
56137
56142
56146
56151
56161
56166
56168
56170
56172
56177
56178
56181
56182
56192
56197
56199
56200
56204
56208
56210
56218
56229
56231
56236
56241
56242
56243
56245
56246
56248
56253
56255
56259
56262
56269
56275
56276
56279
56282
56284
56285
56288
56293
)


// ************************************************************************* //
