/*--------------------------------*- C++ -*----------------------------------*\
| =========                 |                                                 |
| \\      /  F ield         | OpenFOAM: The Open Source CFD Toolbox           |
|  \\    /   O peration     | Version:  v2012                                 |
|   \\  /    A nd           | Website:  www.openfoam.com                      |
|    \\/     M anipulation  |                                                 |
\*---------------------------------------------------------------------------*/
FoamFile
{
    version     2.0;
    format      ascii;
    class       volScalarField;
    location    "200";
    object      gammaInt;
}
// * * * * * * * * * * * * * * * * * * * * * * * * * * * * * * * * * * * * * //

dimensions      [0 0 0 0 0 0 0];


internalField   nonuniform List<scalar> 
13917
(
1
1
1.00029
1
1
1
1
1
1
1
1
1
1
1
1
1
1
1
1
1
1
1
1
1
1
1
1
1
1
1
1
1
1
1
1
1
1
1
1
1
1
1
1
1
1
1
1
1
1
1
1
1
1
1
1
1
1
1
1
1
1
0.999623
1
1
1
0.999999
1
1
1
1
0.999999
1
1
1
1
1
1
1
1
1
1
1
1
1
1
1
1
1
1
1
1
1
1
1
1
1
1
1
1
1
1
1
1
1
1
1
1
0.999422
0.99999
1
1
1
1
1
1
1
1
1
0.999884
1
1
1
1
1
1
1
1
1
1
1
1
1
1
1
1
1
1
1
1
1
1
0.999999
1
1
1
0.999994
1
1
1
1
1
1
1
1
1
1
1
1
1
1
1
1
1
1
1
0.999999
1
1
1
1
1
1
1
1
1
1
1
1
1
1
1
1
1
0.999997
0.999926
0.999996
1
0.999998
1
1
1
1
1
1
1
1
1
1
1
1
1
1
1
1
1
1
1
0.999999
1
1
1
1
1
1
1
1
1
1
1
1
1
1
1
1
1
1
1
1
1
1
1
1
1
1
1
1
1
1
1
1
1
1
1
1
1
1
1
1
1
1
1
1
1
1
1
1
1
1
1
1
1
1
1
1
1
1
1
1
1
1
1
1
1
1
1
1
1
1
1
1
1
1
1
1
1
1
1.00001
1
1
1
1
0.999973
1
1
1
1
1
1
1
1
1
1
1
1
1
1
1
1
1
1
0.999999
1
1
0.999999
1
1
1
1
1
1
1
1.0001
1
1
1
1
1
1
1
1
1
1
1
1
1
1
1
0.999959
1
1
1.00001
1
1
1
1.00001
1
1
1
1
1
1
1
1
1
1
1
1
1
1
1
1
1
1
1
0.999882
1
1
1
1
1
1
1
1
0.999996
1
0.999999
1
1
0.999047
1
1
1
0.999997
1
1
1
1
1
1
1
1
1
1
1
0.999918
1
1
1
0.999999
1.00018
1
1
1
1
1
1
1
1
1
1
1
1
1
1
1
0.999999
1
1
1
1
1
1
1
1.00001
1
1
1
1
1
1
1
1
1
1
1
1
1
1
1
1
1
1
1
1
1
1
1
1
1
1
1
1
1
1
1
1
1
1
1
1
1
1
1
1
1
1
1
1
1
1
1
1
1
1
1
1
1
1
1
0.999989
1
1
0.99995
1
1
1
1
1
0.999997
1
1.00003
1
1
1
1
1
1
1
1
1
1
1
1
1
1
1
1
1
1
1
1
1
1
1
1.00001
0.999974
1
1
1
1
1
1
1
1
1
1
1
1
1
1
1
1
1
1
1
1
1
1
1
1
1
1
1
1
1
1
1
1
1
0.999948
1
1
1
1
1
1
1
1
1
1
1
1
1
1
1
0.9998
1
1
1
1.00006
1
1
1
1
1
1
1
1
1
1
1
1
1
1
1
1
1
1
1
1
1
1.00002
1
1
1
1
1
1
0.999999
1
1
1
0.997935
1
1
1
1
1
1
0.998115
1
1
1
1
1
1
1
1
1
1
1
0.999737
1
1
1
1
1
1
1
1
1
1
0.999923
1
1
1
1
1
1
1
1
0.999942
1
1
1
1
1
0.999902
1
1
1
1
1
1
1
1
1
1
1
0.999871
1.00001
1
1
1
1
0.999803
1
1
1
1
1.00004
1
1
1
1
1
1
1
1
1
1
1
1
1
1
1
1
1
1
1
1
1
1
0.999975
1
1
1
1
1
1
1
1
1
1
1
1
1
1
1
1
1
1
1
1
1
1
1
1
1
1
0.999884
1
1
1
0.999994
1
1
1
1
0.999936
1
1
1
1
1
1
1
1
1
1
1
1
1
1
1.00005
1
1
1
1
1
1
1
1
1
1
1
1
1
1
1
1
1
1
1
1
1
1
1
1
1
1
1
0.997007
1
0.999989
1
1
1
1
1
1
1
1
1
1
1
1
1
1
1
1.00001
1
1
1
1
1
1
1
1
1
1
1
1
1
1
1
1
1.00015
1
1
1
1
1
1
1
1
1
1
1
1
1
1
1
1
0.999999
1
1
1
1
1
1
1
1
1
1
1
1
1
1
1
1
1
0.999584
1
1
1
1
1
1
1
1
1
1
1
1
1
1
1
1
1
1
1.00002
1
1
1
1
1
0.999583
1
1
1.00001
1
1
1
1.00001
0.999997
1
1
1
1
1
1
1.00001
1
0.999857
0.999993
1
1
0.999941
1
0.999998
1
1
1
1
1
1
1
1
0.999995
1
1
1
1
0.999993
1
1
1
1
1
1
1
1
1
1
1
1
1
1
1
0.999995
1
1
0.999994
1
1
1
1
1
1
1
1
1
1
1
1
1
0.996483
1
1
1
1
1
1
1
1
1
1
1
1
1
1
1
1
1
0.999531
1
1
1
1
1
1
0.999512
1
1
1
1
1
1
1
1
1
1
1.00005
1
1
1
1
1
1
1
1
1
1
1
1
1
1
1
1
1
1
1
1
0.998672
0.999998
1
0.999996
1
1
1
1
0.999995
1
1
1
1
1
1
1
1
1
1
1
1
1
1
1
1
1
0.999998
1
1
0.999997
1
1
1
1
1
1
1
1
1
1
1.00001
1
1.00001
1
1
1
1
1
1
1
1.00001
1
1.00002
1
1
1.00001
1
1
1
1
1
1
1
1
1
1
1
1
1
1
1
1
1
1
1
1
1
1
0.999859
1
1
1
1
1
1
1
1
1
1
1
1
1
1
1
1
1
1
1
1
1
1
1
1
1.00415
1
1.00001
1
1
1
0.999915
1
1
1
1
1
1
1
0.999927
1
1
1
1
1
1
1
1
1
1
1
1
1
1
1
1
1
1
1
1.00001
1
1
0.999999
1
1
1
1
1
1
1
1
1
1
1
1
1
1
0.999996
0.999189
0.998981
1
1
0.999971
1
1
1
1
1
1
1
1
0.999718
1
1
1
0.999995
1
1
1
1
1
1
1
1
1
1
1
1
1
1
0.999942
1
1
1
0.999987
0.999947
1
1
1
1
1
1
1
1
0.999994
1
1
1
1
1
1
1
1
1
1
1
1
1
1
1
1
1
1
1
1
1
1
1
0.999954
1
1
1
1
1
1
1
1
1
1
0.998868
1
1
1
1
0.995834
1
1
1
1
1
1
1
1
1
1
1
1.00004
1
1
1
1
0.999991
1
1
0.99999
1
1
0.999821
1
1
1
1
1
1
1
1.00001
1
1
1
0.999997
1
1
1
1
1
1
1
1
1
1
1
1
1.00009
1
1
1
1
0.99994
1
1
1
1
1
1
1
1
1
1
1
0.999997
1
0.999908
1
0.999994
1
1
1
1
1
1
1
1
1
1
1
1
1
1
1
1
0.999999
0.999989
1
1
1
1
1
1
1
0.999997
1
1
1
1
1
1
1
1
1
1
1
1
1
1
1
1
1
1
1
1
1
1
1
1
1
1
1
1
1
1
1
1
1
1
1
1
1
1
1
1
1
0.999991
1
1
1
1
1
1
1
1
1
1
1
1
1
1
1
1
1
1
1
1
1
1
1
1
1
0.999993
1
1
1.00001
1
1
1
1
1
1
1
1
1
1
1
1
0.985471
1
1
1
1
0.999966
1
1
1
1
1
1
1
1
1
1
1
1
1
1
1
1
1
1
1
1
1
1
0.999659
1
1
1
1
1
1
1.00002
1
0.999995
1
1
1.00098
1
1
1
1
1
1
1
1
1
1
1
1
1
1
1
1
1
1
1
0.998378
1
1
1
1
1
1
1
1
1
0.999955
1
1
1
1
1
1
1
1
1
1
1.00009
1
0.999162
1
1
1
1
1
1
1
0.999992
1
1
1
1
1
1
1
1
1
1
1.0013
1
1
1
0.999998
1
0.997834
1
1
1.00003
1
1
1
1.00005
1
0.999991
1
1
1
1
1
1
1
1
1
1
1.00046
1
0.999989
1
1
1
1
1
1
1
1
1
0.999998
1
1
1
1
1
1
1
0.999986
1
1
1
0.996403
1.00002
1
1
1
1.00001
1
1
1
1.00183
1
1
1
1
1
1
1
1
1
1.00001
1
1
1
1
1
1
1
1
1
1.00001
1
1
0.996714
1
1
1
1
0.999998
1
1
1.00001
1
1
1
0.999792
1
0.999999
1
1
0.99991
1
1
1
1
1
1
1
1
1
1
1.00002
0.998053
1
1
0.999991
1
1
1
1
1
1
1
1
1
1
1
1
1
1
0.999999
1
1
1
1
1
1
1
1
1
1
1
1
1
1
1
1
1
1
1
1
1
1
1
0.998844
1
0.999998
1
1
1
1
1
1
1
1
1
1
1
1
1
1.00008
1
1
1
1
0.998312
1
1
1
1
1
1
1
1
1
1
1
1
1
1
1
1
1
1
1
1
0.999999
1
1
1
1
1
1
1
0.999648
1
1
1
1
1
1
1
1
1
1
1
1
1
1
1
1
1
1
0.999999
1
1
1
1
1
1
1
1
1
1
1
1
1
1
1
1
1
1
1
1
1
1
1
0.999039
1
1
1
1
1
1
1
1
1
0.999997
1
1
1
1
1
1
1
0.995169
1
1
1
1
1
1
1
1
1
1
1
1
1
1
1
1
1
1.00044
1
1
1
1
1
1
1
1
1.00001
1
1
1
1
1
1
1
1
1
1
1.00002
1
1
1
1
1
1
1
1
1
1
0.999997
1
1
1
1
1
1
0.997133
1
1
1
1
1
1
1
1
1
1
1
1
1
1.00001
1
1
1
1
1
1
1
1
1
1
1
1
1
1
1
1
1
1
1
1
1
1
1
1
1
1
1
1
1
1
1
1
1
0.999909
1
1
1
1
1
1
1
1
1.00002
1
1
1
1
1
1
1
1
1
1
1
1
1
1
1
1
1
1
1
1
1
1
1
1
1
1.00006
0.999803
1
1
1
1
1
1
1
1
1
0.999817
1
1
1
1
1
1
1
1
1
1
1
1
1.00036
0.993495
1
1
1
1
1
1
1
1
1
1
1
1
1
0.999983
1
1
1
1
1
1
0.999996
1
1
1
1
1
0.999999
1
1
1
1
1
1
1
1
1
1
1
1
1
1
1
1
0.997839
1
0.999973
1
1
0.999996
1
1
1
1
1
0.999886
0.999961
1
1
1
1
1
1
1
1.00003
1
0.999999
1
1
1.00003
1
1
1
1
1
1
1
1
0.998503
1
1
1
1
1
1
1
1
0.997186
1.00003
1
1
1
1.00053
1
0.999641
1
1
0.998026
1
1
1
1
1
1
1
1
1
1
1.00004
1
1
1
1
1
1
1
1
1
1
1
1
1
1
1
1
1
1
1
1
1
1
1
1
1
1
1
1.00003
1
1
1
1
1
0.996616
0.998639
1
1
1
1
0.999966
1
1
1
1
1
1
1
1
1
1
1
1
1
1
0.999999
1
1
1
1
1
1
1
1
1
0.999942
1
1
1
1
0.999999
1
1
1
1
1
1
1
0.999968
1
0.99997
1
1
1
1
1
1
1
1
1
1
1
1
1
1
1
1
1
1
1
0.999998
1
1
1
1
1
1
0.999996
1
1
1
1
1
1
0.999924
1
1
1
1
1
1
1
0.999999
1
1
0.999989
1
1
1
1
1
1
1
1
1
1
1
1
1
0.999878
1
1
1
1
1
1
1
1
1
1
1
1
0.998134
1
1
1
1
1
1
1
1
1
1
1
1
1
1
1.00017
1
1
1
1
0.993081
1
1
1.00041
1
1
1
1
1
1
1
1
1
1
1
1.00036
1
1
1
1
1
1
1
1
1
1
1
1
1
1
1
1
1
1.00003
1
1
1
1
1
1
1
1
1
1
0.999847
1
1.00003
0.999999
1
1
1
0.999638
1
1
1
0.999992
1
1
0.999976
1
1
1
1
1
0.999979
1
0.999983
1
1.00041
1
1
1
0.998532
0.993887
1
0.999999
1
1
1
1
1
1
1
1
1
1
1
1
1
1
1
0.999997
1
1
1
1
1
1
1
0.999993
1
1
1
1
1
1
1
1
1
1
0.99524
1
1
1
1
1
1
0.999987
1
1
1
1
0.999982
1
0.998839
0.999973
1
1
1
1
0.999397
1
1
1
1
1
0.999337
1
1
1
1
1
1.00007
1
1
1
1
1
1
1
1
1
1
1
1
1
1
1
1
1
1
1
1
1
1
1.00001
1
1
1
1
1
1
1
0.993667
1
1
0.999957
1
1
0.99825
1
1
1
1
1
1
1
1
1
0.996794
1
0.996334
1
1
1
1
1
1
1
0.999941
1.00002
1
1
1
1
0.999996
1.00002
1.00003
0.999989
1
1
1
1
1
1
1
1
1
1
1
1
1
1
1
0.999995
1
1
1
1
1
1
1
1
1
1.00002
1
1
1
1
1
1
0.999998
1
1
1
1
1
1
1
1
1
1
1
1
0.983993
1
1
1
1
1
1
1
1
1
1
1
1
1.00011
1
1
1
1
1
1
1
0.999999
1
0.985456
1
1
1
1
1
0.99988
1
1
0.999984
1
1
1
1
1
1
0.99981
1
1
1
1
1
1
1
0.999999
1
1
1
0.996784
1
1
1
1
1
1
1
0.999999
1
0.99999
1
1
1
1
1
1
1
1
1
1
1
1
1
1
1
1
1
1
1
1
1
0.999999
1
1
0.999995
1.00001
1
1
1
1
1
1
1
1
1
1
1
1
1
1
1
1
1
1
1
1
1
1
1
1
1
1
1
1
1
1
1
1
1.00005
1
1
1
1
0.999869
1
1
1
1
1
1
1
1
1
1
1
1
1
1
1
1
1
1
1
1
1
1
1
1
1
1
1
1
1
1
1
1
1.0001
1
1
1
1
1
1
1
1
1
1
1
1.00006
1
1
1
1
0.999997
1
1
1
1
1
1
1
1
1
1
1
1
1
1
1
1
1
1
1
1
1
1
1
1
1
1
0.999982
1
1
1
1
1
1
0.996549
1
1
1
1
1
1
1
1
1
1
1
1
1
1
1
1
1
1
1
1
1
1
1
1
1
1
1
1
1
1
1
1
1
1
1
1
1
1
1
1
1
1
1
1
1
1
1
1
1
1
1
1
1
1
1
1
1
1
1
1
1
1
1
1
1
1
1
1
1
1
1
1
1
0.999987
1
1
1
1
1
1
1
1
1
1
1
1
1
1
1
1
1
1
1
1
1
1
1
1
1
1
1
1
1
0.999984
1
0.999992
1
1
1
1
1
1
1
1
1
1
1
1
1
1
1
1
1
1
1
1
1
1
1
1
1.00003
1
1
1
1
1.00004
1
1
1
1
1
1
1
1
1
1
1
1
1
1
1
1
1
1
1
1
1
1
0.999999
1
1
1
1
1
1
1
1
1
1
1
1
1
1
1
1
1
1
1
1
1
1
1
1
1
1
1
0.997696
1
1
1
1
1
1
1
1
1
1
1
0.995766
1
1
1
1
1
1
1
1
1
1
1
1
1
1
1
1
1
0.95371
1
1
1
1
1
1
1
1
1
1
1
1
1
1
1
1
0.999969
1
1
1
1
1
1
1
1
1
1
1
1
1
1
1
1
1
1
1
1
1
1
1
1
1
0.999999
1
1
1
1
1
1
1
1
1
1
1
1
1
1
1
1
1
1
1
1
1
1
1
1
1
1
1.00056
1
1
1
1
1
1
1
1
1
1.00011
1
1
1
1
1
1
1
1
1
1
1
1
1
0.999997
1
1
1
1
1
1
1
0.996268
1
1
1
1
1
1
1
1
1
0.996937
1
1
1
0.997402
1
1
1
1
1
1
1
1
0.999996
1
1
1
1
1
0.999999
1
1
1
1
1
1
1
1
1
1
1
1
1
1
1
1
1
1
1
1
1
1
1
0.992975
0.999998
1
1
1
1
1
1
1
1
1
1
1
1
1
1
1
1
1
0.999991
1
1
1
1
1
1
1
1
1
1
1
1
0.999995
1
1
1
1
1
1.00166
1
1
1
1
1
1
1
1
1
1
1
1
1
1.00012
1
1
1
1
1
1
1
1.00009
1
1
1
1
1
0.999818
1
1
1
1
1
1.00001
1
1
0.999726
1
1
1
1
0.999992
1
1.00002
1
1
1
1
1
1
1
1
1
1
1
1
1
1
1
1
0.996185
1
1
1
1
1
1
1
1
1
1
1.00016
1
1
1
1
1
1
1
1
1
1
1
1
1
1
1
1
1
1
1
1
1
1
1
1
1
1
1
1
1
1
1
1
1
1
1
1
1
1
1
1
1
1
1
1
1
1
1
1
1
1
1
1
0.999992
1
1
1
0.999788
1
1
1
1
1
1
1
1
1
1
1
1
1
1
1
1
1
1
1
1
1
1
1
1
1
1
1
1
1
1
1
1.00002
1
1
0.999966
0.999995
1
1
1
1
1
1
1
1
0.999594
1
0.999854
1
1
1
1
1
1
1
1
1
1
1
1
1
1
1
1
1
1
0.999999
1
1
1
1
1
1
1
1
1
1
1
1
1
1
1
1
1
1
1
1
1
1
1
1
1
1
1
1
1
1
1
1
1
1.00001
1
1
1
1
1
1
1
1
1
1
1
1
1
1
1
1
1
1
0.999999
1
1
1
1
1
0.999928
1
1
1
0.999914
1
1
1
1
1
1
1
1
1
1
1
1
1
1
1
1
1
1
1
1
1
0.999994
1
1
1
1
1
1
0.999931
1
1
1
1
1
1
1
1
1
1
1
1
1
1
1
1
1
1
1
1
1
1
1
1
1
1
1
1
1
1
1
1
1
1
1
1
1
1
1
1
1
1
1
1
1
1
0.99998
1
1
1
1
1
1
1
1
1
1
1
1
1
1
1
1
0.999832
1
1
1.00006
1
1
1
1
1
1
1
1
1
1
1
1.00004
1
1
0.999997
1
1
0.999984
1
1
1
1
1
1
1
1
1
1
1
1
0.999978
1
0.999998
1
1
1
0.993636
1
1
0.999999
1
1.00003
1
1
1
1
1
1
1
1
1
1
1
1
1
1
1
1
1
1
1
0.993828
1
0.999946
1
1
1
1
1
1
1
1
1
1
1
1
1
1
1
1.00023
1
1
1
0.997313
1
1
1
1
1
1
1
0.99656
1
1
1
1
1
1
1
1
0.999995
1
1
1
1
1
1
1
1
1
0.998868
1
1
1
1
1
1
1
1
1
1
1
1
1
1
0.999997
0.999993
1
1
1
1
1
1
1
1
0.99992
1
1
1
1
0.999999
1
1
1
1
1
1
1
0.999986
1
1
1
1
1
1
1
1
1
0.999997
1
1
1
1
1
1
1
1
0.999984
1
1
0.999999
1
1
1
1
1
1
1
1
1
1
1
1
1
1
1
1
1
1
1
1
1
1
1
1
1
1
1
1
1
1
1
1
1
1
1
1
1
1
1
1
1
1
1
0.999996
1
1
1
1
1
0.999999
1
1
1
1
1
1
1
1
1
1
1
1
0.955344
1
1
1
1
1
1
1
1
1
1
1
1
1
1
1
1
1
1
1
1
1
1
0.999999
1
1
0.999981
1
1
1
1.00001
1
1
1
1
1
1
1
1
1.00001
1
1
1
1
1
1
1
1
1
1
1
1
1
1
1
1
1
1
1
1
1
1
1
1
1
1
1
1
1
0.999998
1
1
1
1
1
1
1.00001
1
1
1
1
1
1
1
0.999996
1
1
1
1
1
1
1
1
1
0.999995
1
1
1
1
1
0.999998
1
1.00023
1
1
1
1
1
1
1
1
1
1
1
1
1
1
1
1
1
1
1
1
1
1
1
1
1
1
1
1
1
1
1
1
1
1
0.999956
1
1
1
1
1
1
1
0.999819
1.00003
1
1
0.996717
1
1
1
1
1
1
1
1
1
1
1
1
1
1
1
1
1
1
1
1
1
1
1.00001
1
1
1
1
1
1
1
0.994976
1.00004
1
1
1
1
1
1
1
1
1
1
1
1
1
0.999998
1
1
1
1
1
1
1
1
1
1
0.999965
1
1
1
0.999688
1
1
1
1
1
1
1
1
1
1
1
1
1
1.00014
1
1
1
1
1
1
1
1
1
1
1
0.999997
1
1
1
1
1
1
1
1
1
1
1
1
1
1
1
1
1
1
1
1
1
1
0.999999
1
1
1
1
1
1
1
1
1
1
1
1
1
1
1
1
1
1
1
0.999999
1
1.00001
0.99996
1
1
1
1
1
1
1
1
1
1
1
1
1
1
1
1
1
1
1.00002
1
1
1
0.999999
0.999917
1
1
1
1
1
1
1
1
1
1
1.00003
1
1
1
1
1
1
1
1
1
1
1
1
1
1
1
1
1
1
1
1
1
1
1
1
1
1
1
1
1
0.997219
1
1.00055
1
1
1
1
1
1
1
1
1
1
1
1
1
1
1
0.999996
1
1
1
1
1
1.00002
1
1
1
1
1
1
1
1
1
1
1
1
1
1
1.00001
1
1
1
1
1
1
1
1
1
0.999999
1
1
1
1
1
1
0.999985
1
1
1
1
1
1
1
1
1
1
1
1
1
1
1
1
1
1
1
1
1
1
1
1
1
1
1
1
1
1
0.999999
1
1
1
1
1.00001
1
1
1
1
1
1
1
1
1
1
1
1
1
1
1
1
1
1.00004
1
1
1
1
1
1
1
1
1
1
1
1
1
0.999998
1
1
1
1
1
1
1
1
1
1
1
1
1
1
1
1
1
1
1
1
1
1
1
1
1
1
1
1
1
0.999984
1
1
1
1
1
1
1
1
1
1
1
1
0.999529
1
1
1
1
1
1
1
1
1
1
1
1
1.00001
1
1
1
1
1
1
1
0.995033
1
1
1
1
1
1
1
0.999997
1
1
1
1
1
1
1
1
1
1
1
0.999999
1
1
1
1
1
1
1
1
1
1
1
1
1
1
1
1
1
1
1
1
1
1
1
1
1
1
0.999988
1
1
1
1
1
1
1
1
1
1
1
1
1
1
1
1
1
1
1
1
0.999996
1
1
1
1
1
0.999977
1
1
1
1
1
1
1.00001
1
1
1
1
1
1
1
0.999999
1
1
1
1
1.00001
1
1
1.00001
1
0.99997
1
1
1
1
0.999998
1
1
1
1
1
1
1
1
1
1
1
0.999999
1
1
0.999999
1
1
1
1
1
0.999989
1
1
1
1
1
1
1
1
1
1
1
1
1
1
1
1
1
1
1
1
1
1
1
1
1
1
1
1
1
1
1
1
1
1
1.0006
1
1
1
1
1
1
1
1
1
1
1
1
1
1
1
1
1
1
1
1
1
0.999938
1
1
0.999999
1
1
0.999973
1
1
1
1
1
1
1
1
1
1
1
1
1
1
1
1
1
1
1
1
0.999999
1
1
1
0.999985
1
1
1
1
1
1
1
1
1
1
1
1
1
1
1
1
1
0.999999
1
1
1
1
1
1
1
1
1
1
1
1
0.999974
1
0.999999
1
1
1
1
1
1
1
1
1
1
1
1
0.999959
1
1
0.999999
1
1
1
1
1
0.999999
1
1
1
1
1
1
1
1
1
1
1.00001
1
1
1.00006
1
1
1
1
1
1
1
1
1
1.00004
1
1
0.999979
1
1
1
1
1
1
0.999997
1
1
1
1
1
1
1
1
1
1
1
1
1
1
1
1
1
1
1
1
1
1
1
1
1
1
1
0.99997
1
1
1
1
1
1
1
1
1
1
1
1
1
0.999998
1
1
0.999022
1
1
1
1
1
1
1
0.999728
1
1
0.999999
1
1
1
1
1
1
1
1
1
1
1
1
1
1
0.999999
1
0.999885
1
1
1
1
0.999995
1
1
1
1
1
1
1
1
1
0.999995
1
1
0.999987
1
1
0.99975
1
1
1
1
1
0.999946
0.999806
1
1
1
1
1
1
1
1
1
1.00002
1
1
1
1
1
1
1
1
1
1
1
1
1
1.00001
1
1
1
1
1
1
1
1
1
1
1
1
1
1
1
1
1
1
1
1
1
1
1
1
1
1
0.999999
1
1
1
1
1
1
1
1
1
1
1
1
0.999999
1
0.999895
1
1
1
1
1
1
1
1
1
1
1
0.999999
1
1
1
1
1
0.999994
1
1
1
1
1
1
1
1
1
0.999965
0.999999
1
1
0.999992
1
1
1
1
1
0.999999
0.999993
1
1
1
1
1
1
1
1
1
1
1
1
1
1
1
1
1
1
1
1
1
1
1
1
1
1
1
1
1
1
1
1
1
1
1
1
1
1
1
1
1
1
1
0.997649
1
1
1
1
1
1
1
1
1
1
1
1
1
1
1
1
1
1
1
1
1
1
1
1
0.999999
0.999808
1
1
0.999998
1
1
1
1
1
1
1
1
1
1
1
1
1
1
1
1
0.999936
1
1
1
1
1
1
1
1
1.00001
1
1
1
1
1
1
1
1
1
1
1
1
1
1
0.999999
1
1
1
1
1
1.00004
1
1
1
1
1
0.999951
1
1
1
1
1
1
1
1
1
0.999803
1
1
1
1
1
1
1
1
1
1
0.999964
0.999985
1
1
1
1
1
1
1
1
1
1
1
1
0.999741
1
1
0.999951
1
0.999528
1
1.00168
1
1
1
1
1
1
1
1
1
1
1
0.999999
0.999992
1
1
0.999998
0.999999
1
1
0.999788
1
1
1
1
1
1
0.999612
1
1
1
1
1
1
1.00002
0.999981
1
0.999999
1
1
1
1
0.99993
1
1
1
1
1
1
1
1
1
1
1
1
1
1
1
1
0.999464
1
1
1
0.999999
1
0.999981
1
1
1
1
1
1
1
1
1
1
1
1
0.999968
1
1
1
1
1
1
1
1
1
1
1.00001
1
1
1
1
1
0.999907
1
1
1
1
1
1
1
1
1
1
1
1
1
1
1
1
1
1
0.999998
1
1
0.999945
1
1
1
1
1
1
1
1
1
1.00001
1
1
1
1
1
1
1
1
1
1
1
1
1
1
1
1
1
1
1
1
1
1
1
1
1
1
0.999953
1
1
1
1
1
1
1
0.999999
1
1
1
1
1
1
1
1
1
1.00001
1
1
1
1
0.999998
1
1
1
1
1
1
1
0.999985
1
1
1
1
1
1
1
1
1
1
1
1
1
1
1
0.999993
1
1
1
1
1
1
1
0.999999
1
1.00006
1
1
1
1
1
1
1
1
1
1
1
1
1
0.999994
1
1
0.999998
0.999922
1
1
1
0.999815
1
1
1
0.999794
1
0.999998
1
0.999994
1
0.999999
1
1
1
1
1
1
1
1
1
1
1
1
1
0.999996
1
1
1
1
1
1
1
1
0.99983
1
1
1
1
1
1
1
1
1
1
1
1
1
0.999999
1
0.999997
1
1
1
1
1.00001
1
1
1
1
1
1
1
1
1
1
1
0.999972
1
1
1
1
1
1
1.00001
1
1
1
1
1
1
1
1
1
1
0.999821
1
1
1
1
0.999996
0.999971
1
0.999923
0.999999
1
1.00001
1
1
1
1
1
1
1
1
1
1
1
1
1
0.999795
1
0.999857
1
1
1
1
1
1
1
1
1
1
1
1
1
1
0.999956
1
1
1
1
1
1
1
1
1
1
0.999907
1
1
0.999845
1
1
1
1
1
1
1
1
1
1
1
1
1
1
1
1
1
0.999718
0.999824
1
0.999998
1
0.999927
1
1
1
1
1
1
1
0.999992
1
1
1
1
1
1
1
1
1
1
1
1
1
1
1
1
1
1
1
1
1
1
1
1
1.00001
1
1
1
1
1
1
1
1
1
1
1
0.999997
1
1
1
0.99944
1
1
1
1
1
1
1
1
1
1
0.999941
1
0.999998
0.999962
1
0.999986
1
1
1
0.999944
1
1
1
1
1
1
1
1
1
0.999998
1
0.999774
1
1
0.999967
1
1
1
1
1
1
1
1
1
1
1
1
1
1
1
0.99996
1
0.999941
1
1
1
1
1
1
1
1
1
1
1
1
1
0.999991
1
0.999967
1
1
1
0.999988
1
1
1.00004
1
1
1
0.999902
1
1
1
1
1
1
1
1
1
1
1
1
1
1
1
1
1
1
1
0.99986
1
0.999989
1
1
1
0.999974
1
0.999999
1
1
0.999998
1
0.999999
1
1
1
1
1
1
1
1
1
1
1
1
1
1
1
1
1
1
1
0.999998
1
1
1
1
0.999966
1
1
0.999999
1.00003
1
1
1
1
1
1
1
1.00002
0.999995
1
0.999996
1.00001
1
1
0.999725
1
1
1
1
0.999985
1
1
1
1
1
1
1
1
1
1
1
0.999997
1
1
1
1
1
1
1
1
0.999959
1
1
1
0.999996
1
0.999999
1
1
1
1.00001
1
1
1
0.999999
0.999997
1
1
1
1
0.999992
1
1
1
1.00008
1
1
1
1
1
1
1
1
1
1
1
1
1
1
1
1
1
1
1
1
1
1
1
1
1
1
1
0.999908
1
1
1
1
1
1
1
1
1
1
1
1
1
1
0.999983
1
1
0.999754
0.999997
1
1
1
0.999912
1
1
1
1.00001
1
1
1
1
1
1
1
1
1
1
1
1
1
1
1
0.99989
1
1
1
0.999951
1
1
0.999793
1
1
0.999903
1
1
1
1
1
0.999823
1
1
1
0.999926
1.00002
1
0.999945
1
1
1
1
1
1
1
1
1
1
1
1
1
0.999957
1
1
1
1
1
1
1
1
1
1
1
1
1
1
1.00001
1
1
0.999991
1
1
1
1
1
1
1
1
1
1
1
1
1
0.999768
1
1
1
1
1
1
0.999999
1
1
0.999988
1
1
0.999999
1
0.999988
1
1
1
0.999957
1
1
1
1
1
1
1.00004
1
0.999991
1
1
1
1
1
1
1
1
1
1
1
1
1
1
1
1
1
1
1
0.999989
1
1
1
1.00001
1
1
1
1
1
1
1
1
1
1
1
1
1
1
1
1
1
1
1
1
1
1
1
1
1
1
0.999999
1
1
1
1
1
1.00002
0.999932
1
1
1
1
1
1
1
0.99993
1
1
1
1
1
0.999999
1
0.999999
1
1
1
0.999995
1
1
0.999997
1
1
1
1
1
1
1
1
1
1
1
1
1
1
1
1
1
1
1
1
1
1
1
1
1
1
1
1
1
1
1
1
1
1
1
1
1
1
1
1
1
1
1
1.00003
1
1
0.999995
1
1
0.999791
1
1
1
1
1
1
1
1
1
1
1
1
1
1
1
1
1
1
1
1
1
1
1
1
0.999719
1
1
1
1
0.999996
1
1.00001
1
1
0.999836
1
1
1
1
1
1
1
1
1
1
0.999996
1
1
1
1
1
1
1
1
1
0.999999
1
1
1
1
1
1
1
1
1
0.999998
1
1
1
1
1
1
1
0.999996
1
1
1
1
1
1
1
1
1
1
1
1
1
1
1
1.00148
1
1
1
1
1
1
1
1
1
1
1
1
1
1
1
1
1
1
1
1
1
0.999948
1
1
0.99998
1
1
1
1
1
1.00001
1
0.999997
1
1
1
1
1
1
1
1
0.999999
1
1
0.999982
1
1
1
1
1
1
1
1
1
1
1
1
1
1
1
1
1
1
1
1
1
1
1
1
1
1
1
1
1
1
1
1
1
1
1.00001
1
1
1
1.00003
1.00003
1
1
1.00001
1
1
1
1
1
1
1
1
1
1
1
0.999987
1
1
1
0.999979
1
1
0.999999
1
1
1.00001
0.997799
0.99998
1
1
0.999997
1
1
1
1
1
1
1
1
1
1
1
1
1
1
1
1
1
1
1
1
1
1.00001
1
1
0.999989
1
0.999959
1
1
1
1
1
1
1
1
1
1
1
1
1
0.999983
1
1
1
1
1
0.99998
0.999997
1
1
1
1
1
1
1
1
1
1
1
1
1
1
1
1
0.999998
1
1
1
0.99999
1
1
1
1
1
1
1
1
1
1
1
1
1
1
1
1
0.999999
1
1
1
0.999993
1
1
1
1
1
1
0.999998
1
1
1
1
1
1
1
1
1
1
1
1
1
0.999999
1
1
1
1
1
1
1
1.00001
1
0.999991
1
1
1
1
1
1
1
1
1
1
1
1
1
1
1
1
1
1
1
0.999992
0.999991
1
1
1
1
1
1
1
1
1
1
1
0.999873
1
1
1
1
1
1
1
1
1
1
1
1
1
1
1
1
1
1
1
1
1
1
1
1
1
1
1
1
1
1
1
1
1
0.999889
1
1
1
1
1
1
1
1
1
0.999996
1
1
1
1
1
1
1
1
1
1
0.999996
1
0.999997
1
1
1
1
1
0.999995
1
1
1
1
1
1
1
1
1
0.999997
1
0.999949
1
1
1
1
1
1.00001
1
1
1
1
1
1
1
1
0.999999
1
1
0.999997
1
1
1
1
1
1
1
1
1
1
1
1
1
1
1
1
1
1
1
1
0.999806
0.999909
1
1
1
1
0.999993
1
0.999946
1
1
1.00001
1
1.00015
1
1
1
1
1
1
1
1
1.00002
1
1
1
1
1
1
1
1
1
1
1
1
1
1
1
1
1
1.00003
1
1
0.999985
0.999995
1
1
1
1
1
1
1
1
1
0.999948
1
1
1
1
1
1.00002
1
1
1
1
1
1
1
1
0.999993
1
1
1
1
1
1
1
1
1
1
1
1
1
1
1
1
1
1
1
1
1
1
1
1
1.00001
1
1
1
1
1
1
1
1
1
1
1.00004
1
1.00002
1
1
0.999999
1
1
1
1
0.999971
1
1
1
1
1
1
1
1
1
1
1
1
0.99999
1
1
1
1
1
1
1
1
1
0.999993
1
0.999836
1
1
1
1
1
1
1
1
1
1
1
1
1
1
0.999998
1
1
1
1
0.99999
1
1
1
1.00001
1
1
0.999889
1
1
0.999995
1
1
1
0.999999
1
1
0.999998
1
1.00001
1
0.999989
1
1
1
1
1
1
1
1
1
1
1
0.999995
1
1
0.999992
1
1
0.999957
0.999991
0.999949
1
1
1
1
1
1
1
0.999971
1
1
1
0.999986
1
1
0.999979
1
0.999986
1
1
1
1
1
1
1
1
1
1
0.999995
1
1
1
1
1
1.00001
1
1
1
1
1.00001
1
1
1
1
1
1
1
1
1
1
1
1
1
1
1
1
1
1
1
1
1
1
1
1.00003
1
1
1
1
1
1
1
1
1
1
1
1
1
1
1
1
1
1
1
1
1
1
1
1
1
1
1
0.999964
1
1
1
1
1
1
1
1
1
1
0.999989
1
1
1
1
1
1
1
1
0.999819
1
1
1
1
1
1
1
1
1
1.00001
1
1
1
0.99997
1
1
1
1
1
1.00001
1
1
1.00001
1
1
1
1
1
1
1
1
1
1
1
1
1
1
1
1
1.00003
1
1
1
1
1
1
1
0.999963
1
1
1
1
1
1
1
1
1
1
1
0.999848
1
1
1
1
1
1
1
0.999996
1
1
1
1
1
1
1
1
1
1
1
1
1
1
1
1
1
1
1
1
0.9953
1
1
1
1
1
1
1
1
1
1
1
0.999989
1
1
1
1
1
1
0.999996
1
1
1
1
1
1
1
1
1
1
1
1
1
1
0.999974
1
1
1
1
1
1
1
1
1
1
1
1
1
1
0.999903
1
1
1
1
1
1
1
1
1
1
1
1
1
1
1
1
1
1
1
1
1
1
1
0.999998
1
1
1
1
1
1
1
1
1
1
1
1
1
1.00002
1
1
1
1
1
1
1
1
1
1
1
1
1
1
1
1
1
1
0.999999
1
0.999995
1
1
1
1
1
1
1
1
1
1
1
1
1
1
1
1
1
1
1
1
1
0.999999
0.996481
0.999996
1
1
1
1
1
1
1
1
1
1
1
1
1
1
1
1
1
1
1
1
0.999993
1
1
1
1
1
1
1
1
1
0.999854
1
1
1
1
0.999985
1
1
1
1
1
1
1
0.999989
1
1
1
1
1.00002
1
1
1
1
1
1
1
1
1
1
1
1
1
1
1
1
1
1
1
1
1
1
1
1
0.999763
1
1
1
1
1
1
1
1
1
1
1
1
1
1
1
1
1
1
1
1
1
1
1
1
1
0.999996
1
1
1
1
1
1
1
1
1
0.999997
1
1
1
1
1
1
0.999997
1
1
1
1
1
1
1
0.995823
1
1
1
1
1
0.999956
1
0.999996
1
1
1
1
1
1
1
1
1
1
1
1
1
1
1
1
1
1
1
1
1
0.999994
1
1.00002
1
0.999925
0.999999
1
0.999946
1
0.999991
1
1
0.999992
1
1
1
1
0.998636
1
1
1
1
0.999999
1
1
1
1
1
1
1
1
1
1
1
1
1
0.999964
1
1
1
1
1
1
1
1
1
1
1
1
0.999999
1
1
1
1
0.999896
1
1.00001
0.999996
1
0.999999
1
0.999999
1
1
1
1
1
1
0.99998
1
1
1
0.99913
1
1
1
1
1
1
1
0.999997
0.999996
1
1
0.999999
1
1
1
1
1
1
1
1
1
1
1
1
1
0.999981
1
1
1
1
1
1
1
1
1
1
1
1
1
1
1
1
1
1
1
1
1
1
1.00001
1
1
1
1
1
1
1
1
1
1
1
1
1
1
1
1
0.999998
1
0.999998
1
1
1
1
1
1
1
1
1
1
1
1
1
1
1
0.999999
1
1.00001
1
0.999996
0.999987
1
1
1
1
0.999916
1
0.999999
1
1
1
1
1
1
0.999994
1
1
1
1
1
1
1
1
1
1
1
1
1
1
1
1
1
1
1
1
1
1
1
1
1
0.999993
1
1
1
1
1
1
1
1
1
1
1
1
1
1
1
1
1
1
1
1
1
1
1
1
1
1
1
1
0.999998
1
1
1
1.00004
1
1
1
1
1
1
1
0.999987
1
1
1
1
1
1
1
1
1
1
0.99997
1
1
1.00002
1
1
0.99999
1
1
1
1.00001
1
1
1
1
1
1
1
1
1
1
1
1
1
1
1
1
1
1
1
1
1
1
1
1
1
1
1
1
0.999998
1
1
1
1
1
1
1
1
1
1
1
1
1
1.00001
1
1
1
1
1
1
1
1
0.999998
1
1
0.999999
1
1
1
1
1
1
1
1
1
1
1
1
1
1
1
1
1
1
1
0.999997
0.999979
0.999988
0.999999
1
1
0.999865
1
1
1
1
0.999981
1
1
1
1
1
1
1
1
1
1
1
1
1
1
1
0.999997
1
1
1
1
1.00001
1
1
1
1
1
1
1.00001
1
1
1
1
1
1
1
1
1
1
1
1
1
0.999946
1
1
1
1
1
1
1
1
1
1
1
1
0.999981
1
1
1
1
1
1
1
1
1
1.00002
1
1
1
1
0.999999
1
1
0.999991
1
1
1
0.999999
1
1
1
1
1
0.999997
1
1
1
1
1
0.999999
1
1
1
1
1
1
1
1
1
1
1
1
1
1
1
1
1
1
1
1
1
1
1
1
1
1
1
1
1
1
1
1
1.00002
1
1
1
1
1
1
1
1
1
1
1
1
1
1
1
1
1
1
1
1
1
1
1
0.999773
0.999865
1
1
1
0.999934
1
1
1
0.999984
1
1
1
1
1
1
1
0.999918
1
1
1
1
1
1
1
0.999924
1
1
1
1
1
1
1
1
1
1
1
1
1
1
1
1
1
1
1
1
1
1
1
0.999995
1
1
1
1.00001
1
1
1
1
1.00011
1
1
1
1
1
1
1
1
1
1
1
1
1
1
1
1
1
1
1
1
1
1
1.00004
1
1
1
1
1
1
0.999997
0.999974
1
1
1
1
1
1
1
1
1
1
1
1
1
1
0.999966
1
1
1.00001
1
1
1
1
1
1
1
1
1
0.99999
1
1
1.00008
1
1
1
1
1
0.99979
1
0.999999
1
0.999964
1
0.999883
1
1
1
1
1
1
1
1
1
1
1
1
1
1
1
1
1
1
1
1
0.999994
0.999977
1
1
1
1.00002
1
1
1
0.999988
1
0.999994
1
1
1
1
1
1
1
1
1
1
1
1
1
1
1
1
1
1
1
1
1
1
1
1
1
0.999999
1
1
1
1
1
1
0.999988
1
1
0.999975
1
1
1
1
1
1
1
0.999784
1
1
1
1
1
1
1
1
1
1
1
1
0.99991
1
1
1
1
1
1
0.999993
0.999908
1
0.999997
1
1
1
1
1
1
1
1
1
1
1
1
1
1
1
1
1
0.999953
1
1
1
1
1
1
1
1
1
1
1
1
1
1
1
1
1
1
1
1
1
1
1
1
1
1
1
1
1
1
1
1
1
1
1
1
1
1.00002
1
1
1
1
1
1
1
1
0.999849
1
0.99981
1
1
1
1
1
1
1
1
1
1
1
1
1
1
1
1
1
1
1
1
1
0.999924
1
1
0.999876
1
1
1
1
1
1
0.999979
1
1
1
1
1
1
1
1
1
1.00006
1
1
1
1
1
1
1
1
1
1
1
1
1
1
1
1
1
1
1
1
0.999993
1
1
1
1
1.00001
1
1
1
1
1
0.999998
1
1
1
1
1
1
1
1
1
0.999997
1
1
1
1
1
1
1
1
1
1
1
1
1
0.999999
1
1
1
1
1
1
1
1
1
1
1
1
1
1
0.999989
1
1
1
1
1
1
1
0.999991
0.999888
1
1
1
1
1
1
1
1
1
1
1
1
1
1
1
1
1
1
1
1
1
1
1
1
1
1
1
1
1
1.00002
1
1
1
1
0.998521
1
1
1
1
1
1
1
0.999994
1
1
1
1
1
1
0.999999
1
1
1
1
1
1
1
1
1
1
1
1
1
0.999999
1
1
1
1.00003
1
1
1
1
1
1
1
1
1
1
1
1
1
1
1
1
1
1
1
1
1
1
1
1
1
1
1
1
1
0.999998
1
1
1
1
1
1
1
1
1
1
1
1
1
1
1
1
1
1
1
1
1
1
1
1
1
1
0.999998
1
1
1.00007
1
1
1
1
1
1
1
1
1
1
1
1
1
0.999963
1
1
0.999999
1
1.00007
1
1
1
0.998634
1
1
1
1
1
1
1
1
0.999973
1
1
1
1.00002
1
1
1
1
1
1
1
1
1
1
1
1
1
1
1
1
1
1
1
1
1
1
1
1
1
1
1
1
1
1
1
1
1
1
1
1
1
1
1
1
1
1
1
1
1
1
1
1
1
1
1
1
1
1
1
1
1
1
0.999999
1
1
1
1
1
1
1
1
1
1
1
1
1
1
1
1
1
1
1
1
1
1
1
1
1
1
1
1
1
1.00004
1
1
1
0.999978
1
1
1
1
1
1
1
0.99994
0.999999
1
1
1
1
1
1
1
1
1
1
1
1
1
1
1
1
1.00001
1
1
0.99999
1
1
1
1
1
1
1
1
1
1
1
1
1
1
1
1
1
0.999997
1
1
1
1
1
1
1
1
0.999985
1
1
0.999999
1
1
1
0.999964
1
1
1
1
1
1
1
1
1
1
0.999884
1
1
1
1
1
1
1
0.999995
0.999998
1
1
1
1
1
1
1
0.999929
1.00001
1
1
1
1
1
1
1
1
1
1
1
1
1
1
1
1
1
1
1
1
1
0.999999
1
1
1
1
1
1
1
1
1
0.999993
1
1
1
0.999998
1
1
1
1
1
1
1
1
1
0.999999
1
1
1
1
1
1
1
1
0.999996
1
1
1
1
1
1
1
1
1
1
1
1
1
1
1
1
1
1
1
1
1
1
1
1
0.99993
1
1
0.99988
1
1
1
1
0.999997
0.997875
1
1
1
1
1
1
1
1
1
1
1
1
0.999997
1
1
1
1
1
1
0.99998
1
1
1
1
1
1
1
1
1
1
1
0.999973
1
0.999987
1
1
1
1
1
0.999884
1
0.999995
1
1
1
1
0.999989
1
1
1
1
1
1
1
1
1
1
1
1
1
1
1
1
0.999998
1
1
1
1
1
1
1
1
1
1
1
1
1
1
1
1
1
1
1
1
1
1
1
1
1
1
1
1
1
1
1
1
1
1
1
1
1
1
1
1
1
1
1
1
1
1
1
1
1
1
1
1
1
1
1
0.999996
1
1
0.999996
1
1
1
1
1
1
0.999995
1
1
1
1
1
1
1
1
1
1
1
1
1
1
0.999998
1
1
1
0.999998
1.00005
0.999947
1
1
0.999996
1
1
1
0.998989
1
1
1
1
1
1
1
1
1
1
1
1
1
1
1
1
1
1
1
1
1
1
1
1
1
1
1
1
1
1
1
1
1
1
1
1
1
1
1
1
1
1
1
1
1
1
1
1
1
1
1
1
0.999954
1
1
1
1
1
1
1
1
1
1
1
1
1
1
1
1
1
1
1
1
1
1
1
1
1
1
1
1
1
1
1
1
1
1
1
1
1
1
1
1
1
1
1
1
1
1
1
1.00003
1
1
1
1
1.00001
1
1
1
0.999983
1
1
0.99986
1
1
1
1
1
1
1
1
1
1
1
1
1
1
1
1
1
1
1
1
1
1
1
1
1
1
1
1
1
1
1
1
1
1
1
1
1
1
1
1
1
1
1
0.999991
1
1
1
1
1
1
1
1
1
1
1
1
1
0.999967
1
1
1
1
1
1
1
0.999846
1
1
1
1
1
1
1
1
1
1
1
1
1
1
1
1
1
1
1
1
1
1
1
1
1
1
1
1
1
1
1
1
1
1
1
1
1
1
1
1
1
1
1
1
1
1
1
1
1
1
1
1
1
1
1
1
1
1
1
1
1
1
1
1
1
1
1
1
1
0.999681
1
0.999998
1
1
1
1
1
1
1
1
1
1
1
1
1
1
1
1
1
1
1
1
1
1
1
1
1
1
0.999989
1
1
1
1
1
1
1
1
1
1
1
1
1
1
1
1
1
1
1
1
1
1
1
1
1
1
1
1
1.00016
1
1
1
1
1
1
1
1
1
1
0.999999
1
1
1
1
1
1
1
1
1
0.999432
1
1
1
1
1
1
1
1
0.996569
0.999999
1
1
1
1
1
1
1
1
1
1
1
1
1
1
1
1
0.998926
1
0.999989
1
1
0.99966
1
1
1
1
1
1
1
1
1
1
1
1
1
1
1
1
1
1
1
1
0.999933
1
1
1.00001
1
1
1
1
1
1
1
1
1
1
1
1
1
0.999985
1
1
1
1
1
1
1
1
1
1
1
1
1
1.00008
1
1
1
1.00009
1
1
1
1
1
1
1
1
1
1
1
1
1
1
1
1
1
1
1
1
1
1
1
1
1
1
1
1
1
1
1
1
1
1.00004
1
1
1
1
1
1
1
1
1
1
1
1
1
0.999999
1
1
1
1
1
1
1
1
1
1
1
1
1
1
1
1
1
0.999999
0.999985
1
1
0.999947
1
1
1
1
1
1
1
1
1
1
1
1
1
1
1
1
1
1
0.999596
1
1
1
1
1
0.999985
1
1
1
1
1.00001
1
1
1
1
1
1
1
1
1
1
1
1
1
1
1
1
1
1
1
1
1
1
1
1
1
1
1
1
1
1
1
0.999999
1
1
1
1
1
1.00002
1
1
1
1
0.999988
1
1
1
1
1
1
1
1
1
1
1
1
1
1
1
1
1
1
0.999997
1
1
0.999908
0.999999
1
1
1
1.00001
1
1
1
1
1
0.999997
1
1
1
1
1
1
1
1.00048
1
1
1
1
1
1
1
1
1
1
1
1
1
1
1
1
1
1
1.00002
1
1
1
1.00004
1
1
1
1
1
1.00003
1
1
0.999448
1
1
1
1
1
1
1
1
1
1
1
1
1
1
1
1
1
1
1
1
1
1
1
1
1
1
1
1
1
1
1
1
1
1
1
1
1
1
1
1
1
1
0.999997
1
1
1
1.00002
1
1
1
1
1
1
1
1
1
1
1
1
1
1
1
1
1
1.00001
1
1
1
1
0.999994
0.999601
1
1
1
1
1
1
1
1
1
1
1
1
1
1
1
1
1
1
1
0.999998
1
1
1
1
1
1
1
1
1
1
1
1
1
1
1
1
1
1
1
1
1
1
1
1
1
1
1
1
0.99991
1
1
1
1
1
1
1
0.999998
1
1
1
1.00015
1
1
1
1
1.00026
1
1
1
1
1
1
1
1
1
1.0001
1
1
1
1
1
1
1
1
1
1
1
1
1
1
1
1
1
1
0.999803
1
1
1
1
1
1
1
1
1
1
1
1
1
1
1
0.999992
1
1
1
1
1
1
1
1
1
1
1
1
1
1
1
1
1
1
1
1
1
1
1
1
1
1
1
1
1
1
1
1
1
1
1
1
1
1
1
1
1
1
1
1
1
1
1
1
1
1
1
1
1
1
1
1
1
1
1
1
1
1
1
1
1
1
1.00002
1
0.999998
1
1
1
1
1
1
1
1
1
1
1
1
1
1
0.999996
1
1
1
1
1
1
1
1
1
1
1
1
1
1
1
1
1
1
1
1
1
1
1
1
0.999999
1
1
1
1
1
1
1
1
1
1
1
1
1
1
1
1
1
1
1
0.999984
1
1
1
1
1
1
1
1
1
0.999876
1
0.999977
1
0.999993
1
1
1
1
1
1
1
0.999998
1
1
0.999993
1.00004
1
1
1
1
1
1
1
1
0.999479
1
1
1
0.998011
1.00006
1
1
1
1
1
1
1
1
1
1
1
1
1
1
1
1
1
1
0.99979
1
1
1
1
1
1
1
1
1
0.993926
1
1
1
1
1
1
1
1
1
1
1
1
1
1
1
1
1
1
0.999939
1
1
1
1
1
1
1.00025
1.00002
1
0.999998
1
1
1
0.997056
1
1
1
1
1
1
1
1
1
1
1
1
1
1
1
1
1
1
1
1
1
1
1
1
1.00004
1
1
1
0.999998
1
1
1
1
1
1
1
1
1
1
1
1
1
1
1
1
1
1
1
1
1
1
1
1
0.999385
1
1
1
1
1
1
1
1
1
1
1
1
1
1
1
1
1
1
1
1
1
1
1
1
1
1
1
1
1
1
1
1
1
1
1
1
1
1
1.00023
1
1
1
0.999999
1
1.00001
1
1
0.999964
1
1
1
1
1
1
1
1
1
1
0.999969
0.999828
1
1
1
1
1
1
1
1
1
1
1
1
1
1
1
1
1
1
1
1
1
1
1
1
1
1
1
1
1
1
1
1
1
1
1
1
1
1
1
1
1
1
1
1
1
1
1
1
1
1
1
1
1
1
1
1
0.999991
1
1
1
1
1
1
1
1
1
1
1
1
1
1
1
1
1
1
1
1
1
1
1.00002
1.00007
1
1
1
1
1
1
1
1
1
1
1
1
1
1
1
1
1
1
1
1
1
1
1
1
1
1
1
1
1
1
1
1
1
1
1
1
1
1
1
1
1
1
1
1
1
1
1
1
1
1
1
1
1
1
1
1
1
0.999999
1
1
1
1
1
1
1
1
1
1
1
1
1
1
1
1
1
1
1
0.999775
1
1
1
1
1
1
1.00146
1
1
1
1
1
1
1
1
1
1
1
1
1
1
1
1
1
1
1
1
1
1
1
1
1
1
1
1
1
1.00001
1
1
1
1
1
1
1
1
1
1
1
1
1
1
1
1
1
1
1
1
1
1
1
1
1
1
1
1
1
1
1
1
1
1
1
1
1
1
1
1
1
0.999775
1
1.00001
1
1
0.999996
1
1
1
1
1
1
1
1
1
1
1
1
1
1
1
1
1
1
1
1
1
1.00003
1
1.00005
0.999985
1
1
1
1
1
1
1
1
1
1
1
1
1
1
1
1
1
1
1
1
1
1.00001
1
1
1
1
1
1
1
1
1
1
1
1
1
1
1
1
1
0.999999
1
1
1
1
1
1
1
1
1
1
1
1
1
1
1
0.999995
1
1
1
1
1.00003
1
1
1
1
1
1
1
1
1
1
1
1
1
0.999295
1
1
1
1
1
1
1
1
1
1
1
1
1
0.999999
1
1
1
1
1
1
1
1
1
1
1
1
1
1
1
0.999947
1
1
1
1
1
1
1
1
1
1
1
1
1
1
1
1
1
1
1
1
1
1
1
1
1
1
1
0.999986
1
1
1.00001
1
1
1
1
1
1
1
1
1
1
1
1
1
1
1
1
1
1
1
1
1
1
1.00012
1
1
1
1
1
1
1
1
1
1
1
1
1.00004
1
1
1
1
1
1
1
1
1.00186
1
1
1
1
1
1
0.999984
0.999852
1
1
1
1
1
1
1
1
1
1
1
1
1
1
1
1
1
1
1.00001
1
1.00008
1
1
1
1
1
1
1
1
1
1
1
1
1
1
1
1
1
1
1
1
1
1
1
1
1
1
1
1
1
1.00001
1
1
1
1
1
1
1
1
1
1
1
1
1
1
1
1
1
1
1
1
1
1
1
1
1
1
1
1
0.999986
1.00068
1
1
1
1
1
1
1
1
1
1
0.999998
1
1
1
0.999971
1
1
1
1
1
1
1
1
1
1
1
1
1
1
1
1
1
1
1
1
1
1
1
1
1
1
1
1
1
1
1.00221
1
1.00057
1
1
1
1
1
1
1
1
1
1
1
1
1
1
1
1
1
1
1
1
1
1
1
1
1
1
0.999974
1
1
0.990132
1
1
1
1
1
1
1
1
1
1
1
1
1
1
1
0.999999
1
1
1
1
1
1
1
1
1
1
1
1
0.999448
1
1
0.998955
1
1
1
1
1
1
1
1
1
1
1
1.00114
1
1
1
1
1
1
1
1
1
1
0.998512
1
1
1
1
1.00001
1
0.999996
1
1
1
1
1
1.00109
1
1
1
1
1
1
1
1
0.999951
1
1
1
0.99999
1
0.999849
1
1
1
1
1
1
1
1
1
1
1
1
1
0.999997
0.99349
1
1.00001
1
1
1
0.999998
1
1
1
1
1
0.997661
1
1.00245
1
1
1.00023
0.996551
1
1
1
1
1
1
1
1
1
1
1
1
1
1
1
1
1
1
1
1
1
1
1
1
1
1
0.999267
1
1
1
1
1
0.998809
1
1
1
1
1
1
1
1
1
1
0.999988
1
1
1
1
1
0.999999
1
1
1
1
1
1
1
1.00002
1
1
1
1
1
1
1
1
1
1.00002
1.00042
1
1
1
1
1
1
0.999996
1.00013
1
1
1
1
1
1
0.999988
1
1
1
1
1
1
1
0.999761
1
1
1
1
0.999985
1
1
1
1
1
1
1
1
1
1
1
1
1
1
1
1
1
1
1
1
1
0.999982
1
1
1
1
1
1
1
1
1
1
1
1.00009
1
1.00006
1
1
1
1
1
0.999998
1
1
1
1
1
1
1
1
1
1
1
1
1
1
1
1
1.00005
1
1
1
1
1
1
0.999935
1
1
1
1
1
1
1
1
1
1
0.999671
1
0.999999
1
1
1
1
1
1
1.00003
0.999838
1
0.999998
0.999998
1
1
1
1
1
1
1
0.999902
1
1
1
1
1
1
1
1
1
1
0.999941
1
1
1
1
1
1
1
1
1
1
1
1
1
1
1
1
1.00001
1
1
1
1
1
1
1
1
1
1
1
1
0.998731
1
1
1
1
1
1
1
1
1
0.999993
1.00003
0.999997
1
1.00002
1
0.99992
0.999999
1
1
0.999986
1
1
1
1
1
1
1
1
1
1
1
1
1
1
1
1.00003
1.00029
1
1
1
1
1
1
1
1
1
1
1
1
1
1
1.0003
1
1
1
1
1
1
1
1
1
0.999997
1
1
1.00001
1
1
1
1
1
1
1
1
1
1
1
1
1
1
1
1
1
1
1
1
1
1
1
1
1
1
1
1
1
1
1
1
1
1
1
1
1
1
0.999575
1
1
1
1
1
1
1
1
1.00002
1
1
1.00003
1
1
1
1
1
1
1
1
1
1.00001
1
1
0.999638
1
1
1
1
1
0.999895
1
1
1
1
1
1
0.999323
1
1
1
1
1
1
1
1
1
1
1
1
1
1
0.995124
1
1
1
1
1
1
1
1
1
1
1
0.999991
1
1
1
1
1
1
1
1
1
1
1
1
1
1
1
0.998074
0.998982
1
1
1.00279
1
1
1
1
1
1
1
1
1
1
1
1
1
1.00005
1
1
0.999992
1
1
1
0.999995
1
1
1
1
1
1
1.00003
1
1
1
1
1
1
1
1
1
1
1
1
1
1
1
1
1
1
1
1
1
1
1
1
1
1
1
1
0.999998
1
1
1
1
1
1
1
1
1
0.999998
1
1
1
1
1
1
0.99998
1
1
1
1
1
1
1
1
1
1
1
1
1
1
1
1
1
1
1
1
1
1
1
1
1
1
1
1
1
1
1
1
1
0.999957
1
1
1
1
1
1
1
1
1
1
1
1
1
1
1
1
1
1
1
1
1
1
1
1
1
1
1
1
1
1
1
1
1
1
1
1
1.00002
1
1
1
1
1
1
1
1
1.00279
1
1
1
1
1
1
1
1
1
1
1
1
1
1
1
1
1.00001
1
1
1
1
1
1
1
0.999991
1
1
1
0.999956
1
1
1.00002
1
1.00003
0.99965
1
1
1
1
1
1
1
1
1
1
1
1
0.999992
1
1
1
1
1
1
1
1
1
1
1
1
1
1
1
1
1.00067
1
1
1.00001
1
1
1
1
1
1
1
1
1
1
1
1
1
1
1
1
1
1
1
1
1
1
1.00003
1
1
1
1
1
1
1
0.997885
1
1
1
1
1
1
1
1
1
1
1
1
1
1
1
1
1
1
1
1
1
1
1.00001
1
1
1
1
1
1
1
1
1
1
1
1
1
1
1
1
1
1
1
0.999911
1
1
1
0.999999
1
1
1
1
1
1
1
1
1
1
1.00005
1
1
0.999999
1
1
1
1
0.999924
1
1
1.00001
1
1
1
1
1
1
1
0.999712
1
1
1
1
1
1.00257
0.99996
0.999999
1
1.00001
1
0.999865
1
0.999421
1
1
1
1
1
1
1
1
1
1
1
1
1
1
1
1
1
1
1
1
1
1
1
1
1
0.999985
1
1
1
1
1
1
0.999393
1
1
1.00002
1
1.00001
0.999871
1
1
1
1
1
1
1.00001
1
1
1
1
1
1
1
1
1
1
1
1
1
1
1
1
1
1
1
1
1
1
1
1
1
1
1
1
1
1.00003
1
0.999985
1
1
1
1
1
1
1
1
1
1
1
1
1.00004
1
1
1
1
1
1
1
1
1
1
1
1
1
1
1
1
1
1
1
1
1
1
1
1
1
1
1
0.99998
1
1
1
1
1
1
1
1
1
1
1
1
1
1
1
1
0.999999
1
1
1
1
1
1
1
1
1
1.00184
1
1
1.00001
1
1
1
1
1
1
1
1
1
0.999997
1
1
1
1
1
1
1
1
1
1
1
1
1
1
1
0.999999
1
1
1
1
1
1
1
1
1
1
1
1
1
1
1
1
1
1
1
1
1
1
1
1
1
1
1
1
1
1
1
1
1
1
1.00002
1
1
1
1
1
1
1
1
1
1
0.996693
1
1
1
1
1
1
1
1
1
1
1
1
1
1
1
1
1
1
1
1
1.00003
1
1
1
1
1
1
0.994817
1
1
1
1
1
1
1
1
1
1
0.999983
1
1
1
1
1
1
1
1
1
1
1
1
1
1
1
1
1
1
0.999605
1.00002
1
1
1
1
1
1
1
1
1.00045
1
1
1
1
1
1
1
1
1
1
1
1
1
1
1
1
1
1
1
1
1
1
1
1
1
1
1
1
1
1
1
1
1
1
1
1
1
0.998016
1
0.999724
1
1
1
1
1
1
1
1
1
0.996506
1
1
1
1
1
0.999995
1
1
1
0.999921
1
1
1
1
1
1.00006
1
1.00002
1
1
1
1
1
1
1
1
1
1
1
1
1
1
1
1
0.999965
1
1.00026
1
1
1
1
1
1
1
1
0.999998
1
1
0.999992
1
1
1
1
1.00014
1
1
1
1
0.999741
1
1
1
1
1
1
1
1
1
1
0.999989
1
1
0.999999
1
1
1
1
1
1
1
1
1
1
1
1
1.0004
1
1
1
1
1.00005
1
1
1
1
1
1.00001
1
1
1
1
1
1
1
1
1
1
1
1.00005
1
1
1
1
1
1.00001
1
1
1
1
1
1
1
1
1
1
1
1
1
1
1
1
1
1
0.999987
1
0.999953
1
1
1
1
1
1
1
0.99906
1
1
1
1
1
1
1
1.00017
1
1
1
1
1
1
1
0.996955
1
1
1
1
1.00001
1
1
1
1
1
1
1
1
1
1
1
1
1
1
1
1
1
1
0.999967
1
1
1
1
1
1
1
1
1
1
1
1
1
1
1
1
1
1
1
1
1
1
1
1
1
1
1
1
1
1
1
1
1
1
0.999878
1
1
1
1
1
1
1
1
1
1
1
1
0.999991
1
1
1
1
1
0.998092
1
1
1
1
1
1
1
0.999995
1
1
1
0.999999
1
1
1
1
1
1
1
1
1
1
1
1
1
1
1
1
1
1
0.999982
1
1
1
1
1
1
0.999985
1
1
1
1
1
1
1
1
1
1
1
1
1
1
1
1
1
1
1
1
1
1
1
1
1
1
1
1.00003
1
1
1
1
1
1
1
1
1
1
1
1
1
1
1
1
1
1
1
1
0.999992
1
1
1
0.999967
1
1
1
1
1
1
1
1
1
1
1
1
1
1
1
1
1
1
0.999972
1
1
1
0.999931
1.00001
1
1
1
1
1
1
1
1
0.999999
1
1
1
1
1
1
1
1
1
1
1
1
1
1
1
1
0.990397
1
0.999864
0.999994
1
1
1
1
1
1
1
0.999533
1
1
1
1
1
1
1
1
1
1
0.999996
1
1
1
1
1
1
1
0.999862
1
1
1
1
1
1
1
1
1
1
1
1
1
1
1
1
1
1
1
1
1
1
1
1
1
1
1
1
1
1
1
1
1
1
0.999928
1
1
0.999986
1.00003
1
1
1
0.999999
1
0.99983
1
1
1
0.999745
1
1
1
1
1
1
0.998893
1
1
1
1
1
1
1
1
1
1
1
1
1
0.999998
1
1
1
1
1
1
1
1
1
1
1
1
1
1
1
0.999997
1
1
1
1
1
1
1
1
1
1
1
1
1
1
1
1
1
1
1
1
0.999984
1
1
0.999975
1
1
0.999996
1
1
1
1
1
1
1
1
0.999978
1
1
0.999893
1
1
0.999999
1
1
1
1
1
1
1
0.995657
1
1
1
1
1
1
1
1
1
1
1
1
1
1
1
1
0.999999
1
1
1
1
1
1
1
1
1
1
1
1
1
1
1
1
1
1
1
1.00001
1
1
1
0.999999
1
1
1
1
1
1
1
1
1
1
1
1
0.999985
1
1
1
1
0.999931
1
1
1
1
1
1
1
1
1
1
0.999999
1
0.999997
1
1
1
1
1
1
1
1
1
1
1
1
1
1
1.00001
1
1
1
1
1
1
1
1
1
1
1
1
1
1
1
1
1
1
1
1
1
1
0.999996
1
1
1
0.99858
1
1
1
1
1
1
1
1
1
1
1
1
1
1
1
1
1.00002
1
1
1.00001
1
1
1
1
1
1
0.999988
1
1
1
1
1
1
1
0.999999
1
1
1
0.999999
1
1
1
1
1
1
1
1
1
1
1
1
1
1
1
1
1
1
1
0.998664
1
1
1
1
1
1
1
0.999936
1
1
1.00002
1
1
1
1
0.999999
1
1
1
1
1
1.00003
1
1
0.999991
1
1
1
1.00001
1
1
1
1
1
0.999855
1
1
1
1
1
1
1
1
1
1
1
1
1
0.999959
1
1
1
1
1
1
1
0.999993
0.999989
1
1
1
1
1
0.999943
1
0.999978
1
1
1
1
1
1
1
1
1
1
1
1
1
1
1
1
1
1
1
1
1
1
1
1
0.998622
1
1
1
1
1
1
1
1
1
1
1
1
1
1
0.993051
1
1
1
1.00001
1
1
1
1
0.999917
1
1
1
1
1
1
1
1
1
1
1
1
1
1
1
1
1
1
0.997558
1
1
1
1
1
1
1.00001
1.00002
1
1
1
1
1
1
1
1
1
1
1
1
1
1
1
1
1.00003
1
1
1
1
1
1
1
1
1
1
1
0.999873
0.999933
1
1
1
1
1
1
1
1
1
1
1
1
1
1
1
1
1
1
1
1.00002
1
1
1
1
1
1
1
1
1
1
1
1
1
1
1
1
1
1
0.999862
1
1
1
0.999999
1
1
0.999998
1
1
1
1
1
1
1
1
1
1
1.00004
1
1
1
1
1
1
1
1
1
1
1
1
1
1
1
1
1
1
1
1
1
1
1
1
1
1
1
1
1
1
1
1
1
1
1
1
1
1
1
1
1
1
1
1
1
1
1
1
1
1
1
1
1
1
1
1
1
1
1
1
1
1
1
1
1
1
1
1
1
1
1
1
1
1
1
1.00002
1
1
1
0.999998
1
1
1
1
1.00002
1
1
1
1
1
1
1
1
1
1
1
1
1
1.00003
1
1
0.999322
1
1
1
1
1
1
1
1
1
1
1
1
1
1
1
1
1
0.999997
1
1
1
1
0.998379
1
0.999986
1
1
0.999973
1
1
1
1
1
1
1
1
1
1
1
1
1
1
1
1
1
0.998948
1
1
1
1
1
1
1
0.999989
1
1
0.999955
1
1
1
1
1
1
1
1
1
1
1
1
1
1
1
1
1
0.999899
1
1
1
1
1.00002
1
1
1
1
1
1
1
1
1
0.999978
1
1
1
1
1
1
1
1
1
1
1
1
1
1.0001
0.999714
1
1
1
1
1
1
1
1
1
1.00003
1
1
1
1
1
1
1
1
1
1
1
1
1
1
1
1
1
1
1
1
1
0.999992
1
0.999999
1
1
1
1
1
1
1
1
1
1
1
1.00001
1
1
1.00002
1
1
1
1
1
1
1
1
1
1
1
1
1
1
1
1
1
1
1
1
1
1
0.997846
1
1
1
1
1
1
1
1
1
1
1
1
1.00003
1
1
0.999669
1
1
1
1
0.999998
1
1
1
1
1
1
1
1
1
1
1
1
1
1.00006
1
1
1
1
1
1
1
1
1
0.999999
1
1
1
1
0.992181
1
0.999582
1
1
1
1
1
1
0.999638
1
1
1
1
1
1
1
1
1
1
1
1
1
1
1
1
1
1
0.99986
1
1
1
1
1
1
1
1
1
1
1
1
1
1
1
1
1
1
1
1
1
1
1
1
1
1
1
1
1
1
1
1
1
1
1
1
1
1
1
1
1
1
1
1
1
1.00006
1
1
1
1
0.999756
1
0.994965
1
1
1.00025
1
0.999985
1
1
1
1
1.00009
1
1
1
1
1
1
1
1
1
1
0.999997
1
1
1
1.00125
1
1
1
1
1
1
1
1
1
1
1
1
1
1
1
1.00001
1
1
1
1
1
1
1
1
1
1
1
1
1
1
0.999992
1
1
1
1
1
1
0.999999
1
1
1
1
0.999998
1
1
1
1
1
1
0.999998
1
1
1
1
1
1
1
1
1
1
1
1
1
1
1
1
1
1
1
1
1
0.999939
1
1
1
1
1
1
1
1
1
1
1
1
1
0.999995
1
1
1
1
1
1
1
1
1
1
1
1
1
1
1
1
1
1
1
0.997051
1
1
1
0.999997
1
1
1
1
1
1
1
1
1
1
0.999997
1
1
1
0.999999
1
1
0.999998
1
1
0.999995
0.999998
1
1
1
1
1
1
1
1
0.999999
1
1
1
1
1
1
1.00001
1
1
1
1
1
1
1
1
1
1
1
1
1
1
1
1
1
1
1
1
1
0.999923
1
1
1
1
1.00001
1
1.00004
1
1
1
1
1
1
1
0.999999
1
1.00001
0.999985
1
1
1
1
0.999999
1
1
1
1
1
1
1
1
1
1
1
1
1
1
0.999825
1
1
1
1
1
0.999999
1
1
0.999898
1
1
1
1
1.00001
1
1
1
1
0.999854
1
1
1
1
1
1
1
1
1
0.999999
1
1.00001
1
1.00006
1
1
1
1
1
1
1.00158
1
1
1
1
1
1
1
1
1
1
1
1
0.999996
1
1
0.999592
1
1
0.999614
1
1
1
1
1
0.999938
1
1
1
1
1
0.999982
1
1
1
1
1
1
1
1
1
1
1
1
1
1
1
0.998849
1
1
1
1
1
1
1
1
1
1
0.999998
1
1
1
1
1
1
1
0.999994
1
1
0.999979
1
1
1
1
1
1
1
1
1
1
1
1
1
1
1
1
1
1
1
0.999999
1
1
1
1
0.999987
1
1
1
1.00002
1
1
1
1
1
1
0.999999
1
0.999969
1
1
1
1
1
1
1
1
1
1
1
0.999996
1
1
1
1
1
1
1
1
0.99998
1
1
1
1
1
1
1
1
1
1
1
1
1
1
0.999658
1.00001
1
1
1
1
1.00021
1
1
1
1
1.00002
1
1
1
1
1
1
1.00105
1
1
0.999879
1
0.999286
1
0.999537
1
1
0.999984
1
1
0.999862
1
1
1
1
1
1
1
1
0.999842
1
1
1
1
1
0.999809
1
1
1.00006
1
1
1
1
0.999968
1
1
1
1
1
1.00001
1
1
1
1
1
1
1
1
1
1
1
1
0.999996
1
0.999938
0.99999
1
1
1
1
1
1
1
1
1
1
0.998663
0.999517
1
1
1
1
1
1
1
1
1
1
1
1
1
1
1
1
1
1
1
1
1
1
1
1
1
1
1
1
1
1
0.999409
1
1
1
1
1
1
0.999994
1
1
1
1
1
1
1
1
1.00001
1
0.999891
0.999991
0.999999
1
1
1
1
1
1
1
1
1
1
1
1
1
1
1
1
1
1
1
1
1
1
1
1
1
1
1
1
1
1
1
1
1
1
1
1
0.999999
1
0.999641
1
1
0.999952
1
0.999939
0.999647
1.00123
1
1
1
1
0.999845
1
1
1
1
1
1
1
0.99993
1
1
1
1
1
1
1
1
1
0.99951
1
0.999988
1
1
1
1
1
1
0.999883
1
1
1
1
1
1
1
1
0.99809
1
0.999999
1
1
0.999999
0.999901
1
0.999488
1
1
1
1
1
1
1
1
1
1
0.999199
1
1
1
1
1
1
1
1
1
1
1
1
1
1
1
1
1
1
1
1
1
1
1
1
1
1
1
1
1
1
1
1
1
1
1
1
1
1
1
1
1
1
1
1
0.999997
1
1
1
1
1.00122
1
1
1.00019
1
1
1
1
1
1
1
1.00063
1
0.999811
1
1
1
1
1
1
1
1
1
1
1
1
1
0.999989
1
1
1
1
1
1
1
1
1
1
1
1
1.00001
1
1
1
1
1
1
1
1
1
0.999905
1
1
1
1
1
1
1
1
1
1
1
1
1
1
0.999999
1
1
1
1
1
1
1
1
1
1
1
1
1
1
1
1
1
1
1
1
1
1
1
1
1
1
1
0.999994
1
1
1
1
1
1
1
1
1
0.999999
1
0.999983
0.999999
1
0.999928
0.999999
1
1
1
1
0.999981
1
1
1
1
1
1
1
1
1
1
1
1
1.00002
1
1
1
1
1
1.00154
1
1
1
1
1
1
1
1
1
0.999853
1
1
1
1
1
1
1
1
1
1
1
1
1
1
1
1
1
1
1
1
1
1
1
1
1
1
1
1.00001
1
1.00051
1
1
0.999822
1
1
1
1
1
1
1
1
1
1
1
1
1
1
1
1
0.999995
1
1
1
1
1
0.999854
1
1
1
1
1
1
1
1
1
1
1
1
1
1
1.00005
1
1
0.999999
1
1
1
1
1
1
1
1
1
0.999946
1
1
1
1
1
1
1
1
1
1
1
1
1
1
1
1
1
1
1
1
1
1
1
1
1
1
0.999917
1
1
1
1
1
1
1.00002
1
0.999998
0.999999
1.00002
1
1
1
0.999993
1
1
1
1.00001
1
1
1
1
0.999997
1
1
1
1
1
1
0.99992
1
0.999958
1
1
1.00001
1
1
1
1
1
1
1
1
1
1
0.999999
1
1
1
1
0.999877
1
0.999958
1
1
1.00003
1
1.00002
1
1
1
1
1
1
1
1
1
1
1
1.00001
1
1
1
1.00006
)
;

boundaryField
{
    frontback
    {
        type            empty;
    }
    topbottom
    {
        type            zeroGradient;
    }
    outlet
    {
        type            zeroGradient;
    }
    inlet
    {
        type            fixedValue;
        value           nonuniform List<scalar> 0();
    }
    walls
    {
        type            zeroGradient;
    }
    procBoundary1to0
    {
        type            processor;
        value           nonuniform List<scalar> 
104
(
1
1
1
1
1
1
1
1
1
0.999913
1
1
1
0.999948
1.0002
1
1
1
1.00006
1
1
1
1
1
1
1
1
1
1
1
1
1
1
1
1
1
1
1
1
1
1
1
0.999585
1
1
1
1
1
1
1
1
1
1
1
0.998444
1
0.999983
1
1
1
1
1
1
1
1
1
1
1
1
1
1
1
1
1
1
1
1
1
1
1
1
1.00067
1
1
1
1
1
1
1
1
1
1
1
1
1
1
1
1
1
1
1
1
1
1
)
;
    }
    procBoundary1to3
    {
        type            processor;
        value           nonuniform List<scalar> 
205
(
1
1
1
1
1
1
1
1
1
1
1
1
1
1
1
1
1
1
1
1
1
1
1
1
1
1
1
1
1
1
1
1
1
1
1
1
1
1
1
1
1
1
1
1
1
1
1
1
1
1
1
1
1
1
1
1
1
1
1
1
1
1
1
1
1
1
1
1
1
1
1
1
1
1
1
1
1
1
1
1
1
1
1
1
1
1
1
1
1
1
1
1
1
1
1
1
1
1
1
1
1
1
1
1
1
1
1
1
1
1
1
1
1
1
1
1
1
1
1
1
1
1
1
1
1
1
1
1
1
1
1
1
1
1
1
1
1
1
1
1
1
1
1
1
1
1
1
1
1
1
1
1
1
1
1
1
1
1
1
1
1
1
1
1
1
1
1
1
1
1
1
1
1
1
1
1
1
1
1
1
1
1
1
1
1
1
1
1
1
1
1
1
1
1
1
1
1
1
1
1
1
1
1
1
1
)
;
    }
}


// ************************************************************************* //
