/*--------------------------------*- C++ -*----------------------------------*\
| =========                 |                                                 |
| \\      /  F ield         | OpenFOAM: The Open Source CFD Toolbox           |
|  \\    /   O peration     | Version:  v2012                                 |
|   \\  /    A nd           | Website:  www.openfoam.com                      |
|    \\/     M anipulation  |                                                 |
\*---------------------------------------------------------------------------*/
FoamFile
{
    version     2.0;
    format      ascii;
    class       labelList;
    location    "constant/polyMesh";
    object      cellProcAddressing;
}
// * * * * * * * * * * * * * * * * * * * * * * * * * * * * * * * * * * * * * //


14479
(
1
6
9
14
15
16
27
28
29
37
42
52
56
59
72
82
89
90
98
99
105
110
116
117
120
121
132
135
140
141
147
149
153
163
165
170
177
180
182
188
192
196
198
200
201
207
209
214
219
223
225
234
247
251
254
257
259
261
264
277
280
291
294
298
307
308
314
317
321
322
324
325
327
328
329
339
342
350
354
365
366
376
382
383
385
391
395
396
401
402
411
414
416
420
426
428
432
437
450
456
457
460
463
472
478
484
489
490
493
509
510
511
512
513
516
517
523
524
533
536
537
547
554
555
560
565
574
582
584
587
591
599
605
621
636
638
640
641
647
655
657
667
668
670
671
673
674
676
684
686
697
700
702
705
707
714
721
723
725
727
732
754
756
758
759
763
771
773
777
784
786
792
796
797
799
804
805
810
812
814
815
825
836
839
848
849
851
855
856
858
860
873
880
882
897
898
902
909
911
916
917
925
926
940
945
948
951
953
957
958
962
966
968
969
976
979
983
985
995
1002
1007
1008
1017
1023
1026
1031
1037
1044
1045
1046
1048
1061
1064
1066
1068
1076
1077
1084
1087
1103
1110
1111
1114
1123
1125
1129
1131
1135
1137
1139
1140
1141
1144
1147
1150
1161
1164
1183
1185
1194
1199
1201
1209
1215
1218
1222
1227
1234
1237
1243
1247
1248
1255
1264
1265
1270
1279
1280
1281
1287
1288
1291
1299
1313
1317
1321
1324
1325
1326
1335
1337
1366
1369
1382
1387
1393
1395
1397
1398
1399
1404
1405
1406
1412
1413
1414
1417
1420
1424
1427
1429
1433
1435
1437
1439
1440
1443
1446
1447
1449
1451
1456
1459
1461
1468
1469
1472
1490
1504
1507
1510
1512
1513
1514
1518
1519
1527
1530
1540
1541
1543
1548
1557
1569
1571
1575
1576
1579
1582
1584
1585
1587
1590
1594
1595
1596
1599
1607
1608
1619
1623
1631
1634
1637
1649
1654
1657
1662
1665
1666
1667
1668
1678
1682
1688
1693
1704
1711
1733
1740
1741
1746
1750
1751
1752
1757
1760
1764
1773
1777
1778
1780
1781
1783
1784
1787
1788
1793
1800
1802
1809
1812
1813
1814
1820
1821
1825
1829
1834
1844
1846
1847
1850
1852
1865
1866
1871
1872
1876
1880
1890
1899
1911
1914
1929
1936
1944
1946
1949
1951
1957
1958
1966
1972
1975
1981
1984
1987
1988
1993
1999
2000
2001
2002
2007
2018
2026
2027
2029
2030
2031
2032
2044
2047
2054
2061
2064
2073
2074
2075
2080
2082
2083
2084
2085
2087
2088
2089
2094
2099
2101
2102
2103
2104
2109
2110
2113
2123
2126
2128
2138
2142
2144
2148
2150
2151
2167
2169
2170
2171
2172
2173
2174
2182
2187
2191
2198
2214
2215
2219
2227
2234
2238
2247
2254
2260
2264
2266
2269
2272
2286
2289
2291
2302
2304
2305
2308
2310
2313
2315
2322
2330
2333
2334
2337
2339
2345
2348
2349
2351
2354
2366
2370
2372
2377
2380
2381
2384
2388
2389
2392
2395
2406
2410
2417
2418
2422
2433
2440
2443
2449
2453
2459
2462
2468
2471
2472
2478
2480
2483
2484
2506
2510
2513
2515
2520
2521
2526
2532
2534
2537
2540
2542
2546
2548
2555
2558
2561
2564
2567
2572
2574
2576
2579
2581
2593
2594
2596
2597
2603
2609
2615
2616
2619
2621
2625
2626
2627
2629
2630
2633
2634
2641
2643
2649
2652
2656
2661
2662
2663
2680
2686
2713
2715
2722
2727
2738
2739
2740
2756
2766
2768
2770
2771
2772
2776
2777
2780
2783
2784
2786
2795
2799
2805
2808
2816
2819
2833
2842
2849
2850
2851
2852
2855
2857
2859
2860
2888
2889
2898
2902
2903
2917
2920
2923
2924
2932
2944
2947
2951
2952
2964
2969
2974
2979
2980
2981
2989
2990
2994
2998
3001
3002
3004
3013
3020
3022
3030
3031
3037
3040
3041
3042
3044
3054
3057
3059
3069
3072
3074
3078
3079
3080
3083
3086
3088
3090
3091
3099
3101
3107
3108
3113
3114
3115
3122
3128
3131
3132
3137
3142
3144
3145
3147
3149
3178
3180
3181
3182
3184
3187
3189
3190
3192
3200
3205
3208
3210
3211
3213
3216
3219
3222
3223
3224
3228
3229
3230
3232
3234
3239
3241
3243
3244
3245
3249
3250
3252
3254
3259
3260
3261
3262
3266
3269
3275
3276
3287
3290
3291
3293
3294
3295
3299
3303
3307
3310
3319
3322
3326
3333
3334
3347
3348
3354
3364
3366
3369
3377
3382
3389
3393
3395
3396
3402
3404
3405
3416
3420
3422
3426
3431
3433
3439
3442
3450
3451
3452
3458
3460
3463
3468
3471
3473
3479
3483
3484
3485
3487
3494
3506
3510
3513
3520
3528
3529
3531
3533
3534
3535
3539
3548
3549
3558
3560
3567
3570
3583
3586
3590
3593
3595
3601
3602
3606
3608
3617
3621
3622
3626
3632
3638
3640
3649
3650
3655
3657
3663
3664
3665
3666
3670
3673
3676
3678
3679
3685
3686
3689
3693
3709
3719
3723
3725
3732
3740
3745
3746
3748
3749
3752
3757
3764
3768
3769
3771
3774
3775
3781
3784
3788
3792
3795
3797
3799
3812
3815
3819
3821
3835
3839
3843
3846
3847
3853
3863
3865
3867
3869
3873
3875
3880
3882
3885
3886
3888
3890
3892
3899
3900
3904
3911
3919
3923
3925
3930
3931
3932
3934
3935
3936
3942
3946
3950
3965
3967
3969
3973
3977
3978
3979
3981
3987
3992
3994
3996
3999
4003
4004
4005
4027
4033
4037
4039
4049
4060
4063
4064
4066
4070
4073
4074
4075
4078
4080
4081
4088
4089
4090
4092
4097
4106
4107
4108
4110
4115
4116
4117
4121
4122
4144
4146
4148
4160
4166
4170
4174
4175
4182
4185
4188
4189
4194
4196
4198
4200
4201
4203
4209
4220
4223
4227
4235
4240
4259
4263
4275
4279
4291
4312
4313
4318
4320
4326
4330
4335
4349
4355
4368
4375
4385
4402
4403
4404
4410
4416
4417
4418
4420
4421
4424
4425
4455
4457
4463
4468
4473
4477
4483
4484
4489
4490
4497
4502
4504
4511
4512
4519
4524
4526
4542
4546
4549
4564
4572
4573
4575
4584
4585
4590
4595
4598
4599
4601
4605
4607
4608
4613
4616
4620
4629
4634
4646
4649
4653
4654
4660
4662
4663
4668
4670
4675
4678
4684
4690
4691
4692
4699
4701
4708
4711
4716
4722
4736
4738
4740
4741
4748
4750
4751
4753
4754
4761
4763
4764
4770
4774
4776
4786
4787
4790
4800
4805
4807
4816
4818
4821
4822
4825
4828
4830
4838
4843
4846
4848
4858
4859
4862
4872
4880
4883
4885
4887
4890
4894
4898
4908
4913
4915
4923
4927
4932
4945
4947
4949
4952
4954
4956
4964
4969
4971
4974
4987
4990
4995
4997
5001
5003
5015
5022
5026
5031
5040
5044
5045
5046
5062
5063
5066
5068
5071
5077
5078
5079
5080
5085
5093
5094
5097
5103
5107
5120
5126
5127
5133
5135
5143
5155
5156
5159
5160
5166
5168
5176
5181
5185
5192
5196
5197
5199
5201
5204
5212
5213
5219
5221
5226
5228
5241
5245
5253
5254
5278
5279
5283
5288
5294
5295
5298
5300
5304
5306
5307
5308
5317
5318
5328
5333
5339
5341
5353
5356
5358
5360
5363
5368
5369
5370
5383
5395
5405
5409
5411
5415
5416
5418
5419
5422
5426
5428
5429
5431
5433
5444
5445
5450
5453
5458
5460
5462
5465
5470
5472
5473
5477
5484
5489
5501
5502
5505
5522
5525
5526
5527
5533
5535
5536
5537
5539
5546
5557
5563
5578
5583
5586
5587
5594
5595
5608
5610
5614
5617
5618
5628
5631
5632
5636
5638
5642
5644
5657
5669
5673
5681
5691
5694
5695
5696
5699
5711
5714
5718
5723
5732
5735
5742
5753
5756
5764
5786
5793
5794
5796
5800
5801
5803
5806
5808
5809
5813
5825
5827
5829
5831
5835
5849
5850
5853
5856
5862
5863
5865
5867
5879
5884
5887
5891
5900
5901
5902
5914
5919
5921
5924
5932
5933
5936
5946
5947
5953
5960
5967
5969
5974
5977
5980
5982
5989
5992
5997
6000
6001
6005
6008
6010
6012
6013
6017
6018
6021
6029
6030
6036
6038
6040
6042
6044
6045
6048
6054
6067
6072
6078
6083
6099
6100
6102
6106
6107
6113
6114
6121
6122
6123
6127
6130
6133
6141
6143
6146
6149
6161
6162
6167
6170
6171
6175
6176
6177
6184
6193
6195
6196
6199
6204
6206
6207
6212
6217
6221
6225
6226
6227
6231
6237
6239
6242
6247
6249
6261
6270
6272
6275
6276
6281
6282
6287
6292
6295
6299
6322
6331
6334
6337
6345
6351
6352
6365
6372
6373
6376
6377
6383
6393
6396
6408
6417
6425
6426
6429
6435
6441
6442
6450
6456
6460
6462
6473
6477
6481
6483
6484
6485
6487
6488
6490
6491
6495
6499
6501
6507
6511
6521
6523
6525
6533
6534
6538
6544
6545
6546
6550
6558
6559
6561
6567
6577
6579
6584
6596
6597
6607
6616
6619
6624
6625
6629
6631
6634
6637
6645
6648
6658
6660
6662
6663
6670
6677
6678
6687
6688
6690
6698
6700
6701
6707
6708
6721
6724
6726
6728
6732
6733
6737
6738
6741
6743
6744
6750
6759
6760
6764
6772
6774
6781
6789
6790
6792
6793
6797
6798
6812
6817
6818
6821
6825
6831
6833
6836
6837
6838
6845
6852
6853
6855
6856
6859
6860
6871
6873
6878
6882
6887
6889
6890
6899
6902
6905
6912
6918
6919
6921
6924
6925
6928
6934
6943
6944
6945
6948
6950
6952
6957
6960
6964
6966
6968
6970
6971
6974
6981
6982
6991
6992
6993
6994
7000
7005
7006
7013
7021
7025
7026
7030
7033
7041
7042
7046
7054
7055
7064
7069
7070
7076
7078
7092
7093
7098
7100
7103
7106
7108
7109
7120
7123
7126
7128
7129
7130
7134
7135
7139
7140
7141
7143
7145
7150
7152
7156
7164
7182
7184
7185
7190
7194
7202
7203
7204
7207
7208
7215
7220
7224
7225
7226
7231
7232
7257
7259
7275
7278
7279
7291
7294
7295
7296
7303
7305
7307
7309
7311
7314
7321
7322
7325
7328
7332
7337
7344
7350
7353
7361
7364
7377
7383
7385
7389
7403
7436
7442
7455
7457
7459
7460
7469
7471
7474
7484
7492
7493
7502
7504
7508
7517
7521
7533
7536
7539
7546
7552
7562
7575
7578
7582
7584
7585
7587
7590
7591
7595
7598
7599
7600
7601
7602
7605
7609
7613
7616
7618
7648
7649
7655
7658
7662
7666
7669
7674
7676
7681
7685
7686
7689
7694
7695
7698
7701
7709
7712
7717
7722
7723
7724
7725
7728
7729
7732
7734
7746
7747
7749
7754
7760
7768
7770
7775
7783
7789
7794
7797
7798
7802
7803
7806
7815
7829
7830
7833
7834
7850
7851
7854
7860
7861
7862
7870
7885
7886
7894
7897
7899
7904
7911
7915
7916
7917
7918
7923
7938
7940
7942
7943
7945
7951
7953
7967
7969
7972
7990
7991
7993
7995
7996
8012
8020
8021
8029
8032
8037
8039
8041
8042
8056
8057
8061
8063
8069
8070
8071
8072
8074
8082
8090
8097
8101
8103
8104
8110
8114
8123
8127
8132
8136
8137
8140
8141
8145
8147
8154
8155
8158
8159
8163
8167
8173
8174
8175
8176
8185
8195
8198
8203
8211
8218
8220
8227
8231
8237
8238
8240
8241
8242
8245
8250
8271
8277
8278
8280
8284
8285
8286
8291
8292
8295
8296
8299
8306
8311
8315
8319
8320
8323
8335
8338
8344
8345
8362
8379
8382
8386
8392
8407
8416
8424
8441
8444
8445
8456
8461
8467
8470
8474
8478
8480
8490
8493
8494
8497
8498
8501
8503
8508
8514
8516
8526
8529
8535
8536
8537
8539
8541
8555
8556
8564
8575
8581
8586
8589
8595
8603
8606
8607
8608
8611
8612
8613
8614
8615
8616
8621
8622
8623
8630
8637
8648
8651
8654
8660
8662
8667
8668
8684
8686
8692
8694
8706
8715
8720
8721
8723
8725
8728
8731
8739
8740
8756
8761
8765
8766
8771
8774
8781
8789
8795
8797
8812
8814
8815
8816
8819
8820
8830
8837
8840
8842
8851
8857
8858
8864
8869
8870
8871
8873
8875
8882
8886
8887
8890
8892
8896
8898
8900
8901
8906
8909
8914
8919
8921
8927
8928
8931
8936
8939
8940
8947
8948
8951
8953
8955
8963
8968
8972
8975
8982
8986
8987
8989
8990
8993
9005
9008
9021
9027
9037
9050
9054
9055
9059
9064
9067
9083
9087
9088
9091
9093
9094
9100
9107
9111
9115
9137
9140
9144
9148
9149
9152
9159
9161
9165
9168
9175
9180
9186
9193
9195
9198
9200
9202
9203
9213
9224
9230
9231
9232
9235
9240
9245
9246
9256
9259
9261
9263
9264
9266
9269
9272
9274
9278
9280
9282
9295
9296
9297
9298
9300
9302
9304
9307
9311
9316
9319
9321
9335
9336
9339
9344
9347
9357
9358
9363
9374
9382
9385
9389
9390
9391
9397
9399
9403
9404
9406
9407
9417
9424
9427
9429
9430
9432
9434
9441
9442
9451
9456
9457
9459
9461
9462
9464
9468
9470
9472
9474
9477
9479
9492
9493
9498
9501
9502
9504
9507
9514
9517
9518
9522
9523
9525
9527
9530
9532
9533
9534
9539
9543
9544
9545
9547
9553
9558
9561
9566
9569
9572
9575
9576
9586
9597
9600
9602
9603
9605
9609
9612
9613
9617
9618
9619
9624
9625
9635
9639
9642
9649
9652
9656
9660
9665
9667
9675
9676
9677
9681
9682
9684
9685
9691
9692
9699
9702
9712
9722
9725
9739
9746
9755
9767
9769
9770
9771
9773
9776
9778
9786
9791
9793
9794
9798
9799
9802
9803
9805
9821
9830
9839
9840
9841
9844
9851
9854
9858
9860
9863
9868
9872
9876
9878
9892
9893
9895
9896
9909
9920
9921
9923
9925
9929
9935
9939
9945
9951
9954
9957
9959
9964
9970
9978
9979
9988
9990
9993
9997
10003
10020
10026
10044
10047
10048
10067
10071
10076
10085
10095
10096
10100
10105
10107
10115
10126
10129
10132
10135
10140
10150
10154
10157
10158
10166
10177
10189
10194
10195
10197
10201
10208
10213
10260
10267
10276
10282
10283
10285
10287
10297
10312
10316
10319
10331
10333
10337
10342
10344
10345
10351
10363
10364
10366
10377
10378
10383
10390
10393
10401
10402
10413
10414
10415
10421
10424
10429
10437
10442
10443
10447
10449
10463
10474
10478
10480
10482
10495
10500
10505
10507
10508
10516
10520
10526
10529
10540
10548
10551
10553
10554
10565
10567
10568
10569
10586
10588
10590
10605
10613
10614
10617
10625
10631
10637
10639
10641
10646
10651
10654
10672
10674
10676
10677
10680
10681
10685
10687
10690
10694
10699
10700
10707
10708
10718
10722
10733
10743
10744
10745
10754
10755
10757
10764
10769
10771
10774
10781
10786
10789
10790
10793
10804
10806
10813
10816
10821
10824
10826
10828
10838
10839
10846
10859
10861
10869
10878
10881
10895
10912
10926
10933
10935
10939
10942
10947
10954
10964
10969
10976
10978
10979
11005
11015
11016
11019
11020
11024
11039
11041
11043
11058
11066
11077
11079
11080
11081
11084
11093
11096
11105
11106
11107
11116
11122
11129
11130
11131
11132
11157
11160
11165
11167
11168
11172
11179
11182
11190
11194
11202
11206
11214
11215
11220
11221
11223
11227
11230
11240
11241
11250
11265
11266
11270
11273
11277
11286
11291
11292
11303
11304
11309
11329
11331
11334
11343
11345
11368
11377
11379
11384
11386
11390
11395
11396
11398
11406
11410
11412
11416
11420
11426
11429
11431
11433
11435
11438
11440
11443
11448
11455
11459
11462
11464
11475
11477
11481
11485
11492
11493
11498
11500
11512
11516
11520
11526
11527
11528
11529
11530
11542
11543
11547
11550
11555
11556
11559
11562
11576
11584
11586
11599
11608
11627
11647
11661
11663
11675
11676
11678
11680
11684
11688
11689
11696
11703
11705
11707
11713
11716
11717
11722
11735
11739
11745
11748
11749
11755
11767
11771
11772
11773
11775
11780
11781
11786
11793
11806
11821
11823
11838
11849
11850
11857
11858
11861
11870
11876
11882
11884
11904
11909
11919
11925
11938
11950
11952
11957
11969
11972
11973
11974
11979
11980
11983
11985
11992
11995
11998
12000
12002
12010
12012
12026
12051
12056
12068
12071
12079
12081
12093
12094
12110
12120
12126
12130
12131
12133
12134
12137
12141
12143
12153
12159
12168
12169
12174
12176
12181
12190
12192
12199
12202
12205
12218
12225
12240
12241
12258
12259
12261
12262
12264
12273
12274
12277
12285
12288
12306
12310
12316
12342
12350
12352
12354
12365
12367
12370
12373
12377
12388
12389
12390
12427
12440
12446
12447
12450
12460
12467
12468
12478
12479
12482
12488
12496
12504
12506
12515
12517
12518
12536
12551
12556
12561
12571
12572
12580
12590
12593
12595
12596
12597
12607
12613
12624
12636
12643
12652
12653
12662
12663
12671
12674
12680
12688
12697
12701
12706
12708
12714
12729
12736
12747
12756
12763
12766
12768
12770
12792
12793
12800
12806
12815
12824
12828
12830
12835
12836
12840
12845
12846
12848
12853
12855
12859
12860
12873
12874
12875
12880
12882
12890
12893
12895
12898
12899
12906
12912
12917
12921
12938
12939
12952
12954
12956
12963
12967
12969
12973
12977
12979
12981
12990
12995
12998
13001
13008
13015
13022
13039
13043
13051
13053
13056
13057
13059
13060
13067
13069
13070
13084
13093
13105
13117
13123
13129
13134
13136
13146
13152
13153
13157
13169
13171
13174
13185
13186
13192
13194
13198
13202
13211
13214
13215
13223
13225
13227
13229
13250
13256
13258
13263
13264
13269
13271
13273
13277
13280
13283
13290
13294
13297
13299
13307
13308
13312
13329
13333
13335
13338
13343
13346
13347
13350
13361
13377
13384
13394
13400
13401
13402
13403
13404
13405
13414
13418
13421
13425
13429
13430
13431
13437
13448
13450
13452
13454
13465
13467
13469
13472
13477
13478
13479
13481
13483
13492
13494
13495
13496
13497
13507
13512
13513
13516
13522
13524
13526
13541
13544
13548
13551
13564
13565
13566
13573
13575
13581
13582
13601
13606
13619
13620
13621
13622
13629
13632
13635
13636
13638
13645
13647
13649
13650
13654
13665
13666
13669
13681
13687
13689
13690
13692
13693
13700
13702
13709
13711
13714
13717
13734
13746
13752
13754
13755
13759
13762
13769
13771
13773
13778
13780
13782
13783
13784
13795
13797
13802
13803
13808
13809
13811
13818
13820
13828
13829
13837
13839
13840
13843
13845
13850
13853
13854
13858
13859
13860
13861
13866
13871
13872
13876
13881
13882
13888
13899
13900
13907
13909
13916
13918
13920
13930
13931
13933
13934
13940
13948
13950
13953
13957
13963
13965
13967
13973
13979
13987
13996
14000
14003
14011
14017
14024
14033
14034
14035
14046
14047
14052
14054
14055
14060
14061
14063
14066
14068
14070
14071
14076
14077
14078
14080
14081
14085
14087
14101
14105
14109
14113
14116
14117
14126
14130
14143
14149
14151
14154
14157
14158
14163
14172
14173
14177
14178
14181
14189
14192
14194
14195
14199
14200
14201
14207
14211
14219
14221
14227
14240
14243
14250
14256
14260
14276
14287
14288
14293
14295
14307
14308
14312
14314
14316
14325
14327
14343
14349
14351
14357
14364
14365
14379
14380
14384
14387
14389
14394
14404
14410
14411
14412
14418
14420
14428
14433
14434
14435
14440
14441
14446
14449
14450
14452
14459
14463
14467
14469
14472
14473
14477
14479
14484
14489
14498
14503
14507
14508
14513
14515
14516
14518
14519
14525
14528
14534
14535
14537
14541
14544
14546
14549
14558
14563
14570
14572
14577
14582
14589
14602
14606
14607
14608
14610
14617
14622
14624
14625
14629
14632
14635
14636
14644
14654
14659
14668
14670
14671
14675
14686
14688
14691
14704
14705
14717
14718
14720
14722
14724
14725
14729
14730
14735
14736
14737
14740
14742
14743
14744
14745
14751
14752
14758
14761
14767
14769
14779
14784
14785
14792
14793
14794
14807
14809
14811
14815
14819
14822
14823
14833
14835
14837
14843
14852
14854
14860
14862
14863
14874
14875
14877
14879
14880
14883
14893
14894
14896
14904
14908
14915
14917
14921
14924
14926
14931
14934
14937
14939
14942
14943
14947
14948
14967
14968
14971
14989
14992
14996
15003
15004
15006
15009
15020
15022
15033
15035
15038
15046
15050
15052
15065
15070
15071
15075
15076
15077
15079
15085
15088
15093
15103
15104
15105
15114
15123
15128
15129
15130
15131
15139
15140
15144
15146
15153
15154
15157
15165
15170
15180
15185
15189
15190
15194
15197
15199
15207
15212
15218
15224
15236
15239
15245
15252
15255
15258
15260
15265
15266
15271
15272
15273
15284
15291
15297
15299
15300
15302
15303
15311
15322
15323
15328
15331
15333
15341
15343
15345
15349
15355
15361
15362
15364
15366
15379
15380
15383
15396
15398
15400
15403
15405
15406
15413
15415
15416
15419
15420
15423
15424
15428
15430
15434
15438
15440
15443
15450
15451
15455
15456
15467
15476
15479
15481
15484
15487
15497
15504
15506
15510
15514
15521
15525
15533
15538
15543
15549
15550
15551
15552
15555
15557
15563
15564
15565
15568
15569
15570
15572
15574
15576
15580
15586
15587
15589
15590
15592
15594
15602
15605
15608
15609
15621
15623
15624
15632
15635
15636
15654
15658
15667
15668
15672
15675
15678
15679
15684
15686
15687
15702
15703
15704
15707
15717
15718
15719
15723
15729
15731
15733
15738
15739
15744
15748
15751
15752
15754
15760
15761
15763
15768
15775
15781
15786
15788
15795
15796
15801
15802
15812
15815
15821
15834
15837
15838
15847
15852
15864
15871
15873
15874
15875
15877
15881
15884
15886
15889
15895
15898
15900
15908
15910
15913
15914
15921
15930
15931
15932
15933
15935
15943
15945
15962
15964
15965
15966
15969
15984
15985
15987
15990
15991
15992
16004
16006
16008
16009
16012
16014
16031
16035
16036
16042
16046
16047
16049
16053
16054
16056
16058
16063
16064
16068
16074
16075
16077
16087
16088
16089
16090
16093
16096
16100
16103
16106
16107
16108
16110
16114
16117
16121
16126
16131
16152
16156
16160
16162
16165
16166
16167
16168
16169
16170
16172
16175
16176
16181
16182
16190
16210
16214
16215
16219
16220
16224
16227
16229
16234
16255
16261
16278
16281
16284
16293
16296
16297
16298
16301
16303
16305
16309
16317
16319
16321
16322
16323
16330
16334
16342
16345
16348
16354
16356
16359
16367
16372
16373
16374
16376
16377
16382
16384
16385
16392
16395
16396
16398
16410
16426
16428
16430
16434
16436
16450
16453
16454
16459
16461
16467
16469
16472
16474
16477
16478
16479
16488
16490
16495
16511
16513
16515
16517
16519
16522
16530
16531
16534
16535
16536
16537
16560
16563
16565
16566
16574
16578
16584
16587
16590
16591
16594
16595
16599
16604
16605
16606
16608
16614
16615
16616
16617
16621
16623
16628
16629
16631
16635
16636
16640
16643
16645
16652
16654
16659
16663
16664
16667
16668
16674
16675
16676
16681
16688
16694
16699
16701
16705
16707
16711
16712
16713
16721
16724
16740
16741
16744
16753
16756
16769
16775
16779
16780
16781
16783
16786
16788
16791
16793
16794
16796
16798
16801
16802
16803
16814
16825
16829
16830
16831
16833
16834
16839
16852
16854
16858
16859
16861
16866
16870
16871
16872
16876
16878
16880
16882
16887
16890
16895
16898
16901
16902
16903
16904
16906
16909
16916
16917
16921
16924
16926
16928
16929
16936
16941
16942
16947
16948
16951
16953
16963
16964
16976
16977
16980
16988
16996
17001
17003
17007
17013
17021
17025
17027
17029
17030
17044
17045
17047
17050
17052
17059
17060
17061
17071
17074
17079
17080
17082
17083
17084
17085
17087
17090
17091
17092
17098
17099
17103
17104
17106
17109
17110
17114
17116
17123
17125
17128
17129
17130
17140
17142
17146
17147
17149
17151
17153
17156
17160
17162
17164
17166
17167
17169
17174
17176
17183
17187
17191
17194
17196
17203
17206
17210
17212
17219
17225
17241
17245
17249
17252
17253
17256
17260
17267
17273
17276
17284
17289
17291
17298
17303
17306
17309
17311
17317
17318
17322
17325
17326
17328
17342
17343
17346
17349
17353
17355
17360
17362
17390
17393
17401
17403
17410
17414
17416
17417
17422
17424
17436
17444
17446
17449
17451
17453
17462
17463
17469
17471
17484
17491
17510
17511
17516
17517
17522
17523
17529
17535
17537
17538
17543
17547
17554
17555
17558
17559
17564
17566
17568
17579
17580
17581
17585
17587
17594
17597
17598
17603
17604
17612
17616
17623
17624
17626
17631
17634
17635
17642
17659
17660
17665
17668
17671
17673
17677
17679
17684
17689
17692
17695
17701
17709
17710
17717
17722
17727
17734
17738
17743
17745
17747
17754
17760
17772
17773
17784
17793
17794
17803
17809
17810
17820
17822
17826
17827
17828
17835
17842
17843
17844
17845
17847
17849
17861
17862
17863
17864
17867
17868
17870
17871
17872
17875
17881
17884
17887
17889
17890
17897
17898
17899
17904
17905
17906
17907
17909
17911
17914
17915
17919
17921
17924
17932
17935
17938
17941
17943
17944
17948
17949
17950
17953
17959
17964
17966
17973
17977
17981
17985
17989
17990
17991
17996
18002
18004
18010
18016
18019
18020
18026
18030
18040
18041
18042
18048
18049
18052
18056
18059
18061
18062
18066
18073
18079
18080
18081
18085
18089
18092
18096
18099
18117
18133
18136
18138
18151
18154
18155
18163
18166
18170
18177
18182
18183
18192
18193
18194
18196
18197
18199
18204
18206
18217
18222
18229
18235
18236
18240
18250
18267
18269
18270
18273
18282
18286
18293
18300
18307
18309
18313
18315
18316
18326
18328
18337
18338
18342
18343
18345
18347
18349
18351
18352
18358
18361
18362
18368
18369
18375
18377
18379
18382
18383
18387
18391
18393
18399
18400
18405
18406
18409
18413
18414
18418
18421
18429
18431
18432
18444
18445
18447
18450
18459
18466
18467
18470
18473
18475
18476
18479
18482
18485
18486
18488
18492
18499
18500
18503
18513
18514
18516
18522
18526
18529
18538
18540
18546
18548
18552
18560
18561
18565
18576
18586
18588
18589
18590
18591
18593
18597
18599
18605
18608
18614
18621
18623
18626
18629
18635
18637
18648
18652
18653
18655
18661
18663
18664
18665
18666
18679
18683
18684
18685
18690
18692
18695
18698
18701
18710
18711
18713
18715
18717
18729
18739
18744
18747
18750
18756
18760
18764
18765
18771
18772
18778
18788
18796
18798
18801
18805
18806
18808
18811
18815
18819
18820
18822
18823
18824
18832
18834
18838
18839
18841
18846
18857
18860
18862
18865
18876
18880
18885
18890
18892
18895
18896
18897
18899
18901
18902
18906
18911
18914
18917
18919
18938
18942
18946
18949
18958
18961
18963
18974
18975
18979
18987
18989
18992
18996
19000
19002
19003
19004
19005
19010
19012
19017
19022
19025
19026
19031
19032
19036
19045
19048
19051
19055
19056
19057
19069
19072
19073
19083
19091
19094
19102
19107
19108
19111
19123
19126
19127
19129
19134
19135
19139
19146
19151
19154
19155
19156
19159
19166
19175
19177
19179
19181
19182
19188
19191
19195
19200
19215
19218
19219
19220
19222
19240
19242
19244
19247
19248
19258
19260
19267
19270
19275
19276
19279
19285
19286
19295
19300
19305
19307
19324
19325
19326
19343
19345
19354
19365
19366
19368
19371
19375
19376
19379
19380
19383
19386
19389
19392
19397
19398
19403
19406
19407
19408
19412
19418
19425
19427
19434
19438
19439
19452
19457
19458
19460
19465
19472
19480
19482
19486
19488
19489
19492
19501
19503
19504
19505
19513
19514
19532
19535
19551
19552
19553
19555
19558
19564
19570
19573
19576
19577
19582
19588
19597
19598
19602
19607
19622
19623
19625
19626
19628
19636
19641
19642
19643
19650
19656
19658
19659
19663
19665
19667
19675
19679
19684
19687
19691
19695
19696
19700
19701
19712
19715
19717
19721
19723
19730
19733
19736
19743
19746
19747
19748
19752
19763
19768
19787
19789
19792
19793
19798
19799
19800
19801
19807
19809
19813
19814
19817
19819
19825
19826
19833
19840
19843
19848
19851
19852
19867
19871
19873
19890
19893
19897
19902
19905
19908
19920
19923
19924
19926
19927
19928
19941
19946
19947
19949
19952
19957
19958
19969
19972
19973
19975
19984
19989
19991
19993
19997
20001
20016
20018
20019
20021
20026
20028
20035
20040
20046
20059
20064
20067
20069
20071
20075
20082
20083
20084
20088
20092
20095
20098
20102
20104
20107
20109
20111
20113
20116
20117
20124
20125
20127
20134
20137
20140
20148
20151
20154
20156
20160
20161
20164
20166
20170
20173
20176
20178
20183
20184
20192
20194
20201
20204
20205
20207
20212
20213
20215
20216
20218
20223
20225
20227
20229
20230
20231
20235
20241
20246
20248
20252
20253
20256
20257
20258
20263
20264
20265
20267
20270
20277
20283
20286
20287
20289
20293
20295
20297
20298
20299
20305
20306
20307
20309
20317
20318
20320
20325
20328
20333
20337
20342
20344
20350
20351
20357
20358
20360
20364
20372
20373
20378
20381
20382
20383
20388
20389
20390
20391
20395
20400
20404
20408
20418
20424
20428
20431
20437
20438
20445
20451
20452
20454
20455
20466
20467
20468
20469
20470
20472
20474
20479
20491
20495
20496
20500
20503
20505
20506
20508
20510
20518
20522
20529
20532
20533
20535
20538
20539
20545
20549
20552
20555
20561
20563
20566
20568
20574
20575
20578
20580
20589
20592
20593
20597
20599
20600
20601
20603
20605
20606
20609
20612
20613
20614
20615
20617
20619
20621
20622
20624
20630
20634
20635
20637
20640
20646
20647
20648
20656
20660
20662
20663
20665
20669
20672
20679
20680
20683
20689
20690
20696
20697
20699
20700
20708
20713
20716
20718
20726
20727
20728
20731
20734
20737
20742
20743
20747
20748
20750
20752
20753
20757
20760
20764
20766
20769
20772
20776
20781
20784
20790
20794
20799
20801
20804
20807
20814
20818
20828
20829
20830
20831
20838
20840
20846
20847
20848
20854
20855
20861
20865
20872
20876
20881
20882
20883
20886
20889
20891
20892
20893
20895
20901
20902
20906
20913
20919
20921
20923
20925
20933
20934
20935
20936
20943
20947
20948
20949
20952
20954
20955
20957
20959
20965
20967
20970
20976
20981
20983
20984
20986
20990
20995
20997
21001
21004
21006
21008
21009
21011
21017
21019
21027
21028
21031
21032
21036
21037
21040
21042
21044
21049
21050
21052
21053
21054
21056
21057
21059
21062
21063
21067
21069
21071
21074
21076
21090
21093
21097
21102
21104
21106
21108
21110
21115
21116
21121
21128
21129
21135
21137
21141
21142
21145
21146
21149
21150
21152
21153
21155
21157
21160
21167
21170
21178
21183
21189
21194
21198
21201
21202
21203
21209
21213
21216
21217
21218
21219
21220
21224
21225
21226
21229
21234
21238
21242
21243
21244
21250
21251
21252
21253
21255
21257
21267
21268
21269
21272
21276
21279
21280
21283
21285
21286
21292
21293
21295
21300
21302
21305
21309
21311
21318
21322
21324
21326
21329
21330
21335
21346
21352
21354
21355
21360
21362
21364
21366
21372
21373
21375
21386
21391
21392
21393
21395
21396
21398
21399
21400
21402
21403
21404
21405
21406
21408
21409
21410
21420
21421
21422
21425
21429
21430
21432
21433
21434
21435
21441
21442
21449
21450
21454
21457
21470
21476
21477
21484
21487
21491
21492
21495
21496
21498
21500
21501
21502
21503
21506
21513
21514
21516
21518
21520
21523
21525
21526
21527
21529
21532
21537
21540
21542
21549
21552
21553
21557
21559
21560
21561
21563
21564
21565
21573
21574
21576
21577
21578
21580
21582
21583
21585
21588
21590
21592
21598
21599
21602
21603
21607
21610
21613
21615
21620
21622
21624
21626
21631
21632
21635
21638
21640
21641
21647
21648
21652
21653
21654
21656
21657
21659
21668
21671
21672
21673
21678
21681
21684
21685
21688
21689
21691
21695
21696
21697
21699
21700
21703
21706
21710
21711
21712
21726
21727
21731
21732
21737
21738
21742
21743
21744
21745
21748
21749
21750
21751
21754
21755
21757
21758
21759
21760
21762
21764
21768
21769
21773
21774
21775
21776
21780
21783
21784
21788
21793
21805
21806
21807
21809
21812
21815
21821
21823
21825
21826
21827
21829
21831
21833
21834
21839
21845
21851
21853
21856
21859
21861
21866
21871
21872
21873
21874
21875
21877
21879
21882
21888
21891
21892
21893
21894
21895
21900
21903
21907
21909
21912
21916
21921
21924
21928
21931
21935
21937
21940
21941
21942
21944
21945
21946
21949
21950
21951
21953
21956
21958
21959
21961
21964
21967
21968
21969
21970
21971
21972
21973
21976
21980
21983
21984
21985
21988
21989
21993
21997
21998
22000
22001
22002
22003
22006
22011
22013
22015
22016
22019
22021
22023
22024
22025
22026
22031
22033
22034
22037
22040
22054
22055
22056
22057
22058
22061
22062
22064
22066
22069
22073
22076
22078
22079
22082
22083
22084
22086
22089
22092
22093
22097
22099
22101
22102
22103
22105
22106
22108
22110
22111
22112
22113
22118
22124
22125
22127
22128
22130
22134
22137
22140
22142
22143
22144
22146
22148
22150
22151
22153
22159
22160
22161
22165
22176
22178
22184
22185
22186
22189
22190
22192
22200
22206
22207
22210
22212
22213
22214
22215
22217
22218
22221
22226
22227
22229
22230
22233
22239
22240
22241
22244
22245
22248
22250
22252
22261
22270
22271
22272
22282
22284
22288
22289
22291
22298
22305
22307
22311
22312
22313
22317
22318
22320
22321
22324
22329
22332
22340
22341
22346
22347
22348
22358
22359
22360
22362
22366
22371
22374
22381
22400
22401
22402
22410
22411
22413
22415
22421
22423
22424
22426
22427
22428
22432
22434
22435
22438
22446
22452
22459
22463
22467
22468
22471
22472
22475
22478
22481
22487
22499
22500
22501
22502
22503
22504
22508
22511
22514
22519
22523
22525
22531
22532
22533
22534
22535
22540
22545
22551
22553
22554
22564
22567
22571
22573
22584
22586
22589
22590
22593
22594
22596
22597
22603
22604
22611
22620
22625
22626
22628
22636
22639
22646
22649
22651
22652
22653
22658
22665
22670
22671
22672
22677
22678
22679
22680
22681
22683
22685
22692
22695
22699
22705
22706
22707
22709
22710
22711
22712
22715
22717
22718
22721
22722
22723
22724
22725
22726
22727
22728
22729
22731
22733
22734
22736
22738
22739
22752
22753
22757
22758
22759
22762
22763
22764
22769
22772
22773
22776
22777
22779
22786
22787
22788
22799
22809
22813
22815
22816
22818
22819
22820
22822
22829
22831
22838
22839
22841
22843
22844
22849
22857
22859
22863
22865
22867
22869
22872
22874
22875
22878
22879
22882
22884
22886
22887
22889
22895
22897
22898
22899
22901
22902
22906
22907
22908
22914
22915
22916
22918
22920
22921
22922
22923
22924
22929
22930
22931
22934
22935
22939
22941
22943
22944
22945
22946
22948
22950
22952
22956
22958
22960
22968
22971
22973
22974
22978
22985
22991
22993
22997
22999
23003
23005
23007
23009
23010
23011
23012
23014
23015
23016
23019
23021
23022
23024
23026
23027
23035
23037
23038
23040
23045
23049
23050
23051
23053
23056
23059
23060
23061
23062
23063
23066
23068
23069
23071
23072
23077
23078
23081
23082
23083
23084
23086
23092
23094
23097
23098
23100
23102
23103
23106
23107
23110
23111
23112
23117
23120
23124
23125
23126
23127
23128
23131
23132
23136
23143
23145
23146
23147
23148
23153
23155
23156
23158
23159
23160
23161
23165
23166
23174
23177
23181
23184
23186
23188
23191
23193
23195
23198
23199
23200
23201
23203
23206
23208
23210
23214
23221
23223
23225
23226
23229
23234
23236
23238
23240
23241
23244
23247
23249
23250
23251
23252
23253
23258
23259
23260
23261
23268
23269
23276
23282
23283
23285
23286
23287
23288
23295
23296
23300
23302
23303
23304
23306
23307
23311
23312
23314
23315
23316
23318
23321
23323
23324
23325
23326
23330
23331
23333
23335
23336
23337
23338
23340
23342
23345
23347
23348
23352
23355
23361
23363
23364
23367
23369
23370
23372
23374
23377
23379
23380
23382
23387
23389
23394
23402
23403
23406
23409
23410
23414
23415
23417
23422
23424
23426
23430
23431
23433
23435
23436
23437
23439
23446
23448
23451
23453
23455
23460
23463
23465
23466
23467
23468
23472
23473
23480
23483
23488
23496
23497
23498
23500
23501
23502
23503
23508
23509
23510
23511
23512
23513
23517
23520
23521
23529
23530
23532
23534
23535
23538
23541
23542
23543
23545
23546
23548
23550
23553
23558
23563
23564
23565
23567
23568
23571
23573
23574
23575
23577
23578
23581
23582
23587
23588
23589
23590
23591
23592
23598
23599
23600
23602
23604
23605
23607
23608
23613
23616
23618
23624
23625
23629
23634
23638
23641
23644
23645
23652
23653
23655
23658
23660
23662
23663
23665
23667
23668
23669
23671
23672
23673
23677
23679
23681
23683
23684
23685
23687
23689
23691
23692
23693
23694
23695
23696
23699
23700
23702
23705
23706
23707
23709
23711
23713
23714
23716
23719
23720
23721
23723
23726
23730
23733
23738
23739
23740
23742
23751
23758
23759
23760
23761
23763
23766
23767
23768
23769
23770
23771
23779
23780
23782
23783
23786
23791
23793
23798
23800
23801
23802
23805
23806
23810
23811
23812
23817
23818
23819
23820
23821
23823
23824
23826
23830
23832
23833
23841
23842
23844
23848
23850
23851
23853
23862
23863
23865
23872
23874
23876
23881
23885
23887
23893
23896
23897
23898
23904
23907
23908
23910
23911
23914
23918
23920
23922
23924
23926
23927
23929
23932
23935
23936
23937
23941
23943
23948
23949
23952
23953
23961
23962
23965
23969
23975
23978
23980
23981
23982
23983
23984
23985
23988
23989
23990
23997
24002
24005
24007
24011
24012
24014
24023
24024
24025
24029
24031
24035
24037
24041
24045
24051
24052
24053
24055
24057
24059
24060
24061
24064
24065
24068
24069
24070
24071
24072
24073
24074
24077
24078
24079
24080
24082
24083
24089
24092
24095
24097
24098
24101
24103
24106
24110
24111
24113
24116
24117
24119
24123
24126
24127
24132
24136
24137
24138
24141
24146
24147
24148
24150
24151
24153
24154
24160
24166
24170
24171
24172
24176
24181
24182
24183
24186
24188
24190
24191
24192
24194
24196
24197
24198
24199
24200
24201
24203
24210
24212
24218
24220
24223
24224
24226
24228
24231
24233
24234
24235
24236
24238
24239
24240
24243
24246
24253
24257
24258
24261
24262
24263
24266
24269
24271
24275
24280
24281
24284
24285
24286
24287
24288
24289
24291
24296
24297
24298
24302
24306
24310
24312
24314
24316
24317
24318
24324
24326
24327
24333
24335
24338
24340
24341
24342
24345
24349
24354
24358
24361
24362
24364
24365
24366
24367
24372
24373
24374
24376
24382
24386
24388
24394
24395
24396
24397
24399
24404
24405
24408
24422
24424
24427
24430
24432
24434
24439
24440
24443
24446
24449
24454
24459
24462
24463
24465
24466
24467
24469
24470
24472
24473
24474
24475
24479
24484
24486
24489
24490
24492
24493
24494
24496
24497
24498
24499
24500
24503
24507
24508
24509
24511
24519
24520
24521
24523
24524
24528
24530
24531
24533
24535
24536
24537
24538
24539
24541
24545
24546
24547
24548
24551
24554
24580
24581
24582
24583
24586
24588
24590
24596
24598
24605
24606
24608
24609
24614
24615
24619
24621
24626
24643
24644
24645
24646
24647
24648
24649
24650
24651
24652
24653
24654
24655
24656
24657
24658
24661
24662
24665
24666
24668
24673
24674
24675
24676
24680
24682
24684
24686
24689
24690
24691
24697
24704
24705
24713
24716
24717
24723
24728
24729
24730
24732
24734
24738
24741
24744
24745
24749
24750
24751
24755
24757
24758
24759
24761
24762
24765
24766
24767
24770
24773
24777
24778
24783
24784
24785
24790
24791
24792
24793
24799
24803
24804
24807
24812
24813
24817
24819
24824
24827
24830
24831
24835
24836
24839
24841
24845
24855
24856
24858
24859
24860
24862
24863
24864
24867
24868
24872
24873
24879
24880
24881
24882
24883
24887
24889
24890
24892
24893
24894
24896
24897
24898
24899
24900
24901
24902
24903
24905
24906
24908
24909
24911
24912
24915
24919
24921
24923
24925
24926
24927
24930
24933
24936
24938
24940
24941
24943
24944
24945
24948
24953
24954
24955
24957
24961
24967
24968
24972
24974
24975
24977
24979
24981
24983
24986
24987
24988
24990
24992
24993
24994
24995
24997
24998
24999
25000
25003
25004
25005
25006
25009
25010
25013
25014
25018
25020
25022
25023
25027
25029
25032
25036
25037
25039
25040
25042
25044
25045
25046
25047
25049
25051
25053
25054
25056
25057
25058
25059
25060
25063
25065
25066
25067
25071
25074
25079
25080
25081
25082
25087
25088
25091
25092
25096
25097
25098
25100
25102
25103
25104
25106
25107
25112
25113
25114
25116
25117
25119
25123
25125
25130
25132
25140
25141
25143
25147
25150
25152
25153
25154
25155
25157
25158
25159
25165
25166
25168
25170
25171
25172
25179
25180
25181
25182
25188
25189
25190
25191
25192
25193
25197
25198
25199
25200
25203
25206
25207
25209
25210
25211
25216
25217
25218
25219
25220
25222
25223
25225
25228
25230
25231
25236
25238
25239
25243
25250
25253
25254
25256
25257
25258
25259
25260
25264
25267
25268
25269
25271
25273
25281
25284
25285
25289
25295
25297
25300
25308
25312
25313
25316
25317
25322
25323
25324
25325
25329
25330
25334
25335
25338
25342
25344
25346
25347
25349
25352
25353
25354
25355
25357
25358
25362
25364
25365
25367
25368
25369
25371
25374
25378
25385
25386
25387
25391
25393
25397
25398
25399
25402
25404
25408
25409
25413
25415
25416
25419
25420
25423
25425
25426
25428
25434
25435
25436
25437
25441
25445
25447
25448
25451
25453
25454
25455
25461
25465
25467
25471
25477
25481
25482
25486
25488
25491
25494
25495
25500
25501
25503
25504
25506
25508
25509
25511
25517
25518
25522
25523
25524
25525
25528
25529
25530
25531
25534
25536
25537
25539
25541
25542
25546
25547
25550
25558
25559
25561
25563
25565
25566
25567
25568
25570
25573
25575
25578
25579
25581
25582
25585
25586
25588
25590
25591
25592
25595
25598
25601
25604
25607
25610
25612
25614
25616
25617
25618
25620
25623
25625
25629
25631
25635
25640
25646
25647
25648
25650
25652
25653
25657
25662
25663
25667
25672
25673
25674
25675
25676
25681
25682
25686
25687
25692
25694
25698
25700
25702
25703
25704
25707
25711
25712
25715
25716
25717
25718
25721
25728
25730
25733
25735
25740
25744
25745
25747
25748
25750
25754
25757
25761
25763
25766
25767
25771
25775
25777
25778
25780
25781
25783
25784
25786
25787
25793
25794
25796
25804
25805
25808
25812
25813
25814
25815
25820
25821
25822
25824
25826
25829
25830
25831
25832
25836
25839
25840
25842
25843
25844
25845
25847
25850
25851
25852
25854
25855
25858
25859
25860
25866
25868
25869
25870
25873
25878
25880
25882
25883
25884
25886
25890
25891
25892
25896
25898
25901
25905
25911
25913
25924
25925
25926
25929
25930
25932
25933
25934
25935
25936
25938
25940
25943
25946
25947
25958
25960
25961
25964
25965
25969
25973
25978
25979
25982
25983
25986
25988
25991
25993
25994
25997
25999
26001
26002
26003
26012
26013
26018
26022
26025
26027
26028
26032
26036
26039
26041
26042
26045
26046
26052
26054
26060
26065
26066
26069
26075
26077
26078
26080
26081
26082
26083
26088
26089
26090
26093
26095
26096
26098
26100
26104
26105
26106
26108
26109
26112
26115
26117
26123
26126
26129
26133
26138
26140
26145
26146
26147
26152
26157
26163
26164
26165
26166
26172
26174
26175
26176
26181
26182
26184
26186
26188
26190
26191
26195
26199
26200
26215
26219
26222
26229
26232
26233
26234
26236
26237
26240
26242
26243
26248
26254
26258
26261
26263
26265
26266
26267
26271
26273
26277
26278
26279
26280
26285
26287
26289
26291
26293
26296
26297
26298
26300
26303
26305
26306
26310
26312
26313
26314
26317
26327
26330
26331
26333
26335
26339
26340
26341
26343
26345
26346
26347
26348
26349
26352
26354
26358
26360
26362
26363
26364
26366
26368
26370
26371
26374
26376
26379
26382
26383
26387
26391
26392
26393
26398
26399
26400
26405
26407
26409
26410
26411
26412
26414
26415
26416
26418
26424
26425
26429
26434
26435
26436
26437
26441
26442
26443
26444
26447
26449
26451
26459
26460
26461
26464
26465
26468
26471
26475
26476
26478
26481
26482
26483
26484
26486
26487
26493
26498
26499
26502
26504
26505
26509
26514
26515
26516
26517
26518
26519
26524
26526
26528
26529
26531
26533
26540
26541
26542
26547
26549
26551
26552
26555
26556
26557
26560
26564
26573
26576
26577
26581
26583
26586
26591
26594
26595
26596
26598
26602
26606
26608
26610
26611
26614
26616
26619
26620
26621
26624
26625
26627
26629
26631
26632
26634
26637
26638
26641
26642
26645
26648
26651
26653
26654
26655
26660
26661
26663
26664
26665
26666
26667
26669
26675
26676
26677
26679
26680
26681
26682
26684
26686
26688
26689
26691
26692
26696
26697
26698
26700
26702
26706
26707
26708
26711
26717
26718
26720
26721
26722
26724
26727
26728
26730
26733
26735
26736
26737
26742
26743
26744
26750
26760
26761
26762
26766
26776
26782
26783
26786
26788
26792
26800
26801
26803
26807
26811
26814
26818
26822
26823
26826
26828
26830
26831
26833
26836
26837
26839
26841
26843
26845
26850
26851
26859
26865
26867
26868
26869
26870
26876
26877
26882
26886
26888
26890
26892
26898
26906
26911
26914
26915
26919
26922
26924
26927
26928
26931
26933
26935
26937
26939
26940
26944
26945
26946
26947
26948
26949
26950
26953
26956
26962
26966
26969
26970
26973
26979
26982
26985
26986
26988
26995
27000
27003
27004
27007
27011
27013
27014
27019
27020
27022
27031
27033
27034
27037
27039
27042
27045
27049
27058
27061
27067
27068
27070
27081
27085
27086
27089
27091
27093
27095
27096
27098
27101
27104
27105
27106
27109
27116
27117
27118
27119
27122
27125
27126
27127
27128
27133
27135
27142
27146
27155
27157
27158
27159
27161
27162
27167
27173
27174
27176
27177
27178
27183
27187
27190
27193
27196
27199
27200
27201
27202
27203
27204
27211
27213
27215
27216
27218
27224
27226
27227
27228
27232
27233
27236
27240
27242
27254
27260
27262
27264
27266
27267
27268
27270
27275
27276
27281
27286
27289
27290
27293
27296
27298
27300
27301
27303
27307
27308
27309
27316
27317
27318
27319
27320
27322
27329
27336
27337
27342
27344
27345
27355
27358
27360
27369
27373
27376
27377
27379
27380
27382
27384
27391
27404
27406
27407
27408
27418
27421
27423
27424
27425
27430
27432
27433
27437
27438
27441
27443
27446
27447
27450
27452
27455
27457
27461
27463
27465
27468
27472
27474
27485
27487
27493
27497
27498
27504
27506
27507
27513
27517
27518
27520
27522
27528
27531
27534
27535
27537
27542
27543
27544
27551
27552
27553
27555
27559
27560
27562
27566
27570
27576
27580
27589
27590
27597
27599
27600
27602
27603
27605
27607
27611
27618
27621
27623
27624
27625
27628
27632
27638
27642
27648
27660
27661
27662
27663
27665
27676
27680
27685
27688
27689
27690
27694
27698
27699
27701
27704
27705
27714
27715
27723
27724
27726
27728
27731
27737
27740
27747
27754
27755
27761
27768
27770
27771
27777
27778
27781
27785
27786
27789
27791
27795
27796
27806
27808
27811
27813
27814
27817
27818
27824
27827
27829
27830
27831
27833
27834
27835
27836
27843
27844
27845
27847
27850
27851
27857
27861
27863
27864
27866
27868
27869
27871
27875
27876
27877
27879
27880
27881
27883
27885
27886
27887
27889
27892
27893
27895
27897
27900
27901
27902
27904
27905
27906
27908
27909
27912
27913
27914
27919
27924
27925
27929
27930
27933
27934
27938
27939
27946
27947
27948
27952
27957
27958
27963
27964
27966
27969
27970
27971
27975
27981
27983
27986
27993
27994
27995
27998
27999
28001
28004
28006
28012
28013
28015
28018
28019
28020
28021
28022
28026
28028
28029
28032
28033
28037
28039
28041
28044
28047
28049
28050
28051
28053
28058
28060
28061
28063
28067
28073
28075
28076
28078
28083
28084
28086
28087
28090
28091
28093
28094
28097
28099
28100
28107
28109
28115
28116
28118
28119
28122
28128
28129
28132
28134
28136
28139
28148
28150
28157
28160
28161
28162
28163
28166
28167
28170
28171
28174
28177
28178
28179
28183
28184
28187
28188
28189
28190
28195
28200
28201
28203
28204
28209
28211
28212
28214
28218
28222
28224
28227
28228
28234
28235
28236
28239
28241
28242
28243
28249
28253
28256
28259
28262
28270
28281
28282
28289
28290
28299
28300
28301
28302
28303
28304
28308
28310
28317
28319
28320
28321
28324
28325
28327
28328
28331
28333
28338
28342
28347
28354
28359
28360
28361
28363
28364
28367
28368
28374
28377
28380
28381
28382
28385
28392
28394
28395
28396
28397
28398
28401
28403
28409
28417
28418
28419
28421
28426
28431
28433
28434
28435
28438
28448
28453
28454
28457
28461
28462
28463
28465
28466
28471
28472
28474
28475
28476
28478
28482
28485
28486
28491
28496
28498
28499
28500
28501
28503
28506
28507
28508
28510
28516
28522
28523
28525
28528
28531
28532
28540
28544
28545
28546
28548
28550
28551
28553
28557
28558
28559
28561
28562
28566
28569
28570
28571
28575
28585
28586
28589
28594
28595
28596
28601
28602
28603
28605
28608
28609
28610
28611
28612
28618
28619
28624
28626
28628
28629
28631
28633
28637
28638
28639
28640
28641
28646
28648
28650
28652
28653
28655
28657
28659
28663
28664
28666
28669
28672
28675
28678
28679
28680
28681
28682
28684
28686
28689
28694
28695
28698
28699
28700
28701
28708
28709
28714
28716
28717
28718
28720
28721
28722
28727
28729
28730
28734
28736
28737
28738
28739
28743
28744
28750
28751
28755
28756
28760
28761
28764
28777
28782
28784
28786
28788
28792
28793
28797
28798
28799
28802
28803
28805
28806
28808
28809
28810
28813
28815
28816
28824
28825
28828
28831
28832
28834
28835
28836
28837
28838
28841
28843
28844
28846
28848
28852
28856
28858
28862
28865
28868
28870
28871
28872
28873
28874
28877
28880
28881
28882
28883
28885
28891
28892
28893
28895
28897
28901
28903
28904
28912
28917
28918
28919
28920
28922
28926
28930
28931
28933
28937
28940
28942
28945
28947
28948
28949
28952
28956
28957
28959
28960
28961
28962
28967
28969
28971
28972
28974
28978
28980
28983
28985
28988
28990
28998
28999
29001
29006
29017
29021
29022
29024
29025
29030
29031
29033
29038
29039
29040
29041
29042
29043
29044
29045
29046
29047
29050
29055
29056
29057
29059
29060
29063
29064
29067
29068
29070
29071
29072
29073
29074
29078
29081
29082
29093
29094
29095
29098
29100
29101
29105
29108
29109
29115
29116
29121
29123
29130
29131
29135
29136
29140
29144
29145
29147
29149
29153
29157
29159
29160
29162
29164
29165
29167
29168
29169
29171
29176
29178
29180
29181
29187
29191
29200
29205
29206
29208
29212
29213
29217
29219
29223
29228
29229
29231
29234
29236
29239
29240
29242
29245
29248
29252
29254
29255
29256
29259
29260
29265
29268
29277
29278
29286
29288
29290
29291
29292
29293
29298
29299
29300
29305
29307
29308
29309
29310
29314
29316
29317
29319
29325
29328
29329
29330
29332
29333
29335
29338
29340
29341
29342
29345
29348
29353
29354
29355
29356
29357
29359
29360
29365
29366
29371
29376
29389
29390
29392
29393
29396
29399
29401
29404
29408
29412
29414
29416
29417
29418
29421
29424
29428
29432
29435
29436
29437
29442
29445
29448
29453
29457
29458
29461
29464
29466
29469
29470
29478
29479
29484
29486
29489
29494
29495
29496
29510
29513
29515
29517
29518
29519
29520
29523
29524
29528
29529
29534
29537
29538
29539
29540
29541
29544
29545
29546
29547
29551
29553
29557
29561
29562
29564
29566
29573
29578
29579
29581
29582
29583
29585
29590
29595
29596
29599
29601
29603
29606
29610
29611
29613
29615
29617
29619
29620
29621
29623
29624
29629
29630
29634
29637
29638
29640
29642
29645
29655
29656
29657
29662
29673
29676
29677
29678
29686
29688
29690
29691
29692
29693
29696
29699
29700
29704
29706
29709
29712
29715
29716
29720
29727
29729
29742
29747
29754
29758
29763
29765
29767
29770
29771
29773
29774
29780
29784
29785
29786
29787
29791
29792
29793
29795
29799
29807
29811
29812
29817
29818
29819
29820
29825
29827
29830
29834
29835
29836
29838
29841
29842
29845
29849
29850
29851
29854
29857
29859
29864
29866
29871
29874
29875
29878
29882
29885
29888
29896
29898
29902
29907
29908
29909
29911
29912
29918
29921
29923
29924
29928
29934
29940
29951
29952
29953
29956
29965
29967
29970
29972
29984
29988
29989
29991
29994
29996
29997
30000
30007
30010
30013
30015
30017
30018
30019
30027
30030
30032
30033
30035
30036
30039
30061
30062
30063
30066
30068
30070
30078
30080
30091
30092
30096
30101
30103
30116
30126
30129
30134
30136
30139
30141
30144
30147
30149
30151
30153
30155
30160
30162
30163
30164
30165
30166
30170
30173
30182
30187
30188
30189
30193
30195
30201
30202
30205
30206
30208
30210
30214
30215
30218
30222
30223
30224
30225
30227
30228
30230
30231
30238
30243
30245
30246
30247
30248
30250
30252
30253
30257
30258
30259
30263
30268
30273
30276
30282
30283
30284
30289
30294
30295
30297
30298
30306
30308
30312
30316
30319
30320
30322
30324
30326
30330
30333
30336
30338
30343
30345
30353
30355
30357
30359
30360
30365
30368
30371
30373
30378
30380
30383
30386
30393
30394
30398
30406
30418
30420
30424
30426
30427
30430
30441
30442
30443
30444
30447
30448
30455
30457
30460
30462
30465
30467
30469
30470
30474
30482
30486
30490
30493
30494
30502
30504
30508
30510
30515
30516
30517
30524
30525
30529
30530
30531
30532
30534
30538
30539
30541
30543
30549
30554
30555
30556
30559
30564
30565
30566
30573
30575
30579
30585
30587
30588
30592
30594
30598
30599
30600
30603
30612
30617
30618
30621
30622
30625
30639
30640
30641
30642
30644
30647
30648
30651
30652
30657
30663
30667
30669
30671
30681
30687
30692
30695
30696
30700
30701
30702
30707
30714
30715
30717
30718
30723
30724
30727
30734
30738
30739
30744
30746
30749
30750
30756
30757
30761
30768
30771
30775
30778
30782
30784
30786
30787
30792
30797
30800
30801
30802
30803
30804
30805
30808
30812
30815
30818
30819
30820
30823
30824
30828
30834
30839
30842
30843
30845
30846
30848
30853
30856
30857
30858
30859
30865
30870
30872
30881
30895
30896
30898
30903
30909
30912
30916
30918
30925
30926
30932
30937
30940
30941
30942
30944
30952
30955
30961
30963
30969
30970
30972
30973
30977
30978
30986
30990
30991
30994
30995
30997
30999
31004
31005
31006
31011
31014
31019
31020
31022
31025
31026
31036
31037
31038
31041
31046
31047
31048
31049
31053
31054
31055
31057
31061
31062
31064
31070
31071
31074
31075
31076
31077
31081
31084
31085
31090
31091
31092
31096
31099
31100
31101
31102
31104
31106
31111
31113
31115
31116
31117
31118
31127
31128
31136
31137
31138
31139
31141
31142
31150
31152
31155
31158
31162
31163
31164
31170
31175
31176
31181
31185
31187
31191
31195
31208
31209
31213
31214
31217
31225
31227
31232
31233
31234
31236
31244
31245
31247
31252
31255
31256
31257
31261
31270
31275
31279
31283
31284
31292
31295
31296
31298
31301
31308
31310
31313
31315
31318
31321
31322
31330
31331
31333
31334
31338
31341
31345
31351
31353
31355
31356
31357
31358
31359
31360
31364
31369
31371
31373
31374
31376
31382
31384
31385
31392
31394
31396
31405
31409
31413
31414
31415
31416
31417
31422
31423
31426
31427
31433
31436
31439
31440
31441
31442
31450
31451
31452
31457
31458
31459
31474
31479
31481
31483
31486
31489
31494
31496
31500
31503
31509
31510
31514
31516
31517
31519
31520
31523
31524
31525
31529
31534
31536
31539
31540
31541
31543
31546
31549
31550
31553
31555
31556
31557
31558
31561
31564
31568
31569
31570
31574
31584
31588
31590
31596
31597
31598
31605
31609
31610
31611
31616
31618
31619
31622
31624
31625
31627
31629
31630
31645
31650
31652
31657
31658
31660
31662
31667
31669
31671
31673
31674
31680
31683
31687
31692
31703
31706
31712
31715
31716
31718
31722
31723
31724
31725
31727
31742
31743
31746
31747
31748
31749
31750
31752
31755
31756
31761
31762
31769
31772
31775
31776
31778
31780
31782
31784
31786
31787
31793
31805
31811
31820
31823
31833
31835
31839
31843
31847
31852
31853
31859
31863
31868
31870
31872
31878
31882
31888
31889
31892
31893
31895
31897
31898
31908
31909
31918
31924
31925
31926
31927
31929
31934
31935
31940
31944
31953
31955
31956
31962
31963
31965
31966
31967
31972
31977
31980
31981
31994
31997
32013
32014
32018
32020
32023
32026
32038
32039
32040
32045
32048
32051
32053
32057
32058
32066
32068
32072
32073
32076
32077
32078
32087
32096
32102
32103
32110
32112
32115
32119
32124
32137
32149
32150
32156
32162
32163
32172
32174
32179
32180
32181
32191
32201
32205
32206
32207
32208
32216
32229
32238
32241
32243
32250
32252
32264
32268
32271
32272
32275
32276
32277
32278
32287
32290
32292
32293
32299
32310
32316
32320
32323
32325
32326
32330
32331
32332
32334
32335
32336
32341
32343
32344
32345
32347
32348
32354
32361
32363
32370
32378
32382
32383
32389
32392
32395
32397
32398
32402
32407
32412
32426
32427
32428
32432
32436
32441
32443
32446
32449
32455
32458
32459
32462
32466
32467
32469
32470
32472
32474
32476
32477
32479
32481
32482
32483
32486
32489
32490
32498
32499
32500
32504
32507
32509
32510
32512
32514
32519
32522
32523
32531
32534
32535
32538
32540
32541
32543
32546
32551
32552
32556
32557
32558
32560
32561
32563
32567
32571
32573
32576
32578
32579
32581
32590
32591
32592
32593
32595
32599
32601
32602
32604
32606
32607
32609
32610
32611
32612
32618
32619
32620
32621
32622
32627
32629
32631
32633
32636
32641
32647
32649
32650
32661
32663
32666
32667
32678
32680
32683
32686
32689
32697
32701
32702
32708
32709
32712
32721
32722
32724
32726
32728
32731
32734
32735
32737
32739
32741
32742
32747
32748
32750
32751
32759
32760
32765
32766
32768
32771
32772
32775
32782
32786
32787
32789
32790
32792
32793
32794
32796
32797
32798
32800
32804
32808
32812
32813
32816
32820
32821
32822
32823
32830
32832
32833
32839
32845
32848
32854
32856
32857
32862
32863
32866
32868
32872
32876
32879
32883
32886
32888
32895
32896
32906
32907
32908
32909
32911
32920
32930
32938
32942
32947
32953
32964
32965
32966
32967
32971
32973
32976
32977
32981
32983
32984
32996
33000
33002
33003
33012
33013
33014
33017
33022
33027
33029
33032
33034
33037
33046
33050
33051
33052
33053
33054
33055
33059
33060
33070
33071
33073
33075
33077
33080
33085
33089
33093
33099
33100
33102
33108
33109
33113
33114
33117
33118
33123
33125
33126
33127
33129
33131
33136
33144
33145
33146
33170
33174
33176
33183
33185
33190
33194
33195
33207
33209
33210
33213
33215
33221
33224
33226
33231
33238
33240
33253
33257
33258
33262
33263
33266
33270
33272
33279
33280
33283
33284
33287
33291
33295
33299
33300
33302
33305
33306
33310
33313
33314
33321
33324
33326
33328
33331
33334
33347
33354
33355
33357
33366
33371
33375
33377
33378
33381
33387
33388
33390
33391
33397
33403
33409
33412
33415
33416
33418
33419
33424
33425
33426
33428
33430
33434
33436
33447
33451
33452
33456
33458
33460
33461
33466
33467
33469
33472
33476
33477
33480
33483
33487
33489
33494
33502
33509
33510
33515
33519
33520
33528
33544
33548
33551
33556
33558
33564
33565
33570
33572
33583
33588
33590
33592
33594
33599
33600
33604
33614
33625
33626
33628
33637
33638
33639
33641
33645
33653
33657
33658
33663
33667
33674
33675
33679
33685
33693
33698
33702
33705
33709
33727
33728
33729
33731
33732
33734
33739
33743
33747
33750
33753
33757
33765
33766
33775
33777
33780
33781
33782
33785
33805
33807
33810
33812
33824
33826
33829
33834
33835
33837
33840
33853
33873
33877
33887
33890
33892
33899
33906
33907
33910
33913
33915
33923
33928
33937
33940
33942
33945
33950
33952
33958
33961
33964
33966
33968
33972
33974
33975
33978
33980
33984
33987
34001
34007
34008
34015
34018
34021
34026
34027
34028
34029
34033
34034
34035
34036
34043
34048
34054
34056
34057
34068
34072
34076
34077
34082
34083
34089
34094
34096
34098
34102
34106
34115
34122
34125
34130
34136
34137
34145
34149
34160
34162
34164
34165
34171
34172
34179
34180
34183
34190
34199
34200
34201
34204
34210
34212
34213
34217
34218
34234
34239
34241
34243
34247
34259
34268
34275
34284
34300
34310
34314
34315
34317
34319
34320
34325
34328
34332
34344
34345
34351
34352
34353
34361
34363
34365
34367
34368
34370
34373
34376
34380
34382
34385
34403
34408
34410
34412
34414
34415
34418
34437
34438
34441
34451
34453
34459
34462
34464
34466
34468
34469
34471
34479
34480
34481
34488
34493
34499
34502
34510
34511
34513
34515
34517
34518
34524
34531
34543
34547
34559
34562
34566
34575
34581
34583
34586
34589
34590
34594
34597
34602
34604
34605
34608
34609
34611
34615
34623
34624
34629
34631
34634
34638
34643
34644
34649
34652
34656
34658
34662
34664
34665
34670
34673
34676
34677
34681
34682
34685
34686
34689
34697
34698
34702
34703
34704
34706
34712
34726
34729
34731
34734
34740
34741
34747
34751
34757
34762
34766
34777
34779
34780
34782
34784
34786
34788
34789
34794
34795
34804
34805
34807
34808
34814
34817
34829
34831
34841
34858
34870
34873
34874
34879
34884
34885
34887
34890
34891
34896
34897
34901
34908
34911
34912
34927
34935
34938
34947
34948
34950
34951
34953
34954
34956
34967
34969
34973
34974
34982
34983
34987
34992
34996
34997
34998
35010
35013
35015
35016
35018
35019
35020
35027
35030
35032
35034
35039
35040
35047
35058
35059
35060
35061
35067
35069
35075
35078
35080
35081
35084
35087
35089
35094
35097
35110
35117
35119
35121
35124
35133
35138
35141
35142
35150
35153
35170
35171
35181
35187
35192
35195
35204
35205
35206
35208
35211
35212
35227
35229
35241
35244
35246
35256
35258
35260
35276
35278
35280
35288
35292
35294
35312
35313
35314
35315
35316
35317
35318
35326
35329
35331
35332
35335
35336
35338
35340
35342
35345
35347
35348
35349
35350
35351
35352
35354
35360
35361
35368
35373
35377
35387
35388
35393
35394
35408
35411
35419
35422
35425
35429
35430
35432
35433
35434
35437
35442
35443
35445
35449
35453
35455
35460
35465
35468
35469
35472
35473
35475
35476
35477
35478
35491
35492
35495
35499
35500
35502
35503
35504
35505
35506
35509
35510
35516
35519
35526
35527
35529
35531
35532
35535
35536
35538
35543
35548
35550
35552
35553
35555
35556
35560
35562
35567
35568
35570
35580
35582
35584
35585
35593
35596
35610
35618
35619
35624
35630
35631
35634
35641
35642
35643
35644
35655
35656
35660
35664
35668
35670
35677
35680
35681
35690
35692
35695
35697
35700
35701
35702
35703
35713
35715
35716
35720
35721
35722
35724
35730
35732
35735
35740
35748
35751
35753
35756
35760
35766
35768
35770
35778
35784
35786
35791
35795
35796
35799
35804
35808
35810
35816
35819
35820
35822
35830
35834
35838
35841
35845
35846
35848
35849
35851
35855
35857
35870
35873
35878
35881
35882
35886
35887
35893
35895
35899
35900
35902
35905
35906
35909
35910
35916
35918
35920
35924
35926
35930
35932
35933
35934
35936
35942
35948
35950
35952
35958
35963
35964
35966
35967
35968
35969
35982
35984
35986
35987
35998
36001
36004
36008
36009
36012
36019
36023
36024
36026
36027
36030
36035
36039
36041
36044
36051
36054
36057
36060
36061
36068
36074
36076
36079
36080
36082
36091
36093
36108
36109
36115
36118
36119
36123
36128
36131
36132
36133
36134
36135
36142
36145
36146
36147
36164
36167
36168
36170
36174
36175
36176
36180
36181
36184
36186
36187
36188
36190
36199
36200
36202
36203
36206
36210
36212
36215
36220
36226
36227
36228
36231
36234
36236
36238
36239
36240
36244
36247
36254
36255
36256
36259
36261
36265
36266
36267
36270
36271
36272
36273
36274
36280
36284
36285
36295
36298
36302
36306
36307
36309
36322
36326
36329
36331
36334
36336
36343
36353
36361
36363
36367
36370
36386
36394
36397
36399
36402
36405
36406
36407
36409
36414
36415
36420
36426
36435
36436
36438
36444
36455
36458
36464
36469
36472
36474
36477
36480
36495
36500
36507
36509
36511
36512
36514
36516
36517
36532
36536
36541
36549
36555
36558
36559
36560
36563
36570
36572
36577
36583
36587
36595
36601
36606
36607
36615
36618
36626
36630
36635
36640
36650
36651
36654
36670
36672
36675
36679
36680
36681
36683
36684
36693
36695
36703
36705
36706
36707
36722
36727
36731
36732
36736
36737
36742
36743
36746
36752
36756
36758
36761
36762
36767
36768
36772
36777
36786
36790
36793
36794
36795
36796
36798
36807
36812
36814
36817
36825
36826
36831
36833
36838
36840
36842
36849
36851
36855
36856
36861
36862
36865
36866
36870
36873
36874
36878
36884
36889
36891
36892
36895
36902
36904
36908
36912
36925
36930
36940
36941
36946
36947
36948
36950
36953
36954
36956
36957
36960
36962
36966
36967
36968
36974
36984
36985
36994
36996
36997
36998
36999
37011
37016
37017
37024
37032
37039
37043
37049
37053
37080
37084
37086
37087
37091
37092
37096
37101
37104
37108
37116
37120
37126
37127
37131
37145
37150
37151
37154
37157
37159
37162
37170
37173
37174
37177
37183
37184
37191
37197
37199
37212
37214
37222
37224
37225
37227
37228
37229
37232
37233
37239
37247
37250
37258
37259
37260
37261
37262
37264
37265
37269
37274
37277
37278
37281
37284
37285
37286
37296
37299
37302
37306
37308
37309
37312
37316
37322
37324
37326
37327
37329
37336
37338
37340
37342
37347
37349
37354
37357
37369
37373
37374
37375
37383
37386
37388
37389
37390
37391
37393
37398
37408
37410
37411
37417
37425
37427
37431
37433
37434
37438
37445
37448
37449
37450
37452
37453
37456
37457
37459
37465
37466
37471
37477
37478
37479
37483
37486
37487
37493
37494
37496
37498
37509
37511
37513
37514
37517
37520
37521
37523
37528
37529
37530
37534
37545
37549
37553
37555
37562
37563
37565
37568
37569
37581
37586
37588
37593
37596
37598
37602
37603
37605
37608
37625
37633
37641
37648
37649
37650
37655
37658
37660
37661
37663
37671
37672
37676
37677
37686
37687
37688
37697
37698
37699
37700
37703
37706
37714
37715
37719
37720
37723
37731
37734
37740
37743
37744
37746
37747
37755
37765
37766
37781
37782
37784
37786
37789
37790
37791
37800
37803
37810
37814
37819
37820
37822
37825
37827
37834
37837
37839
37840
37847
37850
37856
37857
37865
37874
37876
37881
37884
37887
37894
37895
37902
37907
37913
37919
37920
37930
37938
37946
37959
37973
37980
37983
37992
37997
38002
38007
38009
38016
38018
38022
38028
38035
38044
38050
38054
38060
38077
38078
38081
38082
38090
38092
38094
38100
38107
38110
38117
38125
38129
38130
38132
38136
38137
38140
38145
38148
38149
38151
38154
38155
38157
38180
38181
38184
38185
38186
38193
38208
38211
38216
38220
38222
38228
38236
38239
38240
38241
38243
38250
38253
38260
38262
38263
38296
38297
38299
38302
38308
38309
38316
38329
38331
38332
38333
38336
38339
38343
38345
38355
38359
38365
38366
38367
38373
38376
38377
38378
38379
38383
38387
38399
38401
38406
38407
38410
38426
38428
38429
38433
38434
38435
38436
38438
38441
38444
38450
38451
38464
38467
38477
38484
38485
38486
38488
38491
38494
38506
38507
38510
38514
38516
38522
38526
38527
38538
38542
38545
38548
38550
38556
38560
38561
38566
38567
38571
38580
38582
38583
38588
38593
38596
38603
38608
38611
38617
38619
38626
38628
38629
38633
38636
38640
38649
38653
38655
38658
38664
38665
38678
38681
38682
38683
38697
38698
38699
38700
38701
38703
38704
38731
38734
38740
38755
38758
38759
38761
38766
38773
38785
38786
38794
38795
38801
38803
38822
38832
38836
38837
38839
38840
38856
38859
38871
38890
38892
38896
38898
38900
38901
38902
38909
38918
38922
38924
38926
38928
38931
38935
38936
38937
38939
38941
38954
38958
38960
38964
38970
38972
38977
38988
38992
38993
38995
38998
39000
39005
39008
39010
39014
39018
39019
39020
39025
39033
39040
39044
39049
39053
39055
39061
39071
39072
39075
39081
39088
39089
39111
39140
39143
39148
39152
39169
39178
39182
39186
39192
39199
39201
39205
39206
39208
39214
39216
39221
39224
39227
39229
39232
39249
39256
39275
39276
39279
39281
39286
39288
39297
39306
39317
39320
39338
39345
39347
39387
39392
39393
39405
39408
39410
39422
39435
39438
39439
39440
39442
39448
39451
39459
39476
39485
39490
39493
39499
39504
39505
39527
39535
39537
39540
39545
39550
39554
39557
39558
39560
39575
39583
39584
39587
39588
39589
39594
39598
39600
39601
39603
39604
39614
39615
39618
39619
39627
39629
39637
39645
39649
39658
39660
39667
39670
39677
39685
39686
39695
39709
39711
39722
39729
39730
39736
39742
39765
39781
39786
39787
39789
39800
39801
39806
39808
39812
39815
39821
39841
39860
39872
39878
39882
39885
39888
39891
39898
39907
39913
39914
39916
39921
39927
39937
39938
39944
39946
39952
39960
39965
39966
39970
39972
39977
39983
39985
39993
40002
40003
40012
40013
40021
40038
40042
40045
40054
40065
40074
40081
40082
40089
40095
40096
40107
40110
40111
40118
40120
40127
40131
40142
40143
40148
40150
40151
40153
40160
40167
40174
40176
40181
40187
40188
40191
40195
40197
40198
40201
40202
40221
40223
40224
40227
40228
40230
40242
40247
40248
40249
40250
40254
40267
40276
40278
40298
40303
40306
40318
40339
40340
40344
40346
40362
40363
40364
40368
40382
40393
40396
40399
40402
40403
40404
40405
40416
40421
40430
40439
40440
40442
40452
40456
40461
40463
40471
40472
40473
40474
40477
40486
40488
40491
40493
40501
40504
40508
40511
40516
40517
40523
40530
40531
40533
40541
40542
40549
40551
40553
40554
40562
40564
40569
40573
40575
40578
40579
40581
40589
40591
40592
40599
40604
40609
40611
40620
40623
40626
40627
40629
40630
40631
40635
40636
40638
40641
40644
40663
40664
40669
40673
40675
40682
40683
40686
40689
40699
40701
40704
40705
40707
40712
40718
40724
40727
40737
40741
40743
40756
40760
40764
40765
40766
40775
40778
40779
40784
40785
40788
40789
40794
40796
40799
40800
40801
40802
40805
40808
40815
40818
40822
40833
40834
40841
40849
40853
40864
40870
40873
40877
40878
40890
40896
40906
40911
40912
40920
40921
40929
40938
40946
40947
40948
40954
40955
40957
40966
40970
40972
40974
40978
41002
41017
41028
41029
41033
41042
41046
41051
41056
41058
41059
41060
41070
41072
41075
41077
41078
41082
41084
41085
41104
41112
41116
41119
41125
41126
41128
41129
41133
41137
41138
41141
41144
41151
41152
41155
41157
41166
41171
41173
41174
41178
41180
41184
41189
41195
41196
41198
41199
41203
41215
41224
41232
41236
41240
41245
41249
41257
41262
41263
41270
41273
41282
41293
41295
41303
41306
41308
41309
41312
41317
41319
41320
41326
41330
41338
41343
41344
41348
41356
41362
41373
41376
41381
41382
41391
41399
41402
41412
41413
41417
41419
41424
41425
41432
41435
41442
41446
41447
41451
41455
41461
41475
41476
41484
41487
41490
41496
41501
41509
41512
41513
41515
41517
41525
41537
41545
41546
41562
41563
41564
41565
41570
41572
41573
41589
41591
41593
41595
41607
41610
41614
41618
41622
41624
41626
41635
41650
41654
41666
41676
41699
41700
41702
41706
41709
41711
41713
41722
41725
41731
41735
41736
41745
41746
41748
41750
41753
41761
41763
41766
41768
41772
41773
41775
41782
41784
41785
41787
41797
41802
41812
41823
41831
41844
41847
41849
41850
41853
41858
41866
41867
41869
41874
41877
41879
41883
41886
41894
41897
41903
41911
41917
41920
41921
41929
41948
41955
41958
41961
41981
41989
41995
42000
42002
42003
42005
42006
42007
42008
42016
42018
42022
42023
42024
42031
42032
42033
42036
42039
42040
42043
42047
42054
42070
42084
42088
42093
42098
42101
42104
42105
42106
42108
42119
42123
42124
42132
42142
42143
42153
42156
42164
42169
42170
42175
42179
42181
42192
42200
42210
42217
42222
42223
42229
42232
42236
42239
42240
42241
42243
42253
42257
42261
42262
42266
42270
42276
42278
42285
42287
42288
42291
42295
42299
42300
42302
42305
42309
42310
42316
42324
42327
42329
42330
42331
42334
42338
42343
42345
42354
42359
42361
42363
42365
42368
42369
42373
42378
42387
42398
42416
42418
42424
42429
42432
42433
42436
42439
42440
42452
42453
42454
42459
42462
42463
42464
42468
42472
42476
42477
42483
42484
42486
42490
42496
42500
42501
42505
42508
42513
42537
42540
42542
42551
42552
42555
42556
42561
42564
42575
42579
42592
42596
42603
42606
42610
42613
42614
42625
42627
42628
42631
42632
42638
42644
42655
42657
42661
42662
42663
42668
42669
42670
42671
42672
42683
42688
42694
42698
42702
42703
42705
42715
42718
42720
42742
42746
42748
42754
42760
42765
42770
42777
42782
42791
42797
42803
42811
42813
42814
42820
42822
42823
42824
42825
42826
42828
42832
42839
42841
42845
42846
42853
42859
42860
42865
42869
42870
42872
42885
42889
42908
42909
42910
42913
42917
42919
42922
42926
42931
42932
42933
42936
42946
42952
42965
42966
42978
42981
42993
42994
42999
43010
43013
43019
43023
43025
43030
43035
43036
43043
43044
43052
43054
43058
43063
43074
43084
43086
43095
43099
43102
43104
43110
43114
43119
43121
43125
43126
43135
43136
43148
43152
43170
43173
43174
43191
43196
43206
43207
43209
43225
43226
43240
43266
43283
43297
43306
43307
43311
43312
43314
43317
43332
43335
43336
43337
43342
43348
43360
43364
43369
43373
43389
43391
43394
43396
43419
43421
43425
43433
43434
43437
43443
43444
43449
43454
43456
43458
43463
43470
43472
43479
43481
43484
43497
43500
43511
43521
43523
43524
43530
43532
43533
43539
43541
43543
43547
43551
43552
43558
43562
43564
43567
43568
43570
43571
43573
43574
43576
43578
43585
43588
43593
43600
43607
43610
43615
43616
43631
43636
43639
43647
43648
43649
43660
43665
43672
43673
43674
43676
43677
43689
43690
43691
43693
43712
43716
43732
43739
43744
43745
43746
43757
43773
43779
43784
43785
43793
43794
43801
43802
43804
43809
43816
43819
43822
43828
43831
43834
43836
43837
43838
43841
43847
43849
43850
43855
43860
43861
43862
43863
43865
43866
43873
43875
43879
43880
43884
43885
43891
43892
43894
43897
43900
43906
43907
43908
43912
43916
43921
43931
43937
43938
43939
43946
43947
43949
43950
43951
43952
43953
43956
43959
43962
43964
43966
43972
43974
43987
43993
43994
43996
43999
44001
44007
44009
44010
44011
44013
44024
44026
44028
44048
44057
44061
44062
44069
44073
44079
44084
44089
44091
44096
44113
44115
44126
44135
44136
44137
44142
44144
44145
44147
44148
44151
44156
44161
44165
44166
44171
44179
44180
44182
44184
44186
44187
44200
44201
44203
44209
44216
44219
44220
44222
44229
44231
44232
44233
44234
44236
44239
44247
44254
44264
44266
44279
44283
44285
44286
44289
44296
44297
44304
44307
44317
44321
44325
44335
44345
44347
44350
44359
44368
44370
44372
44376
44381
44386
44391
44392
44397
44404
44410
44413
44420
44431
44438
44457
44460
44462
44464
44468
44486
44487
44492
44494
44497
44501
44505
44506
44508
44513
44514
44515
44516
44522
44527
44530
44532
44537
44539
44541
44542
44543
44549
44553
44559
44565
44572
44578
44585
44597
44613
44618
44634
44637
44642
44644
44647
44648
44651
44671
44674
44676
44683
44684
44689
44695
44698
44699
44702
44712
44713
44714
44719
44722
44724
44742
44744
44749
44750
44753
44761
44762
44768
44769
44774
44778
44779
44788
44791
44802
44804
44808
44826
44831
44833
44839
44841
44843
44845
44846
44848
44849
44851
44854
44856
44858
44867
44868
44877
44885
44886
44898
44903
44904
44907
44908
44916
44919
44921
44922
44923
44936
44937
44948
44959
44963
44979
44982
44985
44986
44987
44988
44993
44995
44997
45006
45012
45028
45032
45035
45044
45046
45048
45052
45059
45061
45063
45064
45070
45073
45075
45080
45081
45086
45088
45089
45103
45106
45111
45120
45142
45148
45153
45160
45177
45179
45180
45182
45183
45184
45195
45200
45203
45204
45211
45214
45215
45229
45232
45240
45245
45247
45253
45257
45272
45273
45278
45281
45283
45286
45289
45295
45298
45307
45310
45312
45318
45320
45322
45326
45329
45337
45339
45343
45347
45349
45351
45354
45356
45359
45360
45364
45366
45368
45369
45370
45372
45375
45379
45385
45388
45392
45396
45397
45399
45404
45411
45414
45419
45429
45430
45432
45438
45439
45441
45444
45447
45448
45453
45455
45462
45464
45465
45468
45480
45483
45485
45489
45494
45496
45498
45506
45513
45514
45517
45518
45519
45525
45526
45531
45535
45539
45540
45543
45552
45553
45554
45563
45566
45567
45569
45575
45594
45595
45612
45614
45615
45622
45624
45634
45637
45658
45665
45667
45680
45683
45699
45700
45701
45702
45704
45706
45707
45717
45728
45745
45746
45754
45757
45759
45763
45764
45767
45770
45775
45780
45789
45795
45796
45797
45800
45803
45806
45808
45810
45811
45820
45824
45825
45826
45832
45833
45835
45836
45845
45850
45851
45862
45863
45871
45872
45876
45883
45888
45889
45891
45895
45900
45903
45908
45911
45912
45913
45914
45918
45919
45924
45927
45930
45932
45933
45946
45947
45951
45953
45954
45957
45961
45970
45975
45977
45983
45992
45997
46001
46010
46012
46017
46018
46019
46032
46035
46038
46040
46047
46055
46056
46069
46074
46080
46083
46089
46094
46101
46111
46112
46118
46120
46124
46126
46127
46131
46147
46148
46157
46163
46164
46167
46177
46185
46188
46189
46194
46198
46202
46204
46205
46207
46227
46228
46238
46246
46247
46256
46257
46259
46260
46266
46268
46270
46274
46275
46276
46277
46279
46284
46287
46292
46293
46295
46297
46300
46301
46306
46307
46308
46309
46314
46315
46317
46318
46320
46327
46329
46331
46333
46335
46340
46348
46350
46351
46352
46363
46370
46378
46395
46401
46404
46406
46407
46408
46409
46416
46429
46433
46438
46448
46455
46463
46470
46472
46473
46476
46477
46486
46492
46493
46495
46497
46500
46506
46513
46521
46523
46527
46531
46534
46537
46542
46544
46546
46548
46552
46553
46557
46562
46568
46576
46581
46586
46588
46592
46598
46599
46607
46609
46614
46616
46627
46629
46632
46635
46636
46637
46649
46652
46657
46662
46663
46666
46668
46669
46670
46673
46674
46677
46680
46688
46694
46697
46700
46704
46719
46723
46728
46729
46737
46741
46747
46749
46754
46755
46761
46771
46775
46777
46778
46779
46781
46786
46788
46791
46792
46795
46796
46799
46808
46809
46815
46818
46819
46823
46824
46826
46834
46835
46844
46846
46850
46856
46857
46866
46867
46875
46876
46893
46900
46913
46914
46941
46944
46954
46955
46959
46962
46983
46987
46993
46994
47000
47008
47009
47010
47013
47024
47030
47031
47032
47035
47043
47046
47047
47049
47054
47056
47058
47059
47080
47083
47085
47086
47088
47092
47097
47098
47099
47101
47103
47113
47115
47117
47124
47131
47138
47147
47148
47152
47153
47154
47163
47176
47180
47182
47192
47193
47201
47202
47204
47207
47219
47223
47224
47233
47235
47237
47241
47246
47252
47255
47256
47257
47274
47279
47280
47281
47283
47290
47291
47294
47296
47299
47305
47308
47310
47316
47317
47318
47323
47325
47326
47328
47338
47340
47345
47346
47348
47358
47363
47369
47382
47383
47386
47393
47394
47395
47396
47397
47403
47406
47408
47410
47411
47419
47423
47424
47436
47444
47450
47452
47457
47460
47463
47465
47468
47481
47482
47491
47493
47496
47500
47506
47512
47518
47521
47523
47535
47537
47539
47544
47547
47548
47551
47554
47555
47558
47565
47566
47567
47585
47592
47595
47596
47600
47605
47607
47609
47613
47625
47628
47630
47632
47640
47643
47644
47647
47648
47649
47650
47667
47669
47676
47681
47685
47692
47693
47694
47697
47704
47706
47710
47718
47722
47733
47735
47739
47740
47743
47745
47746
47747
47752
47754
47761
47762
47769
47772
47778
47779
47781
47784
47786
47788
47789
47797
47801
47804
47808
47815
47818
47823
47824
47825
47827
47829
47832
47837
47838
47841
47853
47861
47868
47871
47882
47886
47900
47901
47902
47904
47909
47912
47913
47922
47926
47927
47940
47944
47951
47953
47954
47956
47961
47968
47969
47971
47972
47975
47978
47981
47982
47984
47988
47995
47996
48017
48019
48023
48024
48028
48034
48036
48037
48038
48040
48049
48053
48058
48064
48076
48078
48080
48081
48084
48085
48091
48094
48101
48107
48115
48116
48122
48123
48124
48133
48139
48146
48153
48158
48161
48163
48177
48179
48184
48185
48201
48207
48209
48211
48212
48214
48219
48221
48224
48225
48234
48239
48241
48242
48243
48258
48270
48275
48276
48277
48279
48281
48285
48302
48308
48309
48313
48314
48316
48319
48322
48328
48330
48333
48344
48345
48355
48359
48363
48368
48376
48383
48385
48393
48396
48406
48410
48413
48414
48417
48420
48421
48432
48434
48439
48442
48449
48456
48457
48460
48461
48464
48468
48476
48478
48489
48491
48494
48504
48505
48506
48513
48516
48522
48525
48529
48535
48537
48551
48552
48556
48560
48575
48578
48584
48590
48597
48604
48606
48616
48617
48623
48624
48626
48637
48646
48654
48655
48658
48660
48673
48676
48677
48682
48686
48688
48692
48701
48704
48706
48714
48720
48725
48726
48739
48741
48748
48752
48754
48757
48759
48761
48762
48780
48781
48782
48784
48787
48789
48790
48793
48794
48797
48808
48811
48820
48823
48825
48828
48837
48851
48858
48862
48863
48864
48865
48867
48870
48871
48879
48883
48884
48899
48903
48905
48908
48911
48921
48922
48925
48933
48934
48938
48939
48940
48946
48950
48952
48954
48961
48964
48969
48981
48982
48986
49005
49008
49013
49019
49029
49030
49040
49041
49044
49053
49057
49062
49063
49071
49073
49082
49086
49092
49094
49098
49101
49109
49112
49117
49120
49126
49127
49133
49135
49137
49144
49145
49149
49151
49160
49161
49162
49163
49164
49165
49168
49171
49181
49189
49196
49201
49204
49212
49213
49217
49227
49230
49232
49239
49244
49247
49249
49260
49263
49264
49266
49271
49272
49281
49283
49288
49289
49302
49321
49322
49324
49333
49346
49347
49353
49367
49368
49372
49378
49387
49392
49396
49401
49405
49409
49419
49431
49444
49449
49450
49452
49454
49462
49467
49474
49476
49477
49479
49481
49487
49491
49496
49499
49506
49508
49513
49515
49519
49522
49523
49528
49539
49549
49554
49556
49563
49565
49568
49569
49579
49580
49583
49586
49596
49599
49602
49603
49610
49617
49619
49630
49631
49634
49635
49640
49641
49649
49661
49666
49673
49676
49677
49678
49683
49690
49694
49697
49701
49712
49717
49722
49725
49736
49738
49744
49745
49752
49755
49756
49757
49761
49762
49767
49772
49775
49779
49780
49784
49785
49786
49795
49798
49801
49805
49812
49813
49820
49832
49833
49836
49840
49841
49843
49853
49854
49865
49871
49872
49873
49898
49900
49906
49909
49910
49911
49912
49913
49919
49924
49925
49929
49936
49942
49947
49949
49950
49951
49955
49967
49969
49970
49977
49978
49981
49985
49988
50006
50015
50018
50021
50023
50026
50027
50031
50035
50048
50056
50061
50064
50066
50067
50068
50070
50072
50076
50083
50093
50096
50100
50101
50108
50109
50112
50116
50117
50119
50122
50123
50132
50134
50142
50147
50148
50151
50153
50158
50171
50178
50179
50183
50188
50189
50193
50197
50199
50201
50206
50208
50212
50214
50232
50234
50236
50241
50248
50257
50262
50263
50269
50272
50277
50281
50283
50289
50290
50293
50295
50296
50300
50301
50303
50305
50307
50311
50312
50313
50314
50325
50326
50332
50345
50349
50353
50363
50365
50367
50368
50370
50373
50379
50381
50388
50390
50393
50395
50396
50402
50404
50410
50416
50420
50421
50423
50427
50440
50444
50449
50450
50455
50456
50460
50464
50466
50478
50482
50483
50485
50501
50502
50503
50509
50515
50521
50523
50524
50525
50527
50544
50546
50547
50550
50553
50554
50555
50561
50562
50566
50573
50577
50585
50589
50590
50592
50601
50610
50616
50627
50628
50632
50637
50640
50643
50644
50655
50667
50668
50669
50674
50679
50692
50704
50705
50707
50711
50713
50715
50722
50725
50729
50733
50736
50737
50746
50749
50753
50755
50756
50762
50763
50768
50769
50770
50775
50778
50779
50783
50787
50788
50794
50797
50798
50799
50805
50807
50812
50813
50815
50817
50821
50823
50824
50843
50848
50849
50850
50852
50856
50858
50859
50862
50863
50866
50875
50883
50888
50897
50898
50903
50918
50927
50935
50946
50951
50952
50958
50963
50965
50984
50990
50992
50993
50994
50996
50998
51004
51006
51017
51019
51023
51025
51026
51031
51032
51033
51046
51053
51054
51060
51061
51070
51074
51076
51081
51088
51090
51093
51094
51096
51097
51100
51103
51105
51111
51112
51114
51115
51121
51123
51125
51128
51129
51133
51135
51136
51141
51145
51146
51166
51178
51179
51180
51186
51187
51191
51194
51197
51199
51202
51204
51206
51215
51218
51221
51224
51225
51229
51230
51232
51239
51241
51248
51252
51253
51254
51256
51263
51264
51272
51273
51279
51281
51290
51291
51292
51297
51302
51306
51308
51312
51313
51317
51318
51319
51324
51328
51331
51334
51337
51338
51340
51343
51349
51361
51366
51367
51369
51373
51382
51385
51389
51395
51399
51401
51402
51404
51406
51407
51413
51417
51424
51428
51429
51431
51432
51435
51441
51442
51443
51445
51453
51458
51460
51461
51465
51467
51468
51472
51484
51486
51487
51489
51496
51500
51503
51508
51517
51518
51527
51529
51531
51535
51536
51538
51541
51550
51558
51562
51563
51565
51569
51570
51572
51573
51578
51582
51583
51592
51600
51606
51608
51612
51613
51617
51631
51636
51641
51643
51645
51648
51650
51651
51653
51660
51665
51669
51672
51673
51687
51689
51694
51695
51702
51703
51706
51721
51729
51734
51740
51745
51749
51751
51763
51764
51767
51771
51773
51774
51782
51783
51784
51792
51793
51794
51796
51808
51810
51812
51816
51829
51831
51842
51843
51848
51849
51857
51864
51868
51871
51879
51886
51891
51892
51894
51897
51899
51900
51909
51910
51926
51928
51931
51933
51939
51942
51946
51949
51957
51959
51962
51973
51975
51985
51986
51990
51992
51993
51994
52005
52009
52013
52016
52021
52026
52027
52029
52030
52037
52040
52042
52043
52045
52047
52049
52051
52052
52053
52054
52055
52056
52060
52061
52066
52074
52075
52087
52101
52105
52122
52129
52132
52136
52138
52146
52150
52151
52155
52161
52163
52171
52173
52178
52183
52185
52189
52191
52195
52199
52202
52205
52211
52217
52221
52224
52235
52239
52240
52244
52246
52251
52254
52256
52262
52264
52265
52268
52269
52274
52285
52286
52296
52304
52307
52308
52318
52322
52324
52327
52329
52333
52340
52342
52353
52368
52371
52378
52382
52386
52388
52392
52394
52398
52402
52406
52407
52410
52412
52413
52415
52416
52417
52418
52420
52422
52424
52434
52435
52436
52442
52446
52458
52467
52470
52471
52478
52484
52486
52487
52492
52494
52496
52501
52507
52515
52521
52535
52536
52544
52557
52562
52565
52571
52572
52575
52577
52578
52580
52585
52590
52594
52599
52601
52603
52606
52615
52617
52618
52632
52636
52638
52639
52642
52647
52648
52655
52658
52661
52665
52668
52670
52672
52674
52677
52680
52687
52688
52692
52695
52697
52698
52699
52707
52708
52714
52717
52722
52725
52727
52732
52734
52739
52743
52744
52747
52764
52773
52774
52778
52788
52791
52798
52799
52801
52802
52803
52804
52805
52807
52808
52813
52817
52819
52824
52825
52829
52833
52835
52848
52861
52862
52867
52868
52869
52875
52877
52882
52885
52889
52920
52928
52933
52943
52944
52946
52952
52953
52956
52959
52963
52968
52976
52980
52981
52991
52993
52995
52999
53005
53009
53010
53011
53012
53013
53019
53028
53031
53034
53036
53037
53039
53044
53047
53053
53054
53058
53059
53060
53065
53069
53083
53085
53103
53107
53108
53111
53117
53133
53134
53145
53157
53159
53160
53166
53167
53172
53173
53174
53191
53192
53193
53201
53203
53206
53209
53213
53214
53215
53222
53227
53228
53233
53235
53237
53238
53241
53242
53258
53259
53261
53264
53274
53275
53276
53280
53281
53283
53285
53286
53290
53296
53298
53304
53308
53309
53310
53314
53315
53322
53328
53329
53333
53334
53337
53343
53345
53346
53350
53351
53352
53364
53371
53372
53375
53390
53393
53406
53415
53424
53426
53432
53439
53443
53447
53448
53449
53453
53454
53455
53458
53460
53461
53464
53466
53473
53481
53486
53493
53496
53498
53499
53501
53505
53507
53508
53509
53513
53517
53520
53522
53523
53531
53532
53536
53538
53540
53543
53547
53552
53553
53567
53568
53571
53575
53578
53580
53593
53602
53606
53608
53615
53618
53630
53635
53636
53637
53645
53648
53655
53656
53658
53661
53663
53665
53669
53671
53673
53679
53684
53685
53686
53691
53694
53695
53697
53702
53706
53712
53714
53717
53721
53722
53727
53729
53732
53734
53735
53736
53743
53746
53748
53749
53751
53752
53755
53758
53763
53765
53776
53778
53784
53790
53793
53794
53797
53801
53802
53809
53810
53820
53821
53827
53828
53829
53830
53833
53841
53848
53854
53858
53869
53871
53877
53883
53887
53888
53889
53890
53892
53902
53904
53907
53909
53914
53920
53921
53923
53931
53933
53940
53942
53950
53951
53953
53954
53957
53959
53966
53977
53978
53981
53983
53988
53991
54000
54004
54011
54014
54017
54022
54027
54033
54039
54049
54055
54056
54058
54059
54061
54063
54067
54069
54072
54073
54075
54080
54085
54087
54094
54100
54101
54104
54105
54107
54110
54111
54113
54118
54123
54124
54125
54126
54130
54131
54132
54133
54137
54145
54147
54148
54150
54151
54154
54160
54172
54173
54174
54175
54176
54188
54191
54193
54194
54203
54204
54205
54209
54212
54221
54225
54229
54237
54240
54242
54250
54257
54265
54269
54277
54278
54279
54283
54291
54292
54293
54295
54298
54299
54301
54307
54309
54314
54318
54319
54330
54336
54337
54338
54339
54345
54346
54350
54354
54358
54359
54367
54373
54374
54379
54383
54385
54408
54418
54421
54422
54424
54430
54443
54448
54457
54461
54464
54469
54479
54488
54504
54505
54513
54515
54516
54520
54521
54527
54528
54530
54535
54536
54537
54538
54541
54544
54545
54552
54553
54554
54559
54561
54574
54576
54577
54587
54589
54602
54607
54610
54615
54618
54625
54628
54629
54643
54652
54653
54656
54659
54672
54676
54678
54684
54690
54703
54713
54721
54726
54733
54735
54751
54757
54778
54779
54782
54789
54796
54802
54803
54805
54806
54814
54826
54827
54836
54837
54843
54849
54852
54863
54870
54875
54881
54889
54892
54901
54904
54910
54911
54925
54927
54929
54930
54935
54937
54938
54940
54958
54959
54960
54962
54966
54976
54977
54983
55008
55013
55014
55016
55023
55025
55030
55033
55034
55037
55041
55042
55057
55061
55070
55073
55077
55085
55086
55089
55123
55135
55138
55139
55142
55147
55148
55160
55163
55166
55170
55173
55183
55190
55202
55206
55207
55209
55214
55215
55227
55234
55235
55236
55239
55241
55242
55243
55247
55250
55252
55255
55265
55267
55269
55278
55291
55298
55306
55309
55313
55318
55322
55323
55326
55327
55330
55337
55341
55342
55343
55351
55352
55356
55358
55365
55368
55369
55370
55371
55372
55374
55381
55382
55384
55388
55389
55390
55393
55401
55405
55410
55411
55414
55415
55422
55439
55440
55444
55450
55451
55454
55456
55460
55461
55463
55465
55466
55474
55476
55479
55487
55490
55491
55493
55494
55498
55502
55503
55505
55507
55509
55512
55515
55516
55524
55529
55530
55531
55547
55550
55552
55555
55557
55558
55562
55565
55568
)


// ************************************************************************* //
