/*--------------------------------*- C++ -*----------------------------------*\
| =========                 |                                                 |
| \\      /  F ield         | OpenFOAM: The Open Source CFD Toolbox           |
|  \\    /   O peration     | Version:  v2012                                 |
|   \\  /    A nd           | Website:  www.openfoam.com                      |
|    \\/     M anipulation  |                                                 |
\*---------------------------------------------------------------------------*/
FoamFile
{
    version     2.0;
    format      ascii;
    class       volScalarField;
    location    "350";
    object      gammaInt;
}
// * * * * * * * * * * * * * * * * * * * * * * * * * * * * * * * * * * * * * //

dimensions      [0 0 0 0 0 0 0];


internalField   nonuniform List<scalar> 
13851
(
1
1
1
1
1
1
1
1
1
1
1
1
1
1
1
1
1
1
1.00005
1
1
1
1
1
0.999979
1
0.999976
0.999893
1
1
1
1
1
1
1
1
1
0.999955
1
1
1
1
1
1.00028
1
1
1
1
1
1
1
1
1
1
1
1
1
1
1.00013
1
1
1.00012
1
1
1
1
1
1
1
1
1
1
1
1
1
1
1
1
0.999993
1
1
1.00005
1
1
1
1
1
1
1
1
1
1
1
1
1
1
1
1
1
1
1
1
1
1
1
1
1
1
1
1
1
1
1
1
1
1
1
1
1
1
0.999996
1
1
1
0.999978
1
1
1
1
1
1
1
0.998587
1
1
1
1
1
1
1
1.00004
1
1
1
1
1
1
1
1
1
1
1
1
0.999997
1
1
1
1
1
1
1
1
1
1
1
1
1
1
1
1
1
1
1
1
1
1.00003
1
1
1
1
1.00001
0.999855
1
1
1
1
1
1
1
1
0.999974
1
1
1
1
1
1
1
1
1
0.999997
1
1
1
0.992902
1
1
1
1
1
1
1
1.00004
1
1
1
1
0.999964
1
1
1
1
1
1
1
1
1
1
1
1
1
1
1
1
1
1
1.00001
1
1
1
0.995988
1
1
1
1
1
0.999998
1
1.00001
1
1
1
1
1
1
1
1
1
1
1
0.999999
0.999993
1
1
1
1
1
1
0.999134
1
1
1
1
1
1
1
1.00001
1.00001
1
1
1
1
1
1
0.999998
1
1
1
1
1
1
1
1
1
1
1
1
1
1
1
1
1
1
1
1
1
1
1
1
1
1
1
1
1
0.998828
1
0.999592
0.997987
1
1
1
1
1
0.999341
1
1
1
1
1
1
1
1
1
1
1
1
1
1
1
1
1
1
1
1
1
1.00002
1
1
1
1
1
1.00001
1
1
1
1
1
1
0.999999
1
0.998101
1
1
1
1.00002
1
0.999719
1
1
1
1
1.00008
1
1
1
1
0.999833
1
1
1
1
1
1
1
1
0.999994
1
1
1
1
1
1
1
1
1
1
1
0.998079
1
1
1
1
0.999926
0.999976
1
1
1
0.999177
1
1
1
1
1
1
1
0.998784
1
1
1.00009
1
1
1
0.999977
1
1
0.999476
1
1
1
1.00005
1
1
1
1
1
1
1
1
1
1
0.999993
1
1
1
1
1
0.999977
1
1
1
1
1
1
1
0.999984
1
1
1
1
1
1
1
1
1
1
0.999826
1
1
1
1
1
1
1.0001
1
1
1
1
0.999948
1
1
1
1
1
1.00006
0.996151
1
1
1
1
1
1
1
1
1
1
1
1
1
1
1
1
1
1.00001
1
1
0.998777
1
1
1
1
1
1
1
1
1
1
1
1
1.00105
1
1
0.999992
0.999757
1
1
0.999962
1
1
1.00001
1
1
1
1
1
0.999999
1
1
1.00001
1
1
1
1
1
1
1
1
1
1
1
1
1
1
1
1
0.999995
1
1
1
1
1
1
1
1
1
1
1
1
1
1
1
1
1
1
1
1
1
0.999992
1
0.999962
1
1
1
1
1
1
1
1
1
1.00007
0.994942
1
1
1
1
1
1
1
1
1
1
1
1
1
1
1
1
1
1
1
1
1
1
1
1
1
1
1
1
1
1
1
1
1
1.00013
1
1
1
1
1
1
1
1
1
0.999995
1
1
1
1
1
1
1.00017
1
1
1
1
1
1
1
1
1
1
1
1
1
1
1
1
1
1.00009
1
1
1
1
1
1
1
1
1
1
1
1
1
1
0.999529
1.00004
1
0.999999
1
1
1
1
1
1
1
1
1
1
1
1
1
1
1
1
1.00002
1
1
1
1
1
1
1
1
0.999997
1
1.00123
1
1
1
1
1
1
1
1
1
1
1.00001
1
1
1
1
1
1
1
1
1
1
1
1
1
1
1
0.99954
1
1
1
1
1
1
1
1
1
1
1
1
1
1
1
1
1
0.999984
1
1
1
1
1
1
1
0.999971
1
1
1
1
1
1
1
1
0.999977
1
1
1
1
1
1
1
1
1
1
0.999983
1
0.999995
0.999302
1.00001
1
1
1
1
1
1
1
1
1
1
1
1
1
1
1
1
1
1
1
1
1
1
1
1.00077
1
1
1
1
1
1
1
1
1
1
1
1
1
1
1
1
1
1
1
1
1
1
1
1
1
1
1
1
1
1
1
1
1
1
1
1
1
1
1
1
1
1.00001
1
1
1
1
0.999686
1
1
1
1
1
1
1
1
1
1
1
1
1
1
1
1
1
1
1
1
1
1
1
1
1
0.992317
1
1
1
1
1
1
1
1
1
0.992766
1
1
1
1
1
0.999856
1
1
1
1
0.989988
1
1
1
1
1
1
1
1
0.999986
1
1
1
1
1
1
1
1
1
0.999994
1
1
1
1
0.999959
1
1
1
1
1
1
1
1
1
1
1
1
1
1
1
1
1
1
1
1
1
1
1
1
1
1.00004
1
1
1
1
1
1
1
1
1
1
1
1
1
1
0.999986
1
1
0.997309
0.999999
0.999999
1
1
1
1
1
1
1
1
1
0.9999
1
1
1
1
1.00157
1
1
1
1
1
1
1
1
1
1.00004
1
1
1
1
0.999998
1
1
1
1
1
1
1
1
1
1
1
1
1
1
1
1
1
1
0.999816
1
1
1
1
1
1
1
1
1
1
1
1
0.999992
1
1
1
0.999912
0.999974
1
1
1
1
1
1
1
1
0.99998
1
1
1
1
1
1
1
1
1
1
1
1
0.998485
1
1.00005
1
1
1
1
1
1
1
1
1
1
1
0.999991
1
0.99998
1
1
1.00026
1
1
1
0.999964
1
1
1
1
1
1
1
1
1
1
1
1
1
1
1
1
1
1
1
1
1
0.999999
1
1
1
1
1
1
1
1
1
1
1
1
1
1
1
1
1
1
1
1
1
1
1
0.999992
1
1
1
1
1
1
1.00001
1
1
1
0.999999
1
1
1
1
1
1
1
1
1
1
1
1
1
1
1.00012
1
1.00002
1
1
1
1
1
1
1
1
0.991016
1
1
1
1
1
0.999999
1
1
1
1
1
1
1
0.99974
1
0.999999
1
1
1
1.00136
1
0.999998
1
1
1
1
1
1
1
1
1
1
1
1
1
1
1
1
1
1
0.99821
1
0.999999
1
1
1
0.997746
1
1
1
1
1
0.998815
1
1
1
1
1
1
1
1
1
1
1
1
1
1
1
0.999935
1
1
1
1
1
1
1
1
1
1.00002
1
1
1
1
1
1
1
1
1
1
1
1
1
1
1
0.996587
1
1
0.999967
1
1
1
1
1
1
1
1
1
0.991427
1
1.00005
1
0.999999
1
1
1
1
1
1
1
1
1
1
1
0.994077
1
1
1
1
1
1
1
1
1
0.985149
1
1
1
1
1.00001
1
1
1.00001
1
1
1
1
0.999986
1
1
1
1
1
1
0.997289
1
1
1
1
1
1
1
1
1
1
1
1
1
1
1
0.998998
1
1
1
1
1
1
1
1
1
1
1
0.995698
1
1
1
1
1
1
1
1
1
1
1
1
1
1
1
1
1
1
1
1
1
0.998338
1
1
1
1
0.999981
1
0.999802
1
1
1
1
1
1
1
1
1
1
1
1
1
1
0.997635
1
1
1
1
1
1
1
1
1
1
1
1
1.00031
0.999731
1
0.999994
1
1
1
1
1
1
0.999998
0.990126
1
1
1
1
1
1.00001
1
1
1
0.999998
1
1
1
1
1
1
1
1
1
1
1
1.0001
1
1
1
1
1
1
1.00005
1
1
1
1
1
1
1
1
1
1
1.00001
1
1
1
0.996978
1
1
1.00003
1
1
1
1
1
1
1
1
1
1
1
1
1
1
1
1
1
1
1
1
1
1
1
1
0.997547
1
1
1
1
1
1
0.999082
1
0.999995
1
1
1
1
1
0.999982
1
1
1
1
1
1
1
1
1
1
1
1
1
1
1
1
1
1
1
1
1
1
1
1
1
1
1
1
1
1
1
1
1
1
1
1
1
1
1
1
1
1
1
1
1
1
1
1
1
1.00002
0.997691
1
1
1
1
1
1
1
1
1
1
1
1
0.999994
1
1
1
1
1
1
1
1
1
1
1
1
1
1
1
1
1
1
1
1
1
1
1
1
1
1
1
1
1
1
1
1
1
1
1
1
1
1
1
1
1
1
1
1
1
1
1
1
1
1
1
1
1
1
1
1.00006
0.999647
1
1
1
1
1
0.999753
0.999995
1
1
1
0.999979
1
1
1
1
1
1
1
1
0.999994
1
1
1
1
1
1
1
1
0.988209
1
1
1
1
1
1
1
1.00047
1.0011
1
1
1
1
1
1
0.999849
1
1
1
1
1
1
1
0.999859
1
1
1
1
1
1
1
1
1
1
1
1
1
1
1
1
1
1
1
1
1.00003
1
1
1
1
1
1
0.99995
1
1
1
1
1
1
1
1
1
1
1
0.997333
1
1
1
1
1
1
1
1
1
1
1
1
1
0.999123
1
1
1
1
1
1
1
1
1
1
1
1
1
1
1
1
1
1
1
1
1
1
1
1
1.00034
1
1.00103
0.999939
1
1
1
1
0.999969
1.00008
1
1
1
0.996336
0.999979
1
1.00004
1
1
1
1
1
1
1
1
1
1
1
1
0.999998
1
1
1
1
1
1
1
1
1
1
1
1
1
1
1
1
0.999973
1
1
1
1
1
1
1
1
1
1
1
1
1
0.996279
1
1
1
1
1
1
1
1
1
1
0.999998
1.00001
1
1
1
1.0002
1
1
1
1
1
1
1
1
1
1
1
1
1
1
1.00001
1
1
1
1
1
1
1
1
1.00005
0.999999
1
1
1
1
1
1
1
1
1.00001
1
1
1
1
1
1
1
1
1
1
1
0.999338
1
1
1
1
1
1
1
1
1
1
1
1
1
1
1
1
1
1
1
1
1.00079
1
1
1
1
1
1
1
1
0.999851
1
1
1
1.00004
1
1
1
0.993475
1.00001
1
0.997904
1
1
1
1
0.999654
1
1
1
1
1
1
1
1
1
1
1
1.00001
1
0.999952
0.999976
1
1
0.999103
1
1
1
1
1
1
0.999998
1
1
1
1
1
1
1
1
1
1
1
1
1
1
1
1
1
1
1
1
1
1.00089
1
1
1
1
1
1
1
1
0.997783
1
1
1
1
1
1
1
1
1
1
1.00002
1
1
1
1
1
1
1
1
1
1
1
1
1
1
1
1
1
0.999985
1
1
1
1
0.999381
1
1
1
1.00018
1
1
1
0.999531
1.00011
1
1
0.998804
1.00001
1
1
1
1
1
1
1
1
1
1
0.999999
1
1
1
1
1
1
1
0.999984
1
1
1
1
1
1
1
1
1
1
0.999997
1
1
1
1
1
1.00041
1
1
1
1
1
1
1
1
1
1
1.00005
1
1
1
1
1
1
1
1
1
1
1
1
1
1
1
1
1
1
1
1
1
1
1
1
1
1
1.00016
1
1
1
1
1
1
1.00018
1
1
1
1
1
1
0.999999
1
1
1
1.00058
1
1
1
1
1
1
1
1
1.00011
1
1
1
1
1
1
1
1
1
0.99998
1
1.00016
1
1.00057
1
1
1
0.999984
1
1
1
1
1
1
1
1
1
0.99938
1
1
1
1
1
1
1
1
1
1
1
1
1
1
1
1
1
0.999001
1
1
1
0.999971
1
1
1
0.999994
1
1
1
1
1
0.999995
1
0.99999
1.00112
1
1
1
1
1
0.997689
1
1
1
1
1
1
1.00022
1
1
1
1
1
1
1
1
0.999318
0.999654
1
1
1
1
1
1
1
1
1
1
1
1
1.00004
1
0.999975
1
1.00001
0.999998
1
1
0.999945
1
1
0.999726
1
1
1
1
0.999621
1
1
1
1
1.00014
1
1
1
1
0.997348
1
1
1
1
1
1
1
1.00023
1
1
1
1
1
1
1
1
1
1
1
1
1.00003
1
1
1
1
1
1
1
1
1
1
1
0.999994
1
1
1
1
1
1
1
1
0.999873
1
1
1
1
1
1
1.00003
1
1
1
1
1
1
1
1
1
1
0.993623
1
1
1
1
1
1
1
1
1
1
1
1
1
1
1
1
1
1
1
1
1
0.999991
1
1
1
1
1
1
1
1
1
1
1
1
1
1
1
1
1
1
1
1
1
0.999994
1
1
1
1
1
1
1
1
1
1
1
1
1
0.999995
1.00002
0.999995
1
1
1
1
1
1
1
1
1.00001
1
1
1
1
1
1
1
1
1
1.00005
0.999868
1
0.99866
1
1
1
1
1
1
1
1
1
1
1
1
1
1
1
1
1
1
1
1
1
1
1
1
1
1
0.99713
1
1
1
1
1
1
0.999664
1
1
1
1
1
1
1
1
1
1
1
1
1
0.999989
1
1
1
1
1
1
1
1
1
1
1
0.995185
1
1
1
1
1
1
1
1
1
1
1
1
1
1
1
1
1
1
1
1
1
1
1
1
1
1
1
1
1
1
1
1
1
1
1
1
1.00016
1
1
1
1
0.999901
1
1
1
1
1
1
1.00006
1
1
1
0.999996
1
1
1
1
1
1
1
1
1
1
1
1
1
1
1
1
1
1
1
1
1
1
1.00009
1
1
1
1
1
1
1
1
1
1
0.999995
1
1
1
1
1
1
1
1
0.999998
1
1
1.00006
1
1
1
1.00003
1
1
1
1
1
1
1
1
1
1
1
1
1
1
1
1
1
1
1
1
1
1
1
1
1
1
1
1
0.999997
1
1
0.999848
1
1
1
1
1
0.999983
1
1
1
1
1
1
1
1
1
0.999996
1
1
1
1
1
1
1
1
1
1.00001
1
1
1
1
1
0.999074
1
1
1
1
1
1
1
1
1
0.999999
1
1
1
1.00017
1
1
1
1
0.999991
1
1
1
1
1
1
1
1
1
1
1
1
1
1
1
1
1
1
1
1
0.99841
1
1
1
1
1
1
1
1
1
1
1
1
1
1
1.00019
1
1
1
1
1
1
1
1
1
1
1
1
1
1.00002
1
1
1
1
1
1
1
1
1.00012
1
1
1
1
1
1
1
1
1
1
1
1
1.00097
1
1
1
1
1
1
1
1
1
1
1
1
1
1
1
1
1
1
1
1
1
1
1
1
1
1.00003
1
1
1
1.00009
1
1
1
1
1
1
1
1
1
1
1
1
1
1
1
1
1
1
1
1
1
1
1
1
1
1
1
1
1.00006
0.988662
1
1
1
1
1
1
1
1
1
1
1
1
1
1
1
1
1
1
1
1
1
1
1
1
1
1
1
1
1
1
1
1
1
1
1
1
1
1
1
1
1
1
1
1
1
1
1
1
1
1
1
1
1
1
1
1
0.994212
1
1
1
1
1
1
1
1
1
1
1
1
1
1
1
1
1
0.999967
1.00023
1
1
1
1
1
1
1
1
1
1
1
1
1
1
1
1
1
0.999471
1
1
1
1
1
1
1
1
1
1
1
1
1
1
1
1
1
1
1
1
1
1
1
1
1
1
1
1
1
1
1
1
1
1
1
1
1
1
0.999872
1
1.00003
1
1
1
1
1
1
1
1
1
1
1
1
1
1
1.00444
1
1
1
1
1
1
1
1
1
1
1
0.999993
1
1
1
0.999992
1
1
1
1
1
1
1
1
1
1
1
1.00023
1.00003
1
1
1
1
1
1
1
1
1
1
0.999813
1
1
1
1
1
1
0.996598
1
1
1
1
1
1
1
1
1
1
0.998847
1
1
1
1
1
1
1
1
1
1
1
1
1
1
0.999996
1
1
1
1
1
0.999809
0.994921
1
1
0.998694
1
1
1
1
1
1
1
1
1
1
1
1
1.00004
1
0.998302
1
1
1
0.999634
1.00104
1
1
1
1
1
1
1
1
1.00017
1
1
1
0.975391
1
0.999726
1
1
1
1
1
1
1
1
1
1
1
1
1
1
1
1
1
1
1
1
1
1
1
1
1
1
1
1
1
1
1
1
1
1
1
1
1
1
1.00035
1
1
1
1
1
1
0.99999
1
1
1
1
1
1
1
1
1
1
0.99304
1
1.00004
1
1
1
1
1
1
1
0.999996
1
1
1
1
1
1
1
1
1
1
1
1
1
1
1
1
1
1
1
1
1
1
0.999999
1
1
1
1
1
1
1
1
1
1
1
0.999884
1
1
1
1
1
1
1
1
1
1
1
1
1
1
1
1
1
1.00005
1
1
1
1
1
1
1
1
1
1
1
1
1
0.999958
1
1
1
1
0.98662
1
1
1
1
1
1
1
1
1
1
1
1
0.999902
1.00003
1
1
1
1
1
1
1
1
1
1
1
1
1
1.00005
1
1
1
1
1
1
1
1
1
1
1
1
0.999989
1
1
1
1
1
1
1
1
1
1
1
1
1
1
1
1
1
1.00001
1
1
1
1
1
1
0.999874
1
1
1
1
1
1
1
1
1
1
1
1
0.99992
1
1
1
1
1
1
1
1
1
1
1
1
1
1
1
1
1
1
1
1
1.00036
1
1
1
0.999979
1
1.00004
1
1
1
1
1
1
1
1
1
1
1
1
1
0.999981
1
1
1
1
1.00014
1
1
0.999934
1
1
1
0.997726
1
1
1
1
1
1
1
1
1
1
1
1
1
1
1
1
1
1
1
1
1
1
1
1
1
1
1
1
1
1
1
1
1
1
1
1
1
1
1
1
1
1
1
1
1
1
0.999804
1
1.00099
1
1
1
1
1
1.00019
1
1
1
1
1
1
1
1
1
1
1
1
1
1
1
1
1
1
1
1
1
1
1
1
1
1
1.00023
1
1
1
1
1
1
1
1
1
1
1
1
1
1
1
1
1
1
1
1.0011
1
1
1
1.00129
1
1
1
1
1
1
1
1
1
1
1
1.00034
1.00001
1
1
1
1
1
1
1
1
1
1
1
1
1
1
1.00001
1
1
1
1
1
1
0.999994
1
1
1
0.999865
1
1
1
1
1
1
1
1
1
0.998589
1
1
1
1
0.999999
1
1.0008
1.00002
0.999999
1
1
1
1
1
1
1
1
1
1
1
1
0.999991
1
1
1
1
1
1
1
0.999622
1
1
1
1
1
1
1
1
1.00125
1.00029
1
0.998807
1
1
1
1.00007
1
1
1
1
1
1
1
0.999999
1.00041
1
1
1
1
0.99996
1
0.99589
1
1
1
1
1
1
1
1
1
1
1
1
1
1
1
1
1
1
1
1
1
1
1
1
1
1
1
1
1
1.00068
1
1
1
1
1
1
1
1
1
1
0.999978
1
1
0.999997
1
1
1
1
1
1
1
1.00119
1
1
1
1
0.996642
1
1
1
1
1
1
1
1
1
1.0011
1
1
1
1
1
1
1
1
1
1
1
1.00009
1
1
1
1
1
1
1
1
1
0.996691
1
1
1
1
1.00007
1
0.999999
1
1
1
1
1
1
0.999253
1
1
1
1
1
1
1
1
1
1
1
1
1
1
1
1
1
0.998706
1
1
1.00001
1
1
1
1
1
0.999047
1
1
1
1
1
1
0.999996
1
1
1
1
0.999973
1
1
1
1
1
1
1
1
0.999988
1
1
1
1
1
1
1
0.999978
1
1
0.999984
1
1
1
1
1
1
1
1
1
1
1
1
1
1
1
1
1
1
1
1
1
1
1
1
1
0.999998
1
1
1
1
1
1
1
1
1
1
1
1
1
1
1
1
1
1
1
1
1
1
1
0.999999
1
1
1
1
1
1
1
1
1
1
1
1
1
1
1
1
1
1
1
1
1
1
1
1
1
1
1
1
1
1
1
1
1
0.999999
1
1
1
1
1
1
1
1
1
1
1
1
1
1
1
1
1
1
1
1
1
1
1
1
1
1
1
1
1
1
1
1
1
1
1
1
1
1
1
1
1
1
1
1
1
1
1
1
1
1
1
1
1
1
1
1
1
1
1
1
1
1
1
1
1
1
1
1
1
1
1.00009
1
1
1
1
1
1
1
1
1
1
1
1
1
1
1
1
1
1
1
1
1
1
1
1
1
1
1
1
1
1
1
1.00008
1
1
1
1
1
1
1
1
1
1
1
1
1
1
0.996439
1
1
1
1
1
1
1
1
1
1
1
1
1
1
1
1
1
1
1
1
1
1
1
1
1
1
1
1
1
1
1
1
1
1
1
1
1
1
1
1
1
1
1
1
1
1
1
1
1
1
1
1
1
1
1.00003
1
1
1
1
1
1
1
1
1
1
1
1
1
1
1
1
1
1
1
1
1
1
1
1
1
1
1
1
1
1
1
1
1
1
1.00011
1
1
1
1
1
1
1
1
1
0.999656
1
1
1
1
0.996723
0.999872
1
1
1
1
1
1
1
1
1
1
1
1
1
1
1
1
1
1
1
1
1
1
1
1
0.999958
1.00001
1
1
1
1
1
1
1
1
1
1
0.99998
1
1
1
1
1
1
1
1
1
1
1
1
1
1
1
1
1
1
1
1
1
1.00079
1
1
1
1
1
1
1
1
1
1
1
1
1
1
1
1
1
1
1
1
1
1
0.999482
1
1
1
1
1
0.997514
1
1
1
1
0.999729
1
1
1
1
1
0.999999
1
1
1
1
1
1
1
0.999009
1
1
1
1
1
1
1
1
1
1
1
1
1
1
1
1
1
1
1
1
1
1
1
1
1
1
1
1.00001
1
1
1
1
1
1
1
1
1
1
1
1
1
1
1
1
1
1
1
1
1
1
1
1
1
1
1
1
1
1
1
1
1
1
1
1
1
1
1
1
1
1
1
1.00109
1
1.00009
1
1
1.00039
1
1
1
1
1
1
1
1
1
0.999999
1
1
1
1
1
1
0.999963
1
0.999999
1
1
1
1
0.999986
1
1
1
1
1.00096
1
1
1
1
1
1
1
1
0.996938
1
1
1
0.999989
1
1
1
1
1
1
1
1
1
1
1
1
1
1
1
1
1
1
1
1
1
1
1
1
0.999992
1
1
1
1
1
1
1
1
1
1
1
1
1
1
1
1
1
1
1
1
1
1
1
1
1
1
1
1
1
1
1
1
1
1
1
1
1
1
1
1
0.993809
1
1
1
1
1
1
1
1
1
1
1
1
1
1
1
1
1
1
1
1
1
1
1
1
1
1
1
1
1
1
1
1
1
1
1
1
1
1
1
1
1
1
1
1
1
0.999999
0.998775
1
1
1
1
1
1
1
1
1
1
1
1
1
1
1
1
1
1
1
1
1
1
1
1
1
1
1
1
1
1
1
1
1
1
1
1
1
1
1
1
1
1
1
1
1
1
1
1
1
1
1
1
1
1
1
1
1
1
1
1
1
1
1
1
1
1
1
0.999998
1
1
1
1
1
1
1
1
1
1
1
1
1
1
1
1
1
1
1
1
1
1
1
1
1
1
1
1
1
1
1
1
1
1
1
1
1
1
1
1
1
1
1
1
1
1
0.999917
1
1
1
1
1
1
1
1
1
1
1
1
1
1
1
1
1
1
1
1
1
1
1
1
1
1
1
1
1
1
1
1
1
1
1
1.00005
1
1
1
1
0.999983
1
0.999756
1
1
1
1
1
1
1
1
1
1
1
1
1
1
1
1
1
1
1
1
1
0.999011
1
1
1
1
1
1
1
1
1
1.00002
1
1
1
1
1
1
1
1
1
0.999994
1
1
1
1
1
1
1
1
1
1
1
1
1
1
1
1
1
1
1
1
1
1
1
1
1
1
1
1
1
1
1
1
1
1
1
1
1
1
1
1
1
1
1
1
1
1
1
1
1
1
0.999982
1
1
1
0.999725
1
1
1
1
1
0.999987
0.999984
1
1
1
1
1
1
1
1
1
1
1
1
1
1
1
1
1
1
1
1
1
1
1
1
1
1
1
1
1
1
1
1
1
1
1
1
1
1
1
1
1
1
1
1
1
1
1
1
1
1
1
1
1
1
1
0.999999
1
1
1
1
1
1
1
1
1
1
1
1
1
1
1
1
1
1
1
1
1
1
1
1
1
1
1
1
1
1
1
1
1
1
0.999549
1
1
1
1
1
1.00003
1
1
1
1
1
1
1
1
1
1
1
1
1
1
1
1
1
1
1
1
1
1
1
0.999987
1
1
1
1
1
1
1
1
0.999935
1
1
1
1
1
1
1
1
1
1
1
1
1.00002
1
1
1
1
1
1
1
1
1
1
1
1
1
1
1
1
1
1
1
1
1
1
1
1
1
1
1
1
1
1.00017
1
1
1
1
1
1
1
1
1
1
1
1
1
1
1
1
1
1
1
1
1
1
1
1
1
1
1
1
1
1
1
1
1
1
0.999988
1
1
1
1
0.999991
1
1
1
1
1
1
1
1
1
1
1
1
1
1
1
1
1
1
1
1
1
1
1
1
0.994388
1
1
1
1
1
1
1
1
1
1
1
1
1
1
1
1
1
1
1
1
1
1
1
1
1
1
1
1
1
1
1
1
1
1
1
1
1
1
1
1
1
1
1
1
1
1
1
1
1
1
1
1
0.999995
1
1
1
1
1
1
1
1
1
1
1
1
1
1
1
1
1
1
1
1
1
1
1
1
1
1
1
1
1
1
1
1
1
1
1
1
1
1
1
1
1
1
1
1
1
1
1
1
1
1
1
1
1
1
1
1
1
1
1
1
1
1
1
1
1
1
1
1
1
1
1
1
0.999999
1
1
1
1
1
1
1
1
1
1
1
1
1
1
1
1
1
1
1
1
1
1
1
1
1
1
0.999998
1
1
1
1
1
1
1
1
1
1
1
1
1
1
1
1
1
1
1
1
1
1
1
1
1
1
1
1
1
1
1
1
1
1
1
1
1
1
1
1
1
1
1
1
1
1
1
1
1
1
1
1
1
1
1
1
1
1
1
1
1
1
1
1
1
1
1
1
1
1
1
1
1
1
1
1
1
1
1
1
1
1
1
1
1
1
1
1
1
1
1
1
1
1
1
1
1
1
1
1
1
1
1
1
1
1
1
1
1
1
1
1
1
1
1
1
1
1
1
1
1
1
1
1
1
1
1
1
1
1
1
1
1
1
1
1
1
1
1
1
1
1
1
1
1
1
1
1
1
1
1
1
1.00002
1
1.00009
1
1
1
1
1
1
1
1
1
1
1
1
1
1
1
1
1
1
1
1
0.999876
1
1
1
1
1
1
1
1
1
0.999997
1
1
1
1
1
1
1
1
1
1
1
0.999616
1
1
1
1
1
1
1
1
1
1
1
1
1
1
1
1
1
1
1
1
0.999437
1
1
1
1
1
1
1
0.9992
0.999999
1
1
0.998531
1
1
0.99999
1
1
1
1
1
1
1
1
1
1
1
1
1
1
1
1
1
1
1
0.998685
1
1
1
1
0.999999
1
1
1
1
1
1
1
1
1
1
1
1
1
1
1
1
1
1
1
1
1
1
1
1
0.998375
1
1
1
1
1
1
1
0.999999
1
1
0.97888
1
0.997398
1
1
1
1
1
1
1
1
1
0.992214
1
1
1
1
1
1
1
1
1
1
1
1
0.990838
1
1
1
1
1
1
1
1
1
1
1
1
0.997277
1
1
1
1
1
1
1
1
1
1
1
1
1
1
1
1
1
0.990573
1
1
1
1
1
1
1
1
0.999999
1
1
1
1
1
1
1
1
0.999805
0.999999
1
1.00001
1.00003
1
1
1
1
1
1
1
1
1
1
1
1
1
1
1
1
1
1
1.0004
1
1
1
1
1
1
0.999994
1
1
1
1
1
1
1
1
1
1.00015
1
1
1
1
1
0.998975
1
1
1
0.999925
1
1
1
1
1.00002
1
1
1
1
0.99948
1
1
1
1
1
1
1
1
1
1
0.999934
1
1
1
1
0.999982
1
1
1
1.00001
0.999998
1
1
1
1.00004
1.00003
1
0.999997
1
1
1.00009
1
1.00002
1
0.999998
0.999965
1.00006
0.999975
0.999998
1
0.999883
0.999996
1
1
1
0.999941
1
0.999886
1
1.00001
1.0001
1
1
1
1
1
1
1.00001
1
1
1
1
0.999796
0.99972
0.999974
1.00006
1
1.00002
0.999834
1.00013
1
0.999769
1
1
0.999822
0.999986
0.999622
1.00019
1.00025
1
0.999948
1
1
0.999997
0.999993
1
1
0.999965
1.00013
1
1
0.999664
1
0.999768
1
1
1.00038
1
1
0.999936
1
1
1
1
1
1.00002
0.999994
1
1
1.00003
1
0.999997
1
1
1
1
1
1.00011
1
1
1
1
1
1
1
1
1
1
1
1
1.00002
1
1
1
1
1
1
1
1
1
1
0.999998
1
1
1
1
1
1
1
1
1
1
1
1
1
1
1
1
1
1
1
1
1
1
1
1
1
1
1
1
1
1.00019
1
1
1
1
1
1
1
1
1
1
1
1
1
1
1
1
1
1
1
1
1
1
1
1
1
1
1
1
1
1
1
1
1
1
1
1
1
1
1
1
1
1
1
1
1
1
0.999999
1
1
1
1
1
1
1
1
1
1
1
0.999883
1
1
1
1
1
1
1
1
1
1
1
1
1
1
1
1
1
1
1
1
1
1
1
1
1
1
1
1
1
1
1
1
1
1
1
1
1
1
1
1
1
1
1
1
1
1
1
1
1
1
1
1
1
1
1
1
1
1
1
1
1
1
1
0.999998
1
1
1
1
1
1
1
1
1
1
1
1
1
1
1
1
1
1
1
1
1
1
1
1
1
1
1
1
1
1
1
1
1
1
1
1
1
1
1
1
1
1
0.992603
1
1
1
1
1
1
1.00009
1
1
1
1
1
1
1
1
1
1
1
1
1
1
1
1
1
1
1
1
1
1
1
1
1
1
1
1
1
1
1
1
1
1.00047
1
1
1
1
1
1.00074
1
1
1
1
1
1
1
1
0.999998
1
1
1
1
1
1
1
1
1
1
1
1
1
0.999533
1
1
1
1.00003
1
1
1
1
1
1
1
1
1
1
1
1
1
1
1
1
1
1
1
1
1
1
1
1
1
1
1
1
1
1
0.991604
1
1
1
1
1
1
1
1
1
1
1
1
1
1
1
1
1
1
1
1
1
1
1
1
1
1
1
1
1
1
1
1
1
1
1
1
1
1
1
0.999999
1
1
1
1
1
1
1
1
1
1
1
1
1
1
1
1
1
1
1
1
1
1
1
1
1
1
1
1
1.00136
1
1
1
1
1
1
1
1
1
1
0.999732
1
1
1
1
1
1
1
1
1
1
0.985571
1
1
1
1
1
1
1
1
1
1
1
1
1
1
1
1
1
1
1
1
1
1.00192
1
1
1
1
1
1
1
1
1
1
1
1
1
1
1
1
1
1
1
1
1
1
1
1
1
1
1
1
1
1
1
1
1
1.00002
1
1
1
1
1
1
1
1
1
1
1
1
1
1
1
1
1
1
1
1
1
1
1
1
1
1
1
1
1
1
1
1
1
1
1
1
1
1
0.999967
1
1
1
1
1
1
1
1
1
1
1
1
1
1
1
1
1
1
1
1
1
1
1
1
1
1
1
1
0.999997
1
1
1
1
1
1
1
1
0.99985
1
1
1
0.999188
1
1
1
1
1
1.00009
1
1
1
1
1
1
1
1
1
1
1
1
1
1
1
1
1
1.00001
1
1
1
1
1
1
1
1
1
1
1
1
1
1
1
1
1
1
1
1
1
1
1
1
1
1
1
1
1
1
1
1
1
1
1
1
1
0.99995
1
1
1
1
1
1
1
1
1
1
1
0.999997
1
1
1
1
1
1
1
1
1
1
1
1
1
1
1
1
1
1
1
1
1
1
1
1
1
1
1
1
1
1
1
1
1
1
1
1
1
1
1
1
1
1
1
1
1
1
1
1
1
1
1
1
1
1
1
1
1
1
1
1
1
1
1
1
1
1
1
1
1
1
1
1
1
1
1.00006
1
0.999991
1
1
1
1.00009
1
1
1
1
1
1
1
1
1
1
1
0.999986
1
1
1
1
1
1
1
1
1
1
1
1
1
1
1
1
1
1
1.00008
1
1
0.997406
1
1
1
1
1
1
1
0.999484
1
1
1
1
1
1
1
1
1
1
1
1
1
1
1
1
1
1
1
1
1
1
1
1
1
1
1
1
1
1
1
1.00001
1
1
1
1
0.999798
1
1
1
1
1
1
1
1
1
1
1
1
1
1
1
1
1
1
1
1
1
1
1
1
1
1
1
0.999999
1
1
1
1
1
1
1
1
1
1
0.999766
1
1.00295
1
1
1
1
1
1
1
1
1
1
1
1
1
1
1
1
1
1
1
1
1
1
1
1
1
1
1
1
1
1
1
1
1
1
1
1
1
1
1
1
1
1
1
0.999971
1
1
1
1
1
1
1
1
1
1
1
1
1
1
1
1
1
1
1
1
1
1
1
1
1
1
1
1
1
1
1
1
1
1
1
1
1
1
1
1
1
1
1
1
1
1
1
1
1
1
1
1
1
1
1
1
1
1
1
1
1
1
1
1
1
1
1
1
0.999939
1
1
1
1
1
1
1
1
1
1
1
1
1
1
1
1
1
1
1
1
1
1
1
1
1
1
1
1
1
1
1
0.999233
1
1
1
1
1
1
1
1
1
1
1
1
1
1
1
1
1
1
1
1
1
1
1
1
1
1
1
1
1
1
1
1
1
1
1
1
1
1
1
1
1
1
1
1
1
1
1
1
1
1
1
1
1
1
1
1
1
1
1
1
1
1.00002
1
1
1
1
1
1
1
1
1
1
1
1
1
1
1
1
1
1
1
1
1
1
1
1
1
1
1
1
1
1
1
1
1
1
1
1
1
1
1
1
1
1
1
1
1
1
1
1
1
1
1
1
1
1
1
1
1
1
1
1
1
1
1
1
1
1
1
1
1
1
1
1
1
1
1
1
1
1
1
1
1
1
1
1
1
1
1
1
1
1
1
1
1
1
1
1
1
1
1
1
1
1
1
0.999453
1
1
1
1
1
1
1.00026
1
1
1
1
1
1
1
1
1
1
0.999924
1
1
1
1
1
1
1
1
1
1
1
1
1
1
0.999843
1
1
1
1
1
1
1
1
1
1
1
1
1
1
1
1
1
1
1
1
1
1
1
1
1
0.999346
1
1
1
1
1
1
1
1
1
1
1
1
1
1
1
1
1
1
1
1
1
1
0.999999
1
1
1
1
1
1
1
1
1
1
1
1
1
1
1
1
1
1
1
1
1
1
0.99888
1
1
1
1
1
1
1
1
1
1
1
1
1
1
1
1
0.998491
1
1
1
1
1
1
1
0.995763
1
1
1
1
1
1
1
1
1
1
1
1
1
1
1
1
1
1
1
1
1
1
1
1
0.991257
1
1
1
0.999999
1
1
1
1
1
1
1
1
0.99505
1
1
1
1
1
1
1
1
1
1
1
1
1
1
1
1
0.99305
1
1
1
1
1
1
1
1
1
1
1
1
1
1
1
1
1
1
1
1
1
1.00234
1
1
1
1
1
1
1
0.999998
1
0.999999
1
0.999845
1
0.999688
1
1
1
0.999999
1
1
1
1
1
1
1
1
1
1
0.99979
1
1
1
1
1
1
1
1
1
1
1
1
1
1
1
1
1
1
1
1
1
1
1
1
1
1
1
1
1
1
1
1
1
1
1
1
1
1
1
1
1
1
1
1
1
1
1
1
1
1
1
1
0.999998
1
1
1
1
1
1
1
1
1
1
1
1
1
1
1
1
1
1
1
1
1
1
1
1
1
1
1
1
1
1
1
1
1
1
1
1
1
0.999996
1
1
1
1
1
1.00001
1
1
1
1
1
1
1
1
0.999887
1
1
1
1
1
1
1
1
1
1
1
1.00001
1
1
1
1
1
1
1
1
1
1
1
1
1
1
1
1
1
1
1
1
1
1
1
1
0.999912
0.999959
0.999982
1
1
1
1
0.999992
1
1
1
1
1
0.999855
1
1
1
1
1
1
1
1
1
1
1
1
1
1
1
0.999808
1
1
1
1
1
1
1
1
1
1
1
1
1
1
1
1
0.999768
1
1
1
1
1
1
1
1
0.999592
1
1
0.999534
0.999672
1
1.00001
1
0.999847
1
1.00001
1
1
1
1
1
1.00001
1
1
1
1
1
1
1
1
1
1
1
1
1
1
1
1
1
1
1
1
1
0.999734
1
1
1
0.999876
1
1
1
1
1.00036
1
1.00023
1
1
1
1
1
0.999686
1.0001
1
1
1
1
1
1
1
1
1
1
1
1
1
0.999996
1.00007
1
1
1
1
1
1
1
1
1
1
1
1
1
1
1
1
1
1
1
1
1
1
1
1
1
1
1
1
1
1
1
0.999934
1
1
1
1
1
1
1
0.999943
1
1
0.999999
1
1
1
1
1
1
1
1
1
1
1
1
1
1
0.999997
1
1
1
1
0.999957
1
0.999848
1
1
0.999999
1
1
1
1
0.999999
1
0.99977
1
1
0.999984
1
1
1
1
1
1
0.999998
1
1
0.999999
1
0.999999
1
1
1
1
1
0.999941
1
1
0.999988
1
1
1
1
0.999977
1
1
1
1
0.999999
1
1
1
1
1
1
1
1
1
1
1
1
1
1
1
1
1
1
1
1
1
1
1
1
1
1
0.999997
1
1
1
1
1.00001
1
1
1
1
1
1
0.999978
1
0.999985
1
1
1
1
1
0.999929
1
1
1
1
1
1
0.999989
1
1
1
1
1
1.00001
1
1
1
1
1
1
1
1
1
1
1
1
1
1
1
1
1
1
1
1
1
1
1
1
1
1
1
1
1
1
1
1
1
1
1
1
1
1
1
1
0.999983
1.00003
1
1
1
1
1
1
1
1.00002
1
1
1
1
0.999979
1
1
1
1
1
1
1
1.00002
1
1
1
1
1
1
1
1
1
1
1
1
1
0.999995
1
0.999999
1
1
1
1
0.999907
1
1
1
1
1
1
1
1
1
1
1
1
1
1
1
1
1
1
1.00005
1
1
1
1
1
1
1
1
1
1
1
1
1
1
1
1
1
1
1
1
1
1
1
1
1
1
1
1.00009
1
1
1
1
1
1.0005
1
1
1
1
1
1
1
1
1
1
1
1
1.00006
1
1
1
1
1
1
1
1
1
1
0.999861
1
1
1
1
1
1
1.00003
1.00017
1
1
1
1
1
1
1
1
1
1
1
1
1
1
1
1
1
1
1
1
1
1
1
1
1
1
1.00015
1
1
1
1
1
1
1
1
1
1
1
1
1
1
1
1
1
1
1
1
1
1
1
0.998456
1
1
1
1.00001
1
1
1.00001
1
1
0.999994
1
1
1
1
1
1
1
1
1
1
1
1
1
1
1
1
1
1
1
1
1
1
1
1
1
1
1
1
1
1
1
1
1
1
1
1
1
1
1
1.00002
1.00003
1
1
1
0.999981
1
1
1
1
1.00066
1
1
1.00001
1
1
1
1
1
1
1
1.00001
1
1
0.994446
1
1
1
1
1
1
1.00002
1
1
1
1
1
1
1
1
1
1
1
1
1
1
1
1
1.00001
1
1
0.989932
1
1
1
1
1
1
1
1
1
1
1
1
1
1.00015
1
1
1
1
1
1
1
1
1
1
1
1
1.00033
1
1
1
1
1
1
1
1
1
1
1
1
1
1
1
1
1
1
1
1
1
1
1
1
1
1
1.00001
1
1
1
1
1
1
1
1
1
1
1
1
1
1
1
1
1
1
1
1
1
1
1
1
1
1
1
1
1
1
1
1
1
1
1
1
1
1
1
1
1
1
1
1
1
1
1
1
1
1
1
1
1
1
1
1
1
1
1
1
1
1
1
1
1
1
1
1
1
1
1
1
1
1
1
0.999999
1
1
1
1
1
1
1
1
1
1
1
1
1
1
1
1
1
1
1
1
1
1
1
1
1
1
1
1
1
1
1
1
1
1
1
1
1
1
1
1
1
1
1
1
1
1
1
1
1
1
1
1
1
1
1
1
1
1
1
1
1
1
1
1
1
1
1
1
1
1
1
1
1
1
1
1
1
1
1
1
1
1
1
1
1
1
1
1
1
1
1
1
1
1
1
1.00009
1
1
1
1
1
1
1
1
1
1
1
1
1
1
1
1
1
1
1
1
1
1
1
1
1
1
1
1
1
1
1
1
1
1
1
1
1.00004
1
1
1
1
1
1
1
1
1
1
1
1
1
1
1
1
1
1
1
1
1
1
1
1
1
1
1
1
1
1
1
0.999999
1
1
1
1
1
1
1
1
1
1
1
1
1
1
1
1
1
1
1
1
1
1
1
1
1
1
1
1
1
1
1
1
1
1
1
1
1
1
1
1
1
1
1
1
1
1
1
1
1
1
1
1
1
1
1
1
1
1
1
1
1.00001
1
0.999868
1
1
1
1
1
1
1
1
1
1
1
1
1
1
1
1
1
1
1
1
1
1
1
1
1
1
1
1
1
1
1
1
1
1
1
1
1
1
1
1
1
1
1
1
1
1
1
1
1
1
1
1
1
1
1
1
0.999999
1
1
1
1
1
1
1
1
1
1
1
1
1
1
1
1
1
1
1
1
1
1
1
1
1
1
1
1
1
1
1
1
1
1
0.999649
1
1
1
1
1
1
1
1
1
1
1
0.999873
1
1
1
1
1
1
1
1
1
1
1
1
1
1
1
1
1
1
1
1
1
1
1
1
1
1
1
1
1
1
1
1
1
1
1
1
1
1
0.999964
1
1
1
1
1
1
1
1
1
1
1
1
1
1
1
1
1
1
1
1
1
1
1
1
1
1
1
1
1
1
1
0.999996
1
1
1
1
1
1
1
1
1
1
1
1
1
1
1
1
1
1
1
1
1
1
1
1
1
1
1
1
1
1
1
1
1
1
0.994805
1
1
1
1
1
1
1
1
1
1
1
1
1
1
1
1
1
1
1
1
1
1
1
1
1
1
1
1
1
1
1
1
1.00008
1
1
1
1
1
1
1
1
1
1
1
1
1
1
1
1
1
1
1
1
1
1
1
1
1
1
0.999996
1
1
1
1
1
1
1
1
1
1
1
1
1
1
1
1
1
1
1
1
1
1
1
1
1
1
1
1
1
1
1
1
1.00006
1
1
1
1
1
1
0.998715
1
0.999998
1
1
1
1
1
1
1
1
1
1
1
1
1
1
1
1
1
1
1
1
0.998272
1
1
0.999999
1
1
1
1
1
1
1
1
1
1
1
1
0.999179
1
1
1
1
1
1
1
1
1
1
1
1
1
1
1
1
1
0.997241
1
1
1
1
1
1
1
1
1
1
1
1
1
1
1
1
1
1
1
1
1
1
1
1
1
1
0.999968
1
1
1
1
1
1
1
1
1
1
1
1
1
1
1
1
1
1
1
1
1
1
1
1
1
1
1
1
1
1.00019
1
1
1
1
1
1
1
1
1
1
0.997734
1
1
1
1
1
1
1
1
1
1
1
1
1
0.998933
1
1
1
1
1
1
1
1
1
1
1
1
1
1
1
1
1
1
1
1
1
1
1
1
1
1
1
0.998085
1
1
1
1
1
1
1
1
1
1
1
1
1
1
1.00001
1
1
1
1
1
1
1
1
1
1
1
1
0.99992
1
1
1
0.999389
1
1
1
1
1
1
1
1
1
1.00001
1
1
1
1
1
1
1
1
1
0.999996
1
1
1
1
1
1
1
1
1
1
1
1
1
1
1
1
1
1
1
1
1
1
1
1
1
1
1
1
1
1
1
1
1
1
1
1
1
1
1
1
1
1
1
1
1
1
1
1
1
1
1
1
1
1
1
1
1
1
1
1.00001
1
1
1
1
1
1
1
0.999997
1
1
1
1
1
1
1
1
1
1
1
1
1
1
1
1
1
1
1
1
1
1
1
1
1
1
1
0.999999
1
1
1
1
1
1
1
1
1
1
1
1
1
1
1
1
1
1
1
1
1
1
1
1
1
1
1
1
1
1
1
1
1
1
1
1
1
1
1
1
1
1
1
1
1
1
1
1
1
1
1
1
1
1
1
1
1
1
1
1
1
1
1
1
1
1
1
1
0.999979
1
0.999942
1
1
1
1
1
1
1
1
1
1
1
1
1
1
1
1
1
1
1
1
1
1
1
1
1
1
1
1
1
1
1
1
1
1
1
1
1
1
1
1
1
1
1
1
1
1
1
1
1
1
1
0.999812
1
1
1
1
1
1
1
1
1
1
1
1
1
1
1
1
1
1
1
1
0.999492
1
1
1
1
1
1
1
1
1
1
1
1
1
1
1
1
1
1
1
1
1
1
1
1
1
1
1
1
1
1
1
1
1
1
1
1
1
1
0.999714
1
1
1
1
0.983243
1
1
1
1
1
1
1
1
1
1
1
1
1
0.999999
1
1
1
1
1.00001
1
0.999766
1
1
1
1
1
1
1
1
1
1
1.00047
1
1
1
1
0.999999
1
1
1
1
1
1
1
1
1
1
1
1
1
1
1
0.999999
1
1
1
1
1
1
1
1
1.00022
1
1
1
1
1
1
1
1
1
1
1
1
1
1
1
1
1
1
1
1
1.00032
1
1
1
1
1
1
1
1
0.999472
1
1
1
1
0.999976
1
1
1
1
1
1
1
1
1
1
1
1
1
0.999258
1
1
1
1
1
0.99885
1
1
1
1
1
1
1
1
1
1
1
1
1
1
1
1
1
1
1
1
1
1
1
1
1
1
1
1
1
1
1
1
1
1
1
1
1.00003
1
1
1
1
1
1
1
1
1
1
1
1
1
1
1
1
1
1
1
1
1
1
1
1
1
1
1
1
1
1
1
1
1.00002
1
1
1
1
1
1
1
0.999191
1
1
1
1
1
1
1
1
1
1
1
1
1
1
1
1
1
1
0.999995
1
1
1
1
1
1
1
1
1
1
1
1
1
1
1
1.00002
1
1
1
1
1
1
1
1
1
1
1
1
1
1
1
1
1
1
1
1.00001
1
1
1
1
1
1
1
1
1
1
1
1
1
1
1
1
1
1
1
1
1
1
1
1
1
1
1
1
1
1
1
1
1
1
1
1
1
1
1
1
1
1
1
1
1
1
1
1
1
1
1
1
1
1
1
1
1
1
1
1
1
1
1
1
1
1
1
1
1
1
1
1
1.00005
1
1
1
1
1
1
1
1
1
1.00015
1
1
1
1
1
1
1
1
1
1
1
1
0.962944
1
1
1.00001
1.00004
1
1
1
1
1
1
1
1
1
1
1
1
1
1
1
1
1
0.999964
0.999919
1
1
1
1
1
1
1
1
0.997876
1
1
1
1
1
1
1
1
1
1
1
1
1
1
1
1
1
1
0.999839
1
1
1
1
1
1
1
1
1
1
1
1
1
1
0.999996
1
1
1
1
1
1
1
1
1
1
1
1
1
1
1
1
1
1
1
1.00011
1
1
1
1
1
1
1
1
0.999999
1
1
1
1
1
1
1
1
1
1
1
1
1
1
1
1
1
1
1
1
1
1
1
0.999197
1
1
1
1
1
1
1
1
1
1
1
1
1
1
1
1
1
1
1
1
1
1
1
1
1
1
1
1
1
1
1
1
1
1
1
1
1
1
1
1
1
1
0.99998
1
1
1
1.0026
1
1
1
1
1
1
1
1
1.00008
1
1
1
1
0.999922
1
1
1.00003
1
1
1.00001
1
1
1
1
0.999605
1
1
1
1
1
1
1
1
1
1
1
0.99999
1
1
1
1
1
1
1
1
1.00001
1
1
0.999935
1
1
1
1
0.999925
0.999297
1
1
1
1
1
1
1
1
1
1
1
1
1
1
1
1
1
1
1
1
1
1
1
1
1
1
1
1
0.99998
1
1
1
1
1
1
1
1
1
1
1
1
1
1
1
1
1
1
1
1
1
1
1
1
1
1
1
1
1
1
1
1
1
1
1
1
1
1
1
1
1
1
1
1
1
1
1
1
1
1
0.999495
1
1
1
0.999999
1
1
1
1
1
1
1
1
1
1
1
1
1
1
1
0.999975
1
1
1
0.999999
1
1
1
1
1
1
1
1
1
1
1
1
1
1
1
1
1
1
1
1
1
1
1
1
0.999738
1
1
1
1
1
1
1
1
1
1
1
1
1
1
1
1
1
1
1
1
1
1
1
1
1
1
1
1
1
1
1
1
1
1
1
1
1
1
1
1
1
1
1
1
1
1
1
1
1
1.00018
1
1
1
1
0.997931
0.991688
1
1
1
1
1
1
1
1
1
1
1
1
1
1
0.998799
1
0.999973
1
1
1
1
1
1
1
1
1
1
1
1
1
1
1
1
1
1
1
1
1
1
0.992307
0.999009
1
1
1
1.00001
1
1
1
1
1
1
0.999981
1
1
1
0.999997
1
1
1
1
1
1
1
1
1
1
1
1
1
1
0.99838
1
1
1
1
1
1
1
1
1
1
1
1
1
1
1
1
1
1
1
1
1
1
1
1
1
1
1
1
0.999999
1
1
1
1
1
1
1
1
1
1
1
1
1
1
1
1
1.00001
1
1.00018
1
1
1
1
1
1
1
1
1
1
1
1
1
1
1
1
1
1
1
1
1
1
1
0.999989
1
1
1
1
1
1
1
1
1.00003
1
1
1
1
1
1
1
1
1
1
1
1
1
0.999995
1
1
1
1
1
1
1
1
1
1
1
1
1
1
1
1
1
1
1
1
1
1
1
1
1
1
1
1
1
1
1
1
1
1
1
1
1
1
1
1
1
1.00002
1.00008
1
1
1
1
1
1
1
1
1
1.00002
1
1
1
1
1
1
1
1
1
1
1
1
1
1
1
1
1
1
1
1
1
1
0.999543
1
1
1
1
1
1
1
1
1.0001
1
1
1
1
1
1
1
1
1
1
1
1
1
1
1
1
1
1
1
1
1
1
1
1
1.00002
1
1
1
1
1
1
1
1
1
1.00001
1
1
1
1
1
1
1
1
1
1
1
1
1
1
1
1
1
1
1
1
1
1
1
1
1
1
1
1
1
1
1
1
1
0.999098
1
1
1
1
1
1
1
1
1.00002
1
1
1
1.00002
1
1
1
1
1
1
1
1
1
1
1
1
1
1
1
1
1
1
1
1
0.999902
1
1
1
1
1
1
1
1
1
1
1
1
0.999999
1
1
1
1
1
1
1
1
1
1
1
1
1.00002
1
1
1
1
1
1
1
1
1
1
1
1
1
1
1
1
1
1
0.999986
1
1
1
1
1
1
1
1
1
1
1
1
1
0.99891
1
1
1
1
1
1
1
0.994047
1
1
1
1
1
1
1
1
1
1
1
1
0.999412
1
1
1
1
1
1
1
1
0.999999
1
1
1
1
0.999959
1
1
1
1
1
1
1
1
1
1
1
1
1
1
1
1
1
0.999999
0.999996
1
1
1
1
1
1
1
1
1
1
1
1
1
1
1
1
1
1
1
1
1
0.999959
1.00005
1
1
1
1
1
0.999999
1
1
1
1
1
1
1
1
1
1
1
1
1
1
1
1
1
1
1
1
1.00012
1
1.00084
1
1
1
1.00002
1
1
1
1
1
1
1
1
1
1
1
1
1
1
1
1
1
1
1
1
1
1.00001
1
1
1
1
1
1
1
1
0.999742
1
1
1
1
1
1
1
1
0.998459
1
1
1
1
1
1
1
1
1
1
1
1
1
1
1
1
0.999963
1
1
1
1
1
1
1
1
1
0.997215
1
1
1
1
0.999983
1
1
1
1
1
1
1
1
1
1.00002
1
1
1
1
1
1
0.99994
1
1
1
1
1
1
1
1
1
1
1
1
1
1
1
1
1.0001
1
1
1
1
1
1
1
1
1
1
1
1.00004
1
1
1
1
1
1
1
1
1
1
1
1
1
1
1
1
1
1
1
1
1
1
1
1
1
1
1
1
1
1
1
0.999609
1
1
1
1
1
1
1
1
1
1
1
0.999999
1
1.00001
1
1
1
1
1
1
1
1
1
1
1
1
1
1
1
1
1
1
1
1
1.00018
1
1
1
1
1
1
1
1
1
1
1
1
1
1
1
1
1
1
1
1
1
1
1
1
1
1
1
1
1
1
1
1
0.998424
0.993062
0.999991
1
1
1
1
1.00001
0.99984
1
1.00003
1
1
1
1
1
1
1
1
1
1
1
1
1
1
1
1
1
1
1
1
1
1
1
1
1
1
1
1
1
1
1
1
1
1
1
1
1
1
1
1
0.999993
1
1
0.999999
1
1
1
1
0.999991
1
1
1
1
0.999999
1
1.0029
1
1
1
1
1
1
1
0.999963
1
1
0.999999
0.999999
1
1
1
1
1
1
1.00001
1
1
1
1
1
1
1
1
1
1
1
1
1
1
1
1
1
1
1
1
1
1
1
1
1
1.00001
1
1
1
1
1
1
1
1
1
1
1
0.999078
1
1
1
1
0.999998
0.999997
1
1
0.999999
1
1.00004
0.998971
1
1
1
1
1
1.00002
1
1
1
1
0.999999
1
1.00001
1
1
1
1
1
1
1
1
1
1
1
1
0.999996
1
1
1
1
1
1
1
1
1
1
1
1
1
0.999603
1
1
1
1
1
1
1
1
1
1
1
1
1
1
1
1
1
1
1
1
1
1
1
1
1
1
1
1
1
1
1
0.998403
1
1
1
1
1
1
1
1
1
1
1
1
1
1
1
1
1
1
1
1
1
1
1
1
1
1
1
1.00028
1
1
1
1
1
0.999962
1
1
1
1
1
1
1
1
1
1
1
1
1
1
1
1
1
1
1
0.9994
1
1
1
1
1
1
1
1
1
1
1
1
1
0.999993
1
1
1
1
1
1
1
1
1
1
1
1
1
1
1
1
1
1
1
1
1
1
1
1
1
1
1
1
1
1
1
1
1
1
1
0.999671
1
1
1
1
1
1
1
1
1
1
0.999908
1
1
1
0.999999
1
1
0.999735
0.999988
1
1
1
1
1
1
1
0.999956
1
1
1
1
1
1.00013
1
1
1
1
1
1
1
1
1
1
1
1
1
1
1
1
1.00001
0.999999
1.00009
1
1
1
1
1
1
1
1
1
0.99995
1
1
1
1
1
1
1
1
1
1
1
1
1
1
0.999999
1
1
1
1
1
1
1
1
0.999562
1
1
1
1
1
1
1
1
1
1
1
1
1
1
1
1
1
1
1
1
1
1.00009
1.00001
1
0.999925
1
1
1
1
1
1
1.00017
1
1
1
1
1
1
1
1
1
1
1
1
1
1
1
1
1
1
1.00008
1
1
1
1.00019
1
1
1
1
0.999556
1.00001
1
1
1
1
0.996813
1
1
1
1.00001
1
1
1
1
1
1
1
1
1
1
1
1
1.00001
1
1
1
1
0.999999
1
1
0.999757
1
1
1
1
1
1
1.00001
1
1
1
1
1
1
1
1
1
1
1
1
1
1
1
1
1
1
1
1
1
1
1
1
1
0.999991
1
1
1
1
1
1
1
1
0.999999
1
1
1
1
1
1
1
1
1
1
1
1
1
1
1
1
1
1
1
1
1
1
1.00002
1
1
1
1
1
1
1
1
0.999708
1
1
1
1
1
1
1
0.999994
1
1
1
1
1
1
1
1
0.999985
1
1
1
1
1.00001
1
1
1
1
1
1
1.00001
1
1
1
1
1
1
1
1
1
1
1
1
1
1
1
1
1
1
1
1
1
1
1
1
1
1
1
1
1
1
1
1
1
1
1
1
1
1
1
1
1
1
1
1
1
1
0.998218
1
1
1
1
1
1
1
1
1
1
1.00265
1
1
1
1
1
1
1
1
1
1
1
1
1
1
1
1
1
1
1
1
1
1
0.994699
0.999998
1
1
1
1
1
1
1
1
1
1
1
1
1
1
1
1
1.00001
1
1
1
1
1
1
0.999999
1
1
1
1
1
1.00007
1
1
1
1
1
1
1
0.999978
1
1
1
1
1
1
1
1
1
1
1
1
1
1
1
1
0.999401
1
1
0.99868
1.00007
1
1
1.00002
1
1
1
1
1
0.999975
1
0.999921
1.00003
1
1
1
1
1
1
1
1
1
1
1
1
1.00002
1
1.00005
0.998534
1
1
1
1
1
1
1
1
1
1
1
1
1
0.998865
1
1
1
1
1
1
1
0.999921
1
0.999986
0.999991
1
1
1
1
1
1
1
1
1
1
0.999912
1
1
1
1
1.00001
1
1
1
0.999999
1
1
1
1
1
1
1
1
1
1
1
1
1
1
1
1
1
1
1
1
1
1
1
1
1
1
1
1
1
1
1
1
1
1
1
1
1
1
1
1.00005
1
1
1
1
1
1
1
1
1
0.996047
1
1
1
1
1
1
1
1
1
1
1
1
1
1
1
1
1
0.999976
1
1
0.999683
1
1
1
1
1
1
1.00004
1
1
1
0.998421
1
1
1
1
1
1
1
1
1
1
1
1
0.999811
1
1
0.999753
1
1
1
1
1
1
1
0.99999
1
1
1
1
1
1
1
1.00001
1
1
1
1
1
1
1
1
1
1
1
1
1
1
1
1
1.00001
0.997943
1
1
1
1
1
1
0.999984
1
1
1.00001
1
1
1
1
1
0.999738
1
1
1
1
1
1
1
1
1
1
1
1
1
1
0.999864
0.999887
1
1
1
1
0.997631
1
1.00015
1
1
1
1
1
1
1
1
1
1
0.999433
1
1
1
1
1
1
1
1
1
1
1
1
1
1
1
1
1
1
1
1
1
1
1
1
0.999999
1
1
1
1
1
1.00089
1
1
1
1
0.999599
1
1
1
1
1
1
1
1.00005
1
1
1
1
1
1
1
1
1
1.00001
1
1
1
1
1
1
1
1
1
1
1
1
1
1
1
1
1
1
1
1
1
1
1
1
1
0.998979
1
1
1
1
1
1
1
1
1
1
1
1
1
1
1
1
1
1
1
1
1.00031
0.999752
1
1
1
1
1
1
1
1
1.00001
1
1
1
1
1
1
1
1.00001
1
1.00002
1
1
1
0.999999
1
0.997125
1
1
1
1
1
1
1
1
1
1
1
1
1
1
1
1
1
1
1
1
1
1
1.00001
1
1
1
1
1
1
0.999997
1
1
1
0.997219
1.00013
1
1
1
1
1
1
1
1
1
1
1
1
1
1
1
1
1
1
1
1
0.999983
1
1
1
1
1
1
1
1
1.00001
1
1
1
1
1
1
1
1
1
1
1
1
1
1
1
1
1
1
1
1
1
1
1
1
1
0.999999
1
1.00001
1
1
1
1
1
1
1.00008
1
1
1
1
1
1
1
1
1
1
1
1
1
1
1
1
1
1
0.999219
1
1
1
1
1
1
1
1
1
0.998665
1
1
1
1
1
1
1
1
1
1
1
1.00001
1
1
1
1
1
1
1
1
1
1
1
1
1
1
1
1
1
1
1
1.00039
0.999999
1
0.999969
1
1
0.99025
1
1
1
1
1
1
1
1
1
1
1
1
1
1
1
1
1
1
1
1
1
1.00004
1
1.0002
1
1
1
1
1
1
1
1
0.99996
1
1
1
1
1
1
1
1
1
1
1
1
1
1
1
1
1
1
1
1
1
1
1
1
1
1
1
1
1
0.999899
1
1
1
1
1.00011
1
1
1.00001
1
1.00004
1
1
1
1
1
1
1
1
1
0.9995
1
1
1
1
1
1
1
1
1
1
1
1
1
1
0.999945
1
1
1
0.99862
1
1
1
1
0.999921
1
0.996597
1
1
1
1
1
1
1
1
1
1
1
1
1
1
1
0.999726
0.999998
1
1
1
1
1
1
1
1
1.00016
1
1
1
1
1
1
1
1
0.998866
1
0.999814
1
1
1
1
1
1
1
1
1
1
0.995682
1
1
1
1
1
1
1
1
1
1
1
1
1
1
1
0.999998
1
1
1
1
1
1
1
1
1
1
1
1
1
1
1
1
1
1
1
1
1
1
1
1
1
1
1
1
1
1
1
1
1
1
1
1
1
1
1
1
1
1
1
1
1
1
1
1
1
1
1
1
0.986146
0.999993
1
1
1
1
0.998136
1
1
1
1
1
1
1
1
1
1
1
1
1
1
1
1
1
1
1
1
1
1
1.00022
1
0.999976
1
1
1
1
1
1
0.999982
1
1
1
1
1
1.00002
1
1
1.00019
1
1
1
1
1
1
1
1
1
1
1
1
1
1
1
1
1
1
1
1
1
1
1
1
1
1.0001
1
1
1
1
1
1
1
1
1
1
1
0.999987
1
1
1
1
1
1
1
1
1
1
1
1
1
1
1
0.999995
1
1
1
1
1
1
1
1
1
1
1
1
1
1
1
1
1
1
1
1
1
1
1
1
1
1
0.999996
1
1
1
1
1
1
1
1
1
1
1
1
1
1
1
1
1
1
1
0.999993
1
1
1
1
1
1
1
1
1
1
1
1
1
1
1
1
1.00001
1
1
0.999785
1
0.999936
1
1
1
1
1
1
1
1
1
1
1
1
1
1
1
1
1
1
1
1
1
1
1
1.00017
1.00023
1
1
1
1
0.999565
1
1
1
1
0.999998
1
1
1
1
1
1
1
1
1
1
1
0.999986
1
1
1
1.00119
1
1
1.00001
1
1
1
1
1
1
1.00144
1
1
1
1
1
1
1
1
0.999988
1
1
1
1
1
1
1
1
1
1
1
1
1
1
1
1
0.999981
1
1
1
1
1
1
1
1
1
1
0.999117
1
1
1
1
1
1
1
1
1
1
1
1
1
1
1
1
1
0.999964
1
0.999998
1
1
1
1
1
1
1
1
1
1
1
1
1
1
1
1
1
1
1
1
1
0.996635
1
1
1
1.00006
1
1
1
1
1
1
1
1
1
1
1.00027
1
1.00009
1
1
0.999412
1
1
1
1
1
1
1
1
1
1
1
1
1
1
1
1
1
1
1
1
1
1
1
1
0.999291
1
1
1.00016
1
1
1
1
1
1
1
1
1
1
1
1
1
1
1
1
0.999857
1
1
1
1
0.999956
1
1
1
1
1
1
1
1
1.00006
1
0.999976
1
0.999755
1
0.999985
1
1
1
1
1
1
1
1
1
1
1
1
1
1
1
1
1
1
1
1
1
1
1
1
1
1
1
1
1
1
1
1
1
1
1
1
1
0.997271
1
1
1
1
1
1
1
1
0.999941
1
1
1
1
1
1
1
1
1
1
1
1
1
1
1
1
1
1
1
1
1
0.99994
1
1
1
1
1
1
1
1
1
1
1
1
1
0.994768
1
1
1
0.999829
1
1
1
1
1
1
1
1
1
1
1
1
0.978941
1
1
1.00201
1
1
1
1
1
1
1
1
1
1
1
1
1
1
1
1
1
1
1
1
1
1
1
1
1
1
1
1
1
1
1
1
1
1
1
1
1
1
1
1
1
1
1
1
1
1
1
1
1
1
1
1
0.999799
1
1
1
1
1
1
1
1
1
1
1
1
1
1
1
1
1
1
1
1
1
1
1
1
1
1
1
1
1
1
1
1
1
1
1
1
1
1
1
1
1
1
1
1
1
1
1
1
1
1
1
1
1
1
1
1
1
1
1
1
1
1
1
1
1
1
1
1
1
1
1
1
1
1
1
1
1
0.98768
1
1
1
1
1
1
0.999556
1
1
1
1
1
1
1
1
1
1
1
1
1
1
1
1
1
1
1
1
1
0.999996
1
1
1
1
1
1
1
1
1
1
1
1
1
1
1
1
1
1
1
1
1
1
1
1
1
1
1
1
1
1
1
1
1
1
1
1
1
1
1
1
1
1
1
0.999844
1
1
0.997947
1
1
1
1
1
1
1
1
1
1
1
1
1
1
1
1
1
1
1
1
1
1
1
1
1
1
1
1
1
1
1
1
1
1
1.00006
1
1
1
1
1
1
0.999977
1
1
1
1
1
1
1
1
0.99979
1
1
1
1
1
1.00003
1
1
1
1
1
1
1
1
1
1
0.999999
1
1
1
1
1
0.999995
1
1
1
0.992011
1
1
1
1
1
1
1
1
1
1
1
1
1
1
1
1
1
1
1
1
1
1
1
1
1
1
1
1
1
1
1
1
1
1
1
1.00001
1
1
1
0.999978
1
1
1
1
1
1
1
1
1
1
1
1
1
1
1
1
1
1
1.00002
1
1
1
1
1
1
1
1
1
1
1
1
1
1
1
1
1
0.999974
1
1
1
1
1
1
1
1
1
1
1
1
1
0.975427
1
1
1
1
1
1
1
1
1
1
1
1
1
1
1
1
1
1
1
1
1
1
1
1
1.00019
1
1
1
0.999405
1
1
1
1
1
1
1
1
1
1
1
1
1
1
1
1
1
1.00003
1
1
1
1
1
1.00002
1
1
1
1
1
1
1
0.999949
1
1
1
1
0.999998
1
1
1
0.99903
1
1
1
1
1
1
1
1
1
1
1
1
1
1
1
1
0.999999
1
1
1
1
1
1
1.00001
1
1
1
0.999999
1
1
1
1
1
1
1
1
1
1
1
1
1
1
1
1
1
1
1
1
1
1
1
1
1
1
1
1
1
0.998356
1
1
1
1
1
1
1
1
1
1
1
1
1
1
1
1
1
1
1.00015
1
1
1
1
0.999918
1
1
0.999999
1
1
1
1
1
1
1
1
1
1
1
1
1
1
1
1
1
1
1
1
1
0.999999
0.996873
1
1
1
1
1
1
1
1
1
1
1.00003
1
1
1
1
1
1
1
0.99922
1.00013
1
1
1
1
1
1
1
1
1
1
1
0.999997
1
1
1
1
1
1
1
1
1
1
1
1
1
1
1
1
1
1
0.997805
1
1
1
1
1
1
1
1
1
1
1
1
1
1
1
1
1
1
1
1
1
1
1
1
1
1
1
1
1
1
1
1
1
1
1
1
1
1
1
1
1
1
0.999976
1
1
1
1
1
1
1
1
1
1
1
1
1
1
1
1
1
1
1
1.00015
1
1
1
1
0.996898
1
1
1
1.00001
1
1
1
1
0.999996
1
1
1
0.973143
1
1
1
1
1
1
1
1
1
1
1
1
1
1
1
1
1.00001
1
1
1
1
1
1
1
1
1
1
1
1
1.00011
1
1
1
0.999986
1
1.00001
0.99885
1
1
1
1
0.999963
1
1
1
1.00001
1
1
1
1
1
1
1
1
1
1
1
0.996703
1
1
1
1
1
1
1
1
1
1
0.999994
1
1
1
1
1
1
1
1
1
1
1
1
1
1
1
1
1
1
1
1
1
1
1
0.999993
1
1
1
0.992949
1
1
0.999951
1.0002
1
1
1.00003
1
1
1
1
1
0.999727
1
1
1
1
1
0.999997
1
1
1
1
0.999989
1
1
1
1
0.997485
1
1
1
1
1
1
1
1
1
1
1
0.99997
1
1
1
1
1
1
1
1
1
1
1
0.999965
1
1
1
1
1
1.00002
1
1
1
1
1
1
1
1
1
1
1
1
1
1
1
1
1
1
1
1
1
1
1
1
1
1
1
1
1
1
1
1
1
1
1
1
1
1
0.999424
1
1
1
1
1
1
1
1
1
1.00004
1
1
1
1
1.00001
1
1
1
1
1
1
1
1
1
1
1
1
1
1
1
1
1
1
1
1
0.99994
1
1
1
1
1
1
1
1
1
1
1
1
0.999835
1
1
1
1
1
1
1
0.999433
1
1
1
1
1
1
1
1
1
1
1
1
1
1
1
1
1
0.999999
1
1
1
1
1
1
1
1
1
1
1
1
1
1
1
1
1
1
1
1
1
1
1
1
0.999999
1
1
1
1
1
1
1
1
1
1
1
1
1
0.996756
1
1
1
1
1
1.00002
1
1
1
1
1
1
1
1
1.00012
1
1
0.98733
1
1
1
1
1
1
1
1
1
1
1
1
1
1
1
1
1
1
1
1
1
1
1
1
0.998373
1
1
1
1
1
1
1
1
1
1
1
1
1
1
0.999654
1
1
1
1
1
1
1
1
1
1
1
1
1
1
1
1
1
1
1
1
1
1
1
1
1
1
1
1
1
1
1.00011
1
1
1
1
1
1
1
1
1
1
1
1
1
0.999983
1
1
0.998878
1
1
1
1
1
1
1
1
1
1
1
1
1
1
1
1
1
1
1
1
1
0.999983
1
1
1
1
1
1
1
1
1
1
1
1
1
1
1
1
1
1
1
1
1
1
1
1
1
1
1
0.999882
0.999999
1
1
1
1
1
1
1
1
1
1
1
1
1
1
1
0.999997
1
1
1
1
1
1
0.999944
1
1
1
1
1
1
1
1
1
1
1
1
1
1
1
1
1
1
1
1
1
1
0.999997
1
1
1
1
1
1
1
1
1
1
1
1
1
1.00038
1
1
1
1
1
1
1
1
1
1
1
1
1.00012
1
1
1
1
1
1
1
1
1
1
1
1
1
1
0.998109
1
1
1
1
1
1
1
1.0001
1
1
1
1
1
1
1
1
1
1
0.997278
1
1
1
1
1
1
0.999991
1
1
1
1
1
1
1
1
1
1
1
1
1
1
1
1
1
1
1
1
0.997436
1
1
1
1
1.00003
1
1
1
1
1
1
1
1
1
1
1.00013
1
1
1
1
1
1
1
1
1
1
1
1
1
1.00013
1
1
1
0.999999
1
1
1
1
1
1
1
1
0.997074
1
1
1
1
1
0.99985
1
1
1
1
1
1
1
1.00001
1
1
1
1
1
1
1
1
1
1
1
1
1
1
1
1
1
1
1
1
1
1
1
1
1
1
0.997556
1
1
1
1
1
1
1
1
1
1
1
1
1
1
1
1
1
1
1
1
1
1
0.999864
1
0.999522
1
1
1
1
1
1
1
1
1
1
1
1
1
1
1
1
0.99992
0.981994
0.999992
1
1
1
1
1
1
1
1
1
1
1
1
1
1
1
1
1
1
0.999999
1
0.999945
1
1
0.999998
1
1
0.99999
1
1
1
1
1
0.992495
1
1
1
0.999989
0.994318
1
1
1
1
1
1
1
1
1
1
1
1.00001
1
1
1
1
1
1
1
1
1
1
1
0.996213
1
1
1
1
1
1
1
1
1
0.999998
1
1
1
1
1
1
1
1
1
1
0.999436
1
1
1
1
1
1
1
1
1
0.999999
1
1
1.00001
)
;

boundaryField
{
    frontback
    {
        type            empty;
    }
    topbottom
    {
        type            zeroGradient;
    }
    outlet
    {
        type            zeroGradient;
    }
    inlet
    {
        type            fixedValue;
        value           uniform 1;
    }
    walls
    {
        type            zeroGradient;
    }
    procBoundary0to1
    {
        type            processor;
        value           nonuniform List<scalar> 
104
(
1
1
1
1
1
1
1
1
1
1.00001
1
1
1
1.00001
0.999975
1
1
1
0.999999
1
1
1
1
1
1
1
1
1
1
1
1
1
1
1
0.999088
1
1
1
1
1
1
1
0.996181
1
1
1
1
1
1
1
1
1
1
1
1.00035
1
1
1
1
1
1
1
1
1
1
1
1
1
1
1
1
1
1
1
1
1
1
1
1
1
1
1.00014
1
1
1
1
1
1
1
1
1
1
1
1
1
1
1
1
1
1
1
1
1
1
)
;
    }
    procBoundary0to2
    {
        type            processor;
        value           nonuniform List<scalar> 
83
(
1
1
1
1
1
1
1
1
1
1
1
1
1
1
1
1
1
1
1
1
1
1
1
1
1
1
1
1
1
1
1
1
1
1
1
1
1
1
1
1
1
1
1
1
1
1
1
1
1
1
1
1
1
1
1
1
1
1
1
1
1
1
0.999633
1
1
1
1
1
1
1
1
1
1
1
1
1
1
1
1
1
1
1
1
)
;
    }
}


// ************************************************************************* //
