/*--------------------------------*- C++ -*----------------------------------*\
| =========                 |                                                 |
| \\      /  F ield         | OpenFOAM: The Open Source CFD Toolbox           |
|  \\    /   O peration     | Version:  v2012                                 |
|   \\  /    A nd           | Website:  www.openfoam.com                      |
|    \\/     M anipulation  |                                                 |
\*---------------------------------------------------------------------------*/
FoamFile
{
    version     2.0;
    format      ascii;
    class       volScalarField;
    location    "50";
    object      gammaInt_0;
}
// * * * * * * * * * * * * * * * * * * * * * * * * * * * * * * * * * * * * * //

dimensions      [0 0 0 0 0 0 0];


internalField   nonuniform List<scalar> 
13917
(
1
1
1
1
1
1
1
1
1
1
1
1
1
1
1
1
1
1
1
1
1
1
1
1
1
1
1
1
1
1
1
1
1
1
1
0.997886
1
1
1
1
1
1
1
1
1
1
1
1
1
1
1
1
1
1
1
1
1
1
1
1
1
1
1
1
1
0.998676
1
1
1.00002
1
1
1
1
1
1
1
1
1
1
1
1
1
1
1
1
1
1
0.987063
1
1
1
1
1
1
1.00267
1
1
1
1
1
1
1
1
1
1
1
1
1
1
1
1
1
1
1
1
1
1
1
1
1
1
1.00002
1
1
1
1
1
1
1
1
1
1
1
1
0.99992
1
1
1
1
1
1.00017
1
1
1
1
1
1
1
1
1
1
1
1
1
1
1
1
0.999947
1
0.999948
1
1
1
1
1
1
1
1
1
1
1
1
1
1
1
1
1
1
1
1
1
1
1
1
1
1
1.00004
1
1
1
1.00004
1
1.00003
1
1
1
1
1
1
1.00065
1
1
1
1
1
0.996382
1
1
1
1
1
1
1
1
1
1
1
1
1
1
1
1
1
1
1
1
0.999881
1
1
0.998469
1
1
1
1
1
1
1
1
1
1
1
0.999997
1
1.00003
1
1
1
1
1
1
1
1
1
1
1
1
1
1
1
1
1
1
1
1.00072
1
1
1
1.00002
1
1
1
1
1
1
1
1
0.997451
1
1
1
1
1
1
1
1
1
1
1.00011
1
1
1.00009
1
1
1
1
1
1
1
1
1
1
1
1
1
1
1
1
1
1
1
1
1
1
1
1.00001
1
1
1
1
1
1
1
1
1
0.999898
1
1
0.999997
1
1
1
1
1
1
1
1
1
1
1
1
1
1
1
1
1
1
1
1
1
1.00016
1
1
1
0.9997
1
1
1
1
1.00008
1
1
1
1
1
1
1
1
1
1
1
1.00044
1
1
1
1
1
1
1
1
1
1
1
1
1
1
1
1
1
1
1
0.9999
1
1.00025
1
1
1
1
1
1
1
1
1
1
1
1
1
1
1
1
1
1
1
1
0.999996
1
1
1
1
1.00005
1
1
1
1
0.999998
1
1
1
1
1
1
1
1
1
1
1
1
1.00019
1
1
1
1
1
1
1
1
1
1
1
1
1
1
0.998051
1
1
1
1
1
1
1
1
1.0008
1
1
1
1
1
1
1
1
1
1
1
1
1
1
1
0.999721
1
1
1
1
1
1
1
1
1
0.996466
1
1
1
1
1
1
1
1
1
1
1
1
1
0.999998
1
1
0.999808
1
1
1
0.999959
1
1
1
1
1
1
1
1
1
1
1
1
1.00065
1
1
1
1
1
0.999772
1
1.00013
1
1
1
1
1
1
1
1
1
1
1
1
1.00034
1
1
1
1
1
1
1
1.00008
1
1
0.997144
1
1
1
1
1
1
0.996622
1
1
1.0001
1
1
1
1
1
1
1
1.00002
1
1
1
1.00014
1
1
1
1
1
1
1
1
1
1
1
1
1
1
1
1
0.995869
1
1
1
1
1
1.00002
1
1
1
1
1
1
1
1
1
0.999998
1
1
1
1
1
1
1
1
1
1
1
1
1
1
1
1
1
1
1
0.99996
1
1.00038
1
0.999992
1
1
1
1
1
1
1
1
1
1
0.99996
1
1
1
0.999996
1
0.998204
1
1
1
1
1
1
1
0.999572
1
1
1
1
1
1
1
1
1
1
0.997149
0.99995
1
1
1
1
1
1
1
1
1
1
1
1
1
1
1
1
1
1
1
1
1
1
1
1
1
1
1
1
1
1
1
1
1
1
1
1
1
1
1
0.999975
1
1.00043
0.999908
1
1
1
1
1
1
1
1
1
1
1
1
1
1
1
1
1
1
1
1
1
1
1
1
1
1
1
1
1
1
1
1
1
1
1
1
1
1
1.00001
1
1
1
1
1
1
1
1
0.999777
1
1
1
1
1
1
1
1
1
1
1
1
1
1
1
1
1
1
1
1
1
1
1
1
1
1
1
0.997821
1
1
1
1
1
1
1
1.00016
1
1
1
1
1
1
1
1
1
1
1
1
1
1
1
1
1
1
0.998679
1
0.990111
1
1
1
1
1.00018
1
1.00013
1
1
1
1
1
1
1
1
1
1
1
1
1
1
1
1
1
1
1
1
1
1
1
1
1
1
1
1
1
1
1
1
0.999999
1
1
1
1
1
1
1
1.00004
1
1
1
1
1
1
1
1
1
1
1
1
0.999995
1
1
1
0.999815
1
1
1
1
1
1
1
1
1
1
1
1
1
1
1
1
1
1
1
1
1
1
1
1
1
1
1
1
1
1
1
1
1
1
1
1
0.999986
1
1
1
1
1
1
1
1
1
1
1
1
1
0.999999
1
1
1
1
1
1
1
1
1
1
1
1
1
1.00011
0.994497
1
0.997835
1
1
1
1
1
1
1
1
1
1
0.999353
1
1
1
1
1
1
1
1
1
1
1
1
1
1
1
1
1
1
1
1
1
1
1
1
1
1.00012
1
1
1
1.00029
1
1
1
1
1
1
1
1
1
1
1
1
1
1
1
1
1
1
1
1
1
1
1
1
1
1
1.00036
1
0.999999
1
1
1
1
1
1
1
1
1
1
1
1
1
1
1
1
1
1
1
1
1
1
1
1
1
1
1
1
1
1
1
1
1
1
0.99998
1
1
1
1
1
1
1
1
0.999998
1
1
1
1
1
1.00035
1
0.999509
1
1
1
1
1
1
1
1
1
1
1
1
1
1
1
1.00079
1
1
1
1
1
1
1
1
1
1
1
1
1
1
1
1
1
1
1.00053
1
1
1
1
1
1
1
1
1
1
1
1
1
1
1
1
1
1.00032
1
1.00001
1
1
1
1
1
1
1
1
1
1
0.999999
1
1
1
1
1
1
0.999768
1
1
1
1
1
1
1
0.999998
1
1
1
1
0.999998
1
1
1
1
1
0.990833
1
0.999888
1
1
1
0.99769
1
1
1
1
1
1
1
1
1
1
1
1
1
1
1
1
1.00011
1
0.999993
1
1
1
1
1
0.99999
1
1
1
0.999998
1
1
1
1
1
1
1
1
1
1
1
1
1
1
1
1
1
1
1.00006
1
1
1
1
1
1
1
1
1
1
1.00039
1
1
1
1
1
1
0.999999
1
1
1
1
1
1
1
1
1
1
1
0.996667
1
1
1
1
1
1
1
1
1
1
1
1
1
1
1
1
1
1
1
1
1
1
1
1
1
1
1
1
1
1
1
1
1
1
1
1
1
1
1
1
1
1
1
1
1
1
1
1
1
1
1
1
1
1
1
1
1
1.00038
0.999126
1
1
1
1
1
1
1
1
1
1
1
1
1
1
1
1
1
1
1
1
1
1
1
1
1
1
1
1
1
1
1
1
1
1
1
1
1
1
1
1
1
1.00017
1
1
1
1
1
1
1
1.00001
1
1
1
1
1
1
1
1
1
1
1
1.0002
1
1
1
1
1
1
1
1
1
1
1
1
1
1
1
1
1
1
1
1
1
1
1
1
1
1
1
1
1
1
1
1
1
1
1
1
1
1
1
1
1
1
1
1
1
0.999895
1
1
1.00021
1
1
1
1
1
1
1
1
1
1
0.997915
1
1
0.994696
1
1
1
1
1
1
1.00007
1
1.00005
1
1
1
1
1
1
1
1
1
0.99988
1
1
1
1
1.00001
1
1
1
1
1
1
1
1
1
0.999926
1
1
1
1
1
1
1
1
1
1.00002
1
1
1
1
1
1
1.00009
1
1
1
1
1
1
0.995382
1
1
0.997989
0.999442
1
1
1
1
1
1
1
1
1
1
1
1.00009
0.996983
1
1
1
1
1
1
0.998795
1.00078
1
1
1
1
1
1
1
1
1
1
1
1
1
1
1
1
1
1
1
1
1
1
1
1
0.999996
1
1
1
1
1
1
1
1
1
1
1
1
1
1
0.999845
1
1
1
0.999943
1
1
1
1.00487
1.00048
1
1
1
1
1
1
1
1
1
1
1
1
1.00001
1
1
1
1
1
1
1
1
1
1
1
1
1
1
1
1
1
1
1
1
1
1
1.00001
1
0.997824
1
1
1
1
1
1
1
1
1
1
1
1
1
1
0.999934
1
1
1
1
1
1
1
1
1
1.00001
1
1
1
1
1
1
1
1
1
1
1
1
1
0.997631
1
1
1
1
1
1
1
1
1
1
1
1
0.999995
1.00018
1
1
1
1
1
1
1
1
1
1
1.00115
1
1
1
1
1
1
0.999986
1
1
1
1
1
1
1
1
1
1
1
1
1
1
1.00001
1
1
1
1
1.00023
1
1
1
1
1
1
1
1
1
1
1
1
1
1
1
1
1
1
1
1
1
1
1
0.999998
1
1
1
0.999995
1
1
1
1
0.999977
1
1
0.999994
1
0.999895
1
1
1
1
1
1
1
1
1
1
1
1
1
1
1
1
1
1.00002
1
1
1
1
1
1
1
1
1
1
1.00002
1
1
1
1
1
1
1
1
1
1
1
1
0.997033
0.99972
1
1
1
1
1
1
1
1
1
1
1
1
1
1
1
1
1
1
1
1
1
0.999968
0.99823
0.999892
1
1
0.999954
1
1
1
1
1
1
1
1
1
1
1
1
1
1
1
1
1
1
1
1
1
1
1
1
1
1
1
1
1
1
1
1
1
1
1
1
1
1
1
1
1
0.983046
1.00068
1
1
1.00002
1
1
1
1
1
1
1
1
1
1
1
1
1
1
1
1
1
1
1
1
1
1
1.00001
1
1
1
1.00051
1
1
1
1
1
1
1
0.998271
0.9999
1.00001
1.00006
1
1
1
1
1
1
1
1
1
1
1
1
1
1
1
1
1
1
1
1
1
1
0.999996
1
1
1
0.9993
1
1
1
1
1
1
1
1
1
1
1
1
1
1
1
1
1
1
1
1
1
1
1
1
1
1
1
1
1
1
1
0.999992
1
1
1
1
1
1
1
1
1
1
1
1
1
1
1
1
1
1
1
1
1
0.999995
1
1
1
1
0.999996
1
1
1
1
1
1
1.00006
1
1
1
1
1
1
1
1
1
1
1
1
1
1
1
1
1
1
1
1
1
1
1
1
1
1
1
1
1
1
1
0.999946
1
1.00008
0.999631
1
1
1
1.00011
1
1
1
1
1
0.998864
1
1
1
1
1
1.00006
1
1
1
1
1
1
1
1
1
1
1
1
1
1
1
1
1
1
1
1
1
1
1
1.00004
1
1
1
1
1
1
1
1
1
1
1
1
1
0.998311
1
1
1
1
1
1
1
1
0.999954
1
1
1
1
1
1
1.00008
1
1
1
1
1
1
1
1
1
1
1
1
1.00009
1
1
1
1
1
1
1
1
1
1.00035
1
1
1
1
1
1
1
1
1
1
1
1
1
1.00146
1
1
1
1
1
1
1
1
1
1
1
1
0.999963
1
1
1
0.999998
1
1
1
1
1
1
1
1
0.999999
0.99998
1
1
1
0.991596
1
1
1
1
1
1
0.999527
1
1
1
1
1
0.999976
1
1
1
1
1
0.999895
1
1
1
1
1
1
1
1
1
1
1
1
1
1
1
1.00001
1
1
1
1
1
1
1
1
1.00001
1
1
1
1
1
1
1
1
1
1
1
1
1
1
1
1
1
1
1
1
1
1
1
1
0.999999
1
1
1
1
1
1
1
1
0.999347
1
1
1
1
1
1
1
1
1
1
1
1.00001
1
1
0.99999
1
1
1
1
1
1
1
1
1
1
1
0.999019
1
1
0.999644
1
1
1
1
1
1
1
1
1
1.00003
1
1
1
1
1
1
1
1
1
1
1
1
1
1
1
1
1
1
1
1
1
1.00013
1
1
1
1
1.00001
1
1
1
1
1
1
1
1
1
1
1
1
0.999992
1
1
1
1
1
1
1
1
1
1
1
1
1.00002
1
1
1.00089
1
1
1
1
1
1
1
0.999726
1
1
1
1
1
1
1
1
1
1
0.999731
1
1
1
1
1
1
1
1
1
1
1
1
1
1
1
1
1
1
1
1
1
1
1
1.00001
1
0.999975
1
1.00002
1
1
1
1.00001
0.999916
1
1
1
1
1
1
1
0.99978
1
0.989305
1
1
1
1
1
1
1
1
1
1
1
0.997891
1
1
1
1
0.998348
1
1
0.993927
1
1
1
1
1
1
1
1
1
1
1
1
1
1
1
1
1
1
1
1
1
1.00003
0.972286
1
1
1
1
1
1
1
0.999999
1
1.00002
1
1
1
1
0.999999
1
1
1
1
1
1
1
1
1
1
1
1
1
1
1
1
1
1
1
1
1
1
1
1
0.999834
1
1.00004
1
1
1
0.991694
1
1
1
1
1
0.999987
1
1
1
1
1
1
1
1
1
1
1
0.99998
1
1.00002
1
1
1
1
1
1
1
1.00006
1
1
1
1
1
1
1
1
1
1
0.99896
1
1
1
1
1
1
1
1
1
1
1
1
1
0.999995
1
1
1
1
1
1
1
1
1
1
1
1
1
1
0.998049
1
1
1
1
1
1
1
1
1
1
1
1
1
1
1
1
1
1
1
1
1
1
1
1
1
1
1
0.997565
1
1
0.998653
1
1
1
1.00044
1
1
1
1.00009
1
1
1
1.00003
1
1
1
1
0.999878
0.99998
1
1
1
1
1
1
1
1
1
1
1
1
1
1
1
1
1
1
1
1
1
1
1
1
1
1
1
1
1
1
1
1
1
1
1
1
1
1
1
1
1
1
1
1
1
1
1
1
1
1
1
0.994056
1
1
1
1
1
1
1
1
1
1
1
1
1
1
1
1
1
1
1
1
1
1
1.00001
1
1
1
0.991651
1
1
1
1
1
1
1.0002
1
1
1
1
1
0.999992
1
0.999237
1
1
1
1
1
1
0.999767
1
1
1
1
1
1
1
1
1
1
1
1
1
1
1
1
1
1
1
1
1
1
1.00003
1
1
1
1
1
1
1
1
1
1
1
1
1
1
1
1
1
1
0.999706
0.999996
1
1
1
1
1
1
1
1
1
1
1
0.998532
1
1
1
1
1
1
1
1
1
1
1
1
1
1
0.999916
1
1.001
1
1
1
1
1
1
1
1
1
1
1
1
0.999999
1
1
1
1
1
1
1
1
1
1
1
1
1
1
1
1
0.999999
1
1
1
1
1
1
1
1
0.998731
1
1
1
1
1
1
1
1
1
1
1
1
1
1
1
1
1
1
1
1
1
1
1
1
1
1
1
1.00001
1
1
1
1
1
1
1
1
1
1
1
0.999996
1
1
0.998887
1
1
1
1
1
1
1
1
1
1
1.00031
1
1
1
1
1
1
1
1
1
1
1
1
1
1
1
0.99494
1
1
1
1
1
1
1
0.994967
1
1
1.00002
1
0.999717
1
1
0.999972
1
1
1
1
1
1
0.999999
1
1
1
1
1
1.00059
1
1
1
1
1
1
1
1
1
1
1
1
1
1
1
1
1
1
1
1
1
1
1
1
0.999992
1
1
0.99998
1
1
1
1
0.999949
1
1
1
1
1
1
1
1
1
1
1
1
1
1
1
1
1
1
1
1
1
1
0.993072
1
1
1
1
1
1
1
1
1.00004
1
1
1
1
1
1
1
1
0.999949
0.999976
1
1
1.00093
1
1
1
1
1
1
1
1
1
1
1
1.00004
1
1
1
1
1
1
1
1
1
1
1
1
1
1
1
1
1
1
0.995497
1
1
1
1
1.00033
1
1
1
1
1
1
1
1
1
1
1
1
1
1
1
1
1
1
1
1
1
1
1
1
1
1
1
1
1
1
1
1
1
1
1
1
1
1
1
1
1
1
1
1
0.999038
1
0.979106
1
1
1
1
1
1
1
1
1
1
1
1
1
1
1
1
1
1
0.996684
1
1
1
1
1
1
1
1
1.00002
1
1
1
1
1
1
1
1
1
1
1
1
1
1
1
1
1
1
1
1
1
1
1
1
1
1
1
1
1
1
1
1
1
1
1
1
1
1
1
0.997294
1
1
1
1
1
1
1
1
1
1
1
1
1
1
1
1
1.00012
1
1
1
1
1
1
1
1
1
1
1
1
1
1
1
1
1.00001
1
1
1
1
1
1
1
1
1
1
1.00002
1
0.999655
0.999547
1
1
1
1
1
1.00028
1
1
1
1
1
1
1
1
1
1
1.00046
1
1
1
1.00009
1
0.999822
1
1
1
0.998749
1
1
1
1
1
0.996544
1
1
1
1.00002
1
1
1
1
1
1
1
1
1
1
1.00005
1
1
1
1
1
1
1
1
1
1
1
1.00002
0.999947
1
1
1
1
1
1.00095
1
1
1
1
1
1
1
1
1
1
1
1
1
1
1
1
1
1.00004
1
1
1
1.00233
1
1
1
1
1.00022
1
0.999981
1
1
1
1
0.999997
1
1
1
1
1
1
1.00001
1
1
1
1
1
1
1
1
0.999942
1
1
1
1
1
1
0.975606
1
1
1
1
1
1
1
1
1
1
1
1
1
1
0.999997
1
1
1
1
1
1
1
1
1
1
1
1
1
1
1
1
1
1
1
1
1
1
1
1
1
1
1
1
1
1
1
1
1
1
1
1
1
1
1
1
0.988857
1
1
1
1
1
0.999983
1
1
1
1
1
1
1
1
1
1
1
1
1
1
1
1
1
1
1
1
1
1
1
1
1
1
1
1
1
1
0.999987
1
1
1
1
1
1
1
1
1
1
1
1
0.999979
1
1
1
1
1
1
1
1
1
1
1
1
1
1
1
1
1
1.00002
1
1
1.00006
1
1
1
1
1
1
1
1
1
1
1
1
1
1
1
1
1
1
1
1
1
1
0.99808
1.00002
1
1
0.999966
1
1
1
1
1
1
1
1
1
1
1
1
1
1
1
1
1
1
1
1
1
1
1
1
1
1
1
1
1
1
1
1
1
1
0.997021
1
1
1
1
1
1
1
1
1
1
1
1
1
1
1
1
1
1
1
1
1
1
1
1
1
1
1
1
1
1
1
1
1
1
1
1
1
1
1
1
1
1
1
0.999996
1
1.00035
0.999974
1
1
1
1
1
1
0.992491
0.999911
1
1
1
1
1
1
1
1
1
1
1
1
1
0.999876
1
1
1
0.99795
1
1
1
0.999964
1
0.999654
0.99937
1
1
1
0.999997
1
1
1
1
1
1
1
1
1
1
1
1
1
1
1
1
1
1
1
1
1
1
1
1
1
1
1
0.999996
1
0.999988
1
1
1
1
1
1.00001
1
1
0.999997
1
1
1.00008
1
1
1
1
1
1
1
1
1.00005
1
1
1
1
1
1
1
1
1
1.00003
1
1
1
1
1
1
1
1
1
1
1
1
1
0.999999
1
1
1
1
1
1
1
1
0.999999
0.999965
1
1
1
1
0.999999
1
1
1
1
1
1
1
1
0.999109
1
1
1
1
1.00089
1
1
1
0.995641
1
1
1
1
1
0.999999
0.999753
1
1
1
1
1
1
1
1
1
1
1
1
1
1
1
1
1
1
1
1
1
1
1
0.994553
1
1
1
1
1
1
1
1.00009
1
1
1.00235
1
1
1
1
1
1
1
1
1
1
1
1
1
1
1
1
0.999999
1
1
1
1
1
1
1
1
1
1
1
1
1
1
1
1
1
1
1
1
1
1
1.00064
1
1
1
1
1
1
1
1
1
1
0.999989
1
1
1
1
1
1
1.00141
1
1
1
1
1.00001
1
1
1
1
1
1
1
1
1
1
0.999986
1
1
1
1
1
1
1
1
1
0.999843
1
1
1
1
1
1
1
1
1
1
1
1
1
1
1
1
0.999907
1
1
1
1
0.999995
1
1
1
1
1
1
1
1
1
0.999966
1
1
1
1
1
1
0.999991
1
1
1
1
1
1
1
1
1
1
1
0.999851
1
1
1
1
1
1
1
1
1
1
1
1
1
1
0.998324
1
1
1
1
1
1
1
1
1
1
1
1
1
1
1
0.999966
1
1
1
1
1
1
1
1
0.999921
1
1
1
1
1
1
1
1
1
0.999275
1
1
1
1
1
1
1
1
1
1
1
1
1
1
1
1
0.998256
1
1
1
1
1
1
1
1
1
1
1
1
1
1
1
1
1
1
1
1
1
1
1
1
1
1
1
1
1
1
1
1
1
1
1
1
1
1
1
1
1
1
1
1
1.00089
1
1
1
1
1
1
1
1
1.0001
1
1
1
1
1
1
1
1
1
1
1
1
1
1
1
1
1
1
1
1
1
1
1
1
1
1
1
1
1
1
1
1
1
0.999964
1
1
1
1
1
1
1
1
1
0.999999
1.00001
1
1
1.00002
1
1
1
1
1
1
1
1
1
1
1
1
1
1
1
1
1
1
1
1
1
1
1
1
1
1
1
1
1
1
0.999986
1
1
1
1
1
1
1
1
1
1
1
1
1
1
1
1
1
1
1
1
1
1
1
1
1
1
1
1
1
1
1
0.999384
1
1
1
1
1
1
1
1
1
0.999715
1
1
0.999993
1
1
0.999943
1
1
1
1
1
1
1
1
1
1
1
1
1
1
1
1
1
1
1.00314
1
1
1
1
1
1
0.999784
1
1
1
1
1
1
1
1
1
1
1
1
1
1
1
1.00001
1
1
1
1
1
1
1
1
1
1
1
1
1
1
1
1
0.999996
1
1
1
1
1
1
1
1
1
1
1
1
1
1
1
1
1
1
1
1
1
1
1
1
1
1
1
1
1
1
1
1
1
1
1
1
1
1
1
1
1
1
1
1
1
1
1
1
1
1
1
1
1
1
1.00001
1
1
1
1
1
1
1
1
1
0.999227
1
1
1
1
1
1.00004
1
0.998407
1
1
1
1
1
1
1
1
1
1
1
1
1
1
1
1
1
1
1
1
1
1
1
1
1
1
1
1
0.999973
1
1
1
1
1
1
1
1
1
1
1
1
1.00003
1
1
1
1
1
1
1
1
1
1
1
0.999999
0.999997
1
1
1
1
1
1
1
1
1
1
0.999995
1
1
1
1
1
1
1
1
1
1.00001
1
1
1
1
1
1
1
1
1
1
1
1
1
0.999676
1
1
1
1
1
1
1
1
1
1
1
1
1
0.999987
1
1
1
1
1
1
1
1
1
1
1
1
1
1
1
1
1
0.999877
0.999976
1
1
1
1
1
1
1
1
1
1
1
1
1
1
1
1
1.002
1
1.00001
1
1
1
1
1
1
1
1
1
1
0.999998
1
1
0.999836
1
1
0.999993
1
1
1
1
1
1
1
1
1
0.999655
1
1
1
1
1
1.00002
1
1
1
0.999986
1
1
1
1
1
1
1
1
1
1
1
1
1
0.999986
1
1
1
1
1
1
1
1
1
1
1
0.999998
1
1
1
1
1
0.999989
1
0.995248
1
1
1
0.999976
1
1
1
1
1
1
1
1
1
1
1
1
1
1
1
0.999513
1
1
1
1
1
1
0.996474
1
1
1
1
1
0.999986
1
1
1
0.999997
1
1
1
1
1
1
1
1
0.993474
0.999977
1
1
1
1
1.00003
1
1
1
1
1
1
1
1
0.99491
1
1
1
1
1
1
1
1
1
1
1
1
1
0.999131
1
1
0.998124
1
1
1
1
1
1
1
1
1
1
1
1
1
1
1
1
1
1
1
1
1
1
1
1
0.99997
1
1
1
1
1
1
1
1
1
1
1
1
1
1
1
1
1
1
1
1
1
1
1
1
1
1
1
1
1
1
1
1
1
0.994178
1
1
1
1
1.00004
1
1
1
1
1
1
1
1
1
1
1
1
1
1
1
1
1
1
1
1
1
1
1
1
1
1.00001
1
1
1
1
1
1
1
1
1
1
1
1
1
1
1
1
1
1.00002
1
1
1
1
1
1
1
1
1
1
1
1
1
1
1
1
1
1
1
1
1
1
1
1
1
1
1.00005
1
1
1
0.99976
1
1
1.00002
1
1
1
1
1
1
0.999998
1
0.999998
1
1
1
1
1
1
1
1
1
1
1
1
1
1
1
1
1
1
1
1
1
1
1
1
1
1
1
1
1
1
1
1
1
1
1
1
1
1
1
1
1
1
1
1
1
1
1
1
1
1
1
0.999979
1
1
1
1
1
1
1
1
1
1
1
1.00011
1
1
1
1
1
1
1
1
1
1
1
1
1
1
1
1
1
1
1
1
1
1
1
1
1
1
1
1
1
1
1
1
1
1
1
1
1
1
1.00032
1
1.00144
1
1
1
1
1
1
1
1
1.00039
1
1
1
1
1
0.99617
1
1
1
1
1
1
1
1
1
1
1
1
0.999306
1
1
1
1
1
1
1
1
1
1.00002
1
1
1
1
1
1
1
1
1
1
1
1
1
1
1
1
1
1
1
1
1
1
1
1
1
1
1
1
1
1
1
1
1
1
1
1
1
1.0003
1
1
1
1
1
1
1
1
1
1
1
1
1
1
0.9988
1
1
1
1
1
1
1
1
1
1
1
1
1
1
1
1
1
1
1
1
1
1
1
1
1
1
0.999963
1
1.00012
1
1
1
0.994203
1
1
1
1
1
1
0.999989
1
1
1
1
1
1
1
1
1
0.999888
1
1
1
1
1
1
1
1
1
1
1
0.999936
1
1
1
1
1
1
1
1
0.996716
1
1
1
1
1
1
0.999956
1
1
1
1
1
1
1
1
1
1
1
1
1
1
1
1
1
1
1
1
1
1
1
1
1
1
1
1
1
1
1
1
1
0.994106
1
1
1
1
1
1
1
1
1
1
1
1
1
1
1
1.00007
1
1
0.99992
0.995636
1
1
1
1
1
1
1
1
1
1
1
1
1
1
1
1
1
0.999969
1
1
0.999996
1
1
1
1
1
1
1
1
1
1
0.994247
1
1
1.00022
1
1
1
1
1
1
1
1
1.00002
1
1
1
1
1
1
1
1
1
1
0.99998
1
1
1
1
1
1
1
1
1
1
1.00036
1
1
1
0.998038
1
1
1
1
1
1
1
1
1
1
1
1
1
1.00014
1
1
1
1
1
1
1
1
1
1
1
1
1
1
1
1
1
1
1
1
1
1
1
1
1
1
1
1
1
1
1
1
1
1
0.989094
1
1
1
1
1
1
1
1
1
1
1
1
1
1
1
0.999998
1
0.999996
1
1
1
1
1
1.00002
1
1
1
1
1
1
1
1
0.999985
1
1
1
1
1
1
1
1
1
1
1
1
1
1
1
1
1
1
1
1
1
1
1
1
1
1
1
1
1
0.991783
1
1
1
1
1
1
1
1
1
1
1
1
1
1
1
1
1
1
1
1
1
1
1
1
1
1
1
1
1
1
1
1
1
1
1
1
1
1
1
1
1
1
1
1
1
1
1
1
1
1
1
1
1
1
1
1
0.999999
1
1
1
1
1
1
1
1
0.997202
1
1
1
1
1
1
1
1
1
1
1
1
1
1
1
1
1
1
1
1
1
1
1
1
0.99998
1
1
1
1
1
1
1
1
0.999997
1
1
0.999993
1
1
1
0.999975
1
1
1
1
1
1
1
1
1
1
1
1
1
1
1
1
0.999963
1
1
1
1
1
1
1
1.00001
1
0.999276
1
1
1
1
1
1
1
1
1
1
1
1
1
1
1
1
1
1
1
1
1
1
1
1
1
1
1
1
1
1
1
1
1
1
1
1
1
1
1
1
1
1
1
1
1
1
1
1
1
1
1
1
1
1
1
1
1
1
1
1
1
1
1
1
1
1
1
1
1
1
1
1
1
0.999947
1
1
1
1
1
1
1
1
1
1
1
1
1
1
1
1
1
1
1
1
1
1
1
1
1
1
1
1
1
1
1
1
1
1
1
1
1
1.00014
1
1
1
1
1
1
1
1
1
1
1
1
1
1
1
1.00003
1
1
1
1
1
1
1
1
1
1
1
1
1
1
1
1
1
1
1
1
0.999862
1
1
1
1
1
1
1
1
1
1
1
1
1
1
1
1
1
1
1
1
1
1
1
1
1
1
1
1
1
1
1
1
1
1
1
1
1
1
1
1
0.999996
1
1
1
1
1
1
1
1
1
1
1
1
1
1
1
1
1
1.00002
1
1
1
1
1
1
1
1
0.999979
0.999728
1
1
1
1
1
1
1
1
1
0.999108
1
1
1
1
1
1
1
1
1
1
1
1
1
1
1
1
1
1
1
1
1
1
1
1
0.999887
1
1
1
1
1
1
1
1
1
1
1
1
1
1
1
1
1
1
1.00116
1
1
1
1
1
1
1
1
1
1
1
1
1
1
1
1
1
1
0.993637
1
1
1
1
1
1
1
1
1
0.993768
1
1
1
1
1
1
1
1
1
1
1
1
1
1
0.997516
1
1
1
1
1
1
1
1
1
0.999989
1
1
1
1
1
1
1
1
1
1
1
1
1
1
1
1
1
1
1
1
1
1
0.999979
1
1
0.999985
1
1
1
1
1
1
1
1
1
1
1
1
1
1
0.999926
1
1
1
1
0.999998
1
1
1
1
1
1
1
1
1
1
1
1
1
1
1
1
1
0.998781
1
1
1
1
1
0.999997
1
1
0.998874
1
1
1
1
1
1
1
1
1
1
1
1
1
1
1
1
1
1
0.999981
1
1
1
0.99997
1
1
1
1
1
1
1
1
0.998952
1
1
1
1
1
1
0.997405
1
1
1
1
1
1
1
1.00001
1
1
1
1
1
1
1
1
0.999883
1
1
1
1
1
1
1
1
1
1
1
1
1
1
1
1
1.00001
1
1
1
1
1
1
1
1
1
1
1
1
1
1
1
1
1
1
1
1
1
1
1
1
1
1
1
1.00058
1
1
1
1
0.99939
1
1
1
1
1
0.996881
1
1
1
1
1
1
1
1
1
1
1
1
1
1
1
1
1
1
1
1
1
1
1
1
1
1
1
1
1
1
1
1
1
1
1
1
1
1
1
1
1
1
1
1
1
1
1
1
1
1
1
1
1
1
1
1
1
1
1
1
1
0.99999
1
1
1
1
0.999999
1
1
1
1
1
1
1
0.999083
1
1
1
1
1
1
1
1
1
1
1
1
1
1
1
1
1
1
1
0.999993
1
0.999992
0.999489
1
1
1
1
1
1
1
1.00001
0.995771
1
1
1
1
1
1
1
1
0.999989
1
1
1
1
1
0.999979
1
0.999644
1
1
1
1
1
1
1
1
1
1
1
0.997874
1
1
1
1
1
1
1
1
1
1
1.00009
1
1
1
1
0.999999
1
1
1
1
1
1
1
1
1
1
1
1
1
1
1
1
1
1
0.999994
1
1
1
1
1
1
1
1
1
0.999995
1
1
1
1
1.00004
0.999972
1
1
1
1
1
0.999975
0.998601
1
1
1
1
0.999138
1.00001
1
1
0.999998
1
1
1
1
1
1
0.999911
1.00002
0.999962
0.999972
1
1
1
1
1
1
0.999806
1
1
1
0.999995
1
1
1
1
1
0.999761
1
1
1
1
1
1
0.99997
0.999997
0.999997
1
1
1
1
1
1
1
0.999967
1
1
0.999966
1
1
1
1
1
1
1
0.995465
1
1
1
0.999977
1.00197
1
1
0.999988
1
1
1
1
0.999994
1
1
1
0.999991
1
1
1
1
1
1
1
1
0.999998
0.999999
0.996848
0.999992
1
1
1
1
1
0.999982
1
1
1
1
0.997799
1
1
1.00006
1
1
1
1
1
1
1
1
1
1
1
1
1
1
1
1
1
1
1
1
1
1
1
1
1
1
1
1
1
1
1
1
1
1
1
1
1
1
1
1
1
1
1
1
1.00011
1
0.999881
1
1
1
1
1
1
1
1
1
1
1
1
1
1
1
1
1
1
1
1
1
1
1.00281
1
1
1
1
1
1
1
1
1
1
1
1
1
1
1
1
1
1
1
1
1
1
1
1
1
1
1
1
1
1
1
1
1
1
1
1
1
1
1
1
1
1
1
1
1
1
1
0.99998
1
1
1
1
1
1
1
0.998107
1
0.993992
1
1
1
1
1
1
1
0.994484
1
1
1
1
1
1
1
1
1
1
1
1
1
1
1
1
1
1
1
1
0.999798
1
1
1
1
1
1
0.999994
1
1.00002
1
1
1
1
1
1
1
1
1
1
1
1
1
1
1
1
1
1
1
1
0.992872
1
1
1
1
1
1
1
0.992235
1
1
1.00095
0.995442
1
1
1
0.996727
1
1
0.999998
1
1
1
0.999104
1
1
1
1
1
1
0.999635
1.00024
1
1
0.99971
1
1
1
1
1.00002
1
1
1
1
1
1
1
1
1
0.999999
0.996976
0.999024
1
1
0.99916
1
1
1
1
1
1
1
1
1
1
1
1
1
1
1
1
1
0.997454
1
1
1
1
1
1
1
0.999872
0.998473
1
1
1
0.996293
1
1
0.994006
1
1
1
1
1.00001
1
1
1
1
1
1
1
1
1
1
1
1
1
0.999541
1
1
1
0.999976
1
1
1
1
1
1
1
1
1
0.99989
1
1
1
1
1
1
1
1
1.00002
1
1
1
1
1
1
1.00018
1
1
1
1
1
1
0.999976
1
1
1
1
1
1
1
0.999985
1
0.99716
1
1
1
1
1
1
1
1
1.00002
0.999992
1
1
1
1
1
1
1
1
1
0.997612
1
1
1
1
1
1
1
1
0.999827
1
1
1
0.999929
0.999962
1
1
1
1
1
0.999992
1
1
1
1
0.999996
1
1
1.00054
1
1
1
1
1
1
1
1
1
1
1
1
1
1
1
1
1
1
1
1
1
0.999981
1
1
1
1
0.998551
1
1
0.999971
1
1
1
1
1
0.999974
1
0.999997
1
1
1
1
1
1
1
1
1
1
1
1
1
1
1
1
1
1
1
1
1
1
1
0.999998
1
1
1
1
1
1
1
1
1
1
1
1
1
1
1
1
1
1
1
1
1
1
1
1
1
1
1
1
0.999988
1
1.00001
1
1
0.999957
1
1
1
1
1
1
1
1
1
1
1
1
1
1
1
1
1
1
1
0.999965
1
1
1
1
1
1
1
1
1
1
1
1
1
1
1
1
1
1
0.999888
1
0.999971
1
1.00007
1
1
1
1
1
1
1
1
1
1
1
1
1
1
1
1
1
1
1
1
1
1
1
1
1
1
1
0.998744
1
1
1
1
1
1
1
1
1
1
1
1
1
1
1
1
1
1
1
1
1
1
1
1
1
1
1
1
1
1
1
0.998243
1
1
0.996757
1.00027
1
1
1
1
0.999998
1
1
1
1
1
1
1
1
1
1
1
1
1.00003
1
1
1
1
1
1
1
1
1
1
1
1
1
1
1
1
1
1
1
1
1
1
1
1
1
1
1
1
1
1
1
1
1
1
1
1
1
1
1
1
1
1
1
1
1
1
1
1
1
1
1
1
1
1
1
1
1
1
1
1
1
1
1
1
1
1
1
1
1
1
1
1
1
1
1
1
1
1
1
1
1
1
1
1
1
1
1
1
1
1
1
1
1
1
1
1
1
1
1
1
1
1
0.999901
1
1
1
1
1
1
1
1
1
1
1
1
1
1
1
1
1
1
1
1
1
1
1
1
1
1
1
1
1
1
0.999975
1
1.00001
1
0.999951
1
1
1
1
1
1
1
1
1
1
1
1
1
1
1
1
1
1
1
1
1
1
1
1
1
1
1
1
1
1
1
1
1
1
1
1
1
1
1.0002
1
1
1
1
1
1
1
1
1
1
1
1
1
1
1
1
1
1
1
0.999999
1
1
1
1
1
1
1
1
1
1
1
1
1
1
1
1
1
1
1
1
1
1
1
1
1
1
1
1
1
1
1
1
1
1
1
1
1
1
1
1
1
1
1
1
1
1
1
1
1
1
1
1
1
1
1
1
1
1
1
1
1
1
1
1
1
1
1
1
1
1
1
1
1
1
1
1
1
1
1
1
1
1
1
1
1
1
1
1
1
1
1
1
1
1
1
1
1
1
1
1
1
1
1
1
1
1
1
1
1
1
1
1
1
1
1
1
1
1
1
1
1
1
1
1
1
1
1
1
1
1
1
1
1
1
1
1
1
1
1
1
1
1
1
1
1
1
1
1
1
1
1
1.00003
1
1
1
1
1
1
1
1
1
1
1
1
1
1
1
1
1
1
1
1
1
1
1
1
1
1
1
1
1
1
1
1
1
1
1
1
1
1
1
1
1
1
1
1
1
1
1
1
1
1
1
1
1
0.994781
1
1
1
1
1
1
1
1
1
1
1
1
1
1
1
1
1
1
1
1
1
1
1
1.00001
1
1
1
1
1
1
1
1
1
1
1
1
1
1
1
1
1
1
1
1
1
1
1
1
1
1
1
0.998329
1
1
1
1
1
0.999809
1
1
1
1
1
1
1
1
1
1
1
1
1
1
1
1
1
1
1
1
1
1
1
1
1
1
0.999982
1
1
0.999864
1
1
1
0.999365
1
1
1
1
1
1
1
1
1
1
1
1
1
1
1
1
1
0.999923
1
1
1
1
1
1
1
1
1
1
1
1
1.00002
1
1
1
1
1
1
1
1
1
1
1
1
1
1
1
1
1
1
1
1
1
0.99977
1
1
1
1
1
1
1
1
1
1
1
1
1
1
0.999991
1
1
1
1
1
1
1
1
1
1
1
1
1
1
1
1
1
1
1
1
1
1
1
1
1
1
1
1
1
1
1
1
1
1
1
1
1
1
1
1
1
1
1
1
1.00001
1
1
1
1
1
1
1
1
1
1
1
1
1
1
1
1
1
1
1
1
1
1
0.999977
1
1
1
1
1
1
1
1
1
1
1
1
1
1
1
1
1
1
1
1
1
1
1
1
1
1
1
1
1
1
1
1
1
1
1
1
1.00017
1
1
1
1
1
1
1
1
1
1
1
1
1
1
1
1
1
1
1
1
1
1
1
1
1
1
1
1
1
1
1
1
1
1
1
1
1
1
1
0.992396
1
1
1
1
1
1
0.999999
1
1
0.997236
1
1
1
1
1
1
1
1
1
1
1
0.997417
1
1
1
1
1
1
1
1
1
1
1
1
1
1
1
1
1
1
1
1
1
1
1
1
1
1
1
1
1
1
1
1
1
1
1
1
1
1
1
1
1
1
1
1
1
1
1
1
1
1
1
1
1
1
1
1
1
1
1
1
1
1
1
1
1
0.998008
1
1
1
1
1
1
1
1
1
1
1
1
1
1
1
1
1
1
1
1
1
0.988606
1
1
1
1
1
1
1
1
1
1
1
1
1
1
1
1
1
1
1
1
1
1
1
1
1
1
1
1
1
1
1
1
1
1
1
1
1
1
1
0.999648
1
1
1
1
0.999994
1
1
1
1
1
1
1
1
1
1
1
1
1
1
1
1
1
1
0.999997
1
1
1
1
1
1
1
1
1
1
1
1
1
1
0.999994
1
1
1
1
1
1
1
1
1
1
1
1.00005
1
1
1
1
1
1
1
1
1
1
1
1
0.999978
1
1
1
1
0.999989
1
1
1
1
0.999903
1
1
0.999995
1
1
1
1
1
1
1
1
1
1
1
1
0.997581
1
1
1
1
1
1
1
0.999997
1
1
1
0.999993
1
1
1
1
1
1
1
0.997557
1
1
1
1
1
1
1
0.999986
1
1
1
1
1
1
1
1
1
1
1
1
1.00005
1
1
1
1
1
1
0.999972
1
1.00002
1
1
1
1
1
1
1
1
1
1
1
1
0.999996
1
1
1
1
1
1
1
1
1
1
1
1
1
1
1
1
1
1
1
1
1
1
1
1
1
1
1
1
1
0.999998
1
1
1
0.998321
1
1
1
1
1
1
1
1
1
1
1
1
1
1.00001
1
1
1
1
1
1
1
1
1
1
1
1
0.999998
1
1
1
1
1
1
1
1
1
1
1
1
1
1
1
1
1
1
1
1
1
1
1
1
1
1
1
1
1
1
1
1
1
1
1
1.00001
1
0.999997
1
1
1
1
1
1
1
1
1
1
1
0.999981
1
1
1
1
1
1
1
1
1
1
1
1
1
1
1
1
1
1
1
1
1
1
0.991459
0.996133
1
1
1
1
1
1
1
1
1
1
1
1
1
1
1
1
1
1
1
1
1
1
1
1
1
1
0.999999
1
0.996469
1
1
1
1
1
1
1
1
1
1
0.999973
1
1
1
1
1
1
1
1
1
0.99971
1
1
1
1
1
0.999971
1
1
1
1
1
1
0.999971
1
1
1
1
1
0.999977
1
1
1
1
1
1
1
1
1
1
1
1
1
1
1
1
1
1
1
1
1
1
1
1
1
1
0.999991
1
1
1
1
1
1
1
1
0.99999
1
1
1
1
1
1
0.999966
1
1
1
1
1
1
1
1
1.00083
1
1
1
1
1
1
1
1
1
1
1
1
1.00001
0.972474
1
1
1
1
1
0.999992
1
1
1
0.999996
1
1
1
1
1
1
1
1
1
1
1
1
1
1
1
1
1
1
1
1
1
1
0.99862
1
1
1
1
1
1
1
1
1
1
1
1
1
1
1
1
1
1
1
1
1
1
1
1
1
1
1
0.999967
1.0004
1
1
1
1
1
0.999974
1
1.00035
1
1.00002
1
1
1
1.00001
0.999992
1
1
1
1
1
1
1
1
0.997368
1
1
1
1.00003
1
1
0.999971
1
1
1
1
1
1
1
1
1.00006
1
1
1
1
1
1
1
1
1
1
1
1
1
1
1
1.0002
1
1
1
1
1
1
1
1
1
1
1
1
1
1
1
1
1
1
1
1
1
1
1
0.999731
1
1
1
1
0.992076
1
1
1
1
1
1
1
1
1
1
1.00001
1
1
1
1
1
1
0.99639
1
1
1
1
1
0.999981
1
1
1
1
1
1
1
1
1
1
1
1
1
1
1
1
1
1
1
1
1
1
1
1
1
1
1.00039
1
1
1
1
1
1
1
0.997662
1
1
1
1
1
1
1
1
1
1
1
1
1
1
1
1
1
1
1
1.00002
1
1
1
1
1
1
1
1
1
1
1
0.999105
1
1
1
1
1
1
1
1
1
1
1
1
1.00002
1
1
1
1
1
0.999503
1
1
1
0.999844
1
1
1
1
1
0.992745
1
1.00003
1
1
1
1
1
1
1
1
1
1
1
1
1
1
1
1
1
1
1
1
1
1
1
1
0.996495
1
1
1
1
1
1
1
1
1
1
1
1
1
1
1
1
1
1
1
1
0.999454
1
1
1
1
0.99999
1
1
1
1
1
1
1
1
1
1
1
1
1
1
1
1
1
1
0.999987
1
1
1
1
1
1
1
1
1
1
1
1
1
1.00001
1
1
1
1
1.00001
1.00002
1
1
1
1
1
1
1
1
1
1
0.998643
1
1
1
1
1
0.998911
1
1.00002
1
1
0.998483
1
1
1
1
1
0.997063
1
1
1
1
1
1
0.99993
1
1
1
1
1
1
1
1
1
1
0.994932
0.99999
1
1
1
1
1
1
0.99999
1
1.00001
1
1
1
1
1
1
1
1
1
1
1
1
1
1
1
1
1
1
1
1
1
1
1
1
1
1
1
1
1
1
1
1
1
1
0.999997
1
1.00001
1
1
1
1
1
1.00105
1
1
1
1
1
1
0.998789
1
1
1
1
1
1
1
1
1
1
1
1
1
1
0.999931
1
1
1
1
1
1
1
1.00002
1
1
1
1
1
1
1
1
1
1
1
1
1
1
1
1
1.00001
1
1
1
1
1
1
0.999512
1
1
1
1
1
1.00001
1
1
1
1
1
1
1
1
1
1
1
1
1
1
1
1
1
1
1
1
1
1
1
1
1
1
1
1
1
1
1
1
1
1
1
1
1
1
1
1
1
1
1
1
1
1
1
1
1
1
1
1
1
1
1
1
1
1
1
1
1
1
1
1
1
1
1
1
1
0.999998
1
1
1
1
1
1
1
1
1
1
1
1
1
1
1
1
1
1
1
1
1
1
1
1
1
1
1
1
1
1
1
1
1
1
1
1
1
1
1
1
1
1
1
1
1
1
1
1
1
1
1
1
1
1
1
1
1
1
1
1
1
1
1
1
1
1
1
1
1
1
1
1
1
1
1
1
1
0.999838
1
1
1
1
1
1
1.00054
1
1
0.999962
1
1
1
1
1
1
1
1
1
1
1
1
1
0.999983
1.00003
0.994604
0.999935
1.00056
1
1
1
0.999993
1
1.00015
1
1
1
1
1
1.00001
1
1
1
1
1
1
1
1
0.999995
1
1
1
1
1
1
1
1
1
1
1
1.00003
1
1
1.00001
1.00002
1
1
1
1
1
1
1
1
1
1
1
1
1
1
1
1
1
1
1
1
1
1
1
1
1.00001
1
1
1
1
1
1
1
0.999582
1
1
1
1
1
1
1
1
1
1
1
1
1
1
1
1
1
1
1
1
0.999236
1
1
0.999999
1
1
1
1.00003
0.999987
1
1
1
1
1
1
1
1
1
1
1
1
1
1
1
1
1
1
1
1
1
1
1
1
1
1
1
1
1
1
1
1
0.999999
1
1
1
1
1
1
1
1.00002
1
1
1
1
1
1
1
1.00001
0.999968
1
1
1
1
1
1
1
1
1
1
1
1
1
1
1
1
1
1
1
1
1
1
0.999318
1.00012
1
0.999983
1
1
1
1
1
1
1
1
1
0.999948
0.999618
0.999594
1
1
1
1
1.00001
1
1
1
1.00001
1
0.998381
1
1.00022
1
1
1
1
1
1
1
1
1
1
1
1
1
1
1
1
1
1
1
1
1
1
1
1
1
1
1
1
1
1
1.00001
1
1.00002
1
1
1
1
1
0.999986
1
1
1
1
1
1
0.997044
0.999983
1
1
1
1
1
1
1
1
0.995709
1
1
1
1
1.00011
1
1
0.999836
1
1
1
1
1
1
1
1
1
1
1
1
1
1
0.999073
1
0.999525
1
1
1
0.998569
1
1.00002
1
1
1
1
1
1
1
1
1.00014
1
1
1.00083
1
0.999295
1.00002
1
0.999898
1
1
1
1
1
1
1.00001
0.998244
1
1
1
1
1
1
1
1
1
1
1
1
1
1
1
1
1
1
1
1
1
0.999995
1
1
1
1
0.999983
1
1
1
1
1
1
1
1.00012
1
0.99999
0.999603
1
1
1
1
1
1
1
1
1
1
1
1
1
0.999986
0.999185
0.999799
1
1
1
1.00066
1.00001
0.999996
1
1
1
1
1
1
1
1
1
1
1
1
1
1
1
1
1
1.00003
1
1.00006
1
1
1
1
1
1.00003
1
1
1
1
1
1
1
1
1
1
1
1
1
1
1
1
1
1
1
1
1
1
1
1
1
1
1
1
1
1
0.998301
1
1
1
1
1
1
1
1
1
1
1
1
1
0.999996
1
1
1
1
1
1
1
1
1
1
1
1
1
1
1
1.00001
1.00002
0.99995
1.00008
1
0.999994
1.00001
1
1
1
1
1
1
1
0.999999
1
1.00004
1
1
1
0.999977
1
1
1
1
1.00012
1
1
1
1
1
1
0.999996
1
1
1
1
1
1
1
1
1
1
1
0.999997
1
1
0.999993
1
0.989482
0.999998
1
1
1
0.998712
1
1
1
1
1
1
1.00014
1.00004
1.00004
1
1
0.999999
1
1
1
1
1
1
1
1
1
1
1
1
1
1
1
1
1.00001
1
1
1
1
1
1
0.99673
1
1
1
1
1
1
1
1
1
1.00001
1
1
1
1
1
1
1
1
1.00013
1
1
1
1
1
1
1
1
1.00001
1
1
1
1
1
1
1
0.999995
1
1
1
1.00006
1
1
1
1
1
1
1
1
1
0.999996
1
1
1
1
1
1
1
1
1
0.999996
1
1
1
1
0.999995
1
1.00132
0.999137
1
1
1
1
1
1
1
1
1
1
1
0.999026
1
1
1.00001
1
1
1
1
1.00007
1
1
1
1
1
1
1
1
1
1
1
1
1
1
1
1
1
1.00003
1
0.996269
1
1
1
1
1
1
1
1
1
1
1
1
1
1
1
1
0.996995
1
1
1
1
1
1
1
1
1
1
1
1
1
1
1
1
1
1
1
1
1
1
1
1
0.99993
1.00022
1
0.999868
0.998998
1
1
1
1
1
1
1
1
1
1
1
0.999517
1
1
1
1
1
1
1.00001
1
1
1
1
1
1
1
1
1
1
1
1
1
1
1
1
1
1
1
1
1
0.998893
1
1
1
1
1
1
1
1
1
1
1
1
1
1
1
1
0.999984
1
1
1
1
1
1
1
1
1
1
0.999855
1
1
1
1
1
1.00011
1
1
1
1
1
1
0.995583
1
1
1.00015
1.00002
0.999991
1
1
1
1
1
1
1
1
1
1
1
1
1
1
1
1
1
1.00014
1
1
1
1
1
1
1
1
1
1
1
1
1
1
0.999394
1.00012
0.999998
1
1
1
1
1
1.00009
1
1
1
1
1
1
1
0.999684
1
1
1
1
0.999923
0.999742
1
0.996657
0.999911
1
1
1
1
1.00001
1
1
1
1.00185
1
1
1
1
1
1
0.999997
1
1
1
1
1
1
1
0.999976
1
1
1
1
1
1
1
1
1
1
1
1
1
1
1
1.00004
1.00002
0.999997
1
1
1
1
1
1
1
1
1
1
1
1
1
1
1
1
1
1
1
1
1
1
1
1
1
0.999996
0.998952
1
1
1
0.997668
1
1
1
1
1
1
0.999818
1
1
1
1
1
1
1
0.999938
1
1
0.996733
1
1
1.00001
1
1
1
1.00002
1
1
1
0.99999
1
1
1
1.00003
0.999999
1
1
1
1
1
1
1
1
1
1
1
0.999996
1
1
1
1
0.999991
1
1
1
1
1
1
1
1
1
1
1
1
1
1
1
1
1
1
1
1
1
1
1.00001
1
1
1
1
0.999925
1
1
1
1
1
1
1
1.00017
1
1
1
1
1
0.999997
0.993972
1
1
1
1
1
1
1
1
1
1
1
0.999991
0.999997
1
1
1
1
1
1
0.995621
1
1
1
1.00026
1
1.00001
0.999952
1
1
0.99895
1.00009
1
1
1
1.00002
1
1
1
1
1
0.99457
1
1
1
1
1
1
1
1
1
1
1
0.999279
1
1
1
1
1
1.00001
1
1
1
1
1
1
1
1.00003
1
1
1.0001
1
1
0.999927
1
1
1
1
1
1
1
1
1
1
1
1
1
1
1
1
1
1
1
1
1
1
1
1
1
1
0.999987
1
1
1
1
1
1
1
1
1
1
0.999844
1
1
1
0.999999
1
1
1
1
1
1
1
1
0.999946
1
1
1
1
1
1
1
0.999709
1
1
1
1
1
1
0.999766
1
1
1
1
1
1
1
1
1
1
1
1
1
1
1
1
1
1.00003
1
1
1
1
1
1
1
1
1
1
1.00001
1
1
1
1
1
1
1
1
0.999643
1
1.00001
1
1
1
1
1
1
1
1
1
1
1
1
1
1
1
1
1
0.999979
1
1
1.00001
1
1
1
1
1
1
1
1
1
1
1
1
1
1
1
1
1
1
1
1
1
0.999999
1
1
0.997517
1
1
1
1
1
1
1
1
1
1
1
1.00002
1
1
1
1
1
1
1
1
1
1.00001
0.99995
1
1.00001
1
1
1
1
1
1
1
1
1
1
1
1
1
1
1.00002
1
1
0.999995
1
0.999924
1
1
1
1
1
0.999994
1
1
1
1
1
1
1
0.999717
1
1
1
1
1
1
1
1
1
1
1
1
1
1
1
1
1
1
1
1
1
1.00002
1
1
1
0.999972
1
1
1
1
1
1
1
1
1
1
1
1
1
1
1
1
1
1
1
1
1
1
1.00001
1
1
1
1
1
0.999752
1
1
1
1
1
1
1
1
1.00019
1
1
1
1
1
1
1
1
0.999994
1
1
1.00001
1
1
1
1
1
1
1
1
1
0.999989
1
1
1
1
1
1
1.00001
1
1
1
1
1
1
1
1
1
1
1
1
1
1
0.996753
1
1
1
1
1
1
1
1
1
0.999998
1
1
1
1
1
1
0.990661
1
1.00057
1.00002
1
1
1
0.99816
1
1
1
1
0.999138
0.99998
1
1
0.999988
1
1
0.999998
1
1
1.00165
1
1
1
1
1
1
1
1
1
0.999984
1
1
1
1
1
1
1
1
1
1
1
1
1
1
1
1
1
1
1.00031
1
1
1
0.999825
1.00003
1
1
1
1
1
0.999983
1
1
0.997027
1
1
1
1
1
1
1.00164
1.00001
1
1
1
1
1
1
1
1
1
1
1
1
1
1
1
1
0.999996
1
1
1
1
1
1
1
1
1
1
1
1
1
1
1
1
1
1
1
1.00033
1
1
1
1
1
1
1
0.999652
1
1.00001
1
1
1
1
1.00042
1
0.999995
1
1
1
1
1
1
1
1
1.00001
1
1
1
0.999976
1
1
1
1
1.0003
1
1
0.999614
1.00002
1
1
1
1
1
1
1
1
1
1
1
1
1
1
1
1
1
1
1
0.999825
0.999955
1.00013
0.999987
1
1
1
1
1
1.00028
1
1
1
1
1
1
1
1
1
0.999991
1
1
0.999994
1
1
1
1.00001
1
1
1
1
0.999831
1
1
1
0.994384
1
1
1
0.999998
1
1
1
1
1
1
1
1
1
1
1
1
1
1.0001
1
1
1
1
1
1
1.00004
1
1
1
1
1
0.999995
1
1
1
1
1
1
1
1
1
1
1
1
1
1
1
1
1
1
1
1
1
1
1
1
1
1
1
1
1.00001
1
1
1
1
1
1
1
1
0.99841
1
0.99991
1
1
1
1
1.00003
1
1
1
0.999971
1
1.00051
1.00001
1
0.999969
1
1
0.999988
1
1
1
1
1
1
0.999487
1
1
1
1
1
1
1.00002
1
1
1.00114
1
1.00005
1
1
1
1.00004
1
0.999917
1
1
1.00001
1
1
0.999556
1
1
1
1
1
1
1
1
1
1
1.00002
1
1
1
1
1
1
1.00001
1
1
1
1
1.00003
1
1
1
1
1
1
1
1
1
1
1
1
1
1.00204
1
1
1
1
1
0.999732
1
1
1
1
1
1
1
1
1
1
1
1
1
1
1
1
1
1
1
1
1.00001
1
1
1
1.00002
1
1
1
1
1
1
1
1
1
1
1
1
1
1
1.00002
1.00006
1
0.999996
1
1
1
1
1.00001
1
1
1
1
1
1
1
1
1
1
1
1
1
1
1
0.999952
1
1
1
1
1
1
1
1
1
1
1.00001
1
1
1
1
1
1
1
1
1
0.999995
1
1
1.00002
1
1
1
1
1
1
1
1
0.996644
1
1
1
1
1
1
1
1
1
1
1
1
1.00001
1
1
1
1
1
1
1
1.00026
1
1
1
1
1
1
1
1
1
1
1
1
1
1.00014
1.00001
1
1.00014
1
1
1
1
1
1
1
1
1
1.00004
1
1
1
1
1
1
1
1
1
0.995838
1
1
1
1
1
1
1
1
1
1
1
1
1
1
1
1
1
0.998945
1
1
1.00001
1
1
1
1
1
1
1
1
1
1
1
1
1
1
1
1
1
1
1
1
1
1
1
1
1
1
1
1.00004
1
1
1
1
1
1
0.999976
1.00001
1
1
1
1
1
1.00119
1
0.999727
1
1
1
1
1
1
1.00169
1
1
1
1
1
1
1
1
1
1
1
0.999957
1
1
1
1
1
1
1
1
1
1.00002
1
1
1
1
1
1
1
1.00003
1
1
1
1
1.00006
1
0.999996
1
1
1
1
1
1.00003
1
1
0.997427
1
1.00001
1
1
1
1
1
1
1
1
1
1
1
1
1
1
1
1
1.00132
1.00043
1
1
1
1
1
1
1.00079
0.999999
1
1
1.00001
1
1
1
1
1
1
1
1
1.00001
1
0.999994
1
1
1
1
1.00003
1
1.00002
1
1
1
1
1
1
1
1
1
1
1
1
1
1
1
1
1
1.00019
1
1
1
1
1
1
0.999996
1
1
1
1
1
1
1
1
1
1
1
1
1
1
1
1
1
1
1.00023
1
1
1
1
1
1
1
1
1
1
1
1
1
1
1
1
0.998834
1
0.999961
1
1
1
1
1
1
1
1
1
1
1
1
1
1
1
1
1
1
1
1
1
1.00002
1
1.00002
1
1
1
1
1
1
1
1
0.999968
1
1
1
1
1
1
1
1
1
0.996399
1
1
1.00023
1
1
0.999988
1
1
1
1
1
1
1
1.00023
1
1
1
1
1
0.999989
1
1
1
1
1
1
1
1
1
1
1
1
1
1
1
1
0.999664
1
1
1
1
0.997419
1
1
1
0.996364
1
1
1
1
0.99886
1
1
1
1
1
1
1.00005
1
1
1
1
1
1
1.00007
1
1
1
1
1
1
1
1
1
1
1
1
1
1
1
1
1
1.00001
1
1
1
1
1
1
1
1
1
1
1
1
1
1
1
0.999749
1
1
1
1
1
1
1
1
1
1
1
1
1
1
1
1
1
1
1.00001
1.00066
1
1
1
1
1
1
1.00001
1
1
1
1
1
1
1
1
1
1
1
1.00002
1
1
1
0.999992
0.998797
1
0.998763
1
1
1
1
1.00021
1
1.00015
1
1
1
1
1
1
1
1
1
1
1
1
0.999951
1
1
1
1
1
1
1
1
1
1.00001
1
1
1
1.00127
1
1.00003
1
1
1
1
1
1
1
1
1
0.995123
1
1
1
1
1
1
1
1
1
1
1
1
1
1
0.999721
1
1
1
0.99673
1
1
1
1
1
1
1
1
1.00005
1
1
1
1
1
1
1
1
1
1
1
1
1
1
1
1
1
1
1
1
1
1.00009
1
0.999804
1
1
1.0002
1
1
1
1
1
1.00001
1
1
1
1
1
1.00001
1
1
1
1
1
1
1
1
1
1
0.999287
1
1
1
1
1
1
0.999404
1
1
1
1
1
1
1
1
1
1
1
1
1
0.999997
1
1
1
1
1
1
1
1
1
1
1
1
1
1
1
1
1
1
1
1
1
1
1
1
1
1
1
1
1
1
1
1
1
1
1
1
1
1
1
1
1
1
0.999996
1
1
1
1
1
1
1
1
1
1
0.99942
1
1
1.00002
1
1
0.999126
1
1
1
1
1
1
1
1
1
1
1
1
1
1
1.00001
1
1
0.993532
1
1
1
1
1
1
1
1
1
1
1
1
1
1
1
1.00001
1
1
1
1
1
1
1
1.00002
1
1
0.996565
1
1
1
1
1
1
1
1
1
1
1.00001
1
1.0004
1
0.999997
1
1
1
0.999948
1
0.999943
1
1
1
1
1
1
1
1
1
1
1
1
1
1
1
1
1
1
1
1
1.00002
1
1.00002
1
1
1
0.999997
1
1
1
1
1
1
1
1
1
1
1
1
1
0.999841
1
1
1
1
1
1
1
1
1
1
1
1
1
1
1
1
1
1
0.998089
1
1.00007
1
1
1
1
1
1
1
1
1
1.00001
1
1
1
1
1
1
0.999283
1
1
1
0.999999
1
1
1
0.998756
1
1
1
1
1
0.999973
0.999998
1
1
1
1
1
1
1
1
1.00001
1
1
1
1
1
1.00001
1
1
1
1
1
0.996583
1
1
1
1
1
1
1
1
1
1
1
1
1
1
1
1
1
1
1
0.99994
0.999992
1
1
1
1
1
1
1
1
1
1
1
0.999342
0.999704
1
1
1
1
1
1
1
1
1
1
1
1
1
1
1
1
1
1
1
1
1
1
1
1
1
1
1
1
1
1
1
1
1
1
1
1
1
0.999913
1
1
1.00001
1
1
1
1
1
1
0.999997
0.999744
1
1
1
1.00007
1
1
1
1
1
1
1
1.00001
1
1
1
1
1
1
1
1
1
1
1
1
1
1
1
1
1
0.999969
1
1
1
1
1
1
1
1
1
1
1
1.0001
1
1
1
1
1
1
1
1
1
1
1
1
1
1
1
1
1.00001
1
1
1
1
1
1
1
0.999884
0.998395
1
1
1
1
1
1
1
0.998726
1
1
0.999996
1
1
1
1.00007
1
1
1
1
1
1
1
1
1
1
1
1
1
1
1
1
1
1
1
1
1
1
0.999591
1
1
1
1
1
1
1
1
1
1
0.999999
1
1
1
1
1
1
1
1.00057
1
1.00007
1.00001
1
0.999724
1
1
1
1
1
1
1
1
1
1
1.00062
0.999952
1
1
1
1
1
1
1
1
1
1
1
1
1
1
1
1
1
1
1
0.999981
1
1
1
1
1
1
1
1
1
1.00001
1
0.999987
1
1
1
1
1
1
1
1
1
1
1
1
1
1.00014
1
1
0.992526
1
1
1
1
1
1
1
1
1
1
1.00001
1
1
1
1
1.00009
1
1
0.999998
1
1
1
1
0.999999
1
1
1
1
1
1
1
1
1
1
1
1
1
0.999835
0.999557
1
1
1
1
1
1
1
1
1
1
1
1
1
1
1
1
1
1
1
1
1
1
1.00001
1
1
1
1
1
1
1
1
1
1
1
1
1
1
1
1
1
1
1.00001
1
1
1
1
1
0.997522
1
1
1
0.99904
1
1.00135
1
1
1
1
1
1
1
1
1
1
1
0.999846
1
1
1
1
1
1
1
1
1
1
1
1
1
1
1
1
1
1
1
1
1
1
0.997884
1
0.99983
1
1
1
1
1
1
1
1
1
1
1
1.00008
1
1
0.99928
1
1
1
1
1
1
1
1
1
0.997809
1
1
1
1
1
1
1
1
1
1
1
1
1
1
1
1
1
1
1
0.999999
1
1
1
1
1
1.00001
1
1
1
1
1
1
1
1
1
1
1
1
1
1
1
1
1
1
1
1
1
1
1
1
1
0.999671
1
1
1
1
1
1
1
1
1
1
1
1
1
1
1
1
1
1
1
0.998183
1
1
0.999953
1
1
1
1
1.00001
1
1
1
1
1
1
1
1
1
1
1
1
1
1
1
1
0.999901
1
1
1
1
1
1
1
1
1
1
1
1
1
1
1
1
1
1
0.999999
1
1
0.993208
1
1
1
1
1
1
1
1
1
1
1
1
1
1
1
1
1
1
1.00009
0.999999
0.999991
1
1
1
1
0.999994
1
1
1
0.999895
1
1
1
1
1
1
1
1
1
1
1
1
1
1
1
1
1
1
1
1
1
1
1
1
1
1
1
1
1
1
1
1
1
1
1
1
1.00001
1
1
0.999998
1
1
1.00052
1
0.999973
1
1
1
0.99963
1
1
1
1
1
1
1
1
1
1
1
1
1
1
0.999997
1
1
1
1
1
1
1
1
1
1
1
1
1
1
1.00001
1
1
1
1
1
1
1
1
1
1
1
1
1
1
1
1
1
1.00002
1
1
1
1
1
1
1
1
1
1
1
1
1
1
1
1
1
1
1
1
1
1
1
1
1
1
1.00004
1
1
1
1
1
1
1
1
1
1
1
1
1
1
1.00004
1
0.999696
1
0.999998
1
1
1
0.9999
1
1
1
0.999999
1
1
1
1
0.999864
1
0.999999
1
1
1
1
1
1
1
1.00004
1
1
1
1
1
1
1
1
1
1
1
1
1
0.999769
1
0.999994
1
1.00002
1
1
1
1
1
1
1
1
1
1
1
1
1
1
0.999994
1
1
1
1
1
1
1
1
1
1.00001
1
1.00015
1
1
1
0.999409
1
1
1
1
1
1
1.00002
1
1
1
1
1
1
1
1
1
1
1
1
1
1
1
1
1
1
1
1
1
1
1
0.999974
1
1
1
0.999999
0.999996
1
1
1
1
1
1
1
1
1
0.999942
1
1
0.999998
1
1
1
1.00009
1
1
1
1
1
0.998613
1
1
1
1
1
0.999938
1
1
1
1
1
1
1
1
1
1
1
1
1.00006
0.994916
1
1
1
1
1
1
1
1
1
1
0.996625
1.00001
1
1
1
1
1
1
1
1
1
1
1
1
1
1
0.999411
1
1.00013
1
1
1
1.00002
1
1
1
1
1
1
1
1
1
1
1
1
1
1
0.999993
1
1
0.999644
1
1
0.994577
1
1
1
1
1
1
0.999671
1
0.999933
1
1
0.999719
1
1
1
1
1
1
1.00001
1
1
1.00002
1
1
1
1
1
1
1
1
1
1
1
1
1
1
1
1
1
1
1
1
1
1
1
1
1
1
1
1
0.999997
1
1
1
1
1.00004
1
1
1
1
1
1
1
0.999997
1
0.999898
1
1
1
1
1
1
1
1
1
1.00026
1
1
1
0.999999
1
1
0.999986
1
1.00125
1
1
0.999999
1.00002
1
1
1
1
1
1
1
1
0.991376
0.998988
1
1.00004
0.999985
1
1
1
1
1
1
1
1
1
1
1
1
0.999631
1
1
1
1
1
1
1.00005
1
1
1
1
1
1.00008
1
1
1
1
1
1
1
1
1
1
1
1
1
1
1.00003
1
1
1
1
0.999375
1
1
1
1
0.999998
1
0.999997
1
1
1
1
1
1
1
1
1
1
1
1
1
1
1
1
1
1
1
1
1
1
1
1
1
1
1
0.999993
1
1
1
1
1
1.00001
1
1
1
1
1
1
1
1
1
1
1
1
1
1
1.00007
1
0.999998
1
1
1
0.999896
0.999994
1
1
1
1
1
1
0.999964
1
1
1
1
1
1
1
1
0.994223
1
1
1
1
1
1
1
1
1
1
1
1
1
1
1
1
1
1
1
1
1
1
1
1
1
1
1
1
1
1
1
1
1
1
1
1
1
1
1
1
1
1
1
1
1
1
1
1
1
0.992245
1
1
0.999136
1
1
1.00001
1
1
1
1
1
1.00046
1
1
1
1
1
1
1
1
1
1
1
1
1
1
1
1
1.00004
1
0.999943
1
1
1
1
0.999994
1
1
1
1
1
1
0.999965
1
1
1
1
1
0.999456
1
1
1
1
1
1
1
1
1
0.999999
1
1
1
1
1.00001
1
1
1
1
1
1
1
1
1
1
1
0.99994
1.00006
1
1
1.00001
1
1
1
1
1
1
1
1
1
1
1
0.999785
1
1
1
1
0.997449
0.999969
1
1
1
1
1
1
0.999901
1
1
1
1
1
1
0.999991
1
1
1.00008
1
0.999998
1
1
1
1
1
1.00009
1
0.999998
1
1
1
1
1
1
1
1
1
1
1
1
1
1
1
1
1
1
1
1
1
1
0.999804
1
0.999901
1
1
1
1
1
1
1
1.00074
1
1
1
1
1
1
1
1
1
1
0.999701
1
1
1
1
1
1
1
1
1
1
1
1
1
0.999997
1
1
1.00019
1
1
1
1
1
1
1
1
1
0.998685
1
1
0.996578
1
1
1
1
1
1
1
1
1
1
1
1
1
1
1.00002
0.999677
1
1
1
1
1
1
1
0.999999
1
1
1
1
1
1
1
1
1
1
1
1
1
1
1
1
0.999999
0.992591
1
1
1
1
1
1
1
1
0.998152
1
0.999668
1
1
1
1
1
1
1
1
1
1
1
1
1
1
1
1
0.999972
1
0.999972
1
1.00002
1
0.997591
1
1
1
1
1.00043
1
1.00001
1
1
1
1
1
0.999999
0.999044
1
1
1
1
1
0.999998
1
1
1
1
1
1
1
1
1
1
1
1
1
0.99845
1
1
1
1
1
1
1
1
1
1
1
1
1
1
1
1
1
1
1
1
1
1
1
1
1
1
1
1
1
1
1
1
1
1
1
1
1
0.989944
1
1
1
1
1
1
1
1.00033
1
1
1
1
1
1
1
1
1
1
1
1
0.999952
1
0.999483
1
1
1.00002
1
1
0.998348
1
1
1
1
1
1
1
1
1
1
1
1
1
1
1
1
1
1
1
1
0.999457
1
1
1
1
1
1
1
1
1
1
1
1
1
1
1
1
1
1
1
1
1
1
0.999998
1
1
1
1
1
1
1
1
1.00126
1
1
1
1
0.997478
1
1
1
1
1
1
1
1
1
1
1
1
1
1
1
1
0.999999
1
1
1
1
1
1
1
1
1
1
1.00005
1
0.999248
1
1
1
1.0001
1
1
1
1
1.00001
1
1
1
1
1
1
1
1
1.00031
1
1
1
1
1
1
1
1
1
1
1
1
1
1
1
1
1
1
1
1
1
1
1
1
1
1
1.00039
1
0.999964
1
1
1
1
0.993442
1
1
1
1
1.00013
0.999991
1
1
1
1
1
1
1
1
1
1
1
1
1.0001
1
1
1
1
1
1
1
1
1
1
1
1
1
1
1
1
1
1
1
1
1
1
1
1
1.00021
1
1
1
1
1
1
1
1
1
1
1
1
1
1
1
1
1
1
1
1
1
1
1
1
1
1
1
1
1
1
1
1
1
0.999396
1
1
1
1
1
0.999997
1
1
1
1
1
1
1
1
0.99962
1
1
1
1
1
1
1
1
1
1
1
1
1
0.997791
1
0.983455
1
1
1
1
1
1
1
1
1
1
1
1
1
1
1
1
1
1
1
1.0008
1
1
1
1
1
1
1
1
1
1
1
1
1
1
1
1
1
1
1
0.999963
1
1
1
1
1
1
1
1
1
1
1
1
1
1
1
1
0.998721
0.999863
1
0.999141
1.00078
1
1
1
1
1
1
1
1
1
1
1
1
1
1
1
1
1
1
1.00006
1
1
1
1
1
1
1
1
1
1
1
1
1
1
1
1
1
1
1
1
0.999886
1
1
1
1
1
1
1
1
0.999019
1
1
1.00001
1
1
1
1
1
1
1
0.999967
1
1
1
1
1
1
1
1
0.999999
1
1
1
1
1
1
1
1
1.00002
1
1
1
1
0.999997
1
1
1
1.00035
1
0.997799
1
1
1
1
1
1
1
1
1
1
1
1
1
1
1
1
1
1
1
1
1
1
1
1
1
1
1
1
1
1
1
1
1
1
1
1
1
1
0.986366
1
1
1
1
1
1
1
1
1
1
1
1
1
1
1
1
1
1
1
1
1
1
1
1
1
1
1
1
1
1
1
1
1
1
1
1
1
1
1
1
1
1
1
1
1
1
0.999999
1
1
1
1
1
1
1
1
1
1
1
1
1
1
0.998994
1
1
1
1
1
1
1
1
1
0.998728
1
1
1
1
1
1
0.999975
1
1
1
1
1
1
1
1
1
0.999999
1
1
1
1
1
1
1
1
1
1
1
1
1
1
1
1
1
1
1
1
1
1
1
1
1.00022
1
1
1
1
1
1
1
1
1
1
1
1
1
1.0007
0.999994
1
1
1
1
1
1
1
1
1
1
1
1
1
1
1
1
1
1
1
1
1
1
1
1
1
1
1
1
1
1
1
1
1
1
1
1
1
1
1
1
1
1
1
1
1
1
1
1
1
1
1
1
1
1
1
1
1
1
1
1
1
1
1
1
1.00027
1
1
1
1
0.9999
1
1
1
1
1
1
1
1
1
1
1
1
1
1
1
1
1
1
1
1
1
1
1
1
1
1
1.00001
0.999999
1
1
1
1
1
1
1
1
1
1
1
1
1
1
1
1
1
1
1
1
0.999989
1
1
1
1
1.00005
1
1
1
1
1
1
1
1
1
1
1
1
1
1
1
1
1
1
1
1
1
1
1
1
1
1
0.999627
1
1
1
0.999914
1
1
1
1
1
1
1
1
1
1
1
1
1
0.999999
1
1
1
1
1
1
0.999919
1
1
0.999999
1
1
1
1
1
1
1
1
1
1
1
1
1
0.998179
1
1
1
1
1
1
1
1
1
1
1
1.00125
1
1
1
1
1.00011
0.999991
1
1
1
1
1.00003
1
1
1
1
0.998207
1
1
1
1
1
1
1
1
1
1
1
1
1
1
1
1
1
1
1
1
1
1
1
1
1
0.999115
0.998444
1
1.00028
1
1
0.999998
1
1
1
1
1
1
1
1
1
1
1
1
1
1
1
1
1
1
1
1
1
1
1
1
1
1
1
1
1
1
0.999938
1
1
1
1
1
1
1
1
0.99998
1
1
1
)
;

boundaryField
{
    frontback
    {
        type            empty;
    }
    topbottom
    {
        type            zeroGradient;
    }
    outlet
    {
        type            zeroGradient;
    }
    inlet
    {
        type            fixedValue;
        value           uniform 1;
    }
    walls
    {
        type            zeroGradient;
    }
    procBoundary2to0
    {
        type            processor;
        value           nonuniform List<scalar> 
83
(
1
1
1
1
1
0.999999
1
1
1
1
1
1
1
1
1
1
1
1
1
1
1
1
1
1
1
1
1
1
1
1
1
1
1
1
1
1
1
1
1
1
1
1
1
1
1
1
1
1
1
1
1
1
1
1
1
1
1
1
1
1
1
1
0.999563
1
1
1
1
1
1
1
1
1
1
1
1
1
1
1
1
1
1
1
1
)
;
    }
    procBoundary2to3
    {
        type            processor;
        value           nonuniform List<scalar> 
99
(
1
1
1
1.00001
1
1
1
1
1
0.998607
1
1
1
1
1
1
1
1
1
1
1
1
1
1
1
1
1
1
0.998607
0.99378
1
1
1
0.998481
1
1
1.00025
1
1
1.00003
1
1
1
1
1
1
1
1
1
1
1
1
1
1
1
1
1
1
1
1
1
1
1
1.00001
1
1
1
1
1
1
1
1
1
1
1
1
1
1
1
1
1
1
1
1
1
1
1
1
1
1
1
1
0.999999
1
1
1
1
1
0.999999
)
;
    }
}


// ************************************************************************* //
