/*--------------------------------*- C++ -*----------------------------------*\
| =========                 |                                                 |
| \\      /  F ield         | OpenFOAM: The Open Source CFD Toolbox           |
|  \\    /   O peration     | Version:  v2012                                 |
|   \\  /    A nd           | Website:  www.openfoam.com                      |
|    \\/     M anipulation  |                                                 |
\*---------------------------------------------------------------------------*/
FoamFile
{
    version     2.0;
    format      ascii;
    class       volScalarField;
    location    "300";
    object      gammaInt_0;
}
// * * * * * * * * * * * * * * * * * * * * * * * * * * * * * * * * * * * * * //

dimensions      [0 0 0 0 0 0 0];


internalField   nonuniform List<scalar> 
13917
(
1
1
1.00014
1
1
1
1
1
1
1
1
1
1
1
1
1
1
1
1
1
1
1
1
1
1
1
1
1
1
0.999999
1
1
1
1
1
1
1
1
1
1
1
1
1
1
1
1
1
1
1
1
1
1
1
1
1
1
0.999003
1
1
1
1
0.999775
1
1
1
1
1
1
1.00001
1
1.00001
1
1
1
1
1
1
1
1
1
1
1
1
1
1
1
1
1
1
1
1
1
1
1
1
1
0.999979
1
1
1.00001
1
1
1
1
1
1
1
0.999846
0.999994
1
1
1
1
1
1
1
1
1
0.999978
1
1
1
1
1
1
1
1
1
1
1
1
0.999998
1
1
1
1
1
1
1
1
1
0.999998
1
1
1
1
1.00001
1
1
1
1
1
1
1
0.999994
1
1
1
1
1
1
1
1
1
1
0.999851
1
1
1
1
1
1
1
1
1
1
1
1
1
1
1
1
1
1
0.999981
0.999999
1
1
0.999999
1
1
1
1
1
1
1
1
1
1
1
1
1
1
1
1
1
1
0.999998
1
1
1
0.999987
0.999978
1
1
1
1
1
1
1
1
1
1
1
1
1
1
1
1
1
1
1
1
1
1
1
1
1
1
1
1
1
1
1
1
1
1
1
1
1
1
1
1
1
1
1
1
1
1
1
1
1
1
1
1
1
1
1
1
1
1
1
1
1
1
1
0.999999
1
1
1
1
1
1
1
1
1
1
1
0.999989
1
1
0.999997
1
1
1
1
1
1
1
1
1
1
1
1
1
1
1
1
1
1
0.999932
1
1
1
1
1
1
0.999999
1
1.00001
1
1.00006
1
1
1
1
1
1
1
1
1
1
1
1
1
1
1
0.999976
1
1
1
1
1
1
1
1
1
1
1
1
1
1
1
1
1
1
1
1
1
1
1
1
1
1
1
1
1
1
1
1
1
0.999983
1
0.999999
1
1
1
1
0.998302
1
1
1
1
1
1
1
1
1
1
1
1
1
1
1
0.999907
1
1
1
1
1.00004
1
1
1
1
1
1
1
0.999875
1
1
1
1
1
1
1
1
1
1
1
1
1.00001
1
1
1.00003
1
1
1
1
1
1
1
1
1
1
1
1
1
1
1
1
1
1
1
1
0.999999
1
1
1
1
1.00001
1
1
1
1.00001
1
1
1
1
1
1
1
1
1
1
1
1
1
1
1
0.999998
1
1
1
1
1
1
1
1
1
0.999991
1
1
1.00087
1
1
1
1
1
1
1
1.00002
1
1
1
1
1
1
1
1
1
1
1
1
1
1
1
1
1
1
1
1
1
1
1
1.00006
0.998174
1
1
1
1
1
1
1
1
1
1
1
1
1
1
1
1
1
1
1
1
1
1
1
1
1
1
1
1
1
1
1
1
1
0.999986
1
1
1
1
1
1
0.999998
1
1
1
1
1
1
1
1
0.999762
1
1
1
1.00001
1
1
1
1
1
0.999967
1
1
1
1
1
1
1
1
1.00001
1
1
1
1
1
1
0.999599
1
1
1
1
1
1
1.00001
1
1
1
0.99914
1
1
1.00003
1
1
1
0.997096
1
1
1
1
1
1
1
1
1
1
1
0.999974
1
1
1
1
1
1
1
1
1
1
1
1
1
1
1
1
1
1
1
0.99961
1
1
1
1
1
0.999522
1
1
1
1
1
1
1
1
1
1
1
1
1
1
1
1
1
1
1
1
1
1
1.00003
1
1
1
1
1
1
1
1
1
1
1
1
1
1
1
1
1
1
1
1
1
1
1
1
1
1
1
1
1
1
1
1
1
1
1
1
1
1
1
1
1
1
1
1
1
1
1
1
1
1.00017
1
1
1
0.999991
1
1
1
1
0.999535
1
1
1
1
1
1
1
1
1
1
1
1
1
1
1.00133
1
1
1
1
1
1
1
1
1
1
1
1
1
1
1
1
1
1
1
1
1.00001
1
0.999999
1
1
1
1
0.99997
1
0.999946
1
1
1
1
1
1
1
1
1
1
1
1
1
1
1
1
1
1
1
1
1
1
1
1
1
1
1
1
1.00001
1
1
1
1.00003
1
1
1
1
1
1
1
1
1
1
1
1
1
1
1
1
1
1
1
1
1
1
1
1
1
1
1
1
1
1
1
1
1
1
0.998574
1
1
1
1
1
1
1
1
1
1
1
1
1
1
1
1
1
1
0.99993
1
1
1
1
1
0.99954
1
1
1.00016
1
1
1
1
0.999998
1
1
1
1
1
1
1.00001
1
0.998524
0.999998
1
1
0.999579
1
1
1
1
1
1
1
1
1
1
1
1
1
1
1
0.999999
1
1
1
1
1
1
1
1
1
1
1
1
1
1
1
0.999998
1
1
0.999992
1
1
1
1
1
1
1
1
1
1
1
1
1
0.999762
1
1
1
1
1
1
1
1
1
1
1
1
1
1
1
1
1
0.999942
1
1
1
1
1
1
0.997523
1
0.999889
1
1
1
1
1
1
1
1
0.999509
1
1
1
1
1
1
1
1
1
1
1
1
1
1
1
1
1
1
1
1
0.999873
0.999999
1
0.999993
1
1
1
1
1
1
1
1
1
1
1
1
1
1
1
1
1
1
1
1
1
1
0.999999
1
1
0.999734
1
1
1
1
1
1
0.999992
1
1
1
1.00001
1
1.00005
1
1
1
1
1
1
1
1
1
1
1
1
0.999996
1
1
1
1
1
1
1
1
1
1
1
1
1
1
1
1
1
1
1
0.999999
1
1
1.00001
1
1
1
1
1
1
1
1
1
1
0.999997
1
1
1
1
1
1
1
1
1
1
1
1
1
0.999995
1
0.999958
1
1
1
0.999966
1
1
1
1
1
1
1
1.00028
1
1
1
1
1
1
0.999667
0.999999
1
1
1
1
1
1
1
1
1
1
1
1
1
1
1
1
1
1
1
1
1
1
1
1
1
1
1
1
1
0.999999
0.999386
1.00008
1
1
0.99981
1
1
1
1
1
1
1
1
0.999969
1
1
1
0.999875
1
1
1
1
1
1
1
1
1
1
1
1
1
1
0.999951
1
1
1
1
0.999901
1
1
1
1
1
1
1
1
0.999999
1
1
1
1
1
1
1
1
1
1
1
1
1
1
1
1
1
1
1
1
1
1
1
0.999807
1
1
1
1
1
1
1
1
1
1
0.99738
1
1
1
1
0.997142
1
1
1
1
1
1
1
1
1
1
1
1.00001
1
1
1
1
0.999918
1
1
1
1
1
0.999811
1
1
1
1
1
1
1
0.999992
1
1
0.999998
0.999999
1
1.00001
1
1
1
1
1
1
1
1
1
1
1.00005
1
1
1
1
0.999784
1
1
1
1
1
1
1
1
1
1
1
1
1
0.999738
1
1
1
1
1
1
1
1
1
1
1
1
1
1
1
1
1
1
1
0.999995
1
1
1
1
1
1
1
1
1
1
1
1
1
1
1
1
1
1
1
1
1
1
1
1
1
1
1
1
1
1
1
1
1
1
1
1
1
1
1
1
1
1
1
1
1
1
1
1
1
1
1
1
1
1
1
1
1
1
1
1
1
1
1
1
1
1
1
1
1
1
1
1
1
1
1
0.999999
0.999999
1
0.999933
1
1
1
1
1
1
1
1
1
1
1
1
0.999962
1
1
1
1
1.00001
1
1
1
1
1
1
1
1
1
1
1
1
1
1
1
0.99422
1
1
1
1
1
1
0.999998
1
1
1
1
1
1
1
1
0.999926
1
1
1.00043
1
1
1
1
1
1
1
1
1
1
1
1
1
1
1
1
1
1
1
1.00002
1
1
1
1
1
1
1
1
1
0.999982
1
1
1
1
1
1
1
1
1
1
0.99494
1
0.99949
1
1
1
1
1
1
1
1
1
1
1
1
1
1
1
1
1
1
1.0001
1
1
1
1.0005
1
0.998813
1
1
0.999971
1
1
1
1.00005
1
1
1
1
1
1
1
1
1
1
1
1
1
1
0.999996
1
1
1
1
1
1
1
1
1
1
1
0.99995
1
1
1
1
1
0.99994
1
1
1
0.998225
0.999953
1
1
1
1
1
1
1
0.999872
1
1
1
1
1
1
1
1
1
1
1
1
1
1
0.999952
1
1
1
1
1
1
1
0.998322
1
1
1
1
1
1
1
1
1
1
1
1.00014
1
1
1
1
0.994554
1
1
1
1
1
1
1
1
1
1
0.998696
1
0.999999
1
1.00004
1
1
1
1
1
1
1
1
1
1
1
1
1
1
1
1
1
1
1
0.999999
1
1
1
1
1
1
1
1
1
1
1
1
1
1
1
1
1
1
0.993196
1
0.999999
1
1
1
1
1
1
1
1
1.00001
1
1
1
1
1.00004
1
1
1
1
0.998488
1
1
1
1
1
1
1
1
1
1
1
1
1
1
1
1
1
1
1
1
0.999998
1
1
1
1
1
1
1
0.998856
1
1
1
1
1
1
1
1
1
1
1
1
1
1
1
1
1
1
1.00003
1
1
1
1
1
1
1
1
1.00001
1
1
1
1
1
1
1
1
1
1
1
1
0.999962
1
0.997043
1
1
1
1
1
1
1
1
1
1
1
1
1
1
1
1
1
0.998763
1
1
1
1
0.999671
1
1.00003
1
1
1
1
1
1
1
1
1
1
1.00045
1
1
1
1
1.00002
1
1
1
1.00001
1
1
1
1
1
1
1
1
1
1
0.999909
1
1
1
1
1
1
1
1
1
1
0.999999
1
1
1
1
1
1
0.991212
1
1
1
1.00005
1
1
1
1
1
1
1
1
1
1.00002
1
1
1
1
1
1
1
1
1
1
1
1
1
1
1
1
1
1
1
1
1
1
1
1
1
1
1
1
1
1
1
1
1
0.999998
1
1
1
1
1
1
1
1
1.00001
1
1
1
1
1
1
1
1
1
1
1
1
1
1
1
1
1
1
1
1
1
1
1
1
1
0.999989
1.0001
1
1.00001
1
1
1
1
1
1
1
0.998439
1
1
1
1
1
1
1
1
1
1
1
1
1.00188
0.99895
1
1
1
1
1
1
1
1
1
1
0.999999
1
1
0.999847
1
1
1
1
1
1
0.999999
1
1
1
1
1
1
1
1
1
1.00009
1
1
1
1
1
1
1
1
1
1
0.999999
1
0.997723
1
0.999976
1
1
0.999999
1
1
1
1
1
1
0.999995
1
1
1
1
1
1
1
1.00001
1
1
1
1
0.999637
1
1
1
1
1
1
1
1
0.998805
1
1
1
1
1
1
1
1
0.999984
1.00005
1
1
1
1.00005
1
1.00001
1
1
0.996736
1
1
1
1
1
1
1
1
1
1
1.00002
1
1
1
1
1
1
1
1
1
1
1
1
1
1
1
1
1
1
1
1
1
1
1
1
1
1
1
1.00001
1
1
1
1
1
0.991687
0.995788
1
1
1
1
0.999741
1
1
1.00001
1
1
1
1
1
1
1
1
1
1
1
0.999997
1
1
1
1
1
1
1
1
1
0.999784
1
1
1
1
1
1
1
1
1
1
1
1
0.999907
1
0.999995
1
1
1
1
1
0.999993
1
1
1
1
1
1
1
1
1
1
1
1
1
1
1
1
1
1
1
1
0.999997
1
1
1
1
1
1
1.00004
1
1
1
1
1
1
1
1
1
0.999986
1.00003
1
1
1
1
1
1
1
1
1
1
1
1
1
0.999992
1.00002
1
1
1
1
1
1
1
1
1
1
1
1.00034
1
1
1
1
1
1
1
1
1
1
1
1
1
1
1.00001
0.999998
1
1
1
0.995977
1
1
1.00041
1
1
1
1
1
1
1
1
1
1
1
1.00006
1
1
1
1
1
1
1
1
1
1
1
1
1
1
1
1
1
1.00008
1
1
1
1
1
1
1
1
1
1
0.999898
1
0.999157
1.00001
1
1
1
1.00013
0.999999
1
1
1
1
1
1
1
1
1
1
1
0.999983
1
1.00002
1
1.00101
1
1
1
1.00015
0.991051
1
0.999998
1
1
1
1
1
1
1
0.999998
1
1
1
1
1
1
1
0.999997
1
1
1
1
1
1
1
1
1
1
1
1
1
1
1
1
1
1
0.998332
1
1
1
1
1
1
0.999997
1
1
1
1
0.999997
1
0.998825
1
1
1
1
1
0.998219
1
1
1
1
1
0.999857
1
1
1
1
1
0.99995
1
1
1
1
0.999997
1
1
1
1
1
1
1
1
1
1
1
1
1
1
1
1
1
1.00002
1
1
1
1
1
1
1
0.994683
1
1
0.998033
1
1
0.999046
1
1
1
1
1
1
1
1
1
0.997058
1
0.998888
1
1
1
1
1
1
1
1.00008
1
1
1
1
1
0.999993
1
1.00009
1.00007
1
1
1
1
1
1
1
1
1
1
1
1
1
1
1
1
1
1
1
1
1
1
1
1
1
0.999555
1
1
1
1
1
1
1
1
1
1
1
1
1
1
1
1
1
1
1
1
1
1
1
1
1
1
1
1
1
1
1
1
1.00021
1
1
1
1
1
1
1
1
1
0.999561
1
1
1
1
1
0.999964
1
1
0.999993
1
0.999999
1
1
1
1
0.999879
1
1
1
1
1
0.999999
1
1
1
1
1
0.995327
0.999999
1
1
1
1
1
1
1
1
0.99994
1
1
1
0.999982
1
1
1
1
1
1
1
1
1
1
1
1
1
1
1
1
1
0.999997
1
1
0.999999
0.999766
1
1
1
1
1
1
1
1
1
1
1
1
1
1
1
1
1
1
1
1
1
1
1
1
1.00004
1
1
1
1
1
1
1
1.0001
1
1
1
1
0.999989
1
1
1
1
1
1
1
1
1
1
1
1
1
1
1
1
1
1
1
1
1
1
1
1
1
1
1
1
1
1
1
1
0.999975
1
1
1
1
1
1
1
1
1
1
1
0.999994
1
1
1
1
0.999998
1
1
1
1
1
1
1
1
1
1
1
1
1
1
1
1
1
1
1
1
1
1
1
1
1
1
1.00005
1
1
1
1
1
1
0.998216
1
1
1
1
1
1
1
1
1
1
1
1
1
1
1
1
1
1
1
1
1
1
1
1
1
1
1
1
1
1
1
1
1
1
1
1
1
1
1
1
1
1
1
1
1
1
1
1
1
1
1
1
1
1
1
1
0.999994
1
1
1
1
1
1
1
1
1
1
1
1
1
1
1
1
0.999998
1
1
1
1
1
1
1
1
1
1
1
1
1
1
1
1
1
1
1
1
1
1
1
1
1
1
1
1
1
1
1
0.999999
1
1
1
1
1
0.999999
1
1
1
1
1
1
1
1
1
1
1
1
1
1
1
1
1
1
1.00001
1
1
1
1
1
1
1
1
1
1
1
1
1
1
1
1
1
1
1
1
1
1
1
1
1
1
1
0.999999
1
1
0.999973
1
1
1
1
1
1
1
1
1
1
1
1
1
1
1
1
1
1
1
1
1
1
1
1.00007
0.994268
1
1
1
1
1
1
1
1
1
1
1
0.993937
1
1
1
1
1
1
1
1
1
1
1
1
1
1
1
1
1
1
1
1
1
1
1
1
1
1
1
1
1
1
1
1
1
1
0.999998
1
1
1
1
1
1
1
1
1
1
1
1
1
1
1
1
1
1
1.00002
1
1
1
1
1
1
0.999999
1
0.999999
1
1
1
1
1
1
1
1
1
1
1
1
1
1
1
1
1
1
1
1
1
1
1
1
1.00047
1
1
1
1
1
1
1
1
0.999931
1.00002
1
1
1
1
1
1
1
1
1
1
1
1
1
1
1
1
1
1
1
1
1
0.999483
1
1
1
1
1
1
1
1
1
0.997139
1
1
1
0.999996
1
1
1
1
1
1
1
1
1.00003
1
1
0.999999
1
1
1
1
1
1
1
1
1
1
1
1
1
1
1
1
1
1
1
1
1
1
1
1
1
1
0.999888
1
1
1
1
1
1
1
1
1
1
1
1
1
1
1
1
1
1
1.00008
1
1
1
1
1
1
1
1
1
1
1
1
1
1
1
1
1
1
1
1
1
1
1.00002
1
1
1
1
1
1
1
1
1
1.00005
1
1
1
1
1
0.999967
1
1.00006
1
1
1
1
1
0.999822
1
1
1
1
1
1
1
1
1.00015
1
1
1
1
1.00002
1
1
1
1
1
1
1
1
1
1
1
1
1
1
1
1
1
1
0.997297
1
1
1
1
1
1
1
1
1
1
0.999957
1
1
1
1
1
1
1
1
1
1
1
1
1
1
1
1
1
1
1
1
1
1
1
1
1
1
1
1
1
1
1
1
1
1
1
1
1
1
1
1
1
1
1
1
1
1
1
1
1
1
1
1
1
1
1
1
0.998086
1
1
1
1
1
1
1
1
1
1
1
1
1
1
1
1
1
1
1
1
1
1
1
1
1
1
1
1
1
1
1
1
1
1
1
1
1
1
1
1
1
1
1
1
1.00025
1
0.999893
1
1
1
1
1
1
1
1
1
1
1
1
1
1
1
1
1
1
1
1
1
1
1
1
1
1
1
1
1
0.999974
1
1
1
1
1
1
1
1
1
1
1
1
1
1
1
1
1
1
1
1
1
1
1.00003
1
1
1
1
1
1
1
1
1
1
1
1
1
1
1
1
1
1
0.999999
1
1
1
1
1
1
1
1
1
0.999931
1.00002
1
1
1
1
1
1
1
1
1
1
1
1
1
1
1
1
1
1
1
1
0.999974
1
1
1
1
1
1
1
1
1
1
1
1
1
0.999993
1
1
1
1
1
1
1
1
1
1
1
1
1
1
1
1
0.999889
1
0.999964
1
1
1
1
1
1
1
1
1
1
1
1
1
1
1
1
1
1
1
1
0.999979
1
1
1
1
1
1
1
1
1
1
1
1
1
1
0.999998
1
0.999788
1
1
1
1
1
1
1
1
0.999985
1.00005
1
1
1
1
1.00001
1
1
1
1
1
0.999979
1
1
1
1
1
1
1
1
1
1
1
1
0.999987
1
1
1
1
1
0.995015
1
1
1.00003
1
0.999988
1
1
1
1
1
1
1
1
1
1
1
1
1
1
1
1
1
1
1
0.995344
1
0.99993
1
1
1
1
1
1
1
1
1
1
1
1
1
1
1
1.00028
1
1
1
0.997846
0.999981
1
1
1
1
1
1
0.995156
1
1
1
1
1
1
1
1
1
1
1
1
1
1
1
1
1
1
0.997326
1
1
1
1
1
1
1
1
1
1
1
1
1
1
1.00002
0.999995
0.999602
1
1
1
1
1
1
1
0.999878
1
1
1
1
1
1
1
1
1
1
1
1
1
1.00013
1
1
1
1
1
1
1
1
0.999996
1
1
1
1
1
1
1
1
0.999974
1
1
0.999999
1
0.999992
0.999997
1
1
1
1
1
1
1
1
1
0.999992
1
1
1
1
1
1
1
1
1
1
1
1
1
1
1
1
1
1
1
1
1
1
1
1
1
1
1
1
1
1
1.00005
1
1
1
1
1
0.999994
1
1
1
1
1
1
1
1
1
1
1
1
0.999999
1
1
1
1
1
1
1
1
1
1
1
1
1
1
1
1
1
1
1
1
1
1
1.00003
1
1
0.999965
1
0.999999
1
1
1
1
1
1
1
1
1
1
0.999999
1
1
1
1
1
1
1
1
1
1
1
1
1
1
1
1
1
1
1
1
1
1
1
1
1
1
1
1
1
0.99989
1
1
1
1
1
1
0.999826
1
1
1
1
1
1
1
1.00007
1
1
1
1
1
1
1
1
1
0.999998
1
1
1
1
1
1.00002
1
1.00003
1
1
1
1
1
1
1
1
1
1
1
1
1
1
1
1
1
1
1
1
1
1
1
1
1
1
1
1
1
1
1
1
1
1
1
1
1
1
1
1
1
1
0.999916
1.00001
1
1
0.998894
0.999999
1
1
0.999859
1
1
1
1
1
1
1
1
1
1
1
1
1
1
1
1
1
1
1
1
1
1
1
1
0.999963
1
0.994932
0.999976
1
1
1
1
1
1
1
1
1
1
1
1
1
1
1
1.00001
1
1
1
1
1
1
1
1
1
1
1
1
1.00031
1
1
1
1
1
1
1
1
1
1
1
1
1
1
1
1
1
1
1
1
1
1
1
1
1
1
1
1
1
1
1
1
1
1
1
1
1
1
1
1
1
1
1
1
1
1
1
1
1
1
1
1
1
1
1
1
0.999994
1
1
1
1
1
1
1
1
1
1
1
0.999999
1
1
1
1
1
1
1
1
1
1
1
0.999998
1
1
1
1
1
1
1
1
1
0.999623
1
1
1
0.999992
0.999985
1
1
0.999998
1
1
1
1
1
1
1
0.998948
1
1
1
1
1
1
1
1
1
1
1
1
1
1
0.999997
1
1
1
1
1
1
1
1
1
1
1
1
1
1
0.996664
1
1
1
1
1
1
1
1
1
1
1
1
1
1
1
1
1
1.00002
1
1
1
1
1
1.00003
1
1
1
1
1
1
1
1.00001
1
1
1
1
1
1
0.999981
1
1
1
1
1
1
1
1
1
1
1
1
1
1
1
1
0.999924
1
0.999999
1
1
1
1
1
1
1
1
1
1
1
1
1
1
1
1
1
1
1
1
1
1
1
1
1
1
1
1
1
1
1
1
1
0.999839
1
1
1
1
1
1
1
1
1
1
1
1
1
1
1
1
1
1
1
1
1
1
1
1
1
1
1
1
1
1
1
1
1
1
1
1
1
1
1
1
1
1
1
1
1
1
1
1
1
1
1
1
1
1
1
1
1
1
1
1
1
0.999994
1
1
1
1
1
1
1
1
1
1
1
1
0.999999
1
1
1
1
1
1
1
1
1
1
1
1
1.00002
1
1
1
1
1
1
1
0.999485
1
1
1
1
1
1
1
1
1
1
1
1
1
1
1
1
1
1
1
0.999997
1
1
1
1
0.999934
1
1
1
1
1
1
1
1
1
1
1
1
1
1
1
1
1
1
1
1
1
0.999742
1
1
1
1
1
1
1
1
1
1
1
1
1
1
1
1
0.999998
1
1
0.999998
0.999993
1
1
1
0.999992
1
1
1
1
1
1
1
1
1.00001
1
1
1
1
1
1
1
1
1
1
1
1
0.999949
1
1
0.99971
1
0.999926
1
1
1
1
0.999999
1
1
1
1
1
1
1
1
1
1
1
0.999999
1
1
0.999989
1
1
1
1
1
0.999992
1
1
1
1
1
1
1
1
1
1
1
1
1
1
1
1
1
1
1
1
1
1
1
1
1
1
1
1
1
1
1
1
1
1
1
1
1
1
1
1
0.999999
1
1
1
1
1
1
1
1
1
1
1
1
1
1
1
0.999984
1
1
1
1
1
1
1
1
1
1
0.999999
1
1
1
1
1
1
1
1
1
1
1
1
1
1
1
1.00003
1
1
1
0.999912
1
1
1
1
1
1
1
1
1
1
1
1
0.999999
1
1
1
1
0.999999
1
1
1
1
1
1
1
1
0.999999
1
1
1
0.999999
1
0.999999
1
1
1
1
1
1
1
1
0.999999
1
1
1
0.999961
1
1
0.999999
1
1
1
1
1
1
1
1
1
1
1
1
0.999946
1
1
1
1.00001
1
1
1
1
1
1
1
1
1
1
1
1
1.00002
1
1
0.999749
1
1
1
1
1
1
1.00001
1
1
1
1
1
1
1
1
1
1
1
1
1
1
1
1
1
1
1
1
1
1
1
1
1
1
0.999999
0.999544
0.999925
1
1
1
1
1
1
1
1
1
1
1
1
1
1
1
0.999955
1
1
1
1
1
1
1
0.998849
1
1
1.00001
1
1
1
1
1
1
1
1
1
1
1
1
1
1
0.999999
1
0.999974
1
1
1
1
0.999999
1
1
1
0.999988
1
1
1
1
1
1
1
1
0.999331
1
1
0.999856
1
1
1
1
1
0.999995
0.999931
1
1
1
1
1
1
1
1
0.999998
1.00003
1
1
1
1
1
1
1
1
1
1
1
1
1
1.00002
1
1
1
1
1
1
1
1
1
1
1
1
1
1
1
1
1
1
1
1
1
1
1
1
1
1
1
1
1
1
1
1
1
1
1
1
1
1
1
1.00001
1
0.999961
1
1
1
1
1
1
1
1
1
1
1
1
1
1
1
1
1
0.999996
1
1
1
1
1
1
1
1
1
0.999862
0.999995
1
1
1
1
1
1
1
1
1
0.999995
1
1
1
1
1
1
1
1
1
1
1
1
1
1
0.999983
1.00001
0.999984
1
1
1
1
1
1
1
1
1
1
1
1
1
1
1
1
1
1
1
1
1
1
1
1
1
1
0.99692
1
1
1
1
1
1
1
1
1
1
1
1
1
1
0.999988
1
1
1
1.00001
1
1
1
1
1
1
0.999286
1
0.99994
0.999993
1
1
1
1
1
1
1
1
1
1
1
1
1
1
1
1
0.999942
0.999994
1
1
1
1
1
1
1
0.999926
1
1
1
1
1
1
1
1
1
1
0.999955
1
1
0.999998
1
1
0.999976
1
1
1
0.999959
1
1
1
1
1
0.999768
1
1
1
1
1
1
1
1
1
0.999935
1
1
1
1
1
1
1
1
1
1
0.999999
0.999968
1
1
1
1
1
1
1
1
1
1
1
1
0.999913
1
1
0.999996
1
0.999873
1
1.0002
1
1
1
1
0.999999
1
1
1
1
1
1
0.999999
0.999999
1
1
1
1.00001
1
1
0.999999
1
1
1
1
1
1
0.99971
1
1
1
0.999998
1
1
1.00001
0.999839
1
1
1
1
1
1
0.999823
1
1
1
1
1
1
1
1
1
1
1
1
1
0.999993
1
1
0.999844
1
1
1
1.00001
1
0.999995
1
1
1
1
1
1
1
1
1
1
1
1
0.999951
1
1
1
1
1
1
1
1
1
1
0.999986
1
1
1
1
1
0.999883
1
1
1
0.999995
1
1
1
1
1
1
1
1
1
1
1
1
1
1
1
1
1
0.999975
1
1
1
1
1
1
1
1
1
0.999918
1
0.999999
0.999998
1
1
1
1
1
1
1
1
1
1
1
1
1
1
1
1
1
1
1
1
1
0.999999
1
1
1
1
1
1
1
1
1
0.999999
1
1
0.999999
1
1
1
1
1
1
0.999976
1
1
1
1
1
1
1
1
1
1
1
1
1
1
1
1
1
1
1
1
1
1
1
1
1
1
1
1
1.00001
1
1
1
1
1
1
1
1
1
0.999893
1
1
1
1
1
1
1
1
1
0.999998
1
1
1
0.999988
1
1
1.00001
0.999972
1
1
1
0.99995
1
1
1
0.999921
1
1
1
0.99997
1
1
1
1
1
0.999996
1
1
0.999996
1
1
1
1
1
1
0.999996
1
1
1
1
1
1
1
1
0.999968
1
1
1
1
1
1
1
1
1
1
1
1
1
1
1
0.999989
1
1
1
1
1.00001
1
1
0.999995
1
1
1
1
1
0.999996
1
1
0.999788
1
1
1
1
1
1
1.00002
1
1
1
1
1
1
0.999998
1
1
1
0.999954
1
1
1
1
0.999801
0.999986
1
0.99981
0.999996
1
1.00002
1
1
1
1
1
1
1
1
1
1
0.999996
1
0.999992
0.999956
0.999915
0.999981
1
1
1
1
1
1
1
1
0.999987
1
1
1
1
1
0.999935
1
1
1
1
1
1
1
0.999999
1
1
0.999992
1
1
0.999977
1
1
0.999999
1
1
1
1
1
1
1
1
1
1
1
1.00001
1
1
0.999921
0.999869
1
0.999992
1
0.999995
1
1
1
1
1
1
1
0.999999
1
1
1
1
1
1
1
1
1
1
1
1
1
1
1
1
1
1
1
1
1
1
1
1
1
1
1
1
1
1
1
1
1
1
1
1
0.999857
1
1
1
1.00006
1
1
1
1
1
1
1
1
1
1
0.999759
1
1
0.999998
1
1
1
1
1
0.999879
1
1
1
1
1
1
1
1
1
0.999998
1
0.999894
1
1
0.999906
1
1
1
1
1
1
1
1
1
1
1
1
1
1
1
0.999985
1
0.999843
1
1
1
1
1
1
1
1
1
1
1
1
1
0.999997
1
1
1
1
1
0.999996
1
1
1.00003
1
1
1
0.999796
1
1
1
1
1
1
1
1
1
1
1
1.00001
1
1
1
1
1
1
1
0.999934
1
0.999983
1
1
0.999999
0.999998
1
0.999995
1
1
1
1
1
1
1
1
1
1
1
1
1
1
1
1
1
1
1
1
1
1
1
1
0.999996
1
0.999997
0.999996
1
0.999988
1
1
0.999996
0.999989
1
1
1
1
1
1
1
1.00001
0.999993
1
0.999994
1.00001
1
1
0.999744
1
1
1
1
0.999966
1
1
1
1
1
1
1
1
1
1
1
0.999999
1
1
1
1
1
1
1
1
0.999999
1
1
1
1
1
0.99995
1
1
1
1.00001
1
0.999998
1
0.999999
1.00005
1
1
1
1
1
1
1
1
1.00105
1
0.999999
1
1
1
1
1
1
1
1
1
1
1
1
1
1
1
1
1
1
1
1
1
1
1
1
1
0.999993
1
1
1
1
1
1
1.00001
1
1
1
1
1
1
1
0.999999
1
1
0.999924
0.999792
1
0.999971
1
0.999989
1
1
1
0.999897
1
1
1
0.999999
1
1
1
1
1
1
1
1
1
1
1
0.999981
1
1
1
0.999759
1
1
0.999958
1
1
0.999927
1
1
1
1
1
0.999883
1
1
0.999998
0.999883
1
1
0.999987
1
1
1
1
1
1
1
1
1
1
1
1
1
0.999911
1
1
1
1
1
1
1
1
1
1
1
1
1
1
1
1
1
0.999997
1
1
1
1
1
1
1.00001
1
1
1
1
1
1
0.999853
1
1
1
1
1
1
1
1
1
1
1
0.999999
0.999999
1
0.999989
1
1
1
0.999968
1
1
1
1
1
1
1.00001
1
1
1
1
1
1
1
1
0.999999
1
1
1
1
1
1
1
1
1
1
1
1
1.00002
1
1
1
1.00003
1
1
1
1
1
1
1
1
1
1
1
1
1
1
1
1
1
1
1
1
1
1
1
1
1
1
1.00001
1
1
1
1
1
1.00002
0.999885
1
1
1
1
1
1
1
0.999944
1
1
1
1
1
1
1
1.00001
1
1
0.999999
0.999996
1
1
0.999998
1
1
1
1
1
1
1
1
1
1
1
1
1
1
1
1
1
1
1
1
1
1
1
1
1
1
1
1
1
1
1
1
1
1
1
1
1
1
1
1
1
1
1
1.00004
1
1
0.999991
1
1
0.999838
1
1
1
1
1
1
1
1
1
1
1
1
1
1
1
1
1
1
1
1
1
1
1
1
0.99976
1
1
1
1
0.999994
1
1.00004
1
1
0.999842
1
1
1.00002
1
1
1
1
1
1
1
0.99991
1
1
1
1
1
0.999994
1
1
1
1
1
1
1
1
1
1
1
0.999999
1
0.999995
1
1
1
1
1
1
1
1
1
1
1
1
1
1
1
1
1
1
1
1
0.999999
1
1
1.00253
1
1
1
1
0.999988
1.00001
1
1
1
1
1
1
1
1
1
1
1
1
1
1
1
0.999875
1
1
0.999966
1
1
1
1
1
1
1
0.999991
1
1
1
1
1
1
1
1
0.999999
1
1
0.999961
1
1
1
1
1
1
1
1
1
1
1
1
1
1
1
1
1
1
1
1
1
1
1
1
1
1
1
1
1
1
1
1
1
1
0.999977
1
1
1
1.00003
1.00002
1
1
0.999998
1
1
1
1
1
1
1
1
1
1
1
0.999975
1
1
1
1.00001
1
1
1
1
1
1
0.999775
0.999995
1
1
1
1
1
1
1
1
1
1
1
1
1
1
1
1
1
1
1
1
1
1
1
1
1
1
1
0.999996
1
0.999987
1
1
1
1
1
1
1
1
1
1
1
1
1
0.999979
1
1
1
1
1
0.999993
1.00001
1
1
1
1
1
1
1
1
1
1
1
1
0.999999
1
1
1
0.999998
1
1
1
0.999968
1
1
1
1
1
1
1
1
0.999995
1
1
0.99997
1
1
1
1
1
1
1
1
0.999998
1
1
1
1
1
1
0.999998
1
1
1
1
1
1
1
1
1
0.999999
1
1
1
0.999763
1
1
1
1
1
1
1
1.00001
1
0.999998
1
1
1
1
1
1
1
1
1
0.999998
1
1
1
1
1
1
1
1
1
1
1
1
1
1
1.00001
1
1
1
1
1
1
1
0.999862
1
1
1.00002
1
1
1
1
1
1
1
1
1
1
1
1
1
1
1
0.999996
1
1
1
1
1
1
1
1
1
1
1
1
1
1
0.999969
1
1
1
1
1
1
1
1
1
0.99995
1
1
1
1
1
1
1
1
1
0.999997
1
1
0.999999
1
1
1
1
1
1
1
1
1
1
1
1
1
1
1
0.999999
1
0.999993
1
1
1
1
1
0.999932
1
1
1
1
1
1
1
1
1
1
1
1
1
1
1
1
1
1
1
1
1
1
1
1
1
1
1
1
1
1
1
1
0.999979
0.999755
1
1
1
1
0.999998
1
0.999993
1
1
1
1
0.999974
1
1
1
1
1
1
1
1
1
1
1
1
1
1
1
1
1
1
1
1.00001
1
0.999999
1
1
1
1
1.00001
1
1
0.999967
0.99999
1
1
1
1
1
1
1
1
1
0.999995
1
1
1
1
1
1.00001
1
1
1
1
1
1
1
1
0.999996
1
1
1
1
1
1
1
1
1
1
1
1
1
1
1
1
1
1
1
1
1
1
1
1
1.00001
1
1
1
1
1
1
1
1
1
1
1.00002
1
0.99901
1
1
0.999996
1
1
1
1
0.999992
1
1
1
1
1
1
1
1
1
1
1
1
1
1
1.00001
1
0.999999
1
1
1
1
1
1
1
0.999886
1
1
1
0.999998
1
1
1
1
1
1
1
1
1
1
1
1
1
1
1
0.999987
1
1
1
1
0.999999
1
0.999869
1
0.999998
0.999999
1
1
0.999999
0.999958
1
1
0.999945
1
1
1
0.999994
1
1
1
1
1
1
1
1
1
1
1
1
1
1
0.999997
1
1
0.999954
0.999972
0.999918
1
0.999999
0.999907
1
1
1
1
1
1
1
1
1
1
1
0.999855
1
0.999997
1
1
1
1
1
1
0.999993
1
0.999995
1
1
1
1
1
1
1
0.999947
1
1
1
1
0.999983
1
1
1
1
1
1
1
1
1
1
1
1
0.999984
1
1
1
1
1
1
1
1
1
1
1
0.999993
1
1
1
1
1
1
1
1
1
1
1
1
1
1
1
1
1
0.999995
1
1
1
1
1
1
1
1
0.99988
1
1
1
1
1
1
1
1
1
1
1
1
0.999999
1
1
1
1
1
1
0.999877
1
1
1
1
1
0.999981
1
1
1
0.999951
1
1
1
0.999848
1
1
1
1
1
1
1
1
0.999998
1
1
1
1
1
1
1
1
1
1
1
1
1
1
1
1
1.00002
1
0.999999
1
1
1
1
1
0.999996
1
1
1
1
1
1
1
1
1
1
1
1
1
1
1
1
1
1
1
0.999991
1
1
1
1
1
1
1
1
1
1
1.00001
1
1
1
0.999998
1
1
1
1
1
0.996238
1
1
1
1
1
1
1
1
1
1
1
0.99998
1
1
1
1
1
1
0.999999
1
1
1
1
1
1
1
0.999999
1
1
0.999999
1
1
1
0.999899
1
1
1
1
1
1
1
1
1
1
1
1
1
1
0.999769
1
1
1
1
1
1
1
1
1
1
1
1
1
1
1
1
1
1
1
1
1
1
1
1.00002
1
1
1
1
1
1
1
0.999999
0.999998
1
1
1
1
1
1
1
1
1
1
1
1
1
1
1
1
1
1
1
1
1
1
1
1
1
1.00004
1
1
1
1
1
1
1
1
1
1
1
1
1
1
1
1
1
1
1
1
1
0.999994
0.994608
0.999998
1
1
1
1
1
1
1
1
1
1
1
1
1
1
1
1
1
1
1
1
0.999999
1
1
1
1
1
1
1
1
1
0.999949
1
1
1
1
1.00044
1
1
1
1
1
1
1
0.999954
1
1
1
1
0.999889
0.999999
1
1
1
1
1
1
1
1
1
1
1
1
1
1
1
1
1
1
1
1
1
1
1
1.00121
1
1
1
1
1
1
1
1
0.999993
1
1
1
1
1
1
1
1
1
1
1
1
1
0.999999
1
1
0.99989
1
1
1
1
1
1
1
1
1
1
1
1
1
1
1
1
0.999996
1
1
1
1
1
1
1
0.994807
1
1
1
1
1
0.999833
1
1
1
1
1
1
1
1
1
1
1
1
1
1
1
1
1
1
1
1
1
1
1
0.999999
1
1.00001
1
0.999724
1
1
1
1
1.00001
1
1
0.999861
1
1
1
1
0.99567
1
1
1
1
1
1
0.999952
1
1
1
1
0.999999
1
1
1
1
1
1
0.999973
1
1
1
1
1
1
1
1
1
1
1
1
1.00001
1
0.999999
1
1
0.999929
1
1
0.999925
1
0.999993
1
0.999997
1
1
1
1
1
1
0.999946
1
1
1
0.996271
1
1
1
1
1
1
1
0.999999
1
0.999997
1
0.999997
1
1
1
1
1
1
1
1
1
1
1
1
1
0.999984
1
1.00001
1
1
1
1
1
1
1
1
1
1
1
1
1
1
1
1
1
1
1
1
1
1
1
1
0.999947
1
1
1
1
1
1
1
1
1
1
1
1
1
1
0.999999
1
1
1
1
1
1
1
1
1
1
1
1
1
1
1
1
1
1
1
1.00002
1
1
1
1
1
0.999981
1
1
1
1
1
1
1
1
0.99999
1
1
1
1
1
1
1
1
1
1
1
1
1
1
1
1
1
1
1
1
1
1
1
1
0.999999
0.999984
1
1
1
1
1
0.999999
1
1
1
1
1
1
1
1
1
1
1
1
1
1
1
1
1
1
1
1
1
1
0.999999
1
1
1
1.00001
1
1
1
1
1
1
1
0.999999
1
1
1
1
1
1
1
1
1
1
0.999999
0.999993
1
1.00001
1
1
1
1
1
1
0.999991
1
1
1
1
1
1
1
1
1
1
1
1
1
1
1
1
1
1
1
0.999999
1
1
1
1
1
1
1
1
0.999983
1
1
1
1
1
1
1
1
1
1
1
1
1
1
1
1
1
1
1
1
1
1
1
1
1
0.99999
1
1
1
1
1
1
1
1
1
1
1
1
1
1
1
1
1
1
1
0.999991
0.999987
0.999995
0.999999
1
1
0.999919
1
1
1
1
1.00002
1
1
1
1
0.999992
1
1
1
0.999999
1
1
1
1.00002
1
1
0.999863
1
1
1
1
1
1
1
1
1
1
1
1
1
0.999996
1
1
1
1
1
1
1
1
1
1
1
0.999995
1
1
1
1
1
1
1
1
1
1
1
1
0.999998
1
1
1
1
1
1
1
1
1
1
1.00001
1
1
1
1
1
1
1
1
1
1
0.999988
1
1
1
1
1
1.00002
1
1
1
1
1
0.999998
1
1
1
1
1
1
1
1
1
1
1
1
1
1
1
1
1
1
1
1
1
1
1
1
1
1
1
0.999987
1
1
0.999997
1
0.999767
1
1
1
0.999989
1
1
1
1
1
1
1
1
1
1
1
1
1
1
1
1
1
1
1
0.999997
1
1
1
1
0.999997
1
1
1
0.999997
1
1
1
1
1
1
1
0.999973
1
1
1
1
1
1
0.999989
0.999999
1
0.999997
1
1
1
0.999998
1
1
1
1
1
0.999997
1
1
1
1
1
1
1
0.999976
1
1
1
0.999981
1
1
1
1
1
1
1
1
1
1
1
1
1
1
1
1
1
1
1
1
1
1
0.999985
1
1
1
1
1
1
1
1
1
0.999998
1
1
1
1
1
1.00003
1
1
1
1
1
1
1
1
1
1
1
1
1
1
1
1
1
1
1
1
1
1
1
1
1
1
1
1
0.999578
1
0.999999
1.00005
0.999875
1
1
1
1
0.999826
1
0.999981
1
0.999974
1
0.999947
1
1
1
1
1
1
1
1
1
0.999999
1
1
1
1
1
1
1
1
1
1
0.999919
0.999996
1
1
1
1.00002
0.999989
1
1
1.00001
0.999997
1
1
1
1
1
1
1
1
1
1
1
1
1
1
1
1
1
0.999999
1
1
1
1
1
1
1
1
0.999997
1
1
1
1
1
1
1
1
1
0.999997
1
1
1
1
1
1
1
1.00033
1
1
1
1
1
1
1
1
1.00004
1
1
1
0.999998
1
1
1
1
1
1
0.999972
0.999989
1
0.999996
1
1
1
1
1
1
1
1
1
1
1
1
0.999998
1
1
1
1
0.999966
1
1
1
1
1
1
1
1
1
1
1
1
1
1
1
1
1
1
1
1
1
1
1
1
1
1
1
1
1
1
1
1
1
1
1
1
0.999993
1.00002
1
1
1
1
1
0.999997
1
1
0.999989
1
0.999834
1
0.999999
1
1
1
1
1
1
1
1
1
1
1
1
1
1
1
1
1
1
1
0.999999
1
1
1
1
0.999954
1
1
1
1
1
1
1
1
1
1
1
1
1
1
1
1
1
1
1
1
1
1
1
1
1
1
1
1
1
1
1
1
1
1
1
1
1
1
1
1
1
1
1
1
1
1
1
1
1
1
1
1
1
1
1
1
0.999998
1
1
1
1
1
1
1
1
1
1
1
1
1
0.999999
1
1
1
1
1
0.999992
1
1
1
1
0.999991
1
1
1
0.99999
1
1
1
1
1
1
1
0.999987
0.999994
1
1
1
1
1
1
1
1
1
1
1
1
1
1
1
1
1
1
1
1
1
1
1
1
1
1
1
1
1
0.999873
1
1
1
1
1
1
1
1
1
1
1
1
0.999969
1
1
1
1
1
1
1
1
1
1
1
1
1
1
1
1
1
1
1
1
0.999998
1
0.999999
1
1.00007
1
1
1
1
1
1
1
1
1
1
1
1
1
1
1
1
1
1
1
1
1
1
1
1
1
1
1
1
1
0.999984
1
1
1
1
1
1
1
1
1
1
1
1
1
1
1
1
1
1
1
1
1
1
1
1
1
1
0.999987
1
1
1
1
1
1
1
1
1
1
1
1
0.999991
1
1
1
0.999968
1
1
0.999984
1
1.00008
1
1
1
0.999998
1
1
1
1
1
1
1
1
0.999976
1
1
1
0.999658
1
1
1
1
1
1
1
1
1
1
1
1
1
1
1
1
1
1
1
1
1
0.999998
1
1
1
1
1
1
1
0.999997
1
1
1
1
1
1
1
1
1
1
1
1
1
1
1
1
1
1
1
1
1
1
1
1
1
1
1
1
0.999997
1
1
1
1
1
1
1
1
1
1
1
1
1
1
1
1
1
1
1
1.00001
1
1
1
1
0.999999
1
1
1
1
1.00001
1
0.999998
1
1
1
1
1
1
1
1
1
0.999983
0.999999
1
1
1
1
1
1
1
1
1
1
1
1
1
1
1
1
1
1
1
1
1
1
1
1
1
1
1
1
1
1
1
1
1
1
1
1
1
1
1
1
1
1
1
1
1
1
0.999997
1
1
1
1
1
1
0.999999
1
1
1
1
1
1
1
0.999999
1
1
1.00021
1
1
1
1
1
1
1
1
0.999997
1
1
1
1
1
1
1
0.999878
1
1
1
1
1
1
0.999998
1
1
0.999992
1
1
1
1
1
1
1
1
1
1
1
1
1.00002
1
1
1
0.999996
1
1
1
1
1
0.999991
1
1
1
1
1
1
1
1
1
1
1
1
1
1
1
1
1
1
1
1
1
1
1
1
1
1
1
1
1
1
1
1
1
1
1
1
1
1
1
1
1
1
1
1
1
1
1
0.999967
1
1
0.999367
1
1
1
1
1
0.999248
1
1
1
1
1
0.999956
1
1
1
1
1
1
1
1
1
1
1
1
1
1
1
1
1
1
1
1
1
1
1
1
1
1
1
1
1
1
1
1
1
0.999887
1
0.999986
1
1
1
1
0.999999
1
1
1
1.00001
1
1
1
1
1
1
1
1
1
1
1
1
1
1
1
1
1
1
1
1
1
1
0.999998
1
1
1
1
1
1
1
1
1
1
1
1
1
1
1
1
1
1
1
1
1
1
1
1
1
1
0.999973
1
1
1
1
1
1
1
1
1
1
1
1
1
1
1
1
1
1
0.999988
1
1
0.999996
1
1
1
1
1
1
0.999991
1
1
1
1
1
1
1
1
1
1
1
1
1
1
1
1
1
1
0.999997
1
1.00002
1
1
0.999995
1
1
1
1.00027
1
1
1
1
1
1
1
1
1
1
1
1
1
1
1
1
1
1
1
1
1
1
1
1
1
1
1
1
1
1
1
1
1
1
1
1
1
1
1
1
1
1
1
1
1
1
1
1
1
1
1
1
1
1
1
1
0.999967
1
1
1
1
1
1
1
1
1
1
1
1
1
1
1
1
1
1
1
1
1
1
1
1
1
1
1
1
1
1
1
1
1
1
1
1
1
1
1
1
1
1
1
1
1
1
1
1
1.00001
1
1
1
1
1
1
1
1
1
1
1
1
1
1
1
1
1
1
1
1
1
1
1
1
1
1
1
1
1
1
1
1
1
1
1
1
1
1
1
1
1
1
1
1
1
1
1
1
1
1
1
1
1
1
1
1
0.999968
1
1
1
1
1
1
1
1
1
1
1
1
1
1
1
0.999956
1
1
1
1
1
1
1
1
1
1
1
0.999994
1
1
1
1
1
1
1
1
1
1
1
1
1
1
1
1
1
1
1
1
1
1
1
1
1
1
1
1
1
1
1
1
1
1
1
1
1
1
1
1
1
1
1
1
1
1
1
1
1
1
1
1
1
1
1
1
1
1
1
1.00001
1
1
1
1
1
1
1
1
1
0.999999
1
1
1
0.999998
1
1
1
1
1
1
1
1
1
1
1
1
0.999994
1
1
1
1
1
1
1
1
1
1
1
1
1
1
1
1
1
1
1
1
1
1
1
1
1
1
1
1
1.00001
1
1
1
1
1
1
0.999965
1
1
0.999958
0.999996
0.999999
1
1
1
1
1
1
1
1
1
1
1
1
1
1
1
1
1
1.00006
0.999995
1
1
1
1
1
1
1
1
1
1
1
1
1
1
1
1
1.00001
1
1
1
1
1
1
0.999964
1
1
1
1
1
1
1
1
1
1
1
1
1
1
1
1
1
1
1
1
1
1.00003
1
1
1
1
1
1
1
1
1
1
1
1
0.999999
1.00029
1
1
1
1
1
1
1
1
1
1
1
1
1
0.999932
1
1
1
0.999996
1
0.999999
1
1
1
1
1
0.999979
1
1
1
1
1
1
1
1
1
1
1
1
1.00001
1
1
1
1
1
1
1
1
1
1
1
1
1.00001
1
1
1
1
1
1
1
1
1
1
1
1
1
1
1
1
1
1
1
1
1
1
1
1
1
1
1
1
1
1
1
0.999992
1
1
1
0.999478
1
1
1
1
1
1
1.00002
1
1
1
1
1
1
1
1
1
1
1
1.00003
1
1
1
1
1
1
1
1
1
1
0.999756
1
1
1
1
1
1
1
1
1
1
1
1
1
1
1
1
1
1
1
1
1
1
1
1
1
1
1
1
1
1
1
0.999992
1
1
1
1
1
0.999983
1
0.999991
1
1
1
1
1
1
1
1
1
1
1
1
1
1
1
1
1
1
1
1
1
0.999985
1
1
0.999999
1
1
1
1
0.99994
0.999988
1
1
1
1
1
1
1
1
1
1
1
1
0.999983
1
1
1
1
1
1
1
1
1
1
1
1
1
1
1
1
1
1
1.00003
1
1
1
1
1
1
1
1
1
1
1
1
0.999997
1
1
1
1
1
1
1
1
1
1
1
1
1
1
1
1
1
1
1
1
1
1
1
1
1
1
1
1
1
1
1
1
1
1
1
1
1
1
1
1
1
0.999843
0.999996
1
1
1
1
1
1
1
1
1
1
1
1
1
1
1
1
1
1
1
1
1
1.00001
1
1
1
1
1
1.00058
1
1
1
1
1
1
1
1
1
1
1
1
1
1
1
1
1
1
1
0.999993
1
1
1
1
1
1
1
1
1
1
1
1
1
1
1
1
1
1
1
1
1
1
1
1
1
1
0.999999
1
1.00001
1
1
1
1
1
1
1
1
1
1
1
0.999899
1
1
1
1
1.0002
1
1
1
1
1
1
1
1
1
0.999987
1
1
1
1
1
1
1
1
1
1
1
1
1
1
1
1
1
1
1
1
1
1
1
1
1
1
1
1
1
1
1
1
1
1
0.999999
1
1
1
1
1
1
1
1
1
1
1
0.999924
1
1
1
1
1
1
1
1
1
1
1
1
1
1
1
1
1
1
1
1
1
1
1
1
1
1
1
1
1
1
1
1
1
1
1
1
1
1
0.999999
1
1
1
1
1
1
1
1
1
1
1
1
1
1
1
1.00001
1
1.00001
1
1
1
1
1
1
1
1
1
1
1
1
1
1
1
1
1
1
1
1
1
1
1
1
1
1
1
1
1
1
1
1
1
1
1
1
1
1
1
1
1
1
1
1
1
1
1
1
1
1
1
1
1
1
1
1
1
1
1
1
1
1
1
1
1
1
1
1
1
1
1
0.999948
1
1
1
1
1
1
1
1
1
0.999999
1
1
0.999999
1.00001
1
1
1
1
1
1
1
1
0.999972
1
1
1
0.999748
0.999843
1
1
1
1
1
1
1
1
1
1
1
1
1
1
1
1
1
1
1
1
1
1
1
1
1
1
1
1
0.998431
1
1
1
1
1
1
1
1
1
1
1
1
1
1
1
1
1
1
1
1
1
1
1
1
1
1.00059
1.00001
1
1
1
1
1
0.997985
1
1
1
1
1
1
1
1
1
1
1
1
1
1
1
1
1
1
1
1
1
1
1
1
1
1
1
1
0.999999
1
1
1
1
1
1
1
1
1
1
1
1
1
1
1
1
1
1
1
1
1
1
1
1
1.00084
1
1
1
1
1
1
1
1
1
1
1
1
1
1
1
1
1
1
1
1
1
1
1
1
1
1
1
1
1
1
1
1
1
1
1
1
1
1
1
0.999994
1
1
1
1
1
1
1
1
1
1
1
1
1
1
1
1
1
1
1
0.999983
1
1.00001
1
1
1
1
1
1
1
1
1
1
1
1
1
1
1
1
1
1
1
1
1
1
1
1
1
1
1
1
1
1
1
1
1
1
1
1
1
1
1
1
1
1
1
1
1
1
1
1
1
1
1
1
1
1
1
1
1
1
1
1
1
1
1
1
1
1
1
1
1
1
1
1
1
1
1
1
1
0.999914
1
1
1
1
1
1
1
1
1
1
1
1
1
1
1
1
1
1
1
1
1
1
1
1
1
1
1
1
1
1
1
1
1
1.00001
1
0.999925
1
1
1
1
1
1
1
1
1
1
1
1
1
1
1
1
1
1
1
1
1
1
0.999999
1
1
1
1
1
1
1
1
1
1
1
1
1
1
1
1
1
1
1
1.00138
1
1
1
1
1
1
1.00005
1
1
1
1
1
1
1
1
1
1
1
1
1
1
1
0.999998
1
1
1
1
1
1
1
1
1
1
1
1
1
0.999817
1
1
1
1
1
1
1
1
1
1
1
1
1
1
1
1
1
1
1
1
1
1
1
1
1
1
1
1
1
1
1
1
1
1
1
1
1
1
1
1
1
1
1
1
1
1
0.999999
1
1
1
1
1
1
1
1
1
1
1
1
1
1
1
1
1.00001
1
1
1
1
1
1
1.00001
0.999991
1
1
1
1
1
1
1
1
1
1
1
1
1
1
1
1
1
1
1
1
1
0.999989
1
1
1
1
1
1
1
1
1
1
1
1
1
1
1
1
1
1.00001
1
1
1
1
1
1
1
1
1
1
1
1
1
1
1
1
0.999999
1
1
1
1
1
1
1
1
1
1
1
1
1
1
1
1
1
0.998603
1
1
1
1
1
1
1
1
1
1
1
1
1
1
1
1
1
1
1
0.999996
1
1
1
1
1
1
1
1
1
1.00002
1
1
1
1
1
1
1
1
1
1
1
1
1
1
1
1
1
1
1
1
1
1
1
1
1
1
1
0.999898
1
1
1
1
1
1
1
1
1
1
1
1
1
1
1
1
1
1
1
1
1
1
1
1
1
0.999265
1
1
1
1
1
1
1
1
1
1
1
1
1
1
1
1
1
1
0.999998
1
1
0.996895
1
1
1
1
1
1
1
0.999909
1
1
1
1
1
1
1
1
1
1
1
1
1
1
1
1
1
1
1.00003
1
0.997221
1
1
1
1
1
1
1
1
1
1
1
1
1
1
1
1
1
1
1
1
1
1
1
1
1
1
1
1
1
1
1
1
1
1
1
1
1
1
1
1
1
1
1
1
1
1
1
1
1
1
1
1
1
1
1
1
1
1
1
1.00048
1
1
1
1
1
1.00001
1
1
1
1
1.00001
1
1
1
0.999973
1
1
1
1
1
1
1
1
1
1
1
1
0.999999
1
1
1
1
1
1
1
1
1
1
1
1
1
1
1
1
1
0.999608
1
1.00031
1
1
1
1
1
1
1
1
1
1
1
1
1
1
1
1
1
1
1
1
1
1
1
1
1
1
1
1
1
0.995938
1
1
1
1
1
1
1
1
1
1
1
1
1
1
1
1
1
1
1
1
1
1
1
1
1
1
1
1
1.00083
1
1
0.997923
1
1
1
1
1
1
1
1
1
1
1
1.0001
1
1
1
1
1
1
1
1
1
1
0.998023
1
1
1
1
1.00001
1
0.999884
1
1
1
1
1
1.00013
1
1
1
1
1
1
1
1
1
1
1
1
0.999998
1
1.00002
1
0.999989
1
1
1
1
1
1
1
1
1
1
1
1
0.998793
1
1.00006
1
1.00001
1
0.999944
1
1
1
1
1
1.00024
1
0.999271
1
1
0.999979
0.997808
0.999992
1
1
1
1
1
1
0.999991
1
1
1
1
1
1
1
1
1
1.00001
1
1
1
1
1
1
1
1
0.999676
1
1
1
1
0.999987
0.999906
1
1
1
1
1
1
1
1
1
1
1
1
1
1
1
1
0.999999
1
1
1
1
1
1
1
1.00001
1
1
1
1
1
1
0.999999
1
1
1
0.999986
1
1
1
1
1
1
1
0.999991
1
1
1
1
1
1
1
1
1
1
1
1
1
1
0.999982
1
1
1
1
1
1
1
1
1
1
1
1
1
1
1
1
1
1
1
1
1
1
1
1
1
1
0.999831
1
1
1
1
1
1
1
1
1
1
1
0.999992
1
1
1
1
1
1
1
1
1
1
1
1
1
1
1
1
1.00001
1
1
1
1
1
1
1
1
1
1
1
1
1
1
0.999919
1
1
1
1
1
1
1
0.999999
1
1
1.00093
1
0.99995
1
1
1
1
1
1
1
0.999996
1
1
0.999999
1
1
1
1
1
1
1
0.999772
1
1
1
1
1
1
1
1
1
1
1
1
1
1
1
1
1
1
1
1
1
1
1
1
1
1
1
1
1
1
1
1
1
1
1
1
1
1
1
1
0.999984
1
1
1
1
1
1
1
1
1
0.999983
1
1
1
1
1
1
1
1
1
1
1
1
1
1
1
1
0.999996
1
1
1
1
1
1
1
0.999979
1
0.999972
1
1
1
1
1
1
1
1
1
1
1
1
1
1
1.00008
1
1
1
1
1
1
1
1
1
1
1
1
1
1
1
1
1
1
1
1
1
1
1
0.999999
1
1
1
1
1
1
1
1
1
1
1
1
1
1
1
1
1
1
1
1
1
1
1
1
1
1
1
1
1
1
1
1
1
1
1
1
1
1
1
1.00001
1
1
1
1
1
1
1
1
1
1
1
1
0.999778
1
1
1
1
1
1
1
1
1
1
1
1
1.00007
1
1
1
1
1
1
1
1
1
1
0.999996
1
1
1
0.999317
1
1
1
1
0.999994
1
1
1
1
1
1
1
1
1
1
1
1
1
1
1
1
1
1
1
1
1
1
0.999302
0.999973
1
1
0.998231
1
1
1
1
1
1
1.0001
1
1
1
1
1
1
1
1
1
0.999975
1
1
1
0.999974
1
1
1
1
1
0.999998
0.999684
1
1
1
1
1
1
1
1
1
1
1
1
1
1
1
1
1
1
1
1
1
1
1
1
1
1
1
1
1.00001
1
1
1
1
1
1
1
1
1
1
1
1
1
1
1
1
1
1
1
1
1
1
1
1
1
1
1
1
1
1
1
1
1
1
1
1
1
1
1
1
1
1
1
1
1
1
1
1
1
1
1
1
1
1
1
1
1
1
1
1
1
1
1
1.00004
1
1
1
1
1
1
1
1
1
1
1
1
1
1
1
1
1
1
1
1
1
1
1
0.999998
1
1
1
1
1
1
1
1
0.999944
1
1
1
1
1
1
1
1
1
1
1
1
1
1
1
1
1
1
1
1
1
1
1
1
0.999985
1
1
1
0.999842
1
1
1.00012
1
1.00002
0.999982
1
1
1
1
1
1
1
1
1
1
1
1
1
1
1
1
1
1
1
1
1
0.999998
1
1
1
1
1
1
1
1.00145
1
1
0.999941
1
1
1
1
1
1
1
1
1
1
1
1
1
1
1
1
1
1
1
1
1
1
1
1
1
1
1
1
1
1
1
1
1
1
0.999925
1
1
1
1
1
1
1
1
1
1
0.999999
1
1
1
1
1
1
1
1
1
1
1
1
0.999997
1
1
1
0.999995
1
1
1
1
1
1
1
1
1
1
1
1
1
1
1
1
1
1
1
1
1
1
1
1
1
1
1
1
1
1
1
1
1
1
1
1
1
1
1
1
1
1
1
1
0.999992
1
1
1
1
1
0.998878
1
1
1
1
1
1.00001
1
0.999995
1
1
1
1
1
1
1
1
1
1
1
1
1
1
1
1
1
1
1
1
1
1
1
1
0.999986
1
1
1
1
1
1
1
1.00003
1
1
1
1
1
0.999998
1
1
1
1
1
1
1.00001
1
1
1
1
1
1
1
1
1
1
1
1
1
1
1
1
1
1
1
1
1
1
1.00001
0.999997
1
1
1
1.00003
1
1.00004
0.999996
0.99999
1
0.999997
1
1
1
1
1
1
1
1
1
1
1.00001
1
1
1
1
1
1
1
1
1
1
1
1
1
1
1
1
1
1
1
1
1
1
1
1
1
1
1
1.00001
1
1
1
1
1
1
1
1
0.999917
1
1
1
1
1
1
1
1
1
1
1
1
1
1
1
1
1
0.998403
1
0.999999
1
1
1
1
1
1
1
1
1
1
0.999999
0.999997
1
1
1
1
1
1
1
1
1
1
1
1
1
1
0.999997
1
1
1
1
1
1
1
1
1
1
1
1
1
1
1
1
1
1
1
1
1
1
1
1
1
1
1
1
1
1
1
1
1
1
0.999932
1
1
1
1
1
1
1
1
1
1
0.993468
1
1
1
1
1
1
1
1
1
1
1
1
1
1
1
1
1
1
1
1
1
1
1
1
1
1
1
0.999231
1
1
1
1
1
1
1
1
1
1
0.999999
1
1
1
1
1
1
1
1
1
1
1
1
1
1
1
1
1
1
0.999886
1
1
1
1
1
1
1
1
1
1.0007
1
1
1
1
1
1
1
1
1
1
1
1
1
1
1
1
1
1
1
1
1
1
1
1
1
1
1
1
1
1
1
1
1
1
1
1
1
0.997095
1
0.999828
1
1
1
1
1
1
0.999993
1
1
1
1
0.999998
1
1
0.999999
0.999999
1
1
1
0.999984
1
1
1
1
1
0.999996
1
1.00001
1
1
1
0.999997
1
1
1
0.999999
1
1
1
1
1
1
1
1
0.999852
1
0.999972
1
1
1
1
1
1
1
1
0.999999
1
1
1
1
1
1
1
1
1
1
1
1
0.999622
1
1
1
1
1
1
1
1
1
1
0.999998
1
1
1
1
1
1
1
1
1
1
1
1
1
1
1
1
1
1
1
1
1
1
1
1
1
1
1.00001
1
1
1
1
0.999999
1
1
1
1
1
1
1.00001
1
1
1
1
1
1.00003
1
1
1
1
1
1
1
1
1
1
1
1
1
1
1
1
1
1
1
1
0.999996
1
1
1
1
1
1
1
0.999279
1
1
1
1
1
1
1
0.999988
1
1
1
1
1
1
1
1.00021
1
1
1
1
0.99992
1
0.999999
1
1
1
1
1
1
1
1
1
1
1
1
1
1
0.999999
1
0.999996
1
1
1
1
1
1
1
1
1
1
1
1
1
1
1
1
1
0.999999
1
1
1
1
1
1
1
1
1
1
1
1.00001
1
1
1
1
0.99978
1
1
1
0.999997
1
0.999999
1
1
0.999999
1
1
1
0.999998
1
1
1
0.999968
1
1.00029
1
1
1
1
1
0.999999
1
0.999115
1
1
1
0.999998
1
0.999999
1
1
1
1
1
1
1
1
1
1
1
1
1
1
1
1
1
1
1
1
1
1
1
0.999994
1
1
1
1
1
1
1
1
1
1
1
1
1
1
1
1
1
1
1
1
1
1
1
1
1
1
1
1.00001
1
1
1
1
1
1
1
1
1
1
1
1
1
1
1
1
1
1
1
1
1.00001
1
1
1
0.999953
1
1
1
1
1
1
1
1
1
1
1
1
1
1
1
1
1
1
1
1
1
1
0.999965
0.999996
1
1
1
1
1
1
1
1
1
1
1
1
1
1
1
1
1
1
1
1
1
1
1
1
1
0.997444
1
0.999583
1
1
1
1
1
1
1
1
0.996781
1
1
1
1
1
1
1
1
1
1
1
1
1
1
1
1
0.999997
1
0.999941
1
1
1
0.999999
1
1
1
1
1
1
1
1
1
1
1
1
1
1
1
1
1
1
1
1
1
1
1
1
1
1
1
1
1
1
0.999977
1
1
0.999994
0.999625
1
1
1
0.999998
1
0.999765
1
1
1
0.996176
1
1
1
1
1
1
1
1
1
1
1
1
1
1
1
1
1
1
1
1
0.999999
1
1
1
1
1
1
1
1
1
1
1
1
1
1
1
0.999999
1
1
1
1
1
1
1
1
1
1
1
1
1
1
1
1
1
1
1
1
0.999913
1
1
0.999996
1
1
1
1
1
1
1
1
1
1
1
0.999999
1
1
0.999943
1
1
1
1
1
1
1
1
1
1
1.00005
1
1
1
1
1
1
1
1
1
1
1
1
1
1
1
1
0.999971
1
1
1
1
1
1
1
1
1
1
1
1
1
1
1
1
1
1
1
1
1
1
1
1
1
1
1
1
1
1
1
1
1
1
1
1
0.999888
1
1
1
1
1
1
1
1
1
1
1
1
1
1
1
0.999997
1
1.00004
1
1
1
1
1
1
1
1
1
1
1
1
1
1
0.999876
1
1
1
1
1
1
1
1
1
1
1
1
1
1
1
1
1
1
1
1
1
1
0.999998
1
1
1
1
1
1
1
1
1
1
1
1
1
1
1
1
1
1
1
1
1.00004
1
0.999998
0.999983
1
1
1
1
1
1
1
1
1
1
1
1
1
1
1
1
1
1
0.999999
1
1
1
1
1
1
1
1
1
1
1
1
1
1
1
1.00001
1
1
1
0.995642
1
1
1
1
1
1
1
1.00003
1
1
1.00001
1
1
1
1
1
1
1
1
1
1
0.999774
1
1
1
1
1
1
1
1
1
1
1
1
0.999989
1
1
0.999995
1
1
1
1
1
1
1
1
1
1
0.998812
1
1
1
1
1
1
1
0.999997
1.00001
1
1
1
1
1
0.999985
1
0.999916
1
1
0.999994
1
1
1
1
1
1
1
1
1
1
1
1
1
1
1
1
1
1
1
1
1
0.999214
1
1
1
1
1
1
1
1.00001
1
1
1
1
1
1
0.99554
1
1
1
1
1
1
1
1
0.999947
1
1
1
1
1
1
1
1
1
1
1
1
1
1
1
1
1
1
0.997602
1
1
1
1
1
1
1
1
1
1
1
1
1
1
1
1
1
1
1
1
1
1
0.999998
1
0.999976
1
1
1
1
1
1
1
1
1
1
1
0.999874
1
1
1
1
1
1
1
1
1
1
1
1
1
1
1
1
1
1
1
1
1.00002
1
1
1
1
1
1
1
1
1
1
1
1
1
1
1
1
1
1
0.999833
1
1
1
1.00005
1
1
1.00002
1
1
1
1
1
1
1
1
1
1
1.00001
1
1
1
1
1
1
1
1
1
1
1
1
1
1
1
1
1
1
1
1
1
1
1
1
1
1
1.00001
1
1
1
1
1
1
1
1
1
1
1
1
1
1
1
1
1
1
1
1
1
1
1
1
1
1
1
1
1
1
1
1
1
1
1
1.00001
1.00002
1
1
1
1
1
1
1
1
1
1
1
1
1
1
1
0.999998
1
1
1
1
1
1
1
1
1
1
1
1
1
1
1
1
1
1
1.00001
1
1
0.999347
1
1
1
1
1
1
1
1
1
1
1
1
1
1
1
1
1
0.999996
1
1
1
1
0.999556
1
0.999989
1
1
0.999961
1
1
0.999999
1
1
1
1
1
1
1
1
1
1
1
1
1
1
0.999516
1
1
1
1
1
1
1
1
1
1
0.999988
0.999956
1
1
1
1
1
1
1
1
1
1
1
1
1
1
1
1
0.999969
1
1
1
1
1
1
1
1
1
1
1
1
1
1
1
1
1
1
1
1
1
1
1
1
1
1
1
1
0.999999
0.999675
1
1
1
1
1
1
1
1
1
1.00002
1
1
1
1
1
1
1
1
0.999999
1
1
1
1
1
1
1
1
1
1
1
1
0.999999
1
0.999993
1
1
1
1
1
1
1
1
1
1
1
1
1
1
1
1
1
1
1
1
1
1
1
0.999999
1
1
1
1
1
1
1
1
1
1
1
1
1
0.990732
1
1
1
1
1
1
1
1
0.999999
1
1
1
1.00001
1
1
0.999716
1
1
1
1
1
1
1
1.00001
1
1
1
1
1
1
0.999999
1
1
1
1
1
1
1
1
1
1
1
1
1
1
1
1
1
1
0.997121
1
1.00152
1
1
1
1
1
1
0.997754
1
1
1
1
1
1
1
1
1
1
1
1
1
1
1
1
1
0.999995
0.999755
1
1
1
1
1
1
1
1
1
1
1
1
1
1
1
1
1
1
1
1
1
1
1
1
1.00001
1
1
1
1
1
1
1
1
1
1
1
1
1
1
1
1
1
1
1
1
1
1
1
1
1
0.998111
1
0.995831
1
1
1.00214
1
0.999995
1
1
1
1
1.00007
1
1
1
1
1
1
1
1
1
1
1
1
1
1
0.998198
1
1
1
1
0.999998
1
1
1
1
1
1
1
1
1
1
1.00004
1.00002
1
1
1
1
1
1
1
1
1
1
1
1
1
0.999995
1
1
1
1
1
1
1
1
1
1
1
1
1
1
1
1
1
1
1
1
1
1
1
1
1.00001
1
1
1
1
1
0.999999
1
1
1
1
1
1
1
1
1
0.999797
1
1
1
1
1
1
1
1
1
1
1
1
1
0.999981
1
1
1
1
1
1
1
1
1
1
1
1
1
1
1
1
1
1
1
0.99766
1
1
1
1
1
1
1
1
1
1
1
1
1
1
1
1
1
1
1
1
1
1
1
1
1
1
1
1
1
1
1
1
1
1
1
1
1
1
1
1
1
1
1
1
1
1
1
1
1.00002
1
1
1
1
1.00001
1
1
1
1
1
1
0.999995
1
1
0.999955
1
1
1
1
1.00003
1
1.00003
1
1
1
1
1
1
1
0.999998
1
1
1
1
1
1
1
1
1
1
1
1
1
1
1
1
1
1
1
1
1
1
0.999726
1
1
1
1
1
1
1
1
1.00002
1
1
1
1
1
1
1
1
1
0.999996
1
1
1
1
1.00002
1
1
1
1
1
1
0.998637
1
1
1
1
1
1
1
1
1.00357
1
1
1
1
1
1
1
1
1
1
1
1
1
1
1
0.997714
1
1
0.999991
1
1
1
1
1
0.999545
1
1
1
1
1
1.00001
1
1
1
1
1
1
1
1
1
1
1
1
1
1
1
1.00019
1
1
1
1
1
1
1.00001
1
1
1
0.999994
1
1
1
1
1
1
1
0.999993
1
1
0.999596
1
1
1
1
1
1
1
1
1
1
1
1
1
1
1
1
1
1
1
0.999994
1.00007
1
1
1.00001
0.999907
1
1
1
0.999945
1
1
1
1
1
1
1
1
0.999728
1
1
1
1
1
1
1
1
1
1
1
0.999994
1
1
1
1
1
1
1
1
1.00001
1
1
1
1
1
1
1
1
1
1
1
1
1
1
0.99994
0.999972
1
1
1
1
1
1
1
1
1
1.00001
1
1
1
1
1
1
1.00212
1
1
0.999946
1
0.999782
1
0.999166
1
1
1.0001
1
1
0.999858
1
1
0.999942
1
1
1
1
1
0.999888
1
1
1
1
1
0.99986
1
1
1.00004
1
1
1
1
0.999625
1
1
1
1
1
0.999999
1
1
1
1
1
1
1
1
1
1
1
1
1.00001
1
0.999778
0.999927
1
1
1
0.999999
1
1
1
1
1
1
0.999999
0.999703
1
1
1
1
1
1
1
1
1
1
1
1
1
1
1
1
1
1
1
1
1
1
1
1
1
1
1
1
1
1
0.999909
1
1
1
1
1
1
1
1
1
1
1
1
1
1
1
0.999926
1
0.999956
1.00002
1.00001
1
1
1
1
1
1
1
1
1
1
1
1
1
1
1
0.999999
1
1
1
1
1
1
1
1
1
1
1
1
0.999999
1
1
1
0.999996
1
1
1
1
0.99991
0.998498
1
1
0.999939
1
0.99986
0.999595
0.999994
1
1
1
1
0.999652
1
1
1
1
1
1
1
0.999556
1
1
1
1
1
1
1
1
1
0.999823
1
1
1
1
1
1
1
1
0.99999
1
1
1
1
1
1
1
1
0.992437
1
1
0.999999
1
0.999996
0.999755
1
0.999926
1
1
1
1
1.00236
1
1
1
1
1
0.993235
1
1
1
1
1
1
1
1
1
1
1
1
1
1
1
1
1
1
1
1
1
1
1
1
1
1
1
1
1
1
1
1
1
1
1
1
1
1
1
1
1
1
1
1
1.00003
1
1
1
1
1
1
1
1
1
1
1
1
1
1
1
0.999976
1
0.999601
1
1
1
1
1
1
1
1
1
0.999999
1
1
1
1
1
1
1
1
1
1
1
0.999999
1
1
1
1
1
1
1
1
1
1
1
1
1
1
0.999543
0.999999
1
1
1
1
1
1
1
1
1
1
1
1
1
1
1
1
1
1
1
1
1
1
1
1
1
1
1
1
1
1
1
1
1
1
1
1
1
1
1
0.999999
1
0.999951
1
1
1
1
1
1
1
1
1
0.999999
1
1
1
1
0.999991
1
1
1
1
1
1.00272
1
1
1
1
1
1
1.00001
1
1
1
1
1
1
1
1
1
1
1
1.00005
1
1
1
1
1
1
1
1
1
0.999896
1
1
1
1
1
1
1
1
1
1
1
1
1
1
1
1
1
1
1
1
1
1
1
1
1
1
1
1
1
1.00222
1
1
0.999981
1
1
1
1
1
1
1
1
1
1.00001
1
1
1
1
1
1
0.999997
1
1
1
1
1
1.00045
1
1
1
1
1
1
1
1
1
1
1
1
1
1
0.999203
1
1
0.999999
1
1
1
1
0.999985
1
1
1
1
0.999989
1
1
1
1
1
1
1
1
1
1
1
1
1
1
1
1
1
1
1
1
1
1
1
1
0.999905
1
0.999983
1
1
1
1
1
1
1
1
1.00001
1
0.999889
1
0.999999
1
1
1
1
1
1.00001
1
1
1
1
1
1
1
1
1
1
1
0.999931
1
0.999543
1
1
0.999996
1
1
1
1
1
1
0.999999
1
1
1
1
1
1
1
1
0.999764
1
0.999622
1
1
0.999563
1
1
1
1
1
1
1
1
1
1
1
1
1
0.999825
1
1
1
0.99992
)
;

boundaryField
{
    frontback
    {
        type            empty;
    }
    topbottom
    {
        type            zeroGradient;
    }
    outlet
    {
        type            zeroGradient;
    }
    inlet
    {
        type            fixedValue;
        value           nonuniform List<scalar> 0();
    }
    walls
    {
        type            zeroGradient;
    }
    procBoundary1to0
    {
        type            processor;
        value           nonuniform List<scalar> 
104
(
1
1
1
1
1
1
1
1
1
0.99992
1
1
1
1.00037
1.00024
1
1
1
1.00008
1
1
1
1
1
1
1
1
1
1
1
1
1
1
1
1
0.999998
1
1
1
1
1
1
0.999561
1
1
1
1
1
1
1
1
1
1
1
0.993417
1
0.999965
1
1
1
1
1
1
1
1
1
1
1
1
1
1
1
1
1
1
1
1
1
1
1
1
0.998536
1
1
1
1
1
1
1
1
1
1
1.00001
1
1
1
1
1
1
1
1
1
1
1
)
;
    }
    procBoundary1to3
    {
        type            processor;
        value           nonuniform List<scalar> 
205
(
1
1
1
1
1
1
1
1
1
1
1
1
1
1
1
1
1
1
1
1
1
1
1
1
1
1
1
1
1
1
1
1
1
1
1
1
1
1
1
1
1
1
1
1
1
1
1
1
1
1
1
1
1
1
1
1
0.999998
1
0.999999
1
1
1
1
1
1
1
1
1
1
1
1
1
1
1
1
1
1
1
1
1
1
1
1
1
1
1
1
1
1
1
1
1
1
1
1
1
1
0.999996
1
1
1
1
1
1
1
1
1
1
1
1
1
1
1
1
1
1
1
1
1
1
1
1
1
1
1
1
1
1
1
1
1
1
1
1
1
1
1
1
1
1
1
1
1
1
1
1
1
1
1
1
1
1
1
1
1
1
1
1
1
1
1
1
1
1
1
1
1
1
1
1
1
1
1
1
1
1
1
1
1
1
1
1
1
1
1
1
1
1
1
1
1
1
1
1
1
1
1
1
1
1
1
1
1
1
1
)
;
    }
}


// ************************************************************************* //
