/*--------------------------------*- C++ -*----------------------------------*\
| =========                 |                                                 |
| \\      /  F ield         | OpenFOAM: The Open Source CFD Toolbox           |
|  \\    /   O peration     | Version:  v2012                                 |
|   \\  /    A nd           | Website:  www.openfoam.com                      |
|    \\/     M anipulation  |                                                 |
\*---------------------------------------------------------------------------*/
FoamFile
{
    version     2.0;
    format      ascii;
    class       labelList;
    location    "constant/polyMesh";
    object      cellProcAddressing;
}
// * * * * * * * * * * * * * * * * * * * * * * * * * * * * * * * * * * * * * //


13726
(
1
7
8
9
10
16
17
26
30
33
34
36
39
43
45
46
47
48
55
61
69
70
72
73
74
81
83
87
88
89
90
93
96
111
118
119
120
125
126
129
130
131
136
138
139
146
157
158
160
163
170
173
174
175
176
190
198
199
202
208
212
218
227
229
234
237
242
243
247
249
254
261
262
274
279
280
281
285
293
308
316
327
334
335
339
346
356
358
364
373
374
375
382
383
387
392
398
405
411
413
414
420
426
432
433
434
445
451
458
463
464
471
479
485
486
487
490
498
500
501
509
517
522
526
528
535
541
546
557
560
561
564
571
576
578
579
580
582
584
585
589
595
600
601
604
606
610
613
614
616
629
631
638
644
645
647
651
653
654
658
659
660
661
666
670
683
684
686
689
693
694
695
696
702
721
726
728
732
733
734
737
738
739
743
745
747
755
757
758
768
771
781
783
788
793
795
798
799
800
803
808
811
815
820
829
835
840
841
847
858
860
862
868
880
885
891
892
895
896
905
909
910
923
926
927
928
930
933
945
954
956
957
960
965
967
973
974
975
976
977
983
984
986
988
989
990
997
1002
1005
1013
1015
1017
1023
1025
1026
1029
1030
1032
1042
1052
1064
1068
1071
1077
1079
1080
1083
1084
1090
1093
1094
1096
1105
1109
1113
1115
1121
1122
1123
1124
1126
1128
1129
1130
1141
1145
1146
1147
1156
1158
1159
1169
1172
1174
1176
1177
1179
1184
1204
1206
1207
1208
1215
1217
1218
1219
1221
1222
1225
1227
1229
1230
1231
1235
1248
1257
1258
1261
1262
1270
1272
1275
1278
1280
1285
1289
1290
1292
1294
1297
1298
1302
1304
1306
1308
1309
1312
1315
1316
1321
1322
1325
1331
1333
1336
1346
1347
1353
1357
1358
1361
1362
1364
1365
1367
1368
1369
1371
1375
1377
1379
1382
1384
1386
1391
1394
1401
1402
1403
1404
1405
1407
1412
1413
1416
1418
1425
1430
1434
1437
1442
1444
1449
1450
1452
1457
1458
1467
1493
1500
1504
1505
1506
1511
1515
1518
1522
1526
1529
1532
1535
1542
1546
1548
1549
1551
1552
1556
1559
1567
1569
1570
1571
1575
1577
1580
1581
1587
1589
1592
1609
1625
1633
1635
1644
1648
1649
1651
1652
1654
1655
1656
1657
1658
1659
1665
1668
1670
1673
1674
1676
1677
1679
1682
1696
1697
1702
1706
1708
1711
1712
1714
1720
1725
1732
1734
1735
1737
1738
1742
1746
1753
1754
1757
1759
1765
1769
1773
1785
1786
1787
1795
1796
1801
1802
1803
1806
1816
1818
1819
1821
1822
1831
1832
1834
1841
1843
1845
1848
1853
1861
1862
1864
1865
1867
1870
1876
1878
1879
1881
1890
1892
1893
1896
1908
1916
1925
1926
1927
1930
1932
1933
1938
1943
1951
1953
1956
1960
1961
1966
1970
1979
1980
1982
1985
1986
1992
1999
2004
2013
2014
2019
2021
2025
2029
2036
2038
2039
2044
2050
2054
2063
2068
2072
2073
2076
2078
2083
2087
2088
2090
2091
2092
2096
2098
2099
2102
2103
2108
2109
2110
2112
2119
2124
2130
2132
2143
2144
2146
2154
2159
2161
2162
2164
2170
2171
2175
2177
2181
2184
2188
2191
2193
2194
2196
2197
2199
2211
2226
2227
2228
2231
2235
2236
2239
2246
2247
2253
2261
2262
2263
2268
2269
2270
2273
2283
2287
2293
2303
2306
2310
2311
2312
2320
2324
2330
2331
2346
2347
2348
2350
2352
2361
2362
2367
2368
2373
2374
2377
2381
2390
2394
2404
2406
2407
2409
2412
2417
2419
2421
2423
2424
2427
2428
2431
2436
2440
2447
2450
2454
2459
2463
2464
2471
2472
2473
2474
2477
2478
2482
2491
2493
2497
2498
2501
2503
2504
2508
2510
2517
2518
2521
2528
2529
2533
2535
2544
2545
2549
2552
2559
2560
2561
2563
2566
2568
2575
2581
2583
2585
2590
2593
2597
2600
2601
2602
2603
2605
2612
2616
2618
2620
2625
2626
2628
2630
2633
2634
2638
2639
2642
2644
2647
2648
2659
2663
2664
2681
2683
2685
2687
2701
2704
2705
2710
2711
2712
2713
2725
2726
2727
2728
2733
2743
2744
2748
2755
2761
2762
2764
2769
2770
2775
2781
2784
2785
2788
2792
2793
2797
2798
2800
2804
2806
2807
2808
2811
2814
2818
2822
2829
2841
2843
2849
2858
2877
2878
2885
2888
2890
2899
2904
2918
2919
2923
2925
2928
2929
2931
2935
2936
2938
2942
2943
2947
2948
2951
2958
2961
2967
2971
2972
2976
2977
2978
2990
2994
2995
2996
2998
3003
3004
3005
3010
3011
3012
3020
3023
3025
3035
3041
3042
3048
3049
3050
3054
3057
3063
3065
3069
3078
3081
3083
3087
3092
3093
3094
3096
3101
3102
3105
3107
3120
3126
3128
3132
3134
3137
3139
3141
3143
3145
3159
3163
3165
3172
3174
3177
3190
3197
3202
3206
3219
3223
3231
3233
3235
3239
3250
3252
3254
3257
3264
3272
3273
3275
3278
3279
3280
3281
3287
3288
3289
3296
3310
3311
3312
3314
3317
3318
3320
3329
3334
3344
3345
3348
3354
3359
3361
3367
3371
3378
3379
3380
3388
3401
3408
3410
3420
3421
3423
3424
3426
3431
3432
3436
3438
3442
3443
3444
3447
3449
3454
3460
3465
3468
3472
3476
3482
3484
3485
3489
3491
3492
3496
3500
3501
3515
3521
3522
3524
3528
3530
3533
3539
3541
3542
3543
3545
3546
3548
3549
3551
3553
3555
3558
3559
3562
3563
3565
3567
3570
3576
3579
3582
3584
3585
3587
3588
3590
3595
3597
3599
3602
3607
3613
3621
3622
3628
3633
3636
3637
3644
3645
3647
3648
3649
3650
3652
3655
3656
3659
3664
3666
3675
3677
3685
3694
3701
3706
3709
3715
3718
3721
3723
3724
3725
3730
3731
3738
3739
3742
3743
3744
3751
3752
3754
3758
3762
3767
3770
3773
3774
3775
3781
3783
3789
3790
3795
3797
3804
3805
3806
3809
3814
3816
3819
3828
3834
3835
3840
3854
3857
3858
3863
3864
3871
3872
3878
3891
3893
3903
3904
3909
3911
3912
3918
3921
3924
3926
3927
3928
3930
3932
3934
3936
3938
3940
3945
3951
3952
3957
3960
3961
3970
3972
3975
3980
3981
3984
3985
3987
3989
3996
3997
3998
3999
4002
4005
4012
4013
4021
4024
4028
4030
4033
4034
4035
4045
4048
4049
4050
4058
4059
4061
4064
4066
4068
4070
4075
4076
4079
4083
4093
4094
4096
4100
4103
4105
4110
4115
4118
4124
4127
4131
4133
4143
4146
4148
4159
4160
4165
4168
4183
4185
4186
4188
4189
4191
4194
4196
4203
4205
4215
4223
4228
4229
4230
4244
4245
4247
4251
4256
4259
4266
4276
4277
4278
4283
4295
4296
4305
4307
4310
4321
4322
4323
4324
4325
4333
4335
4341
4342
4353
4357
4361
4362
4363
4375
4380
4384
4387
4388
4394
4397
4400
4401
4408
4416
4420
4421
4422
4425
4431
4433
4437
4438
4443
4444
4445
4449
4450
4454
4458
4459
4460
4463
4464
4467
4468
4473
4476
4480
4490
4492
4496
4498
4501
4503
4508
4517
4519
4527
4530
4531
4532
4542
4543
4544
4551
4557
4560
4562
4567
4569
4572
4583
4587
4593
4616
4621
4624
4637
4639
4645
4646
4652
4654
4655
4660
4665
4668
4671
4674
4676
4679
4680
4681
4682
4686
4689
4691
4693
4696
4699
4702
4724
4725
4729
4731
4732
4733
4738
4739
4743
4750
4755
4760
4765
4767
4773
4774
4779
4782
4791
4795
4801
4804
4805
4808
4816
4818
4820
4830
4832
4834
4838
4849
4853
4857
4860
4861
4862
4867
4876
4877
4879
4883
4885
4886
4888
4889
4890
4893
4894
4898
4901
4903
4904
4906
4907
4908
4911
4917
4924
4925
4929
4930
4943
4944
4945
4950
4953
4955
4962
4967
4971
4972
4973
4980
4984
4985
4986
4989
4992
4993
4994
4996
4997
5002
5007
5015
5016
5023
5030
5040
5042
5044
5047
5048
5058
5060
5065
5067
5070
5071
5072
5077
5086
5089
5091
5107
5108
5109
5110
5118
5120
5127
5131
5132
5139
5144
5145
5149
5153
5156
5159
5160
5161
5165
5166
5171
5191
5192
5193
5196
5197
5206
5209
5212
5213
5220
5223
5227
5229
5230
5231
5238
5239
5240
5244
5248
5250
5251
5256
5259
5261
5262
5268
5272
5273
5274
5275
5282
5289
5295
5298
5300
5304
5306
5311
5312
5314
5317
5319
5320
5322
5325
5326
5330
5331
5332
5337
5350
5353
5357
5367
5371
5372
5374
5375
5377
5378
5382
5384
5387
5388
5390
5396
5401
5410
5418
5432
5437
5442
5443
5449
5455
5456
5457
5462
5465
5468
5475
5478
5487
5488
5490
5492
5497
5499
5508
5518
5523
5526
5531
5534
5539
5541
5542
5544
5549
5558
5566
5568
5570
5574
5575
5576
5577
5580
5583
5588
5591
5607
5611
5626
5635
5637
5639
5643
5646
5647
5656
5665
5668
5672
5673
5680
5681
5685
5689
5691
5695
5697
5699
5712
5714
5721
5733
5742
5747
5753
5755
5756
5758
5760
5764
5765
5766
5776
5794
5796
5797
5800
5802
5806
5807
5809
5810
5814
5816
5818
5819
5822
5823
5835
5837
5839
5841
5844
5850
5852
5859
5860
5861
5863
5865
5868
5870
5873
5875
5879
5881
5883
5884
5888
5889
5891
5893
5894
5898
5901
5902
5903
5904
5906
5908
5911
5912
5920
5923
5926
5929
5930
5936
5943
5954
5966
5971
5972
5975
5977
5985
5997
5999
6000
6002
6009
6011
6013
6014
6016
6023
6027
6032
6033
6037
6038
6045
6050
6053
6056
6062
6063
6064
6071
6077
6080
6082
6086
6088
6090
6093
6095
6100
6103
6107
6111
6117
6120
6123
6126
6128
6129
6131
6134
6136
6143
6144
6147
6148
6149
6151
6153
6159
6164
6171
6173
6180
6184
6187
6188
6196
6198
6199
6201
6202
6208
6209
6217
6220
6221
6227
6229
6233
6235
6237
6241
6244
6247
6252
6255
6257
6260
6261
6264
6265
6274
6277
6279
6281
6283
6287
6298
6304
6306
6311
6314
6317
6321
6324
6331
6332
6334
6342
6344
6345
6346
6350
6353
6356
6358
6359
6361
6373
6377
6381
6383
6384
6386
6388
6393
6406
6408
6410
6412
6414
6415
6417
6420
6423
6424
6431
6435
6439
6442
6444
6446
6452
6455
6457
6459
6460
6462
6467
6468
6470
6471
6474
6477
6479
6490
6494
6499
6502
6514
6521
6522
6527
6529
6533
6535
6537
6539
6542
6543
6544
6545
6547
6551
6552
6558
6561
6568
6569
6571
6572
6580
6583
6586
6590
6592
6595
6596
6599
6607
6608
6610
6617
6619
6621
6622
6625
6627
6630
6633
6636
6639
6640
6655
6660
6663
6666
6671
6672
6676
6678
6679
6683
6688
6690
6694
6697
6699
6700
6703
6704
6709
6710
6718
6723
6725
6731
6736
6739
6742
6743
6744
6747
6749
6751
6752
6753
6757
6761
6762
6766
6767
6769
6771
6772
6774
6777
6780
6786
6788
6789
6794
6798
6799
6803
6804
6809
6821
6827
6838
6840
6843
6844
6848
6851
6854
6855
6867
6868
6874
6887
6888
6889
6892
6894
6897
6898
6903
6910
6919
6921
6922
6923
6927
6931
6937
6939
6942
6945
6947
6958
6966
6967
6971
6974
6976
6986
6989
6992
6993
6996
6997
7008
7011
7016
7019
7021
7029
7031
7036
7049
7050
7051
7061
7067
7069
7072
7075
7076
7082
7083
7086
7089
7093
7095
7096
7098
7101
7102
7103
7106
7108
7111
7116
7119
7120
7121
7122
7123
7124
7128
7130
7138
7143
7144
7148
7149
7155
7156
7157
7160
7162
7168
7171
7172
7174
7176
7177
7178
7182
7184
7185
7186
7188
7192
7197
7199
7200
7205
7209
7210
7211
7214
7219
7224
7230
7232
7233
7245
7249
7252
7259
7263
7265
7266
7268
7270
7275
7280
7285
7289
7291
7299
7301
7308
7309
7310
7319
7323
7324
7331
7332
7335
7338
7341
7343
7346
7348
7349
7352
7356
7362
7363
7366
7369
7371
7372
7380
7382
7384
7388
7391
7392
7393
7396
7398
7400
7407
7412
7414
7418
7424
7429
7430
7431
7432
7435
7439
7451
7452
7455
7465
7474
7477
7488
7491
7492
7494
7495
7502
7504
7505
7507
7514
7515
7516
7521
7533
7535
7539
7545
7547
7550
7551
7554
7555
7557
7563
7576
7579
7580
7583
7584
7586
7588
7590
7599
7600
7603
7607
7611
7612
7613
7615
7619
7621
7625
7626
7631
7632
7638
7642
7643
7644
7646
7647
7650
7654
7658
7660
7661
7664
7666
7673
7676
7680
7681
7684
7689
7690
7691
7697
7699
7700
7702
7703
7704
7711
7716
7724
7729
7734
7739
7740
7741
7745
7753
7759
7768
7769
7774
7776
7777
7783
7784
7787
7789
7791
7804
7805
7809
7815
7819
7822
7824
7834
7838
7842
7847
7852
7855
7858
7860
7864
7865
7866
7868
7878
7883
7887
7891
7892
7895
7897
7901
7910
7918
7929
7932
7937
7938
7939
7945
7948
7952
7954
7956
7959
7963
7965
7967
7971
7972
7979
7984
7985
7986
7988
7991
7993
7994
7998
8002
8003
8004
8006
8010
8012
8015
8019
8025
8026
8032
8033
8035
8038
8042
8044
8045
8049
8050
8053
8054
8059
8065
8067
8072
8073
8076
8078
8086
8093
8096
8097
8105
8106
8110
8114
8116
8117
8120
8121
8125
8126
8129
8134
8135
8139
8140
8147
8150
8154
8157
8162
8165
8171
8173
8174
8175
8178
8184
8189
8190
8196
8197
8204
8205
8212
8217
8219
8226
8227
8228
8229
8231
8232
8233
8235
8240
8246
8254
8255
8258
8265
8270
8278
8281
8282
8294
8299
8302
8304
8309
8323
8330
8333
8336
8337
8342
8344
8345
8347
8358
8361
8365
8366
8368
8372
8379
8383
8384
8386
8388
8389
8391
8396
8399
8400
8401
8409
8410
8415
8416
8419
8421
8425
8431
8436
8437
8448
8456
8458
8459
8460
8462
8463
8464
8466
8470
8472
8476
8483
8485
8487
8492
8496
8498
8499
8505
8509
8517
8518
8519
8521
8522
8523
8524
8526
8527
8528
8534
8535
8536
8540
8545
8550
8552
8554
8557
8558
8559
8561
8568
8570
8576
8580
8591
8592
8595
8597
8607
8609
8612
8615
8617
8618
8623
8625
8633
8635
8638
8640
8641
8646
8649
8650
8653
8656
8660
8662
8665
8669
8670
8671
8672
8675
8682
8684
8686
8698
8706
8707
8717
8720
8722
8727
8739
8740
8743
8744
8745
8746
8749
8752
8753
8756
8761
8764
8766
8771
8773
8775
8778
8780
8786
8788
8790
8791
8796
8798
8799
8807
8813
8814
8815
8817
8824
8826
8828
8830
8831
8836
8841
8846
8847
8849
8853
8859
8860
8864
8866
8869
8871
8872
8874
8877
8892
8898
8900
8904
8905
8910
8916
8931
8932
8949
8950
8956
8960
8961
8964
8966
8969
8977
8978
8980
8983
8984
8986
8987
8988
8990
8991
8993
8994
9006
9007
9008
9010
9011
9014
9016
9022
9027
9028
9030
9032
9033
9034
9037
9041
9046
9047
9051
9052
9058
9074
9075
9079
9081
9084
9089
9090
9091
9093
9094
9099
9101
9102
9104
9106
9111
9125
9132
9134
9140
9141
9144
9145
9147
9150
9152
9159
9161
9167
9168
9173
9178
9182
9188
9199
9214
9225
9233
9234
9235
9236
9238
9239
9241
9245
9246
9247
9249
9250
9253
9257
9261
9263
9270
9271
9276
9284
9285
9287
9292
9300
9301
9302
9304
9305
9309
9311
9312
9319
9322
9329
9330
9334
9336
9339
9343
9344
9347
9348
9349
9352
9359
9363
9366
9383
9385
9386
9392
9394
9395
9396
9399
9401
9408
9409
9417
9420
9421
9422
9423
9429
9438
9440
9441
9443
9445
9448
9452
9454
9457
9458
9465
9466
9467
9471
9473
9475
9476
9484
9488
9493
9497
9499
9500
9502
9506
9509
9511
9520
9525
9526
9528
9530
9532
9542
9550
9551
9553
9554
9555
9556
9561
9567
9569
9570
9572
9577
9582
9588
9592
9595
9603
9609
9612
9616
9618
9621
9625
9628
9630
9633
9635
9636
9639
9642
9643
9644
9645
9646
9647
9649
9651
9654
9657
9658
9659
9664
9673
9674
9675
9677
9682
9683
9684
9685
9686
9688
9690
9692
9693
9695
9696
9701
9704
9707
9711
9712
9716
9717
9718
9720
9723
9725
9726
9728
9729
9730
9731
9734
9739
9741
9746
9748
9749
9752
9759
9760
9765
9766
9769
9771
9774
9776
9778
9780
9788
9793
9798
9800
9801
9811
9814
9817
9825
9831
9836
9842
9843
9844
9853
9865
9870
9875
9878
9881
9883
9884
9892
9903
9908
9912
9914
9918
9925
9926
9927
9928
9930
9931
9932
9935
9939
9941
9943
9947
9953
9954
9955
9956
9957
9958
9964
9966
9967
9971
9972
9973
9974
9976
9977
9979
9981
9984
9986
9993
9994
9999
10004
10006
10007
10009
10022
10025
10027
10033
10035
10037
10040
10042
10046
10048
10052
10054
10059
10061
10062
10064
10066
10068
10071
10073
10077
10088
10090
10093
10098
10099
10101
10103
10105
10111
10115
10123
10137
10145
10148
10151
10153
10161
10162
10163
10165
10166
10180
10185
10200
10202
10204
10206
10217
10220
10223
10227
10229
10233
10235
10240
10244
10251
10253
10255
10256
10257
10260
10262
10268
10269
10270
10274
10275
10281
10285
10293
10294
10300
10306
10308
10309
10310
10316
10318
10320
10326
10338
10344
10345
10347
10348
10351
10352
10354
10359
10364
10368
10374
10376
10378
10379
10382
10383
10384
10386
10390
10391
10395
10397
10401
10405
10408
10410
10411
10412
10413
10415
10416
10421
10422
10423
10430
10432
10433
10435
10442
10443
10458
10462
10463
10466
10468
10469
10476
10478
10484
10487
10488
10489
10490
10491
10502
10504
10508
10509
10513
10514
10518
10521
10523
10525
10526
10528
10529
10532
10533
10536
10539
10544
10545
10546
10548
10549
10550
10553
10558
10559
10566
10569
10574
10578
10581
10583
10589
10591
10596
10598
10610
10615
10616
10617
10623
10624
10628
10630
10633
10634
10635
10646
10647
10652
10653
10656
10662
10669
10671
10674
10678
10681
10684
10686
10692
10697
10698
10699
10700
10706
10707
10708
10709
10711
10720
10722
10723
10726
10728
10731
10735
10737
10738
10748
10755
10758
10761
10764
10766
10767
10769
10770
10772
10774
10777
10778
10780
10781
10782
10790
10792
10797
10805
10806
10810
10811
10812
10819
10825
10829
10830
10832
10837
10839
10842
10845
10849
10850
10852
10854
10860
10867
10871
10875
10876
10881
10885
10889
10891
10893
10897
10904
10906
10908
10911
10921
10923
10924
10927
10932
10934
10940
10942
10952
10954
10956
10957
10960
10962
10967
10972
10973
10974
10975
10979
10985
10986
10989
10992
10993
10995
11000
11002
11003
11005
11007
11010
11018
11019
11020
11021
11024
11026
11034
11041
11046
11050
11054
11055
11059
11060
11062
11063
11066
11069
11070
11081
11087
11088
11091
11093
11097
11098
11102
11103
11107
11109
11115
11117
11118
11121
11122
11130
11132
11134
11135
11137
11138
11139
11141
11153
11156
11157
11158
11161
11162
11164
11172
11175
11181
11183
11186
11190
11191
11192
11194
11197
11198
11199
11208
11211
11212
11222
11224
11226
11227
11232
11234
11238
11243
11244
11247
11248
11249
11250
11254
11260
11261
11263
11264
11270
11271
11276
11280
11282
11283
11284
11294
11295
11298
11300
11301
11304
11309
11310
11311
11312
11317
11318
11323
11325
11326
11328
11329
11330
11332
11335
11336
11337
11338
11339
11340
11344
11345
11349
11350
11351
11354
11358
11363
11364
11366
11371
11372
11373
11377
11379
11380
11381
11385
11386
11387
11388
11390
11392
11394
11395
11397
11398
11399
11402
11404
11406
11408
11411
11420
11423
11424
11425
11431
11435
11437
11444
11447
11448
11450
11455
11462
11463
11464
11467
11468
11469
11470
11476
11480
11481
11486
11492
11493
11501
11502
11507
11508
11510
11512
11516
11517
11520
11528
11529
11532
11534
11535
11537
11540
11541
11542
11543
11547
11550
11551
11552
11553
11556
11560
11562
11563
11566
11569
11571
11572
11573
11578
11579
11581
11583
11586
11590
11591
11596
11598
11599
11600
11603
11605
11612
11618
11621
11623
11632
11636
11637
11638
11641
11646
11650
11651
11652
11658
11659
11660
11662
11665
11666
11670
11675
11676
11677
11678
11680
11683
11686
11692
11693
11697
11699
11701
11702
11709
11711
11713
11719
11720
11725
11727
11732
11733
11734
11735
11736
11738
11741
11742
11743
11744
11746
11749
11753
11755
11758
11759
11762
11763
11764
11765
11766
11769
11775
11777
11778
11780
11781
11782
11788
11793
11794
11800
11805
11809
11816
11820
11821
11826
11827
11828
11829
11833
11838
11839
11845
11846
11850
11852
11858
11859
11861
11863
11866
11869
11872
11873
11876
11877
11878
11882
11885
11886
11888
11890
11897
11902
11913
11914
11917
11919
11920
11922
11924
11927
11928
11932
11936
11937
11941
11944
11953
11955
11958
11965
11966
11969
11971
11976
11980
11981
11988
11996
12002
12006
12009
12013
12014
12023
12024
12025
12026
12027
12028
12030
12031
12032
12034
12048
12054
12056
12062
12066
12068
12069
12071
12076
12084
12087
12090
12094
12095
12098
12106
12108
12109
12112
12118
12121
12123
12125
12126
12128
12131
12133
12136
12148
12153
12162
12166
12170
12174
12178
12181
12182
12184
12186
12187
12188
12189
12190
12192
12194
12195
12199
12200
12203
12205
12208
12209
12212
12217
12219
12223
12231
12232
12236
12243
12244
12248
12249
12250
12251
12255
12256
12257
12259
12261
12264
12266
12267
12268
12273
12274
12275
12282
12285
12291
12296
12300
12301
12303
12305
12308
12309
12316
12318
12319
12320
12322
12324
12326
12332
12337
12338
12347
12348
12349
12350
12351
12366
12367
12368
12369
12370
12373
12375
12376
12378
12382
12383
12395
12397
12399
12400
12402
12404
12409
12412
12417
12421
12424
12427
12431
12436
12441
12447
12450
12451
12459
12462
12463
12464
12467
12473
12474
12476
12477
12478
12480
12485
12489
12495
12501
12508
12509
12513
12515
12518
12522
12523
12526
12537
12543
12547
12551
12554
12555
12560
12562
12564
12565
12566
12572
12573
12575
12576
12579
12581
12584
12586
12587
12588
12589
12592
12593
12594
12595
12596
12597
12598
12599
12600
12605
12611
12612
12613
12614
12615
12617
12618
12619
12623
12625
12628
12629
12631
12632
12633
12634
12635
12640
12643
12644
12646
12655
12658
12660
12661
12669
12673
12675
12678
12679
12680
12684
12686
12687
12693
12694
12696
12703
12704
12705
12716
12717
12723
12724
12728
12730
12733
12738
12741
12743
12744
12748
12751
12754
12755
12760
12761
12762
12763
12764
12766
12773
12774
12776
12780
12783
12785
12786
12790
12793
12794
12796
12797
12799
12800
12808
12809
12815
12816
12818
12820
12824
12825
12826
12832
12833
12835
12838
12840
12844
12848
12850
12853
12858
12865
12866
12870
12871
12883
12884
12886
12887
12890
12891
12895
12896
12898
12902
12903
12904
12905
12906
12908
12909
12910
12911
12917
12919
12921
12922
12923
12929
12930
12932
12933
12934
12940
12941
12950
12953
12955
12956
12957
12960
12962
12965
12966
12967
12977
12978
12981
12982
12983
12984
12993
13003
13006
13007
13014
13017
13020
13022
13024
13025
13026
13028
13029
13030
13032
13034
13039
13053
13056
13057
13058
13059
13060
13063
13064
13068
13076
13078
13079
13080
13081
13083
13090
13091
13097
13098
13104
13108
13109
13111
13112
13113
13121
13123
13124
13128
13131
13133
13135
13138
13142
13148
13151
13152
13156
13157
13159
13161
13162
13169
13170
13171
13174
13175
13176
13178
13180
13182
13184
13186
13191
13192
13194
13195
13196
13204
13207
13212
13216
13221
13222
13223
13224
13225
13227
13232
13234
13236
13237
13238
13242
13243
13244
13246
13248
13249
13254
13257
13261
13263
13266
13268
13269
13270
13272
13278
13279
13280
13282
13284
13285
13286
13288
13292
13294
13295
13297
13298
13300
13304
13305
13308
13309
13311
13313
13316
13320
13321
13324
13326
13327
13329
13330
13339
13347
13349
13350
13354
13355
13356
13358
13364
13366
13367
13372
13374
13378
13383
13384
13385
13390
13391
13397
13403
13405
13406
13419
13423
13424
13425
13427
13428
13429
13431
13432
13435
13438
13439
13442
13443
13445
13450
13453
13456
13457
13461
13466
13469
13472
13473
13474
13479
13483
13484
13486
13490
13491
13492
13496
13499
13502
13505
13506
13508
13509
13512
13516
13518
13519
13521
13525
13527
13529
13530
13531
13532
13534
13535
13538
13539
13540
13546
13548
13550
13551
13553
13557
13558
13560
13566
13568
13571
13573
13574
13577
13579
13584
13593
13594
13599
13601
13602
13603
13604
13606
13610
13616
13619
13620
13622
13626
13628
13630
13634
13636
13637
13641
13642
13643
13646
13648
13652
13654
13661
13666
13671
13673
13676
13678
13685
13686
13688
13689
13691
13692
13700
13701
13706
13707
13710
13715
13719
13724
13725
13726
13727
13729
13732
13734
13739
13743
13746
13747
13749
13750
13756
13757
13760
13762
13766
13768
13770
13771
13773
13774
13778
13783
13784
13786
13787
13789
13792
13794
13796
13798
13801
13807
13808
13809
13810
13813
13814
13815
13818
13821
13823
13825
13826
13828
13831
13834
13837
13838
13844
13845
13849
13851
13855
13859
13866
13868
13869
13873
13876
13879
13880
13881
13885
13886
13888
13893
13905
13910
13912
13913
13917
13922
13923
13925
13926
13930
13932
13935
13937
13938
13939
13941
13942
13943
13946
13947
13952
13953
13955
13957
13958
13960
13963
13964
13965
13966
13968
13975
13978
13981
13982
13985
13987
13988
13990
13991
13993
13994
13997
13998
13999
14000
14001
14004
14007
14009
14010
14011
14015
14021
14022
14023
14026
14033
14037
14040
14041
14042
14045
14047
14052
14053
14056
14057
14059
14063
14068
14069
14070
14071
14082
14083
14084
14086
14089
14092
14094
14095
14099
14101
14105
14111
14113
14114
14117
14120
14121
14122
14123
14124
14128
14131
14134
14138
14139
14141
14145
14148
14149
14151
14152
14156
14161
14163
14164
14166
14167
14171
14174
14179
14181
14190
14191
14192
14201
14205
14212
14213
14214
14223
14225
14226
14227
14229
14231
14234
14236
14237
14238
14242
14244
14247
14253
14255
14256
14258
14259
14260
14262
14265
14270
14271
14273
14275
14279
14280
14282
14287
14292
14301
14303
14304
14311
14315
14320
14323
14324
14331
14332
14333
14338
14340
14341
14344
14345
14350
14354
14357
14358
14360
14361
14364
14367
14373
14376
14377
14385
14386
14387
14390
14393
14397
14398
14404
14406
14407
14408
14414
14418
14422
14423
14424
14426
14427
14430
14433
14434
14435
14436
14439
14444
14445
14446
14447
14450
14458
14459
14462
14472
14484
14487
14498
14500
14502
14503
14504
14513
14523
14524
14529
14532
14533
14540
14545
14546
14547
14548
14549
14552
14558
14559
14562
14564
14565
14566
14569
14570
14571
14574
14578
14587
14589
14590
14594
14599
14601
14602
14604
14605
14609
14610
14613
14616
14620
14621
14622
14624
14625
14626
14629
14631
14633
14643
14650
14651
14652
14653
14654
14659
14663
14665
14669
14670
14671
14673
14675
14679
14680
14684
14685
14691
14693
14699
14703
14708
14709
14711
14712
14715
14718
14722
14723
14725
14727
14728
14732
14734
14738
14746
14748
14752
14753
14757
14758
14765
14768
14774
14776
14779
14782
14786
14787
14788
14791
14798
14801
14802
14803
14804
14805
14808
14818
14820
14822
14824
14831
14832
14837
14839
14842
14854
14856
14863
14868
14870
14872
14875
14876
14877
14880
14886
14888
14889
14893
14898
14899
14900
14902
14908
14911
14925
14926
14927
14928
14930
14935
14936
14937
14938
14939
14944
14955
14966
14968
14969
14970
14975
14979
14987
14990
14993
14994
14998
15001
15003
15004
15005
15007
15011
15012
15020
15027
15036
15039
15041
15043
15044
15046
15049
15051
15059
15060
15063
15066
15071
15072
15074
15075
15078
15081
15084
15086
15088
15094
15095
15098
15099
15101
15102
15106
15109
15115
15125
15126
15128
15134
15136
15137
15141
15149
15150
15158
15159
15160
15161
15163
15167
15168
15173
15174
15178
15179
15180
15181
15183
15184
15185
15189
15191
15198
15199
15202
15203
15208
15211
15212
15214
15222
15223
15225
15226
15229
15232
15233
15234
15237
15238
15239
15241
15242
15245
15252
15253
15255
15261
15262
15264
15268
15270
15271
15272
15282
15286
15287
15291
15295
15299
15310
15312
15318
15321
15327
15334
15337
15340
15346
15347
15348
15349
15350
15355
15360
15362
15364
15367
15385
15387
15395
15397
15398
15400
15404
15405
15407
15410
15411
15412
15419
15422
15427
15428
15429
15431
15434
15444
15445
15450
15457
15458
15460
15468
15469
15473
15484
15487
15491
15497
15500
15508
15514
15515
15516
15522
15524
15526
15530
15534
15537
15539
15552
15555
15558
15566
15567
15571
15572
15573
15575
15577
15584
15585
15586
15588
15589
15591
15592
15594
15597
15601
15605
15606
15608
15610
15611
15613
15616
15617
15622
15630
15631
15632
15634
15637
15638
15641
15642
15646
15654
15657
15659
15660
15661
15662
15665
15669
15670
15672
15676
15678
15684
15685
15686
15687
15696
15698
15699
15702
15703
15704
15705
15706
15708
15711
15712
15713
15714
15716
15718
15722
15726
15727
15732
15733
15734
15735
15747
15748
15749
15750
15751
15755
15757
15758
15767
15770
15771
15784
15787
15788
15794
15799
15805
15809
15817
15819
15825
15827
15832
15833
15837
15840
15844
15845
15849
15850
15855
15856
15859
15868
15878
15879
15880
15886
15889
15890
15894
15898
15901
15906
15907
15913
15914
15915
15917
15918
15919
15921
15922
15923
15925
15927
15931
15935
15946
15949
15951
15952
15954
15955
15958
15959
15960
15965
15969
15970
15973
15974
15975
15976
15977
15982
15986
15991
15994
15995
15996
16001
16003
16004
16018
16019
16020
16022
16023
16024
16026
16028
16036
16048
16051
16055
16056
16057
16060
16062
16065
16066
16068
16072
16073
16075
16080
16082
16083
16084
16085
16087
16089
16092
16094
16097
16099
16102
16106
16119
16121
16124
16127
16128
16129
16131
16136
16138
16139
16159
16166
16170
16177
16180
16182
16185
16206
16207
16209
16212
16214
16215
16216
16217
16219
16225
16228
16233
16243
16246
16249
16252
16255
16281
16282
16284
16285
16299
16300
16301
16307
16308
16310
16311
16313
16320
16328
16331
16335
16342
16349
16354
16356
16359
16360
16361
16364
16365
16372
16374
16375
16378
16383
16387
16389
16390
16391
16395
16407
16410
16413
16416
16417
16418
16419
16420
16421
16430
16432
16437
16441
16443
16450
16455
16461
16465
16467
16468
16474
16489
16496
16500
16501
16502
16503
16509
16510
16511
16514
16517
16518
16533
16544
16549
16552
16562
16563
16567
16571
16573
16582
16583
16588
16591
16592
16593
16597
16603
16605
16606
16611
16616
16617
16620
16622
16628
16629
16633
16637
16642
16645
16647
16648
16649
16650
16651
16656
16659
16660
16670
16672
16673
16677
16680
16681
16685
16694
16698
16700
16707
16712
16718
16725
16729
16735
16736
16739
16743
16744
16746
16747
16752
16753
16756
16762
16771
16773
16779
16783
16786
16792
16799
16807
16811
16817
16819
16822
16823
16826
16829
16832
16838
16841
16848
16861
16862
16863
16872
16873
16880
16882
16885
16890
16893
16898
16900
16901
16906
16908
16910
16912
16918
16920
16923
16925
16926
16936
16939
16940
16959
16960
16963
16965
16970
16982
16989
16992
16993
16998
16999
17001
17004
17005
17006
17011
17012
17019
17027
17036
17044
17045
17046
17050
17052
17054
17056
17060
17064
17073
17075
17077
17087
17088
17091
17092
17093
17095
17097
17101
17102
17104
17105
17108
17109
17111
17120
17125
17128
17132
17134
17135
17136
17137
17138
17144
17146
17152
17155
17159
17163
17168
17170
17173
17185
17187
17192
17194
17196
17202
17210
17214
17218
17220
17227
17231
17232
17233
17246
17247
17249
17252
17259
17262
17264
17268
17269
17271
17274
17279
17287
17288
17299
17320
17321
17323
17326
17329
17335
17336
17342
17345
17347
17348
17349
17362
17371
17373
17375
17377
17379
17382
17384
17385
17388
17394
17397
17398
17408
17409
17422
17424
17426
17428
17432
17434
17435
17439
17442
17443
17450
17454
17456
17463
17466
17467
17472
17473
17478
17479
17482
17483
17485
17491
17502
17503
17504
17507
17514
17515
17523
17530
17534
17536
17538
17541
17543
17544
17545
17546
17547
17548
17568
17573
17574
17575
17577
17585
17588
17589
17593
17594
17598
17605
17607
17608
17615
17618
17626
17632
17636
17642
17648
17653
17656
17657
17661
17665
17670
17679
17687
17688
17689
17695
17697
17699
17701
17703
17705
17706
17708
17713
17715
17720
17724
17727
17731
17734
17736
17739
17743
17744
17767
17772
17781
17787
17789
17791
17792
17797
17798
17804
17806
17809
17810
17811
17812
17816
17824
17828
17830
17835
17838
17842
17847
17850
17852
17856
17860
17865
17868
17870
17876
17877
17879
17880
17881
17883
17891
17894
17896
17902
17904
17907
17910
17911
17912
17914
17917
17919
17923
17924
17928
17936
17939
17943
17945
17950
17962
17967
17972
17976
17980
17987
17993
17995
17996
18002
18003
18014
18017
18024
18027
18028
18033
18037
18038
18041
18045
18046
18056
18061
18063
18067
18068
18073
18076
18078
18083
18084
18090
18092
18096
18098
18100
18102
18106
18112
18113
18114
18115
18116
18118
18121
18127
18135
18139
18151
18157
18158
18170
18183
18192
18206
18213
18215
18219
18221
18230
18231
18232
18243
18246
18251
18252
18260
18262
18266
18276
18279
18284
18292
18301
18306
18308
18309
18312
18314
18316
18323
18324
18325
18328
18329
18333
18337
18341
18345
18348
18353
18356
18358
18359
18369
18374
18375
18378
18380
18381
18382
18401
18403
18415
18417
18419
18420
18422
18424
18425
18427
18433
18435
18437
18438
18442
18463
18465
18472
18475
18476
18480
18482
18483
18491
18500
18501
18511
18512
18514
18527
18531
18541
18544
18545
18556
18557
18559
18572
18573
18575
18578
18579
18585
18587
18588
18589
18590
18595
18604
18608
18610
18613
18615
18616
18617
18619
18642
18643
18647
18652
18653
18660
18661
18663
18673
18677
18682
18689
18690
18691
18693
18697
18699
18703
18708
18709
18710
18711
18713
18717
18723
18728
18736
18737
18743
18749
18754
18757
18760
18762
18763
18769
18770
18772
18773
18786
18788
18791
18792
18796
18798
18805
18808
18810
18813
18814
18825
18833
18834
18835
18838
18840
18842
18845
18847
18848
18849
18850
18856
18857
18862
18864
18865
18866
18869
18873
18878
18879
18884
18887
18892
18893
18894
18895
18896
18899
18902
18904
18907
18908
18912
18916
18917
18918
18919
18924
18926
18928
18934
18937
18938
18940
18941
18949
18955
18961
18962
18964
18967
18973
18981
18989
18991
18995
18998
19000
19001
19002
19008
19010
19016
19020
19022
19023
19025
19027
19028
19031
19034
19039
19044
19046
19047
19048
19054
19056
19061
19065
19066
19069
19071
19073
19074
19084
19088
19089
19091
19093
19103
19104
19112
19113
19114
19115
19117
19121
19126
19129
19132
19136
19141
19143
19144
19145
19152
19153
19154
19157
19161
19162
19164
19165
19173
19174
19175
19176
19186
19190
19192
19196
19200
19210
19216
19217
19218
19223
19225
19228
19232
19234
19238
19239
19240
19246
19248
19251
19254
19257
19260
19261
19264
19269
19275
19281
19286
19290
19293
19295
19308
19309
19310
19316
19320
19326
19330
19331
19335
19337
19341
19351
19353
19354
19356
19359
19360
19361
19366
19374
19378
19379
19381
19386
19397
19403
19408
19409
19417
19421
19422
19424
19427
19433
19440
19441
19442
19443
19444
19447
19448
19458
19460
19461
19464
19466
19469
19474
19476
19479
19480
19483
19487
19488
19489
19497
19500
19501
19504
19506
19507
19509
19516
19517
19523
19525
19526
19529
19533
19549
19555
19558
19572
19573
19576
19577
19579
19581
19583
19587
19594
19595
19598
19601
19603
19604
19612
19614
19617
19618
19619
19622
19624
19626
19629
19636
19637
19639
19645
19646
19647
19654
19655
19656
19671
19672
19674
19675
19681
19688
19693
19695
19697
19703
19708
19721
19729
19730
19737
19739
19743
19744
19745
19748
19749
19752
19756
19757
19759
19762
19765
19767
19771
19783
19791
19805
19806
19809
19810
19816
19830
19836
19844
19846
19847
19850
19853
19864
19869
19875
19878
19882
19885
19889
19891
19901
19903
19907
19925
19926
19933
19935
19941
19950
19956
19957
19961
19963
19969
19972
19975
19978
19982
19986
19991
19995
19996
20002
20005
20009
20013
20014
20016
20024
20025
20026
20034
20036
20041
20043
20045
20047
20054
20056
20057
20058
20064
20070
20071
20074
20077
20078
20079
20080
20081
20087
20096
20098
20117
20118
20119
20120
20129
20133
20134
20141
20146
20156
20162
20164
20170
20171
20173
20179
20185
20186
20187
20198
20201
20202
20206
20207
20211
20214
20224
20227
20230
20232
20235
20238
20241
20243
20246
20266
20273
20278
20279
20280
20285
20286
20288
20291
20293
20302
20308
20315
20319
20320
20328
20329
20345
20346
20355
20356
20357
20364
20366
20371
20372
20376
20381
20387
20390
20395
20398
20406
20421
20424
20428
20435
20437
20458
20464
20472
20473
20481
20485
20487
20499
20505
20507
20511
20513
20515
20519
20523
20559
20560
20566
20567
20572
20577
20585
20588
20592
20597
20600
20605
20610
20612
20615
20630
20637
20638
20640
20644
20651
20656
20659
20670
20674
20676
20679
20680
20701
20702
20704
20708
20712
20715
20717
20725
20727
20728
20731
20732
20733
20737
20739
20747
20757
20768
20771
20781
20790
20793
20794
20796
20808
20810
20811
20814
20819
20826
20829
20841
20842
20847
20849
20856
20868
20870
20877
20879
20881
20884
20896
20907
20910
20914
20915
20920
20925
20946
20958
20964
20966
20969
20973
20977
20986
20987
21009
21012
21014
21016
21023
21024
21029
21034
21045
21047
21048
21056
21061
21072
21081
21083
21088
21090
21091
21094
21096
21098
21103
21110
21129
21138
21140
21142
21144
21154
21189
21190
21213
21219
21226
21233
21237
21253
21265
21267
21272
21274
21280
21289
21299
21304
21315
21345
21352
21360
21363
21367
21373
21375
21376
21381
21393
21398
21404
21411
21413
21434
21438
21440
21443
21451
21462
21478
21482
21510
21522
21527
21533
21538
21544
21548
21554
21555
21571
21591
21599
21601
21602
21604
21613
21615
21616
21624
21632
21634
21638
21639
21646
21651
21674
21679
21683
21685
21686
21693
21697
21701
21707
21717
21728
21729
21736
21737
21749
21750
21756
21759
21760
21765
21767
21775
21780
21792
21801
21804
21815
21820
21834
21835
21836
21852
21873
21879
21880
21885
21898
21904
21905
21908
21916
21934
21946
21948
21949
21956
21965
21970
21972
21974
21975
21982
21987
21988
21993
21995
22002
22022
22026
22027
22028
22029
22037
22056
22060
22074
22076
22082
22087
22089
22096
22100
22102
22104
22110
22118
22119
22120
22130
22144
22145
22147
22152
22162
22167
22168
22173
22195
22202
22203
22222
22226
22244
22246
22247
22256
22263
22265
22271
22312
22317
22321
22326
22334
22353
22357
22365
22367
22388
22390
22394
22399
22404
22410
22416
22418
22433
22436
22438
22439
22440
22448
22455
22477
22480
22482
22486
22488
22510
22512
22515
22518
22521
22530
22562
22581
22593
22596
22643
22644
22648
22650
22653
22654
22661
22666
22674
22681
22683
22703
22713
22716
22723
22728
22744
22773
22793
22811
22816
22821
22830
22835
22841
22848
22850
22863
22875
22876
22880
22887
22890
22930
22944
22948
22959
22963
22972
22975
22980
23009
23023
23040
23044
23045
23049
23052
23077
23083
23110
23111
23116
23120
23130
23150
23177
23183
23189
23190
23194
23202
23218
23219
23223
23225
23228
23234
23235
23237
23238
23245
23270
23292
23296
23308
23317
23336
23359
23377
23379
23383
23384
23385
23401
23414
23433
23444
23451
23453
23458
23460
23462
23479
23495
23504
23518
23524
23567
23595
23600
23607
23619
23636
23669
23678
23702
23717
23724
23748
23767
23781
23823
23834
23836
23840
23847
23865
23869
23871
23892
23905
23913
23919
23948
23957
23967
23975
23986
23995
23998
24019
24060
24061
24083
24122
24123
24139
24168
24169
24193
24197
24254
24300
24307
24309
24317
24351
24356
24365
24374
24387
24401
24404
24411
24412
24428
24431
24436
24446
24451
24468
24473
24479
24492
24500
24505
24516
24520
24527
24530
24533
24536
24692
24699
24732
24752
24753
24762
24767
24769
24791
24796
24811
24819
24862
24872
24876
24903
24968
24972
24974
24976
25049
25050
25083
25085
25092
25102
25105
25116
25120
25121
25134
25143
25156
25197
25208
25216
25234
25236
25244
25314
25316
25330
25337
25364
25369
25398
25424
25464
25470
25484
25496
25514
25517
25520
25545
25577
25583
25594
25622
25648
25660
25663
25691
25743
25760
25772
25786
25802
25813
25841
25843
25846
25853
25884
25887
25895
25951
25960
25964
26051
26057
26086
26169
26208
26214
26223
26240
26293
26298
26306
26310
26331
26332
26362
26381
26411
26414
26424
26425
26432
26455
26458
26466
26471
26500
26502
26525
26530
26541
26586
26587
26590
26606
26622
26648
26669
26689
26699
26720
26733
26756
26768
26769
26770
26777
26782
26793
26807
26837
26869
26891
26905
26914
26923
26927
26930
26943
26965
26974
27026
27036
27037
27045
27053
27056
27066
27070
27120
27132
27183
27186
27190
27193
27197
27201
27220
27227
27243
27288
27310
27313
27320
27336
27359
27365
27380
27386
27389
27396
27409
27412
27415
27424
27443
27452
27469
27470
27473
27478
27484
27501
27505
27513
27521
27523
27533
27540
27541
27550
27559
27591
27600
27601
27605
27633
27638
27644
27650
27655
27676
27677
27709
27718
27719
27721
27726
27730
27752
27758
27762
27771
27779
27790
27811
27819
27821
27825
27834
27841
27844
27860
27886
27903
27915
27940
27948
27958
27997
27998
28007
28008
28018
28027
28031
28037
28040
28043
28052
28063
28069
28094
28102
28110
28147
28153
28158
28161
28165
28192
28208
28223
28227
28230
28232
28234
28243
28247
28248
28256
28257
28258
28265
28266
28267
28276
28282
28290
28295
28303
28309
28316
28321
28339
28346
28347
28358
28372
28396
28402
28403
28404
28429
28434
28439
28440
28450
28460
28465
28472
28479
28483
28484
28485
28525
28533
28557
28594
28599
28604
28615
28629
28633
28651
28655
28660
28667
28670
28687
28697
28707
28709
28722
28726
28727
28730
28733
28752
28755
28762
28765
28768
28769
28777
28784
28786
28788
28799
28812
28814
28821
28840
28845
28846
28849
28858
28862
28868
28878
28901
28908
28912
28916
28921
28924
28931
28937
28960
28962
28968
28978
28980
28981
28996
28998
29004
29009
29028
29037
29038
29045
29052
29057
29073
29077
29087
29095
29102
29106
29110
29119
29136
29146
29149
29165
29167
29168
29178
29187
29188
29190
29191
29196
29200
29206
29224
29235
29250
29256
29260
29270
29279
29280
29286
29300
29305
29334
29335
29343
29354
29356
29364
29365
29375
29379
29381
29386
29392
29396
29406
29412
29417
29418
29421
29425
29427
29431
29436
29440
29443
29452
29459
29465
29477
29480
29482
29488
29489
29496
29515
29526
29528
29543
29550
29551
29555
29560
29563
29566
29572
29576
29581
29582
29589
29593
29596
29608
29631
29632
29640
29642
29647
29649
29656
29659
29663
29673
29711
29712
29714
29732
29741
29742
29754
29757
29765
29771
29778
29780
29799
29800
29805
29809
29823
29832
29834
29840
29843
29844
29845
29848
29850
29853
29856
29874
29876
29882
29885
29889
29906
29910
29912
29914
29920
29925
29930
29932
29939
29941
29942
29947
29950
29951
29958
29968
29977
29990
29993
30001
30004
30013
30014
30017
30018
30039
30040
30051
30054
30063
30069
30070
30073
30075
30079
30082
30087
30090
30098
30100
30101
30106
30111
30114
30115
30117
30125
30154
30155
30165
30168
30169
30171
30172
30185
30189
30192
30197
30198
30209
30212
30215
30217
30220
30226
30229
30231
30232
30234
30235
30238
30252
30256
30260
30262
30263
30269
30276
30289
30292
30302
30303
30307
30310
30316
30319
30322
30329
30330
30331
30338
30344
30345
30348
30352
30356
30372
30374
30379
30380
30384
30385
30386
30394
30403
30421
30422
30427
30433
30435
30437
30438
30441
30452
30454
30464
30466
30478
30480
30509
30513
30514
30515
30516
30524
30527
30531
30540
30547
30548
30558
30559
30563
30579
30583
30584
30591
30604
30606
30612
30613
30615
30616
30617
30622
30623
30625
30628
30631
30634
30636
30638
30642
30656
30657
30658
30664
30680
30682
30692
30700
30701
30706
30711
30712
30713
30715
30718
30724
30728
30730
30733
30735
30746
30759
30771
30775
30776
30778
30779
30780
30782
30787
30791
30792
30836
30846
30852
30853
30858
30859
30860
30862
30863
30869
30873
30875
30877
30882
30883
30887
30891
30892
30893
30901
30917
30920
30929
30931
30940
30941
30942
30946
30952
30962
30969
30970
30978
30993
30995
30999
31019
31020
31026
31027
31028
31031
31048
31049
31051
31057
31060
31062
31063
31070
31073
31074
31075
31076
31079
31086
31088
31097
31099
31100
31105
31109
31110
31112
31117
31121
31125
31130
31131
31134
31136
31137
31145
31151
31161
31163
31177
31178
31181
31186
31188
31189
31192
31195
31207
31210
31213
31218
31235
31242
31243
31249
31250
31257
31260
31271
31277
31279
31280
31283
31284
31288
31289
31293
31294
31299
31300
31306
31307
31309
31314
31315
31320
31321
31329
31333
31334
31340
31359
31361
31372
31374
31378
31380
31384
31391
31395
31396
31410
31420
31430
31433
31439
31440
31441
31442
31447
31450
31457
31459
31460
31463
31467
31469
31472
31473
31476
31479
31481
31483
31485
31487
31492
31493
31499
31501
31505
31511
31515
31525
31530
31531
31532
31534
31535
31537
31544
31550
31554
31560
31561
31566
31574
31578
31580
31582
31588
31590
31592
31597
31599
31602
31607
31613
31615
31618
31633
31636
31637
31639
31648
31652
31656
31664
31665
31668
31669
31670
31672
31682
31699
31708
31710
31711
31715
31716
31717
31719
31722
31723
31727
31735
31736
31742
31748
31750
31761
31763
31764
31765
31770
31780
31792
31795
31797
31814
31815
31822
31823
31825
31826
31833
31838
31849
31850
31865
31867
31869
31885
31887
31890
31893
31894
31900
31914
31917
31921
31926
31928
31929
31936
31937
31952
31954
31955
31956
31959
31967
31971
31972
31974
31975
31976
31977
31984
31989
31991
31996
31997
31999
32004
32006
32012
32018
32022
32049
32055
32057
32065
32066
32075
32077
32079
32084
32087
32119
32120
32121
32124
32125
32130
32132
32135
32136
32137
32138
32147
32149
32153
32156
32158
32161
32165
32169
32172
32183
32184
32192
32193
32198
32200
32208
32213
32224
32243
32248
32251
32281
32282
32287
32297
32301
32304
32314
32325
32342
32349
32353
32358
32370
32381
32386
32387
32388
32391
32399
32401
32403
32414
32415
32416
32417
32430
32437
32446
32450
32452
32456
32458
32461
32469
32473
32474
32475
32476
32486
32495
32502
32511
32523
32547
32554
32555
32558
32565
32566
32571
32575
32585
32586
32587
32593
32595
32596
32598
32603
32613
32615
32616
32628
32635
32636
32644
32645
32650
32657
32660
32663
32670
32675
32682
32685
32694
32695
32713
32724
32728
32736
32737
32740
32744
32755
32758
32761
32762
32765
32775
32778
32779
32782
32785
32789
32796
32797
32798
32804
32809
32814
32825
32839
32844
32846
32847
32853
32861
32862
32863
32864
32876
32878
32884
32891
32895
32899
32903
32906
32911
32914
32916
32921
32925
32930
32943
32945
32948
32950
32951
32953
32956
32957
32960
32961
32967
32972
32973
32978
32989
32991
32993
32994
33010
33012
33021
33029
33035
33040
33041
33048
33053
33059
33060
33063
33064
33067
33068
33071
33072
33081
33093
33094
33099
33105
33106
33110
33114
33117
33121
33122
33126
33130
33144
33146
33151
33154
33155
33162
33178
33180
33184
33185
33187
33207
33208
33213
33218
33222
33232
33236
33238
33239
33242
33243
33244
33246
33248
33250
33259
33268
33270
33271
33273
33276
33278
33283
33287
33296
33306
33309
33312
33315
33317
33318
33322
33341
33342
33346
33365
33371
33394
33396
33397
33401
33402
33403
33417
33434
33439
33441
33442
33444
33447
33449
33450
33451
33457
33458
33472
33483
33485
33488
33491
33498
33499
33500
33510
33514
33518
33520
33535
33537
33541
33548
33552
33555
33557
33560
33566
33568
33574
33582
33586
33588
33589
33596
33598
33599
33600
33601
33605
33610
33615
33616
33623
33624
33625
33627
33628
33629
33630
33635
33637
33639
33644
33648
33654
33655
33659
33663
33667
33672
33675
33681
33691
33692
33698
33700
33707
33709
33712
33725
33734
33735
33736
33751
33754
33766
33767
33774
33775
33791
33796
33798
33800
33809
33811
33819
33820
33823
33824
33825
33828
33829
33832
33835
33836
33841
33848
33849
33857
33859
33861
33865
33867
33868
33870
33873
33875
33877
33882
33886
33890
33893
33894
33898
33902
33905
33908
33909
33911
33913
33915
33920
33926
33927
33932
33935
33939
33948
33952
33953
33959
33960
33963
33972
33976
33981
33985
33995
33996
33997
33999
34002
34004
34014
34015
34016
34023
34025
34028
34031
34040
34043
34048
34051
34061
34068
34078
34083
34085
34090
34098
34100
34121
34127
34131
34132
34134
34138
34143
34157
34160
34162
34166
34167
34173
34179
34181
34188
34192
34199
34201
34207
34209
34210
34212
34213
34220
34221
34222
34224
34225
34229
34231
34233
34234
34238
34241
34243
34246
34248
34257
34258
34263
34265
34271
34274
34278
34281
34282
34284
34290
34298
34304
34306
34307
34309
34310
34313
34315
34322
34330
34331
34348
34349
34353
34355
34358
34368
34370
34372
34378
34380
34393
34397
34402
34405
34406
34407
34411
34418
34420
34422
34433
34434
34436
34439
34445
34447
34449
34454
34460
34473
34475
34479
34485
34488
34489
34490
34493
34494
34497
34502
34515
34517
34518
34524
34534
34536
34537
34540
34542
34548
34550
34557
34558
34563
34569
34575
34576
34579
34589
34608
34614
34622
34623
34625
34627
34628
34633
34636
34638
34639
34642
34643
34644
34648
34653
34655
34660
34665
34667
34671
34674
34675
34678
34681
34692
34701
34704
34711
34712
34723
34724
34725
34729
34738
34741
34754
34761
34763
34765
34769
34783
34785
34786
34793
34797
34798
34799
34803
34805
34808
34810
34819
34831
34840
34842
34852
34853
34854
34858
34861
34862
34864
34867
34869
34871
34874
34875
34880
34888
34895
34897
34899
34903
34906
34913
34914
34923
34929
34935
34938
34942
34948
34952
34954
34955
34957
34960
34962
34974
34976
34983
34991
34997
35001
35003
35007
35013
35020
35040
35042
35046
35047
35051
35052
35053
35057
35061
35066
35078
35081
35084
35090
35091
35092
35093
35099
35100
35115
35117
35118
35120
35124
35126
35127
35129
35146
35149
35150
35163
35170
35173
35174
35176
35177
35183
35188
35191
35194
35204
35220
35221
35222
35223
35227
35230
35231
35239
35252
35254
35262
35266
35272
35275
35277
35279
35286
35287
35288
35291
35295
35308
35310
35311
35315
35317
35318
35320
35324
35326
35327
35336
35340
35341
35345
35347
35348
35357
35360
35367
35373
35374
35376
35380
35382
35386
35395
35397
35406
35408
35415
35418
35421
35424
35426
35428
35430
35433
35434
35435
35438
35442
35443
35446
35459
35469
35471
35473
35474
35478
35481
35483
35489
35498
35500
35502
35506
35507
35513
35516
35520
35528
35529
35534
35547
35551
35554
35557
35562
35563
35564
35574
35583
35585
35591
35594
35600
35602
35610
35612
35615
35618
35623
35629
35645
35646
35658
35661
35664
35665
35666
35671
35673
35676
35678
35680
35684
35692
35694
35698
35709
35716
35718
35720
35721
35722
35723
35725
35735
35743
35747
35759
35764
35766
35770
35772
35775
35778
35783
35784
35790
35794
35795
35803
35809
35816
35817
35829
35830
35836
35847
35849
35851
35853
35854
35856
35857
35858
35859
35861
35862
35867
35875
35882
35885
35889
35890
35891
35895
35898
35900
35902
35905
35914
35920
35921
35928
35929
35931
35932
35933
35938
35943
35946
35950
35958
35961
35962
35969
35970
35972
35973
35976
35988
35989
35991
35993
35994
35996
35997
36005
36010
36017
36022
36024
36025
36026
36027
36031
36034
36038
36041
36045
36049
36055
36059
36060
36067
36070
36074
36083
36087
36091
36097
36098
36119
36122
36125
36132
36133
36136
36138
36142
36143
36145
36154
36155
36156
36160
36162
36166
36167
36170
36174
36176
36178
36180
36183
36184
36187
36191
36199
36202
36204
36208
36210
36213
36217
36219
36221
36225
36226
36227
36233
36238
36242
36244
36247
36250
36254
36256
36257
36258
36262
36264
36272
36273
36283
36286
36288
36290
36293
36294
36296
36303
36310
36314
36318
36320
36323
36325
36327
36328
36333
36334
36335
36340
36349
36353
36367
36376
36385
36387
36388
36389
36392
36393
36395
36396
36403
36410
36412
36417
36420
36421
36424
36425
36443
36446
36449
36452
36453
36454
36455
36458
36462
36468
36469
36470
36473
36476
36477
36483
36485
36487
36497
36498
36500
36503
36504
36505
36507
36508
36511
36515
36518
36519
36520
36524
36529
36534
36535
36539
36541
36546
36551
36554
36555
36556
36569
36573
36576
36582
36583
36584
36588
36594
36595
36605
36606
36607
36608
36609
36611
36619
36624
36625
36639
36642
36644
36648
36650
36653
36675
36676
36677
36681
36687
36691
36692
36693
36696
36697
36700
36702
36706
36713
36715
36717
36718
36722
36724
36731
36736
36738
36740
36745
36747
36748
36749
36753
36757
36759
36761
36769
36777
36783
36785
36791
36794
36796
36810
36814
36815
36816
36817
36819
36823
36829
36830
36832
36838
36852
36859
36861
36866
36871
36872
36876
36881
36883
36886
36891
36892
36893
36895
36897
36900
36906
36912
36913
36914
36915
36925
36926
36927
36929
36930
36931
36935
36943
36945
36949
36951
36955
36957
36959
36961
36979
36990
36996
36997
36999
37004
37006
37011
37016
37017
37018
37019
37020
37022
37023
37026
37027
37033
37038
37039
37046
37050
37051
37053
37054
37056
37057
37064
37067
37069
37070
37072
37074
37078
37082
37085
37086
37091
37095
37099
37100
37103
37107
37110
37111
37112
37116
37117
37123
37127
37133
37135
37145
37147
37149
37151
37156
37157
37159
37163
37167
37168
37169
37170
37172
37174
37177
37185
37186
37187
37188
37191
37192
37193
37198
37201
37206
37207
37211
37217
37220
37223
37225
37229
37231
37232
37233
37238
37240
37242
37243
37245
37254
37258
37261
37262
37263
37271
37273
37283
37288
37290
37291
37294
37295
37297
37299
37300
37302
37310
37312
37320
37323
37326
37333
37334
37335
37336
37337
37346
37347
37348
37349
37350
37351
37354
37355
37358
37360
37366
37370
37371
37372
37373
37376
37377
37378
37382
37389
37392
37397
37399
37400
37408
37409
37415
37419
37421
37422
37423
37424
37430
37433
37435
37436
37444
37454
37455
37461
37463
37470
37471
37474
37477
37479
37481
37483
37488
37492
37494
37498
37500
37501
37505
37512
37516
37518
37521
37526
37529
37532
37537
37540
37544
37549
37552
37553
37554
37558
37559
37565
37567
37570
37572
37576
37577
37584
37586
37590
37593
37595
37597
37600
37608
37609
37614
37617
37622
37623
37624
37625
37640
37641
37645
37646
37648
37650
37652
37661
37664
37665
37675
37676
37683
37691
37693
37696
37701
37702
37704
37706
37708
37709
37712
37713
37718
37720
37728
37734
37744
37745
37748
37751
37758
37759
37768
37769
37772
37773
37779
37786
37787
37788
37791
37794
37796
37801
37802
37804
37808
37815
37817
37818
37821
37830
37831
37834
37836
37839
37841
37843
37844
37846
37853
37854
37855
37868
37871
37874
37875
37879
37880
37884
37888
37889
37890
37891
37892
37895
37900
37904
37905
37908
37915
37922
37926
37929
37930
37931
37934
37940
37943
37947
37951
37952
37958
37960
37963
37964
37965
37966
37967
37970
37972
37978
37985
37987
37988
37989
37992
37993
37994
37998
38000
38001
38002
38003
38006
38008
38009
38012
38013
38016
38017
38018
38021
38022
38025
38029
38032
38035
38036
38038
38040
38042
38044
38049
38050
38051
38053
38054
38056
38057
38059
38061
38065
38067
38068
38078
38080
38082
38083
38088
38089
38092
38099
38101
38104
38105
38108
38110
38111
38113
38116
38120
38123
38131
38137
38138
38141
38142
38143
38145
38146
38156
38158
38160
38163
38164
38165
38166
38168
38169
38173
38180
38181
38182
38184
38185
38188
38189
38198
38201
38203
38211
38212
38218
38220
38221
38222
38228
38229
38230
38234
38239
38245
38247
38248
38250
38251
38253
38254
38257
38260
38261
38263
38264
38268
38269
38272
38274
38277
38278
38283
38286
38290
38291
38293
38295
38297
38298
38300
38302
38303
38306
38313
38314
38315
38316
38326
38329
38333
38334
38335
38343
38350
38354
38355
38357
38362
38363
38370
38372
38379
38382
38387
38392
38397
38404
38406
38407
38412
38420
38421
38427
38430
38434
38442
38443
38444
38445
38448
38455
38458
38459
38460
38463
38464
38467
38468
38469
38474
38480
38481
38482
38483
38484
38487
38488
38492
38496
38499
38501
38505
38510
38513
38520
38523
38524
38525
38531
38533
38534
38537
38540
38543
38544
38548
38550
38566
38567
38572
38577
38582
38584
38588
38594
38600
38605
38606
38609
38611
38613
38614
38618
38619
38624
38626
38627
38632
38634
38643
38645
38646
38649
38651
38657
38658
38665
38669
38675
38677
38678
38681
38682
38685
38686
38700
38703
38704
38709
38710
38711
38712
38716
38718
38719
38724
38729
38731
38733
38734
38738
38741
38744
38745
38747
38748
38749
38759
38763
38764
38766
38769
38770
38774
38775
38776
38777
38779
38786
38792
38794
38799
38801
38803
38805
38808
38812
38814
38817
38820
38821
38823
38824
38826
38831
38833
38836
38838
38839
38841
38844
38850
38851
38852
38853
38854
38858
38866
38868
38870
38875
38877
38879
38887
38888
38889
38891
38892
38894
38897
38898
38902
38906
38907
38909
38915
38917
38919
38923
38924
38931
38932
38937
38941
38943
38951
38955
38960
38962
38971
38979
38982
38988
38993
38996
38998
39000
39002
39003
39004
39005
39009
39016
39019
39022
39024
39028
39032
39036
39046
39048
39050
39058
39064
39070
39071
39072
39074
39075
39081
39082
39083
39085
39088
39089
39090
39094
39095
39096
39097
39100
39101
39106
39108
39109
39112
39115
39116
39119
39123
39125
39126
39127
39136
39137
39143
39149
39151
39152
39156
39158
39161
39170
39174
39175
39177
39178
39181
39182
39184
39188
39190
39194
39198
39199
39202
39204
39205
39208
39211
39215
39217
39218
39219
39220
39230
39231
39234
39237
39238
39239
39240
39242
39243
39244
39247
39250
39255
39257
39260
39261
39263
39271
39272
39273
39276
39278
39281
39282
39287
39288
39289
39292
39293
39296
39303
39304
39305
39307
39308
39309
39311
39312
39313
39317
39321
39323
39325
39326
39327
39330
39334
39335
39338
39339
39342
39344
39347
39348
39351
39352
39353
39354
39357
39361
39362
39368
39369
39372
39374
39380
39383
39384
39392
39394
39399
39401
39402
39408
39409
39412
39414
39419
39423
39426
39427
39428
39429
39430
39431
39432
39433
39435
39441
39442
39445
39451
39459
39461
39463
39467
39472
39473
39476
39480
39483
39484
39485
39486
39489
39491
39492
39493
39494
39497
39498
39503
39507
39509
39510
39523
39527
39531
39532
39536
39540
39543
39544
39545
39547
39562
39563
39564
39566
39567
39577
39579
39580
39585
39590
39591
39594
39595
39597
39601
39602
39604
39606
39607
39612
39613
39614
39615
39617
39618
39622
39625
39628
39640
39644
39646
39647
39649
39651
39652
39654
39655
39657
39661
39665
39683
39685
39687
39689
39692
39701
39702
39704
39705
39706
39708
39709
39711
39714
39717
39718
39721
39726
39727
39731
39737
39738
39740
39753
39754
39756
39757
39764
39766
39767
39770
39773
39775
39777
39779
39784
39785
39786
39787
39788
39790
39791
39792
39794
39795
39796
39799
39802
39806
39810
39811
39816
39817
39818
39820
39823
39838
39841
39845
39847
39848
39852
39854
39855
39857
39869
39871
39876
39888
39890
39891
39898
39906
39909
39913
39919
39926
39927
39928
39929
39936
39940
39942
39953
39957
39958
39959
39960
39961
39963
39965
39966
39972
39976
39985
39989
39990
40004
40005
40006
40009
40011
40012
40019
40020
40026
40029
40030
40031
40035
40036
40038
40041
40047
40049
40055
40062
40064
40065
40071
40074
40085
40086
40089
40090
40092
40097
40098
40108
40109
40110
40111
40112
40115
40127
40128
40131
40140
40141
40146
40149
40162
40163
40166
40168
40170
40172
40180
40181
40182
40183
40186
40187
40191
40193
40195
40207
40211
40212
40218
40219
40220
40221
40223
40226
40229
40230
40231
40234
40243
40253
40255
40258
40263
40278
40279
40280
40281
40285
40288
40292
40298
40300
40301
40303
40305
40306
40310
40311
40319
40321
40323
40324
40326
40329
40330
40331
40332
40339
40342
40346
40351
40357
40358
40359
40360
40365
40366
40370
40374
40384
40388
40389
40392
40398
40400
40401
40404
40405
40412
40414
40424
40426
40430
40431
40434
40435
40438
40440
40442
40445
40449
40458
40459
40460
40464
40468
40471
40475
40490
40491
40493
40500
40501
40512
40513
40519
40521
40522
40523
40525
40526
40527
40534
40535
40536
40538
40539
40541
40542
40546
40548
40552
40556
40557
40559
40562
40566
40570
40572
40576
40580
40582
40584
40586
40590
40593
40594
40595
40596
40597
40599
40602
40604
40608
40610
40614
40630
40634
40636
40639
40642
40646
40647
40658
40662
40663
40664
40666
40667
40670
40682
40686
40687
40690
40691
40695
40698
40705
40708
40710
40719
40724
40729
40730
40733
40739
40740
40742
40745
40750
40755
40760
40761
40762
40763
40769
40773
40775
40781
40785
40786
40792
40799
40800
40805
40810
40812
40814
40821
40822
40824
40826
40829
40834
40835
40837
40839
40855
40857
40858
40864
40865
40868
40869
40874
40880
40881
40889
40892
40893
40899
40900
40904
40907
40920
40922
40923
40924
40930
40931
40934
40941
40942
40946
40948
40950
40953
40957
40960
40962
40970
40975
40977
40978
40982
40989
40990
41010
41018
41021
41026
41027
41036
41044
41050
41060
41066
41069
41073
41074
41077
41080
41082
41083
41086
41092
41097
41098
41099
41100
41103
41104
41105
41107
41109
41112
41113
41117
41128
41142
41144
41148
41150
41151
41154
41158
41159
41161
41167
41168
41173
41177
41183
41194
41197
41198
41202
41208
41212
41215
41217
41219
41221
41229
41230
41231
41232
41235
41248
41251
41255
41256
41259
41260
41261
41267
41268
41270
41273
41275
41279
41289
41291
41297
41304
41305
41308
41312
41323
41327
41330
41332
41341
41342
41349
41351
41353
41356
41358
41359
41361
41366
41368
41371
41376
41382
41390
41392
41395
41398
41402
41407
41408
41414
41420
41421
41426
41428
41429
41446
41449
41451
41454
41466
41469
41471
41472
41474
41476
41477
41478
41482
41494
41496
41499
41502
41504
41507
41509
41511
41514
41522
41526
41532
41534
41535
41539
41541
41542
41543
41546
41557
41560
41561
41567
41568
41571
41578
41585
41587
41588
41593
41596
41599
41600
41603
41604
41607
41609
41611
41617
41620
41626
41627
41628
41629
41630
41631
41634
41635
41640
41641
41643
41645
41649
41652
41654
41655
41658
41659
41661
41662
41668
41676
41677
41679
41681
41695
41696
41700
41703
41705
41719
41727
41730
41736
41737
41746
41747
41751
41755
41759
41768
41770
41780
41782
41784
41789
41790
41796
41797
41798
41800
41804
41805
41808
41809
41814
41816
41819
41820
41821
41822
41827
41831
41833
41835
41836
41838
41839
41843
41847
41856
41857
41865
41867
41868
41870
41872
41886
41890
41895
41897
41898
41899
41906
41909
41915
41916
41918
41919
41923
41925
41940
41943
41951
41953
41955
41964
41972
41977
41980
41983
41984
41985
41986
41987
41993
41997
41999
42001
42013
42015
42016
42018
42025
42026
42034
42041
42042
42048
42051
42052
42056
42057
42063
42067
42071
42080
42088
42094
42097
42104
42109
42111
42115
42116
42117
42118
42120
42121
42122
42123
42125
42126
42128
42130
42144
42149
42155
42156
42157
42158
42163
42165
42168
42184
42185
42188
42194
42197
42198
42201
42202
42216
42218
42221
42228
42233
42235
42238
42240
42241
42242
42245
42249
42262
42264
42267
42268
42277
42285
42290
42292
42296
42297
42298
42300
42306
42308
42309
42312
42317
42318
42325
42331
42337
42339
42340
42347
42351
42353
42357
42359
42361
42362
42366
42381
42382
42383
42390
42393
42403
42410
42411
42414
42419
42420
42423
42425
42429
42432
42433
42434
42435
42438
42445
42450
42455
42457
42458
42461
42465
42477
42480
42482
42485
42487
42488
42493
42506
42510
42522
42530
42532
42534
42542
42547
42551
42553
42559
42564
42570
42580
42585
42587
42588
42592
42594
42596
42597
42600
42603
42604
42606
42607
42612
42618
42620
42623
42624
42631
42637
42644
42646
42647
42648
42650
42654
42655
42657
42658
42659
42662
42665
42666
42673
42674
42679
42685
42688
42700
42703
42705
42713
42714
42715
42716
42717
42725
42730
42733
42741
42745
42747
42761
42763
42767
42768
42769
42770
42771
42773
42780
42786
42787
42788
42791
42793
42794
42797
42799
42800
42801
42802
42804
42813
42817
42820
42821
42822
42828
42830
42834
42841
42842
42843
42849
42850
42853
42854
42857
42860
42863
42871
42874
42875
42883
42884
42885
42888
42889
42892
42899
42902
42903
42910
42918
42923
42928
42929
42937
42943
42953
42959
42961
42964
42966
42968
42970
42991
42992
42995
43004
43010
43011
43012
43013
43015
43018
43021
43025
43032
43034
43039
43040
43042
43047
43054
43058
43067
43079
43082
43083
43084
43090
43091
43092
43097
43101
43103
43112
43115
43119
43121
43130
43137
43142
43148
43149
43150
43154
43155
43156
43163
43165
43168
43170
43176
43188
43190
43197
43203
43208
43218
43224
43226
43228
43231
43254
43260
43266
43268
43272
43273
43278
43280
43282
43283
43295
43300
43305
43317
43320
43321
43330
43332
43335
43346
43348
43349
43354
43356
43362
43370
43371
43372
43374
43377
43380
43383
43387
43389
43393
43395
43398
43400
43401
43409
43411
43427
43445
43447
43453
43458
43459
43462
43465
43467
43472
43474
43475
43477
43484
43486
43489
43499
43502
43503
43504
43507
43510
43512
43516
43518
43521
43523
43525
43527
43528
43531
43536
43539
43541
43550
43554
43555
43556
43558
43559
43561
43564
43570
43573
43579
43584
43587
43588
43589
43603
43609
43612
43615
43616
43621
43624
43626
43627
43630
43632
43638
43639
43644
43645
43647
43653
43655
43658
43660
43667
43669
43677
43678
43683
43687
43694
43695
43701
43704
43705
43707
43708
43709
43710
43721
43722
43723
43727
43731
43735
43736
43737
43738
43741
43742
43747
43751
43753
43755
43756
43758
43761
43762
43766
43774
43776
43779
43781
43785
43786
43787
43789
43791
43800
43802
43804
43806
43807
43810
43811
43814
43815
43820
43823
43824
43831
43833
43834
43837
43839
43840
43845
43846
43858
43861
43869
43870
43873
43890
43898
43899
43904
43906
43909
43914
43918
43921
43926
43943
43949
43954
43961
43967
43970
43974
43977
43980
43984
43985
43989
43991
43995
43998
44003
44009
44018
44023
44030
44041
44044
44045
44048
44052
44053
44054
44056
44058
44062
44064
44067
44071
44075
44079
44080
44084
44089
44091
44093
44094
44099
44105
44108
44118
44127
44132
44136
44137
44146
44147
44151
44154
44157
44158
44159
44167
44174
44177
44180
44184
44186
44198
44200
44203
44204
44205
44207
44210
44217
44219
44227
44228
44229
44231
44236
44237
44244
44248
44253
44260
44265
44272
44274
44282
44283
44284
44285
44299
44309
44321
44329
44330
44332
44340
44342
44346
44353
44369
44373
44375
44381
44383
44385
44388
44392
44393
44395
44397
44414
44430
44434
44439
44449
44450
44453
44459
44460
44461
44462
44469
44474
44475
44478
44489
44493
44494
44501
44505
44508
44514
44518
44525
44527
44532
44554
44559
44566
44570
44572
44573
44586
44588
44592
44594
44615
44619
44620
44623
44625
44626
44634
44635
44642
44648
44665
44666
44672
44673
44682
44698
44714
44717
44726
44727
44731
44732
44733
44741
44745
44746
44750
44752
44754
44756
44768
44771
44775
44779
44786
44802
44805
44811
44815
44817
44818
44819
44822
44834
44837
44847
44848
44850
44852
44855
44856
44860
44872
44880
44881
44893
44894
44903
44907
44910
44911
44913
44919
44921
44924
44949
44953
44955
44957
44960
44961
44978
44986
44993
44994
44997
44998
45003
45005
45008
45009
45013
45018
45023
45033
45034
45043
45047
45053
45057
45059
45061
45072
45073
45088
45090
45092
45095
45104
45105
45106
45112
45113
45115
45121
45123
45132
45133
45141
45149
45156
45158
45162
45166
45167
45168
45180
45187
45191
45193
45198
45202
45204
45206
45210
45218
45221
45229
45234
45236
45254
45257
45259
45267
45269
45271
45281
45283
45307
45311
45314
45321
45332
45336
45337
45345
45348
45358
45376
45377
45385
45386
45387
45394
45399
45402
45404
45411
45414
45416
45418
45423
45434
45436
45441
45462
45469
45473
45475
45482
45483
45485
45489
45494
45495
45497
45501
45508
45511
45512
45518
45521
45533
45535
45536
45540
45543
45547
45556
45564
45565
45568
45570
45575
45579
45588
45590
45591
45592
45600
45605
45612
45613
45615
45616
45629
45630
45635
45636
45639
45641
45667
45668
45671
45674
45679
45683
45684
45689
45690
45691
45693
45696
45698
45699
45706
45707
45708
45709
45715
45719
45720
45721
45727
45733
45735
45736
45737
45739
45746
45750
45751
45756
45758
45759
45766
45767
45768
45770
45772
45781
45782
45787
45795
45806
45809
45812
45813
45817
45825
45836
45839
45845
45847
45848
45850
45852
45853
45854
45864
45865
45866
45870
45872
45880
45884
45885
45886
45887
45889
45898
45902
45910
45913
45914
45922
45925
45926
45927
45928
45931
45932
45934
45935
45937
45940
45946
45956
45964
45965
45966
45967
45975
45976
45981
45985
45990
45992
45994
46000
46001
46011
46016
46019
46026
46027
46031
46036
46037
46039
46042
46048
46050
46052
46057
46062
46067
46068
46070
46074
46075
46078
46081
46088
46092
46095
46097
46099
46106
46109
46117
46123
46127
46141
46148
46154
46156
46157
46159
46166
46168
46175
46185
46187
46190
46191
46193
46199
46200
46203
46206
46214
46217
46220
46223
46231
46234
46259
46262
46266
46267
46268
46271
46280
46282
46287
46288
46292
46299
46300
46301
46305
46306
46311
46313
46315
46317
46318
46319
46322
46324
46327
46328
46329
46333
46334
46336
46337
46341
46344
46346
46350
46353
46355
46358
46360
46364
46369
46370
46382
46385
46390
46392
46397
46398
46399
46401
46403
46416
46418
46419
46427
46429
46433
46434
46435
46440
46448
46453
46478
46479
46480
46481
46489
46491
46497
46498
46507
46508
46509
46512
46518
46530
46538
46540
46549
46551
46554
46559
46561
46564
46565
46567
46571
46575
46584
46588
46592
46594
46600
46606
46609
46610
46612
46613
46614
46632
46637
46638
46639
46645
46648
46651
46656
46658
46660
46666
46671
46675
46678
46683
46694
46697
46700
46705
46711
46713
46714
46719
46724
46727
46729
46738
46742
46748
46750
46755
46764
46768
46781
46782
46784
46785
46789
46799
46805
46806
46808
46811
46812
46821
46831
46832
46837
46845
46849
46850
46851
46852
46854
46865
46870
46872
46877
46884
46891
46892
46893
46900
46901
46910
46915
46916
46918
46922
46926
46929
46932
46939
46948
46949
46950
46952
46956
46961
46965
46973
46983
46987
46988
46994
46997
47005
47007
47009
47011
47015
47024
47025
47027
47030
47039
47045
47047
47054
47070
47076
47077
47084
47098
47099
47111
47123
47124
47125
47128
47130
47135
47136
47137
47140
47141
47150
47160
47163
47166
47169
47171
47173
47174
47176
47179
47186
47187
47192
47194
47196
47203
47207
47211
47214
47219
47248
47252
47260
47261
47263
47269
47275
47282
47288
47289
47296
47302
47310
47318
47321
47328
47342
47345
47346
47352
47357
47361
47367
47368
47376
47379
47380
47385
47387
47388
47392
47397
47399
47400
47402
47403
47410
47411
47413
47414
47416
47417
47427
47428
47439
47440
47453
47462
47464
47469
47470
47477
47487
47490
47493
47495
47496
47497
47498
47507
47509
47514
47515
47516
47525
47527
47534
47539
47543
47554
47558
47561
47562
47565
47572
47576
47578
47581
47585
47587
47590
47601
47607
47608
47609
47614
47616
47624
47627
47628
47629
47632
47633
47647
47652
47655
47665
47670
47676
47680
47687
47690
47692
47693
47694
47696
47699
47705
47709
47718
47720
47721
47727
47729
47733
47735
47739
47745
47753
47755
47757
47758
47761
47763
47773
47776
47777
47787
47789
47792
47793
47795
47798
47801
47804
47812
47815
47817
47826
47835
47836
47838
47839
47840
47846
47847
47849
47851
47858
47862
47863
47864
47867
47870
47872
47874
47875
47879
47886
47900
47907
47909
47920
47928
47934
47940
47946
47950
47952
47958
47960
47962
47975
47977
47978
47984
47985
47987
47988
48005
48007
48008
48009
48013
48014
48015
48021
48022
48023
48030
48034
48036
48049
48053
48060
48061
48063
48071
48074
48075
48084
48085
48086
48090
48098
48106
48110
48113
48115
48117
48118
48121
48126
48129
48130
48133
48142
48143
48144
48145
48147
48150
48158
48164
48166
48169
48171
48178
48184
48187
48188
48189
48191
48192
48193
48195
48197
48199
48200
48201
48202
48208
48210
48215
48216
48222
48231
48233
48238
48240
48243
48246
48251
48254
48258
48260
48261
48270
48272
48280
48281
48286
48293
48294
48295
48296
48297
48298
48302
48303
48307
48312
48315
48321
48327
48328
48330
48345
48346
48347
48351
48355
48357
48360
48365
48367
48368
48371
48373
48374
48380
48384
48396
48406
48408
48415
48420
48427
48428
48432
48433
48441
48442
48444
48445
48463
48474
48477
48483
48487
48488
48493
48497
48500
48512
48520
48521
48524
48527
48529
48531
48534
48535
48546
48559
48561
48563
48567
48571
48572
48574
48579
48584
48585
48586
48589
48600
48601
48608
48612
48613
48617
48619
48630
48634
48637
48643
48647
48651
48652
48655
48659
48661
48666
48667
48669
48671
48672
48674
48691
48693
48694
48697
48698
48707
48709
48710
48711
48712
48713
48714
48721
48731
48734
48738
48744
48745
48750
48758
48759
48760
48770
48774
48775
48778
48780
48782
48790
48791
48792
48793
48794
48798
48800
48802
48803
48815
48817
48819
48820
48821
48826
48830
48835
48836
48838
48840
48843
48845
48853
48854
48860
48861
48872
48876
48882
48883
48885
48890
48891
48900
48906
48909
48918
48919
48920
48932
48934
48935
48936
48938
48941
48945
48947
48951
48955
48961
48962
48966
48968
48969
48973
48975
48976
48978
48983
48988
48989
48999
49003
49004
49010
49014
49021
49022
49023
49030
49033
49035
49042
49046
49056
49059
49060
49061
49062
49074
49086
49091
49092
49095
49097
49099
49105
49109
49115
49116
49122
49125
49132
49135
49145
49146
49148
49149
49150
49153
49156
49159
49170
49173
49177
49179
49180
49185
49195
49198
49199
49205
49207
49214
49216
49218
49221
49223
49224
49231
49233
49234
49241
49245
49252
49253
49258
49267
49275
49280
49281
49282
49285
49288
49293
49295
49296
49298
49299
49307
49312
49313
49315
49316
49318
49322
49330
49339
49343
49344
49351
49356
49371
49375
49379
49382
49384
49393
49402
49403
49405
49407
49412
49415
49418
49419
49422
49432
49435
49436
49437
49441
49445
49446
49450
49451
49453
49458
49459
49465
49470
49471
49472
49477
49479
49483
49486
49488
49494
49497
49499
49500
49504
49508
49509
49511
49513
49520
49523
49528
49530
49534
49535
49538
49540
49544
49548
49549
49550
49552
49553
49555
49559
49563
49566
49571
49579
49582
49591
49593
49595
49598
49599
49603
49604
49611
49612
49616
49617
49619
49627
49629
49634
49636
49644
49647
49649
49650
49656
49658
49660
49661
49662
49668
49677
49682
49683
49684
49687
49688
49690
49691
49692
49699
49709
49712
49715
49717
49718
49721
49723
49724
49727
49728
49729
49730
49734
49738
49742
49744
49748
49763
49764
49765
49768
49771
49779
49790
49792
49795
49800
49805
49814
49817
49820
49821
49824
49826
49827
49828
49830
49832
49837
49838
49840
49842
49843
49844
49847
49854
49855
49856
49861
49863
49864
49867
49870
49873
49888
49893
49895
49898
49899
49903
49905
49908
49914
49916
49917
49918
49920
49924
49928
49941
49949
49951
49952
49953
49954
49955
49959
49964
49966
49969
49971
49981
49984
49985
49996
50004
50005
50008
50011
50016
50017
50019
50025
50026
50031
50037
50039
50043
50046
50050
50051
50056
50060
50065
50066
50067
50070
50074
50076
50083
50086
50091
50095
50097
50098
50102
50107
50108
50110
50112
50115
50116
50117
50120
50121
50127
50128
50129
50131
50138
50141
50143
50157
50160
50161
50165
50166
50167
50170
50178
50179
50180
50183
50185
50187
50188
50190
50194
50198
50207
50209
50210
50213
50217
50222
50224
50225
50232
50235
50238
50241
50245
50249
50251
50252
50257
50272
50286
50293
50296
50297
50298
50300
50302
50308
50317
50318
50319
50327
50328
50345
50346
50350
50352
50359
50372
50376
50378
50384
50388
50390
50392
50400
50402
50404
50408
50410
50417
50423
50429
50433
50442
50448
50449
50453
50459
50460
50461
50464
50465
50466
50468
50471
50473
50479
50487
50495
50497
50508
50513
50515
50517
50518
50519
50520
50521
50527
50528
50530
50536
50539
50543
50545
50547
50552
50560
50562
50570
50573
50580
50581
50582
50587
50592
50593
50599
50600
50602
50606
50611
50613
50625
50626
50628
50629
50630
50635
50641
50644
50648
50651
50656
50665
50667
50669
50670
50672
50673
50675
50676
50677
50681
50683
50695
50702
50714
50717
50722
50723
50725
50727
50733
50747
50748
50754
50758
50762
50766
50770
50771
50773
50779
50780
50786
50788
50791
50795
50796
50797
50805
50817
50822
50832
50838
50846
50857
50858
50859
50865
50873
50881
50884
50890
50892
50893
50894
50900
50902
50903
50904
50908
50911
50914
50915
50919
50921
50924
50929
50932
50939
50950
50952
50958
50959
50962
50968
50969
50970
50971
50978
50989
50992
50993
50997
51004
51005
51007
51008
51009
51010
51014
51020
51023
51028
51029
51031
51038
51047
51050
51053
51068
51070
51075
51079
51080
51085
51086
51087
51095
51096
51102
51108
51110
51115
51119
51120
51126
51131
51137
51147
51148
51152
51154
51160
51163
51167
51170
51173
51174
51175
51177
51180
51186
51190
51191
51194
51200
51202
51212
51215
51218
51225
51228
51231
51241
51247
51254
51255
51257
51262
51265
51269
51272
51276
51278
51279
51281
51284
51289
51291
51293
51303
51308
51311
51312
51317
51321
51324
51326
51328
51333
51339
51347
51348
51350
51353
51357
51363
51365
51368
51370
51373
51381
51382
51384
51388
51391
51395
51400
51401
51403
51405
51407
51414
51422
51426
51428
51431
51444
51445
51447
51450
51452
51458
51459
51473
51474
51479
51481
51482
51485
51489
51490
51492
51494
51495
51496
51497
51501
51504
51510
51511
51514
51517
51518
51520
51521
51538
51539
51543
51560
51564
51565
51566
51567
51569
51571
51572
51578
51579
51584
51587
51597
51603
51606
51612
51620
51621
51624
51625
51632
51642
51653
51657
51660
51661
51663
51665
51669
51673
51674
51677
51680
51683
51686
51689
51690
51692
51698
51714
51715
51721
51723
51726
51732
51734
51742
51752
51754
51755
51756
51757
51759
51764
51765
51770
51773
51775
51776
51777
51779
51783
51786
51787
51799
51804
51813
51817
51818
51827
51830
51834
51838
51845
51858
51860
51863
51864
51866
51870
51876
51879
51881
51886
51892
51894
51903
51906
51910
51916
51918
51919
51924
51927
51928
51930
51938
51939
51941
51945
51946
51947
51952
51957
51964
51965
51974
51977
51980
51982
51989
51995
52007
52008
52014
52015
52016
52017
52024
52026
52027
52028
52032
52038
52041
52042
52043
52052
52057
52061
52062
52063
52067
52070
52076
52077
52090
52094
52098
52103
52113
52114
52115
52117
52122
52124
52127
52129
52132
52139
52140
52146
52148
52155
52156
52158
52170
52171
52177
52188
52189
52190
52199
52206
52207
52215
52217
52222
52224
52225
52237
52240
52242
52253
52255
52259
52262
52263
52267
52268
52269
52273
52278
52280
52285
52289
52290
52291
52307
52311
52314
52328
52330
52338
52343
52345
52347
52352
52354
52362
52363
52370
52374
52375
52376
52382
52384
52385
52387
52409
52411
52413
52415
52418
52419
52420
52421
52425
52427
52431
52444
52446
52450
52451
52453
52454
52474
52475
52476
52477
52478
52481
52484
52487
52488
52494
52501
52503
52506
52511
52512
52514
52524
52526
52535
52542
52543
52546
52551
52553
52557
52560
52571
52573
52575
52588
52593
52599
52601
52604
52607
52609
52611
52612
52613
52614
52615
52621
52623
52632
52638
52641
52642
52647
52651
52652
52653
52654
52657
52658
52659
52660
52664
52687
52690
52702
52703
52709
52714
52716
52717
52718
52723
52724
52725
52730
52736
52738
52740
52741
52744
52745
52746
52747
52748
52766
52767
52771
52775
52776
52779
52781
52783
52784
52787
52791
52792
52794
52795
52797
52808
52817
52818
52821
52826
52833
52836
52846
52847
52855
52858
52864
52874
52875
52878
52880
52881
52882
52896
52900
52904
52909
52915
52922
52926
52927
52929
52930
52935
52940
52948
52958
52967
52969
52971
52973
52975
52981
52982
52983
52984
52985
52987
52988
52989
52990
52992
52996
52998
53005
53009
53015
53017
53024
53026
53039
53041
53048
53049
53055
53057
53069
53073
53080
53081
53086
53087
53089
53092
53095
53103
53105
53106
53109
53110
53111
53114
53117
53120
53123
53127
53134
53136
53141
53143
53144
53156
53165
53167
53171
53175
53177
53178
53180
53182
53189
53191
53193
53194
53196
53198
53203
53205
53206
53209
53211
53223
53227
53235
53236
53237
53238
53241
53244
53255
53263
53264
53273
53275
53277
53278
53287
53288
53289
53292
53294
53298
53301
53302
53306
53307
53310
53314
53317
53318
53319
53320
53323
53329
53333
53338
53342
53343
53347
53348
53349
53350
53351
53357
53363
53369
53370
53371
53375
53384
53386
53391
53402
53403
53406
53407
53410
53412
53414
53417
53425
53426
53429
53430
53432
53434
53437
53442
53443
53447
53449
53453
53454
53457
53463
53466
53469
53470
53473
53474
53475
53478
53479
53481
53488
53490
53491
53496
53500
53501
53503
53504
53514
53516
53520
53523
53524
53525
53530
53531
53532
53535
53541
53554
53555
53558
53562
53565
53574
53578
53582
53586
53587
53588
53593
53595
53597
53601
53602
53606
53607
53608
53609
53612
53618
53619
53624
53635
53640
53644
53645
53651
53659
53660
53678
53679
53681
53683
53685
53687
53694
53703
53713
53720
53723
53728
53733
53734
53742
53743
53751
53757
53758
53775
53785
53786
53797
53800
53802
53803
53804
53812
53814
53815
53820
53822
53823
53830
53831
53839
53840
53843
53846
53848
53850
53856
53860
53862
53863
53864
53868
53869
53879
53887
53889
53890
53894
53899
53909
53911
53913
53921
53925
53930
53933
53935
53940
53942
53943
53948
53970
53971
53974
53979
53984
53985
53998
54000
54001
54003
54009
54011
54012
54019
54020
54029
54032
54038
54044
54045
54048
54049
54050
54066
54067
54068
54070
54075
54079
54090
54097
54099
54122
54125
54128
54134
54135
54136
54147
54148
54150
54155
54156
54162
54165
54170
54171
54173
54176
54180
54187
54196
54197
54202
54204
54209
54211
54215
54216
54217
54221
54227
54229
54230
54231
54233
54235
54243
54247
54250
54251
54259
54261
54263
54269
54275
54279
54294
54299
54301
54302
54303
54306
54308
54311
54314
54326
54349
54358
54364
54367
54369
54375
54377
54380
54381
54387
54390
54391
54392
54393
54396
54398
54412
54413
54419
54426
54427
54429
54444
54446
54448
54451
54454
54460
54468
54477
54489
54491
54493
54496
54498
54502
54524
54536
54537
54538
54542
54545
54557
54559
54569
54571
54572
54575
54585
54596
54598
54600
54611
54612
54613
54626
54627
54628
54632
54637
54641
54647
54657
54658
54659
54668
54676
54678
54679
54686
54693
54706
54709
54712
54716
54718
54727
54732
54734
54737
54741
54744
54745
54746
54748
54749
54756
54761
54762
54770
54779
54788
54795
54798
54800
54803
54813
54816
54820
54821
54822
54824
54825
54828
54833
54836
54839
54841
54848
54849
54850
54851
54855
54857
54863
54868
54871
54872
54878
54880
54887
54888
54891
54892
54896
54901
54902
54904
54908
54910
54913
54914
54918
54920
54922
54923
54932
54935
54939
54949
54950
54953
54956
54957
54963
54966
54974
54976
54978
54983
54984
54985
54986
54987
54988
54990
55002
55004
55011
55014
55022
55023
55024
55026
55032
55036
55038
55039
55040
55042
55044
55045
55047
55051
55058
55059
55062
55067
55069
55073
55075
55079
55088
55090
55092
55094
55098
55101
55102
55110
55111
55113
55115
55116
55127
55131
55137
55140
55159
55161
55167
55171
55172
55174
55177
55182
55185
55190
55193
55197
55198
55200
55202
55203
55207
55208
55210
55212
55216
55217
55218
55220
55231
55235
55237
55238
55240
55245
55246
55249
55250
55254
55258
55262
55265
55269
55278
55279
55281
55284
55285
55296
55299
55300
55301
55307
55309
55310
55312
55320
55327
55328
55330
55331
55332
55334
55335
55338
55341
55346
55348
55354
55357
55360
55361
55363
55366
55369
55371
55375
55387
55393
55395
55396
55399
55401
55405
55409
55411
55412
55413
55417
55423
55426
55427
55428
55431
55438
55452
55455
55456
55462
55463
55466
55467
55468
55469
55470
55474
55475
55476
55482
55483
55485
55486
55488
55490
55494
55498
55503
55506
55507
55508
55509
55510
55512
55515
55525
55527
55528
55535
55541
55542
55551
55554
55557
55561
55562
55565
55572
55573
55574
55576
55579
55580
55582
55585
55587
55591
55594
55599
55603
55606
55611
55612
55613
55615
55616
55618
55620
55624
55629
55632
55642
55651
55652
55661
55665
55668
55674
55680
55681
55685
55699
55700
55706
55708
55709
55715
55718
55722
55723
55725
55735
55738
55741
55743
55752
55753
55755
55761
55765
55772
55777
55779
55785
55787
55790
55791
55794
55799
55814
55815
55818
55825
55830
55831
55837
55838
55839
55843
55844
55845
55847
55850
55852
55853
55858
55860
55864
55871
55874
55876
55879
55881
55883
55885
55887
55892
55895
55896
55903
55904
55905
55906
55915
55918
55919
55921
55923
55925
55926
55930
55932
55935
55936
55937
55940
55942
55946
55949
55954
55955
55957
55959
55960
55964
55965
55966
55971
55979
55981
55985
55993
55994
55996
56009
56022
56030
56032
56042
56053
56055
56067
56070
56071
56072
56073
56077
)


// ************************************************************************* //
