/*--------------------------------*- C++ -*----------------------------------*\
| =========                 |                                                 |
| \\      /  F ield         | OpenFOAM: The Open Source CFD Toolbox           |
|  \\    /   O peration     | Version:  v2012                                 |
|   \\  /    A nd           | Website:  www.openfoam.com                      |
|    \\/     M anipulation  |                                                 |
\*---------------------------------------------------------------------------*/
FoamFile
{
    version     2.0;
    format      ascii;
    class       labelList;
    location    "constant/polyMesh";
    object      pointProcAddressing;
}
// * * * * * * * * * * * * * * * * * * * * * * * * * * * * * * * * * * * * * //


14134
(
3
7
215
216
217
218
219
220
221
222
223
224
225
226
227
228
229
230
231
232
233
234
235
236
237
238
239
240
241
242
243
244
245
246
247
248
249
250
251
252
348
349
350
351
352
353
354
355
356
357
358
359
360
361
362
363
364
365
366
367
368
369
370
371
372
373
374
375
376
377
378
379
380
616
617
618
619
620
621
622
623
624
625
626
627
628
629
630
631
632
633
634
635
636
637
638
639
640
641
642
643
644
645
646
647
648
649
650
651
652
653
654
655
656
657
658
659
660
661
662
663
664
665
666
667
668
669
670
671
672
673
674
675
676
677
678
679
680
681
682
683
684
685
686
687
688
689
690
691
692
693
694
695
696
697
698
699
700
701
702
703
704
705
706
707
708
709
969
970
971
972
973
974
975
976
977
978
979
980
981
982
983
984
985
986
987
988
989
990
991
992
993
994
995
996
997
998
999
1000
1001
1002
1003
1004
1005
1006
1102
1103
1104
1105
1106
1107
1108
1109
1110
1111
1112
1113
1114
1115
1116
1117
1118
1119
1120
1121
1122
1123
1124
1125
1126
1127
1128
1129
1130
1131
1132
1133
1134
1370
1371
1372
1373
1374
1375
1376
1377
1378
1379
1380
1381
1382
1383
1384
1385
1386
1387
1388
1389
1390
1391
1392
1393
1394
1395
1396
1397
1398
1399
1400
1401
1402
1403
1404
1405
1406
1407
1408
1409
1410
1411
1412
1413
1414
1415
1416
1417
1418
1419
1420
1421
1422
1423
1424
1425
1426
1427
1428
1429
1430
1431
1432
1433
1434
1435
1436
1437
1438
1439
1440
1441
1442
1443
1444
1445
1446
1447
1448
1449
1450
1451
1452
1453
1454
1455
1456
1457
1458
1459
1460
1461
1462
1463
1530
1531
1532
1533
1534
1535
1540
1541
1542
1543
1544
1584
1585
1590
1593
1596
1597
1603
1614
1617
1627
1635
1636
1638
1640
1643
1645
1647
1649
1651
1654
1656
1658
1664
1669
1677
1681
1683
1687
1690
1709
1712
1713
1714
1722
1729
1732
1733
1736
1763
1764
1765
1766
1767
1768
1769
1770
1771
1772
1773
1774
1775
1776
1777
1778
1779
1780
1781
1782
1783
1784
1785
1786
1787
1788
1789
1790
1791
1792
1793
1794
1795
1796
1797
1798
1799
1800
1801
1802
1803
1804
1805
1806
1807
1808
1809
1810
1811
1812
1813
1814
1815
1816
1817
1818
1819
1820
1821
1822
1823
1824
1825
1826
1827
1828
1829
1830
1831
1832
1833
1834
1835
1836
1837
1838
1839
1840
1841
1842
1843
1844
1845
1846
1847
1848
1849
1850
1851
1852
1853
1854
1855
1856
1857
1858
1859
1860
1861
1862
1863
1864
1865
1866
1867
1868
1869
1870
1871
1872
1873
1874
1875
1876
1877
1878
1879
1880
1881
1882
1883
1884
1885
1886
1887
1888
1889
1890
1891
1892
1893
1894
1895
1896
1897
1898
1899
1900
1901
1902
1903
1904
1905
1906
1907
1908
1909
1910
1911
1912
1913
1914
1915
1916
1917
1918
1919
1920
1921
1922
1923
2178
2184
2186
2429
2430
2433
2436
2437
2445
2446
2460
2461
2475
2486
2487
2502
2503
2536
2614
2615
2616
2617
2618
2619
2620
2621
2622
2623
2624
2625
2626
2627
2628
2629
2631
2633
2634
2635
2636
2637
2647
2648
2649
2650
2651
2652
2653
2654
2655
2656
2657
2658
2659
2660
2661
2662
2663
2664
2665
2666
2667
2668
2669
2670
2671
2672
2673
2674
2675
2676
2677
2678
2679
2680
2681
2682
2683
2684
2685
2686
2687
2688
2689
2690
2691
2692
2693
2694
2695
2696
2697
2698
2699
2700
2701
2702
2703
2704
2705
2706
2707
2708
2709
2710
2711
2712
2713
2714
2715
2716
2717
2718
2719
2720
2721
2722
2723
2724
2725
2726
2727
2728
2729
2730
2731
2732
2733
2734
2735
2736
2737
2738
2739
2740
2741
2742
2743
2744
2745
2746
2747
2748
2749
2750
2751
2752
2753
2754
2755
2756
2757
2758
2759
2760
2761
2762
2763
2764
2765
2766
2767
2768
2769
2770
2771
2772
2773
2774
2776
2779
2783
2784
2785
2786
2787
2788
2789
2790
2791
2794
2795
2798
2801
2802
2803
2822
2904
2908
2910
2949
2950
3163
3164
3166
3172
3173
3174
3175
3176
3177
3201
3202
3203
3237
3238
3247
3259
3272
3456
3483
3505
3816
3817
3818
3819
3820
3821
3822
3823
3824
3825
3826
3827
3828
3829
3830
3831
3832
3833
3834
3835
3836
3837
3838
3839
3840
3841
3842
3843
3844
3845
3846
3847
3848
3849
3850
3851
3852
3853
3854
3855
3856
3857
3858
3859
3860
3861
3862
3863
3864
3865
3866
3867
3868
3869
3870
3871
3872
3873
3874
3875
3876
3877
3878
3879
3880
3881
3882
3883
3884
3885
3886
3887
3888
3889
3890
3891
3892
3893
3894
3896
3897
3899
3900
3902
3903
3914
3915
3916
3917
3918
3921
3922
3923
4006
4007
4008
4049
4056
4083
4084
4085
4086
4087
4088
4089
4090
4091
4092
4093
4094
4095
4096
4097
4098
4099
4118
4122
4123
4133
4134
4219
4222
4223
4246
4247
4248
4249
4250
4251
4252
4253
4254
4255
4256
4257
4258
4261
4263
4264
4275
4276
4277
4278
4279
4295
4298
4303
4320
4321
4352
4353
4356
4357
4358
4400
4401
4404
4405
4406
4407
4408
4409
4410
4411
4412
4413
4414
4415
4416
4417
4418
4419
4420
4421
4422
4423
4424
4425
4426
4427
4428
4429
4430
4431
4432
4433
4434
4435
4436
4437
4438
4439
4440
4441
4442
4443
4444
4445
4446
4447
4448
4449
4450
4451
4452
4453
4454
4455
4456
4457
4458
4459
4460
4461
4462
4463
4464
4465
4466
4467
4468
4469
4470
4471
4472
4473
4474
4475
4476
4477
4478
4479
4480
4481
4482
4483
4484
4485
4486
4487
4488
4489
4490
4491
4492
4493
4494
4495
4496
4497
4498
4499
4500
4501
4502
4503
4504
4505
4506
4507
4508
4509
4510
4511
4512
4513
4525
4526
4527
4528
4529
4530
4531
4532
4533
4534
4535
4536
4537
4538
4539
4540
4541
4542
4543
4544
4545
4546
4547
4548
4549
4550
4551
4552
4553
4554
4555
4556
4557
4558
4559
4560
4561
4562
4563
4564
4565
4566
4567
4568
4569
4570
4571
4572
4573
4574
4575
4576
4577
4578
4579
4580
4581
4582
4583
4584
4585
4586
4587
4588
4589
4590
4591
4592
4593
4594
4595
4596
4597
4598
4599
4600
4601
4602
4603
4604
4605
4606
4607
4608
4609
4610
4611
4612
4613
4614
4615
4616
4617
4618
4619
4620
4621
4622
4623
4624
4625
4626
4627
4628
4629
4630
4631
4632
4633
4634
4635
4636
4637
4638
4639
4640
4641
4642
4643
4644
4645
4646
4647
4648
4649
4650
4651
4652
4653
4654
4655
4656
4657
4658
4659
4660
4661
4662
4663
4664
4665
4666
4667
4668
4669
4670
4671
4672
4673
4674
4675
4676
4677
4678
4679
4680
4681
4682
4683
4684
4685
4686
4687
4688
4689
4690
4691
4692
4693
4694
4695
4696
4697
4698
4699
4700
4701
4702
4703
4704
4705
4706
4707
4708
4709
4710
4711
4712
4713
4749
4750
4772
4773
4781
4788
4789
4790
4791
4792
4793
4794
4855
4856
4857
4858
4859
4860
4866
4867
4883
4884
4888
4904
4905
4906
4907
4946
4947
4957
4958
4959
5028
5056
5384
5404
5405
5407
5433
5434
5441
5456
5457
5459
5460
5468
5485
5490
5491
5492
5493
5497
5503
5504
5505
5506
5507
5519
5522
5527
5529
5532
5533
5542
5543
5559
5563
5569
5570
5571
5572
5573
5581
5587
5648
5649
5660
5661
5662
5691
5692
5696
5716
5718
5719
5819
5820
5821
5844
5876
5877
5878
5896
5914
5915
5931
5932
5933
5964
5976
5977
5978
5982
6007
6008
6054
6055
6056
6057
6062
6063
6065
6072
6089
6106
6132
6133
6184
6185
6186
6221
6222
6255
6256
6284
6285
6286
6287
6288
6289
6290
6291
6292
6293
6294
6295
6296
6297
6298
6299
6300
6301
6302
6303
6304
6305
6306
6307
6308
6309
6310
6311
6312
6313
6314
6315
6316
6317
6318
6319
6320
6321
6322
6323
6324
6325
6326
6327
6328
6329
6330
6331
6332
6333
6334
6335
6336
6337
6338
6356
6363
6364
6382
6383
6384
6385
6386
6452
6460
6474
6475
6487
6488
6513
6514
6515
6516
6517
6518
6519
6520
6521
6522
6523
6524
6525
6526
6527
6528
6529
6530
6531
6532
6533
6534
6535
6536
6537
6538
6539
6541
6542
6543
6544
6545
6546
6547
6548
6549
6550
6551
6552
6553
6554
6555
6556
6557
6558
6559
6560
6561
6562
6563
6564
6565
6566
6567
6568
6569
6598
6599
6600
6601
6602
6603
6608
6609
6625
6628
6629
6630
6667
6668
6674
6682
6686
6687
6688
6689
6690
6695
6697
6698
6702
6751
6752
6756
6758
6759
6772
6781
6785
6786
6787
6788
6789
6813
6814
6815
6816
6817
6829
6849
6867
6868
6869
6882
6883
6884
6886
6918
6919
6923
6942
6945
6946
6957
6958
6959
6966
6967
6968
6969
6970
6971
7103
7115
7120
7123
7141
7142
7143
7144
7145
7155
7157
7162
7163
7164
7175
7176
7184
7186
7190
7199
7200
7203
7204
7212
7214
7216
7217
7218
7219
7220
7237
7238
7239
7240
7241
7242
7243
7244
7245
7246
7247
7248
7249
7250
7251
7252
7253
7254
7255
7256
7257
7258
7259
7260
7261
7262
7263
7264
7265
7266
7267
7268
7269
7270
7271
7272
7273
7274
7275
7276
7277
7278
7279
7280
7281
7282
7283
7284
7285
7286
7287
7288
7289
7290
7291
7292
7293
7294
7295
7296
7297
7298
7299
7300
7301
7302
7303
7304
7305
7306
7307
7308
7309
7310
7311
7312
7313
7314
7315
7316
7317
7318
7319
7320
7321
7322
7323
7324
7325
7326
7327
7328
7329
7330
7331
7332
7333
7334
7335
7336
7337
7338
7339
7340
7341
7342
7343
7344
7345
7346
7347
7348
7349
7350
7351
7352
7353
7354
7355
7356
7357
7358
7359
7360
7361
7362
7363
7364
7365
7366
7367
7368
7369
7370
7371
7372
7373
7374
7375
7376
7377
7378
7401
7403
7407
7684
7685
7686
7689
7690
7692
7694
7698
7699
7718
7719
7724
7735
7736
7739
7749
7750
7751
7756
7760
7763
7764
7765
7810
7811
7812
7813
7814
7815
7816
7817
7818
7819
7820
7821
7822
7823
7824
7825
7826
7827
7828
7829
7830
7831
7832
7833
7834
7835
7836
7837
7838
7839
7840
7841
7842
7843
7844
7845
7846
7847
7848
7849
7850
7851
7852
7853
7854
7855
7856
7857
7858
7859
7860
7861
7862
7863
7864
7865
7866
7867
7868
7869
7870
7871
7872
7873
7874
7875
7876
7877
7878
7879
7880
7881
7883
7884
7885
7886
7887
7888
7889
7890
7891
7892
7893
7894
7895
7896
7897
7898
7899
7900
7901
7902
7903
7904
7905
7906
7911
7912
7913
7914
7915
7916
7917
7918
7925
7926
7927
7928
7929
7930
7931
7932
7933
7934
7935
7936
7937
7938
7939
7940
7941
7950
7951
7952
7957
7958
7959
7960
7961
7962
7963
7964
7965
7966
7967
7968
7969
7970
7971
7974
7975
7976
7977
7978
7979
7980
7981
7982
7983
7984
7985
7986
7987
7988
7989
7990
7991
7992
7993
7994
7995
7996
7997
8000
8001
8002
8003
8004
8005
8006
8007
8008
8009
8010
8011
8012
8013
8014
8015
8016
8017
8018
8019
8020
8021
8022
8023
8024
8025
8027
8028
8029
8030
8031
8032
8033
8034
8035
8036
8037
8038
8039
8040
8041
8042
8043
8044
8045
8046
8047
8048
8056
8057
8058
8059
8060
8061
8062
8063
8064
8065
8066
8067
8068
8076
8077
8078
8079
8080
8081
8082
8083
8088
8089
8090
8091
8092
8093
8094
8095
8096
8121
8122
8123
8124
8125
8126
8127
8128
8129
8130
8131
8132
8133
8134
8135
8136
8137
8138
8139
8141
8142
8143
8144
8145
8149
8154
8156
8157
8158
8159
8160
8161
8162
8163
8164
8165
8166
8167
8168
8169
8170
8173
8174
8175
8177
8178
8179
8180
8181
8184
8185
8186
8187
8188
8192
8193
8194
8198
8200
8203
8206
8207
8225
8226
8227
8228
8229
8230
8231
8233
8236
8237
8238
8241
8242
8243
8244
8245
8259
8261
8262
8264
8265
8266
8267
8268
8269
8273
8274
8276
8279
8280
8282
8291
8312
8313
8314
8315
8317
8318
8319
8321
8323
8334
8350
8364
8387
8388
8389
8390
8391
8392
8393
8394
8395
8396
8397
8398
8399
8400
8401
8402
8403
8404
8405
8406
8407
8408
8409
8410
8411
8412
8413
8414
8415
8416
8417
8418
8441
8442
8443
8444
8445
8446
8447
8448
8449
8450
8451
8456
8457
8459
8472
8474
8475
8478
8480
8531
8532
8533
8534
8535
8536
8537
8538
8539
8540
8541
8542
8543
8544
8545
8546
8547
8548
8553
8554
8555
8556
8557
8559
8560
8597
8604
8605
8609
8610
8650
8651
8652
8653
8654
8655
8656
8657
8658
8659
8660
8692
8693
8694
8695
8713
8793
8800
8801
8802
8803
8805
8810
8811
8813
8814
8815
8816
8868
8869
8870
8871
8872
8873
8874
8876
8886
8887
8888
8892
8893
8899
8901
8902
8907
8908
8909
8910
8911
8912
8913
8914
8916
8917
8920
8921
8923
8924
8927
8928
8929
8932
8933
8939
8940
8941
8942
8943
8944
8945
8949
8957
8959
8960
8961
8965
8966
8968
8969
8970
8971
8973
8974
8986
8992
8997
8998
8999
9000
9001
9006
9007
9008
9009
9011
9012
9013
9014
9015
9016
9020
9021
9022
9023
9024
9036
9040
9041
9042
9048
9049
9050
9051
9052
9053
9054
9068
9069
9073
9074
9075
9076
9077
9079
9080
9084
9105
9111
9112
9113
9122
9123
9125
9129
9130
9132
9142
9144
9147
9148
9185
9186
9189
9199
9200
9204
9206
9209
9212
9219
9221
9222
9224
9225
9237
9238
9239
9240
9241
9242
9243
9244
9248
9254
9255
9257
9259
9264
9265
9266
9272
9274
9307
9316
9319
9325
9326
9331
9352
9353
9354
9364
9389
9390
9401
9402
9403
9404
9409
9413
9415
9416
9417
9418
9421
9422
9423
9424
9426
9436
9437
9449
9452
9455
9456
9457
9458
9459
9461
9463
9464
9465
9474
9475
9476
9506
9507
9510
9522
9523
9529
9530
9533
9546
9548
9549
9551
9552
9554
9567
9612
9626
9635
9636
9637
9638
9639
9640
9645
9661
9668
9682
9689
9690
9740
9741
9742
9744
9745
9746
9750
9754
9760
9761
9762
9763
9770
9771
9772
9773
9774
9775
9776
9777
9778
9779
9780
9781
9782
9783
9784
9785
9786
9787
9788
9789
9790
9793
9803
9804
9805
9806
9807
9809
9810
9817
9822
9823
9838
9839
9842
9845
9846
9847
9850
9854
9855
9856
9860
9862
9865
9866
9872
9873
9874
9887
9889
9894
9896
9901
9903
9911
9913
9914
9915
9916
9925
9927
9928
9932
9933
9936
9957
9958
9959
9965
9966
9969
9970
9971
9981
9998
10000
10001
10002
10003
10007
10009
10010
10012
10015
10016
10017
10021
10045
10046
10047
10048
10049
10052
10056
10079
10080
10084
10090
10092
10100
10101
10102
10108
10109
10119
10120
10126
10127
10129
10130
10132
10140
10141
10143
10144
10149
10151
10155
10157
10172
10173
10174
10175
10176
10177
10178
10179
10180
10181
10182
10183
10184
10185
10186
10189
10190
10193
10196
10209
10220
10231
10232
10234
10238
10242
10243
10264
10269
10283
10292
10293
10294
10295
10296
10297
10298
10299
10312
10318
10322
10323
10324
10325
10326
10327
10328
10329
10330
10331
10332
10333
10399
10400
10401
10405
10443
10460
10461
10462
10465
10469
10471
10473
10479
10480
10492
10494
10529
10530
10531
10539
10540
10546
10547
10549
10551
10552
10553
10554
10555
10563
10566
10567
10568
10569
10570
10571
10584
10585
10586
10587
10597
10599
10603
10604
10623
10633
10636
10639
10640
10642
10646
10649
10651
10652
10656
10659
10660
10661
10678
10683
10687
10688
10690
10691
10701
10702
10708
10712
10722
10723
10725
10726
10753
10754
10755
10757
10758
10759
10760
10761
10772
10773
10774
10775
10776
10777
10778
10779
10780
10781
10782
10783
10784
10785
10786
10787
10788
10789
10790
10791
10792
10793
10794
10795
10796
10797
10798
10799
10800
10801
10802
10803
10804
10805
10806
10807
10808
10809
10810
10811
10812
10813
10814
10815
10816
10817
10818
10819
10820
10821
10822
10823
10824
10825
10826
10827
10828
10829
10830
10831
10834
10835
10838
10839
10841
10848
10854
10858
10859
10868
10873
10874
10878
10889
10897
10898
10899
10900
10901
10902
10903
10904
10905
10906
10907
10908
10909
10910
10911
10912
10913
10914
10915
10916
10917
10918
10919
10920
10921
10922
10923
10924
10925
10926
10927
10928
10929
10942
10943
10944
10971
10975
10976
10978
10979
10980
10982
10993
10997
10998
10999
11000
11001
11002
11003
11004
11005
11006
11007
11012
11016
11027
11028
11039
11040
11042
11048
11049
11090
11091
11092
11093
11099
11100
11101
11112
11113
11114
11115
11124
11125
11126
11147
11152
11153
11154
11195
11196
11218
11226
11230
11232
11238
11239
11243
11244
11265
11266
11267
11269
11271
11288
11296
11299
11306
11307
11308
11309
11310
11311
11325
11326
11327
11328
11333
11337
11349
11350
11353
11357
11375
11377
11378
11385
11386
11405
11406
11411
11412
11416
11417
11418
11422
11423
11428
11431
11433
11438
11457
11463
11470
11471
11472
11478
11480
11484
11485
11488
11496
11502
11530
11532
11535
11536
11537
11538
11543
11545
11551
11558
11559
11569
11572
11578
11580
11581
11583
11584
11585
11586
11587
11588
11589
11591
11592
11593
11595
11600
11601
11602
11603
11609
11610
11613
11614
11616
11617
11618
11635
11645
11646
11651
11652
11663
11664
11667
11671
11677
11678
11687
11688
11689
11690
11696
11701
11709
11716
11718
11725
11726
11727
11730
11731
11733
11737
11740
11742
11747
11765
11766
11767
11769
11770
11774
11775
11776
11777
11778
11779
11783
11784
11789
11790
11791
11794
11795
11796
11797
11799
11800
11804
11805
11806
11808
11809
11810
11812
11813
11814
11820
11823
11824
11825
11826
11827
11829
11830
11833
11834
11837
11843
11844
11846
11847
11849
11850
11853
11856
11857
11858
11859
11860
11862
11863
11864
11877
11881
11882
11883
11885
11890
11896
11897
11904
11909
11913
11914
11915
11916
11917
11921
11922
11933
11935
11936
11940
11941
11950
11973
11974
11975
11976
11979
11980
11981
12048
12051
12052
12055
12056
12057
12058
12059
12060
12061
12062
12065
12066
12070
12076
12080
12081
12082
12083
12088
12089
12099
12100
12118
12119
12121
12140
12141
12143
12147
12148
12153
12157
12161
12162
12163
12164
12165
12166
12167
12168
12169
12170
12171
12172
12173
12174
12175
12176
12177
12178
12184
12190
12195
12203
12204
12205
12214
12221
12222
12235
12238
12239
12245
12246
12247
12248
12249
12250
12257
12261
12262
12284
12285
12311
12312
12317
12335
12336
12359
12360
12361
12366
12367
12369
12370
12407
12408
12414
12437
12440
12442
12443
12452
12461
12466
12469
12470
12471
12472
12473
12474
12477
12490
12491
12493
12494
12497
12498
12506
12507
12508
12512
12513
12533
12534
12535
12536
12548
12551
12552
12563
12564
12570
12571
12573
12596
12603
12609
12612
12615
12616
12617
12618
12619
12620
12621
12622
12623
12624
12628
12629
12630
12631
12643
12649
12650
12654
12657
12658
12675
12676
12677
12679
12680
12681
12684
12687
12688
12694
12697
12698
12699
12700
12701
12702
12709
12710
12713
12719
12726
12727
12731
12732
12733
12739
12740
12743
12747
12751
12756
12757
12758
12761
12762
12764
12765
12766
12767
12771
12772
12774
12775
12776
12778
12782
12792
12793
12798
12799
12801
12802
12803
12807
12813
12814
12826
12829
12830
12831
12835
12836
12837
12844
12845
12846
12847
12848
12849
12850
12851
12852
12853
12854
12855
12863
12864
12866
12867
12868
12869
12873
12874
12875
12876
12877
12961
12970
12971
12972
12973
12975
12976
12977
12978
12987
12988
12996
12997
13002
13012
13013
13014
13023
13024
13035
13042
13049
13050
13052
13053
13054
13055
13056
13057
13059
13060
13061
13062
13063
13085
13087
13088
13089
13109
13117
13130
13131
13132
13133
13134
13135
13137
13138
13139
13141
13142
13145
13151
13155
13157
13158
13159
13166
13167
13177
13181
13184
13185
13186
13187
13188
13191
13198
13203
13204
13206
13207
13218
13223
13228
13229
13230
13231
13232
13234
13235
13238
13240
13251
13252
13254
13261
13268
13272
13292
13293
13297
13298
13319
13320
13321
13330
13331
13345
13346
13349
13371
13372
13373
13374
13375
13376
13386
13395
13396
13412
13413
13414
13415
13416
13417
13418
13419
13422
13433
13434
13441
13442
13443
13444
13455
13459
13460
13469
13470
13473
13482
13483
13484
13485
13486
13491
13492
13501
13524
13576
13580
13581
13583
13584
13592
13594
13595
13596
13605
13611
13612
13613
13620
13621
13632
13633
13667
13668
13669
13670
13675
13676
13678
13679
13681
13685
13686
13689
13694
13701
13707
13714
13716
13717
13730
13751
13754
13766
13778
13779
13780
13791
13792
13805
13827
13828
13839
13850
13888
13889
13890
13891
13892
13893
13894
13895
13896
13897
13898
13899
13900
13914
13931
13933
13951
13954
13962
13963
13971
13972
13974
13986
14003
14004
14081
14091
14103
14108
14111
14132
14133
14137
14139
14140
14141
14143
14145
14147
14150
14152
14154
14159
14169
14203
14210
14212
14213
14214
14215
14216
14217
14218
14219
14220
14221
14222
14223
14224
14225
14226
14227
14228
14229
14230
14231
14235
14267
14268
14275
14276
14277
14279
14280
14281
14282
14283
14287
14295
14303
14312
14320
14329
14332
14334
14335
14336
14337
14342
14346
14348
14364
14365
14367
14369
14370
14371
14386
14394
14400
14409
14415
14416
14422
14428
14429
14430
14431
14432
14433
14434
14435
14437
14441
14445
14451
14461
14462
14468
14469
14471
14472
14480
14481
14486
14487
14488
14512
14513
14514
14562
14563
14564
14565
14566
14569
14572
14573
14574
14575
14576
14577
14578
14579
14580
14583
14584
14591
14592
14593
14594
14602
14603
14604
14605
14609
14610
14614
14615
14616
14623
14624
14627
14639
14642
14674
14681
14682
14690
14697
14698
14700
14707
14710
14711
14713
14731
14732
14736
14737
14738
14739
14740
14748
14749
14750
14751
14753
14754
14801
14802
14805
14806
14809
14810
14811
14812
14813
14817
14818
14819
14820
14823
14829
14846
14847
14848
14849
14853
14860
14868
14869
14875
14876
14877
14878
14879
14887
14888
14889
14899
14911
14926
14927
14930
14931
14933
14934
14940
14942
14943
14944
14945
14946
14947
14948
14949
14951
14952
14953
14954
14955
14956
14961
14962
14963
14964
14965
14969
14970
14971
14973
14978
14987
14988
14989
14990
14991
14992
14993
14994
14996
14998
15007
15011
15012
15017
15021
15022
15026
15034
15035
15047
15048
15051
15057
15058
15066
15072
15075
15076
15083
15100
15101
15102
15103
15111
15112
15113
15114
15115
15120
15128
15129
15139
15140
15144
15145
15147
15149
15152
15153
15154
15155
15164
15165
15166
15167
15168
15183
15184
15185
15187
15190
15205
15206
15207
15223
15226
15227
15228
15229
15230
15231
15238
15257
15260
15262
15263
15278
15279
15280
15281
15288
15289
15290
15291
15294
15304
15305
15306
15307
15310
15312
15313
15321
15342
15348
15375
15384
15385
15386
15388
15391
15393
15394
15395
15401
15405
15406
15407
15408
15409
15414
15424
15426
15427
15428
15438
15461
15498
15503
15553
15557
15558
15571
15606
15610
15618
15645
15668
15669
15676
15677
15695
15704
15710
15711
15712
15716
15717
15723
15725
15738
15739
15746
15759
15760
15761
15765
15770
15779
15781
15782
15785
15786
15789
15790
15799
15800
15803
15814
15821
15822
15824
15827
15832
15833
15838
15840
15844
15845
15846
15849
15850
15856
15857
15869
15872
15874
15876
15877
15878
15879
15880
15881
15882
15884
15904
15906
15913
15914
15915
15916
15920
15921
15922
15923
15925
15926
15927
15928
15934
15948
15958
15978
15983
15996
15997
16007
16010
16011
16015
16018
16019
16020
16021
16025
16027
16042
16043
16051
16054
16055
16064
16070
16082
16083
16091
16092
16093
16098
16106
16108
16109
16117
16118
16128
16130
16131
16134
16135
16136
16137
16138
16139
16141
16142
16149
16164
16224
16225
16226
16227
16237
16244
16245
16246
16249
16261
16286
16288
16289
16290
16291
16292
16295
16296
16300
16310
16311
16313
16314
16353
16354
16357
16358
16365
16369
16371
16372
16388
16390
16403
16412
16418
16423
16427
16433
16434
16436
16437
16438
16453
16458
16459
16470
16476
16484
16485
16495
16496
16500
16504
16505
16509
16515
16520
16536
16541
16542
16543
16544
16553
16564
16565
16569
16570
16573
16578
16588
16605
16618
16619
16621
16622
16625
16626
16632
16633
16636
16637
16638
16640
16647
16648
16650
16659
16670
16671
16672
16673
16674
16675
16683
16684
16685
16686
16687
16688
16689
16690
16691
16692
16693
16694
16698
16706
16707
16708
16709
16713
16714
16715
16716
16717
16734
16742
16743
16744
16745
16746
16747
16748
16750
16758
16759
16760
16761
16779
16783
16784
16791
16792
16793
16796
16819
16824
16830
16840
16841
16844
16847
16911
16912
16916
16917
16918
16919
16920
16931
16932
16933
16936
16937
16939
16940
16941
16954
16955
16958
16959
16969
16973
16990
17000
17003
17006
17016
17017
17024
17026
17027
17031
17063
17064
17065
17066
17068
17075
17077
17078
17079
17082
17083
17095
17096
17101
17104
17105
17130
17132
17134
17135
17136
17137
17157
17166
17167
17169
17170
17174
17176
17189
17194
17196
17208
17210
17211
17212
17213
17214
17215
17216
17217
17218
17219
17220
17221
17222
17223
17224
17225
17226
17227
17228
17229
17230
17231
17232
17233
17236
17237
17248
17249
17252
17254
17256
17265
17272
17273
17279
17281
17283
17287
17288
17291
17292
17294
17295
17296
17299
17303
17304
17310
17311
17312
17313
17314
17315
17316
17328
17341
17343
17348
17349
17351
17354
17355
17359
17360
17364
17370
17373
17374
17375
17376
17377
17378
17379
17380
17381
17382
17383
17384
17385
17402
17404
17405
17410
17411
17412
17413
17424
17425
17426
17427
17430
17432
17441
17444
17445
17449
17454
17464
17465
17468
17481
17483
17484
17489
17491
17498
17507
17508
17509
17510
17543
17547
17560
17568
17569
17579
17580
17584
17620
17623
17624
17627
17629
17630
17631
17634
17635
17638
17653
17654
17656
17662
17668
17670
17671
17672
17675
17676
17677
17680
17685
17687
17688
17692
17693
17694
17695
17696
17697
17698
17699
17700
17701
17702
17704
17708
17711
17715
17716
17717
17725
17726
17727
17728
17729
17730
17734
17741
17751
17772
17773
17775
17782
17785
17786
17787
17791
17797
17802
17811
17812
17813
17814
17815
17880
17881
17882
17890
17899
17900
17904
17905
17909
17911
17912
17913
17916
17931
17932
17933
17934
17937
17946
17950
17951
17952
17963
17964
17971
17973
17974
17975
17976
17977
17978
17979
17983
17984
17985
17986
17994
18006
18007
18020
18021
18022
18029
18031
18033
18034
18038
18039
18041
18042
18043
18048
18059
18061
18062
18063
18064
18065
18066
18071
18074
18075
18076
18077
18078
18079
18080
18081
18083
18093
18097
18101
18104
18115
18116
18117
18118
18119
18125
18135
18140
18154
18156
18157
18165
18166
18167
18168
18170
18172
18173
18181
18182
18183
18184
18186
18187
18194
18195
18196
18199
18200
18201
18202
18205
18213
18214
18228
18229
18230
18231
18232
18237
18240
18241
18254
18267
18271
18290
18294
18305
18306
18307
18308
18309
18310
18311
18312
18317
18318
18319
18320
18321
18323
18328
18343
18344
18345
18346
18349
18350
18351
18390
18391
18402
18403
18410
18428
18429
18431
18449
18451
18452
18453
18454
18455
18456
18457
18458
18459
18460
18461
18468
18477
18478
18498
18499
18500
18501
18502
18506
18514
18518
18519
18523
18552
18553
18554
18555
18556
18557
18558
18559
18560
18561
18562
18563
18564
18565
18566
18567
18568
18569
18570
18571
18572
18573
18574
18575
18576
18577
18578
18579
18580
18581
18582
18583
18584
18585
18586
18587
18588
18589
18590
18591
18592
18593
18594
18595
18596
18597
18598
18599
18600
18601
18602
18603
18604
18605
18606
18607
18608
18609
18610
18611
18612
18613
18614
18615
18616
18617
18618
18619
18620
18621
18622
18623
18624
18625
18626
18627
18628
18629
18630
18631
18632
18633
18634
18635
18636
18637
18638
18639
18640
18641
18642
18643
18644
18645
18646
18647
18648
18649
18650
18651
18652
18653
18654
18655
18656
18657
18658
18659
18660
18662
18663
18669
18684
18729
18730
18731
18744
18765
18789
18790
18791
18798
18803
18804
18805
18806
18808
18829
18847
18848
18849
18850
18853
18854
18855
18856
18857
18858
18859
18867
18868
18869
18870
18873
18888
18891
18892
18902
18903
18904
18908
18909
18910
18911
18912
18913
18914
18915
18940
18941
18945
18964
18965
18967
18968
18969
18970
18971
18972
18993
18994
18995
18996
18997
18999
19000
19001
19002
19003
19004
19005
19006
19018
19019
19020
19024
19025
19026
19027
19028
19045
19050
19051
19052
19053
19054
19062
19069
19070
19071
19072
19073
19074
19075
19076
19077
19078
19079
19080
19081
19082
19083
19086
19108
19109
19110
19111
19112
19113
19114
19115
19116
19117
19118
19119
19120
19121
19122
19125
19126
19128
19130
19131
19132
19133
19134
19135
19136
19137
19138
19139
19140
19141
19142
19143
19144
19145
19146
19148
19149
19150
19151
19152
19153
19154
19155
19156
19157
19158
19159
19160
19161
19162
19163
19165
19166
19167
19168
19169
19170
19171
19172
19173
19178
19179
19180
19190
19191
19192
19193
19194
19195
19196
19197
19199
19200
19201
19202
19203
19206
19207
19216
19217
19218
19220
19221
19222
19223
19224
19225
19230
19231
19232
19233
19234
19235
19236
19237
19238
19239
19240
19241
19242
19243
19244
19245
19246
19247
19248
19266
19267
19269
19270
19271
19272
19273
19274
19275
19276
19277
19278
19281
19283
19286
19333
19342
19343
19344
19345
19346
19347
19348
19349
19351
19352
19353
19354
19355
19356
19357
19358
19359
19360
19361
19362
19363
19364
19365
19366
19377
19378
19379
19380
19381
19382
19383
19384
19401
19402
19404
19405
19406
19410
19412
19415
19416
19417
19422
19424
19425
19427
19429
19430
19437
19438
19440
19448
19449
19467
19469
19470
19471
19472
19475
19476
19477
19478
19479
19480
19481
19482
19483
19484
19485
19486
19487
19490
19491
19492
19493
19494
19495
19498
19499
19500
19501
19502
19515
19516
19517
19518
19520
19521
19534
19544
19548
19549
19550
19551
19552
19553
19554
19555
19556
19557
19558
19559
19560
19561
19562
19563
19564
19565
19570
19575
19576
19578
19580
19581
19582
19583
19584
19585
19586
19587
19588
19589
19590
19591
19592
19593
19594
19595
19596
19597
19598
19600
19601
19602
19603
19613
19614
19615
19616
19622
19623
19624
19647
19686
19687
19702
19703
19704
19705
19706
19708
19709
19710
19717
19718
19719
19742
19747
19748
19749
19750
19751
19752
19753
19754
19755
19756
19757
19758
19759
19760
19761
19762
19763
19764
19765
19769
19770
19771
19784
19785
19799
19800
19801
19815
19833
19838
19839
19856
19857
19859
19868
19869
19870
19875
19876
19877
19878
19879
19880
19881
19882
19883
19893
19894
19895
19896
19897
19898
19899
19910
19911
19912
19913
19914
19915
19916
19917
19950
19951
19952
19953
19954
19955
19956
19957
19958
19959
19960
19961
19962
19963
19964
19965
19966
19967
19969
19970
19971
19974
19981
19982
19983
19984
19985
19986
19993
19994
19995
19996
19997
19998
20001
20002
20005
20006
20007
20008
20009
20025
20026
20031
20032
20033
20034
20035
20036
20037
20038
20039
20040
20041
20042
20043
20044
20045
20046
20049
20059
20060
20061
20064
20091
20092
20096
20098
20100
20101
20102
20103
20108
20111
20126
20127
20128
20129
20132
20142
20143
20144
20145
20146
20147
20148
20149
20155
20156
20157
20158
20159
20161
20162
20163
20164
20165
20168
20169
20170
20171
20180
20183
20184
20185
20186
20187
20195
20196
20197
20211
20212
20213
20214
20217
20218
20219
20223
20224
20225
20228
20240
20251
20255
20256
20260
20263
20264
20265
20272
20281
20282
20283
20284
20285
20286
20287
20288
20289
20290
20294
20295
20301
20302
20303
20304
20305
20306
20307
20308
20309
20310
20319
20333
20334
20335
20336
20337
20339
20349
20350
20353
20357
20361
20362
20363
20373
20374
20381
20382
20384
20387
20405
20406
20407
20416
20423
20432
20435
20440
20441
20443
20455
20456
20459
20460
20467
20481
20482
20483
20484
20504
20514
20516
20517
20518
20519
20523
20524
20536
20537
20538
20539
20551
20552
20553
20559
20562
20563
20564
20566
20572
20580
20581
20582
20584
20587
20590
20592
20593
20600
20614
20615
20616
20617
20618
20619
20620
20622
20623
20627
20628
20637
20638
20639
20646
20654
20656
20657
20663
20666
20667
20674
20676
20677
20678
20679
20680
20682
20696
20697
20717
20718
20723
20727
20728
20742
20748
20749
20754
20755
20756
20757
20761
20773
20774
20776
20793
20796
20800
20805
20807
20813
20819
20821
20822
20827
20832
20833
20842
20843
20847
20850
20851
20853
20854
20857
20864
20866
20868
20869
20870
20872
20894
20901
20919
20927
20928
20933
20944
20959
20966
20970
20971
20976
20979
20980
20981
20984
20989
20990
20992
20995
21018
21030
21031
21032
21033
21035
21050
21055
21056
21058
21070
21083
21089
21095
21096
21097
21100
21101
21102
21117
21119
21140
21143
21149
21158
21159
21172
21173
21174
21175
21176
21177
21187
21202
21211
21227
21230
21249
21252
21261
21267
21279
21283
21288
21348
21353
21357
21358
21363
21369
21370
21371
21372
21373
21374
21375
21376
21377
21382
21383
21395
21396
21397
21399
21400
21426
21427
21429
21432
21449
21478
21496
21514
21516
21518
21522
21601
21612
21651
21670
21671
21672
21673
21692
21722
21727
21728
21729
21738
21739
21762
21782
21787
21789
21790
21791
21792
21793
21794
21795
21802
21803
21804
21805
21812
21816
21822
21846
21854
21859
21869
21890
21904
21911
21928
21933
21943
21944
21951
21956
21958
21959
21975
21976
21984
21987
22093
22098
22103
22110
22116
22151
22158
22173
22235
22255
22257
22262
22273
22274
22279
22334
22347
22352
22354
22362
22378
22382
22383
22387
22388
22389
22398
22402
22403
22426
22427
22436
22438
22439
22451
22452
22454
22467
22490
22495
22499
22516
22527
22532
22588
22593
22599
22628
22631
22634
22636
22652
22656
22658
22675
22681
22684
22699
22705
22711
22723
22724
22730
22738
22740
22741
22745
22751
22760
22764
22768
22776
22777
22782
22790
22800
22810
22815
22817
22828
22834
22835
22846
22848
22849
22866
22871
22878
22883
22884
22901
22903
22912
22918
22923
22924
22927
22946
22947
22955
22958
22962
22972
22985
22988
23007
23027
23028
23030
23032
23038
23039
23040
23042
23045
23048
23052
23053
23054
23056
23063
23070
23072
23075
23077
23079
23095
23100
23102
23118
23119
23124
23131
23132
23135
23138
23140
23148
23149
23152
23153
23154
23157
23158
23161
23163
23164
23165
23166
23167
23177
23181
23182
23183
23184
23187
23188
23192
23194
23198
23202
23211
23219
23221
23223
23224
23225
23236
23237
23242
23243
23244
23245
23248
23249
23251
23252
23253
23254
23259
23262
23263
23270
23272
23275
23276
23278
23279
23296
23312
23315
23318
23322
23323
23325
23326
23332
23338
23341
23343
23344
23351
23355
23364
23367
23370
23372
23381
23382
23387
23398
23418
23420
23425
23430
23432
23435
23437
23438
23441
23449
23450
23452
23459
23465
23477
23479
23490
23491
23496
23498
23504
23505
23506
23511
23514
23522
23523
23526
23536
23540
23541
23549
23552
23563
23564
23569
23570
23574
23579
23583
23584
23586
23592
23598
23600
23603
23608
23615
23619
23624
23625
23632
23638
23640
23643
23644
23646
23647
23648
23650
23651
23652
23655
23660
23661
23663
23666
23669
23671
23679
23680
23682
23686
23688
23700
23705
23707
23710
23712
23714
23721
23724
23726
23736
23741
23743
23750
23759
23760
23769
23777
23782
23783
23793
23794
23798
23800
23801
23802
23809
23818
23819
23820
23821
23825
23830
23831
23835
23836
23840
23845
23847
23851
23861
23862
23868
23869
23873
23875
23878
23879
23883
23884
23888
23895
23899
23904
23906
23907
23908
23911
23912
23916
23925
23934
23937
23940
23941
23946
23948
23949
23952
23953
23954
23957
23960
23963
23964
23966
23968
23972
23973
23980
23982
23988
23989
23990
23993
23997
23999
24001
24005
24010
24013
24021
24022
24024
24025
24027
24030
24036
24037
24043
24047
24048
24049
24050
24051
24054
24055
24064
24066
24068
24069
24070
24072
24076
24077
24078
24080
24087
24088
24089
24091
24092
24094
24095
24097
24103
24108
24110
24118
24119
24129
24132
24137
24140
24144
24146
24150
24154
24158
24159
24162
24165
24169
24170
24171
24174
24175
24176
24177
24179
24180
24183
24192
24194
24196
24200
24202
24206
24215
24222
24223
24228
24229
24231
24235
24238
24241
24245
24256
24257
24259
24263
24268
24270
24271
24279
24287
24289
24303
24304
24305
24310
24318
24323
24328
24330
24340
24347
24348
24357
24362
24364
24370
24373
24374
24377
24378
24381
24382
24387
24388
24392
24396
24400
24401
24402
24403
24406
24408
24409
24410
24412
24416
24421
24423
24425
24429
24431
24432
24443
24448
24453
24456
24457
24458
24461
24464
24465
24467
24469
24470
24477
24484
24485
24489
24495
24496
24502
24508
24516
24519
24535
24549
24554
24559
24568
24573
24580
24581
24583
24592
24593
24594
24598
24610
24613
24623
24634
24635
24639
24651
24661
24664
24669
24672
24673
24677
24681
24693
24696
24698
24702
24704
24706
24707
24712
24714
24719
24724
24735
24743
24748
24750
24755
24763
24764
24765
24767
24777
24781
24783
24786
24792
24805
24807
24808
24811
24813
24815
24818
24820
24836
24840
24842
24850
24851
24855
24869
24881
24883
24884
24885
24886
24888
24891
24893
24894
24895
24898
24906
24907
24909
24916
24927
24932
24946
24950
24957
24981
24986
24990
24992
24996
25001
25003
25017
25021
25023
25024
25025
25026
25034
25038
25039
25044
25046
25049
25051
25052
25053
25062
25071
25073
25083
25089
25090
25092
25094
25095
25097
25100
25103
25111
25114
25115
25123
25125
25128
25139
25143
25145
25146
25157
25158
25162
25164
25171
25174
25183
25197
25199
25204
25205
25211
25217
25218
25219
25224
25227
25229
25233
25236
25243
25251
25252
25253
25259
25261
25262
25264
25266
25270
25274
25276
25277
25286
25294
25295
25298
25300
25301
25302
25308
25310
25319
25321
25322
25334
25337
25340
25343
25345
25346
25350
25351
25353
25365
25366
25369
25370
25371
25377
25380
25383
25384
25386
25387
25395
25400
25401
25407
25410
25415
25417
25426
25428
25433
25440
25441
25445
25446
25448
25450
25456
25457
25460
25464
25472
25473
25474
25476
25485
25491
25496
25512
25516
25518
25521
25530
25531
25534
25545
25553
25558
25577
25581
25582
25587
25595
25597
25598
25601
25612
25622
25625
25640
25650
25651
25656
25662
25663
25666
25683
25688
25691
25699
25701
25702
25706
25708
25723
25724
25726
25728
25733
25735
25745
25746
25747
25750
25752
25754
25759
25767
25773
25774
25779
25787
25789
25790
25791
25800
25806
25808
25812
25815
25822
25826
25828
25829
25832
25833
25842
25844
25846
25848
25853
25854
25855
25856
25857
25867
25872
25878
25879
25882
25885
25887
25892
25893
25894
25899
25900
25904
25906
25907
25916
25918
25920
25924
25925
25926
25931
25932
25941
25943
25944
25945
25949
25955
25957
25961
25962
25964
25966
25973
25974
25976
25998
26001
26002
26006
26008
26010
26014
26018
26019
26020
26030
26031
26035
26041
26042
26043
26046
26053
26055
26058
26063
26067
26069
26078
26081
26082
26086
26092
26093
26094
26103
26108
26113
26121
26125
26126
26130
26135
26138
26148
26152
26154
26155
26156
26161
26165
26167
26168
26177
26179
26181
26186
26187
26190
26193
26199
26201
26213
26217
26219
26220
26228
26229
26230
26232
26234
26239
26242
26247
26249
26250
26251
26265
26270
26276
26281
26285
26287
26294
26296
26301
26303
26305
26306
26308
26309
26311
26312
26314
26316
26321
26322
26328
26329
26330
26332
26335
26336
26337
26339
26342
26343
26346
26349
26350
26351
26354
26357
26358
26360
26361
26368
26371
26378
26380
26382
26398
26399
26400
26401
26404
26408
26423
26426
26437
26439
26440
26450
26455
26462
26463
26468
26474
26480
26481
26482
26488
26494
26495
26497
26500
26502
26518
26528
26530
26534
26536
26537
26544
26545
26546
26548
26553
26554
26555
26559
26564
26567
26575
26578
26583
26593
26597
26598
26599
26601
26605
26606
26610
26618
26619
26622
26626
26629
26633
26636
26642
26643
26656
26664
26666
26670
26672
26673
26674
26676
26687
26692
26693
26694
26701
26702
26704
26705
26706
26707
26711
26718
26719
26721
26723
26724
26734
26736
26737
26740
26741
26746
26747
26750
26752
26755
26759
26768
26770
26774
26776
26779
26780
26782
26784
26786
26788
26793
26804
26807
26808
26820
26821
26825
26827
26829
26836
26842
26849
26851
26852
26853
26859
26862
26865
26872
26882
26884
26887
26896
26899
26905
26907
26912
26913
26914
26928
26929
26934
26945
26946
26953
26958
26960
26965
26966
26967
26972
26976
26979
26980
27004
27022
27025
27031
27032
27037
27041
27043
27044
27051
27055
27056
27057
27059
27063
27066
27068
27071
27073
27078
27089
27093
27096
27097
27105
27108
27111
27113
27117
27120
27124
27128
27130
27135
27137
27141
27142
27150
27156
27158
27186
27188
27191
27192
27197
27202
27205
27210
27212
27218
27219
27227
27228
27232
27233
27243
27244
27246
27251
27252
27257
27259
27260
27265
27268
27270
27279
27280
27281
27283
27285
27290
27295
27299
27305
27308
27309
27311
27312
27315
27320
27322
27327
27331
27334
27337
27339
27341
27342
27344
27352
27354
27356
27359
27361
27362
27367
27368
27371
27372
27374
27375
27377
27379
27380
27381
27392
27405
27410
27415
27417
27421
27422
27423
27425
27427
27428
27434
27450
27456
27464
27465
27467
27473
27484
27487
27489
27494
27498
27499
27500
27501
27504
27508
27511
27516
27520
27523
27531
27533
27538
27541
27542
27545
27547
27555
27556
27562
27567
27572
27573
27576
27584
27600
27602
27603
27607
27608
27614
27617
27622
27624
27626
27628
27629
27633
27634
27635
27639
27645
27646
27650
27652
27654
27655
27658
27659
27668
27669
27670
27671
27672
27674
27679
27682
27684
27689
27700
27701
27707
27708
27714
27715
27718
27721
27738
27743
27745
27746
27751
27752
27753
27754
27760
27761
27768
27773
27783
27785
27789
27795
27801
27806
27812
27819
27829
27830
27837
27841
27843
27845
27847
27865
27867
27869
27872
27875
27878
27882
27886
27887
27888
27895
27896
27900
27902
27913
27920
27922
27937
27939
27943
27945
27953
27955
27958
27962
27970
27972
27978
27982
27987
27988
27994
27997
27999
28000
28001
28004
28005
28014
28024
28027
28034
28035
28036
28037
28039
28040
28051
28053
28054
28056
28060
28062
28064
28070
28071
28075
28079
28082
28086
28095
28097
28098
28099
28100
28105
28125
28127
28134
28135
28136
28139
28142
28143
28146
28148
28150
28154
28156
28161
28163
28164
28165
28168
28180
28184
28197
28200
28202
28205
28206
28207
28210
28215
28218
28220
28221
28230
28231
28238
28240
28243
28247
28253
28256
28257
28258
28259
28261
28267
28272
28273
28274
28277
28278
28280
28281
28289
28291
28293
28295
28299
28300
28307
28311
28318
28323
28327
28332
28339
28341
28344
28350
28353
28358
28359
28361
28364
28376
28377
28381
28382
28383
28388
28394
28400
28404
28408
28415
28417
28418
28427
28428
28430
28431
28434
28437
28439
28449
28453
28464
28465
28471
28475
28476
28478
28483
28488
28494
28496
28501
28502
28503
28504
28505
28509
28511
28517
28519
28520
28522
28531
28534
28537
28541
28543
28549
28551
28552
28558
28565
28567
28570
28573
28578
28582
28583
28587
28594
28601
28606
28609
28614
28615
28616
28617
28618
28622
28623
28625
28628
28633
28635
28640
28641
28647
28648
28651
28652
28658
28663
28667
28669
28671
28682
28684
28690
28691
28693
28694
28695
28698
28700
28703
28705
28706
28711
28713
28715
28719
28724
28726
28730
28732
28737
28741
28750
28754
28756
28763
28767
28768
28769
28781
28785
28787
28789
28799
28801
28804
28807
28813
28816
28820
28821
28828
28832
28833
28836
28839
28844
28848
28850
28851
28854
28855
28858
28860
28861
28863
28870
28871
28872
28875
28880
28884
28893
28894
28896
28899
28902
28920
28933
28939
28941
28943
28945
28954
28958
28962
28969
28976
28977
28981
28985
28987
28988
28996
28997
28999
29000
29001
29002
29012
29015
29016
29018
29020
29029
29030
29034
29035
29036
29043
29044
29045
29047
29049
29055
29070
29075
29076
29077
29082
29086
29090
29092
29098
29099
29106
29108
29109
29110
29116
29128
29129
29130
29131
29135
29137
29138
29142
29144
29145
29154
29155
29159
29162
29163
29165
29169
29171
29174
29176
29178
29180
29190
29191
29192
29193
29194
29195
29200
29201
29202
29203
29204
29244
29245
29250
29253
29256
29257
29263
29274
29277
29287
29295
29296
29298
29300
29303
29305
29307
29309
29311
29314
29316
29318
29324
29329
29337
29341
29343
29347
29350
29369
29372
29373
29374
29382
29389
29392
29393
29396
29423
29424
29425
29426
29427
29428
29429
29430
29431
29432
29433
29434
29435
29436
29437
29438
29439
29440
29441
29442
29443
29444
29445
29446
29447
29448
29449
29450
29451
29452
29453
29454
29455
29456
29457
29458
29459
29460
29461
29462
29463
29464
29465
29466
29467
29468
29469
29470
29471
29472
29473
29474
29475
29476
29477
29478
29479
29480
29481
29482
29483
29484
29485
29486
29487
29488
29489
29490
29491
29492
29493
29494
29495
29496
29497
29498
29499
29500
29501
29502
29503
29504
29505
29506
29507
29508
29509
29510
29511
29512
29513
29514
29515
29516
29517
29518
29519
29520
29521
29522
29523
29524
29525
29526
29527
29528
29529
29530
29531
29532
29533
29534
29535
29536
29537
29538
29539
29540
29541
29542
29543
29544
29545
29546
29547
29548
29549
29550
29551
29552
29553
29554
29555
29556
29557
29558
29559
29560
29561
29562
29563
29564
29565
29566
29567
29568
29569
29570
29571
29572
29573
29574
29575
29576
29577
29578
29579
29580
29581
29582
29583
29838
29844
29846
30089
30090
30093
30096
30097
30105
30106
30120
30121
30135
30146
30147
30162
30163
30196
30274
30275
30276
30277
30278
30279
30280
30281
30282
30283
30284
30285
30286
30287
30288
30289
30291
30293
30294
30295
30296
30297
30307
30308
30309
30310
30311
30312
30313
30314
30315
30316
30317
30318
30319
30320
30321
30322
30323
30324
30325
30326
30327
30328
30329
30330
30331
30332
30333
30334
30335
30336
30337
30338
30339
30340
30341
30342
30343
30344
30345
30346
30347
30348
30349
30350
30351
30352
30353
30354
30355
30356
30357
30358
30359
30360
30361
30362
30363
30364
30365
30366
30367
30368
30369
30370
30371
30372
30373
30374
30375
30376
30377
30378
30379
30380
30381
30382
30383
30384
30385
30386
30387
30388
30389
30390
30391
30392
30393
30394
30395
30396
30397
30398
30399
30400
30401
30402
30403
30404
30405
30406
30407
30408
30409
30410
30411
30412
30413
30414
30415
30416
30417
30418
30419
30420
30421
30422
30423
30424
30425
30426
30427
30428
30429
30430
30431
30432
30433
30434
30436
30439
30443
30444
30445
30446
30447
30448
30449
30450
30451
30454
30455
30458
30461
30462
30463
30482
30564
30568
30570
30609
30610
30823
30824
30826
30832
30833
30834
30835
30836
30837
30861
30862
30863
30897
30898
30907
30919
30932
31116
31143
31165
31476
31477
31478
31479
31480
31481
31482
31483
31484
31485
31486
31487
31488
31489
31490
31491
31492
31493
31494
31495
31496
31497
31498
31499
31500
31501
31502
31503
31504
31505
31506
31507
31508
31509
31510
31511
31512
31513
31514
31515
31516
31517
31518
31519
31520
31521
31522
31523
31524
31525
31526
31527
31528
31529
31530
31531
31532
31533
31534
31535
31536
31537
31538
31539
31540
31541
31542
31543
31544
31545
31546
31547
31548
31549
31550
31551
31552
31553
31554
31556
31557
31559
31560
31562
31563
31574
31575
31576
31577
31578
31581
31582
31583
31666
31667
31668
31709
31716
31743
31744
31745
31746
31747
31748
31749
31750
31751
31752
31753
31754
31755
31756
31757
31758
31759
31778
31782
31783
31793
31794
31879
31882
31883
31906
31907
31908
31909
31910
31911
31912
31913
31914
31915
31916
31917
31918
31921
31923
31924
31935
31936
31937
31938
31939
31955
31958
31963
31980
31981
32012
32013
32016
32017
32018
32060
32061
32064
32065
32066
32067
32068
32069
32070
32071
32072
32073
32074
32075
32076
32077
32078
32079
32080
32081
32082
32083
32084
32085
32086
32087
32088
32089
32090
32091
32092
32093
32094
32095
32096
32097
32098
32099
32100
32101
32102
32103
32104
32105
32106
32107
32108
32109
32110
32111
32112
32113
32114
32115
32116
32117
32118
32119
32120
32121
32122
32123
32124
32125
32126
32127
32128
32129
32130
32131
32132
32133
32134
32135
32136
32137
32138
32139
32140
32141
32142
32143
32144
32145
32146
32147
32148
32149
32150
32151
32152
32153
32154
32155
32156
32157
32158
32159
32160
32161
32162
32163
32164
32165
32166
32167
32168
32169
32170
32171
32172
32173
32185
32186
32187
32188
32189
32190
32191
32192
32193
32194
32195
32196
32197
32198
32199
32200
32201
32202
32203
32204
32205
32206
32207
32208
32209
32210
32211
32212
32213
32214
32215
32216
32217
32218
32219
32220
32221
32222
32223
32224
32225
32226
32227
32228
32229
32230
32231
32232
32233
32234
32235
32236
32237
32238
32239
32240
32241
32242
32243
32244
32245
32246
32247
32248
32249
32250
32251
32252
32253
32254
32255
32256
32257
32258
32259
32260
32261
32262
32263
32264
32265
32266
32267
32268
32269
32270
32271
32272
32273
32274
32275
32276
32277
32278
32279
32280
32281
32282
32283
32284
32285
32286
32287
32288
32289
32290
32291
32292
32293
32294
32295
32296
32297
32298
32299
32300
32301
32302
32303
32304
32305
32306
32307
32308
32309
32310
32311
32312
32313
32314
32315
32316
32317
32318
32319
32320
32321
32322
32323
32324
32325
32326
32327
32328
32329
32330
32331
32332
32333
32334
32335
32336
32337
32338
32339
32340
32341
32342
32343
32344
32345
32346
32347
32348
32349
32350
32351
32352
32353
32354
32355
32356
32357
32358
32359
32360
32361
32362
32363
32364
32365
32366
32367
32368
32369
32370
32371
32372
32373
32409
32410
32432
32433
32441
32448
32449
32450
32451
32452
32453
32454
32515
32516
32517
32518
32519
32520
32526
32527
32543
32544
32548
32564
32565
32566
32567
32606
32607
32617
32618
32619
32688
32716
33044
33064
33065
33067
33093
33094
33101
33116
33117
33119
33120
33128
33145
33150
33151
33152
33153
33157
33163
33164
33165
33166
33167
33179
33182
33187
33189
33192
33193
33202
33203
33219
33223
33229
33230
33231
33232
33233
33241
33247
33308
33309
33320
33321
33322
33351
33352
33356
33376
33378
33379
33479
33480
33481
33504
33536
33537
33538
33556
33574
33575
33591
33592
33593
33624
33636
33637
33638
33642
33667
33668
33714
33715
33716
33717
33722
33723
33725
33732
33749
33766
33792
33793
33844
33845
33846
33881
33882
33915
33916
33944
33945
33946
33947
33948
33949
33950
33951
33952
33953
33954
33955
33956
33957
33958
33959
33960
33961
33962
33963
33964
33965
33966
33967
33968
33969
33970
33971
33972
33973
33974
33975
33976
33977
33978
33979
33980
33981
33982
33983
33984
33985
33986
33987
33988
33989
33990
33991
33992
33993
33994
33995
33996
33997
33998
34016
34023
34024
34042
34043
34044
34045
34046
34112
34120
34134
34135
34147
34148
34173
34174
34175
34176
34177
34178
34179
34180
34181
34182
34183
34184
34185
34186
34187
34188
34189
34190
34191
34192
34193
34194
34195
34196
34197
34198
34199
34201
34202
34203
34204
34205
34206
34207
34208
34209
34210
34211
34212
34213
34214
34215
34216
34217
34218
34219
34220
34221
34222
34223
34224
34225
34226
34227
34228
34229
34258
34259
34260
34261
34262
34263
34268
34269
34285
34288
34289
34290
34327
34328
34334
34342
34346
34347
34348
34349
34350
34355
34357
34358
34362
34411
34412
34416
34418
34419
34432
34441
34445
34446
34447
34448
34449
34473
34474
34475
34476
34477
34489
34509
34527
34528
34529
34542
34543
34544
34546
34578
34579
34583
34602
34605
34606
34617
34618
34619
34626
34627
34628
34629
34630
34631
34763
34775
34780
34783
34801
34802
34803
34804
34805
34815
34817
34822
34823
34824
34835
34836
34844
34846
34850
34859
34860
34863
34864
34872
34874
34876
34877
34878
34879
34880
34897
34898
34899
34900
34901
34902
34903
34904
34905
34906
34907
34908
34909
34910
34911
34912
34913
34914
34915
34916
34917
34918
34919
34920
34921
34922
34923
34924
34925
34926
34927
34928
34929
34930
34931
34932
34933
34934
34935
34936
34937
34938
34939
34940
34941
34942
34943
34944
34945
34946
34947
34948
34949
34950
34951
34952
34953
34954
34955
34956
34957
34958
34959
34960
34961
34962
34963
34964
34965
34966
34967
34968
34969
34970
34971
34972
34973
34974
34975
34976
34977
34978
34979
34980
34981
34982
34983
34984
34985
34986
34987
34988
34989
34990
34991
34992
34993
34994
34995
34996
34997
34998
34999
35000
35001
35002
35003
35004
35005
35006
35007
35008
35009
35010
35011
35012
35013
35014
35015
35016
35017
35018
35019
35020
35021
35022
35023
35024
35025
35026
35027
35028
35029
35030
35031
35032
35033
35034
35035
35036
35037
35038
35061
35063
35067
35344
35345
35346
35349
35350
35352
35354
35358
35359
35378
35379
35384
35395
35396
35399
35409
35410
35411
35416
35420
35423
35424
35425
35470
35471
35472
35473
35474
35475
35476
35477
35478
35479
35480
35481
35482
35483
35484
35485
35486
35487
35488
35489
35490
35491
35492
35493
35494
35495
35496
35497
35498
35499
35500
35501
35502
35503
35504
35505
35506
35507
35508
35509
35510
35511
35512
35513
35514
35515
35516
35517
35518
35519
35520
35521
35522
35523
35524
35525
35526
35527
35528
35529
35530
35531
35532
35533
35534
35535
35536
35537
35538
35539
35540
35541
35543
35544
35545
35546
35547
35548
35549
35550
35551
35552
35553
35554
35555
35556
35557
35558
35559
35560
35561
35562
35563
35564
35565
35566
35571
35572
35573
35574
35575
35576
35577
35578
35585
35586
35587
35588
35589
35590
35591
35592
35593
35594
35595
35596
35597
35598
35599
35600
35601
35610
35611
35612
35617
35618
35619
35620
35621
35622
35623
35624
35625
35626
35627
35628
35629
35630
35631
35634
35635
35636
35637
35638
35639
35640
35641
35642
35643
35644
35645
35646
35647
35648
35649
35650
35651
35652
35653
35654
35655
35656
35657
35660
35661
35662
35663
35664
35665
35666
35667
35668
35669
35670
35671
35672
35673
35674
35675
35676
35677
35678
35679
35680
35681
35682
35683
35684
35685
35687
35688
35689
35690
35691
35692
35693
35694
35695
35696
35697
35698
35699
35700
35701
35702
35703
35704
35705
35706
35707
35708
35716
35717
35718
35719
35720
35721
35722
35723
35724
35725
35726
35727
35728
35736
35737
35738
35739
35740
35741
35742
35743
35748
35749
35750
35751
35752
35753
35754
35755
35756
35781
35782
35783
35784
35785
35786
35787
35788
35789
35790
35791
35792
35793
35794
35795
35796
35797
35798
35799
35801
35802
35803
35804
35805
35809
35814
35816
35817
35818
35819
35820
35821
35822
35823
35824
35825
35826
35827
35828
35829
35830
35833
35834
35835
35837
35838
35839
35840
35841
35844
35845
35846
35847
35848
35852
35853
35854
35858
35860
35863
35866
35867
35885
35886
35887
35888
35889
35890
35891
35893
35896
35897
35898
35901
35902
35903
35904
35905
35919
35921
35922
35924
35925
35926
35927
35928
35929
35933
35934
35936
35939
35940
35942
35951
35972
35973
35974
35975
35977
35978
35979
35981
35983
35994
36010
36024
36047
36048
36049
36050
36051
36052
36053
36054
36055
36056
36057
36058
36059
36060
36061
36062
36063
36064
36065
36066
36067
36068
36069
36070
36071
36072
36073
36074
36075
36076
36077
36078
36101
36102
36103
36104
36105
36106
36107
36108
36109
36110
36111
36116
36117
36119
36132
36134
36135
36138
36140
36191
36192
36193
36194
36195
36196
36197
36198
36199
36200
36201
36202
36203
36204
36205
36206
36207
36208
36213
36214
36215
36216
36217
36219
36220
36257
36264
36265
36269
36270
36310
36311
36312
36313
36314
36315
36316
36317
36318
36319
36320
36352
36353
36354
36355
36373
36453
36460
36461
36462
36463
36465
36470
36471
36473
36474
36475
36476
36528
36529
36530
36531
36532
36533
36534
36536
36546
36547
36548
36552
36553
36559
36561
36562
36567
36568
36569
36570
36571
36572
36573
36574
36576
36577
36580
36581
36583
36584
36587
36588
36589
36592
36593
36599
36600
36601
36602
36603
36604
36605
36609
36617
36619
36620
36621
36625
36626
36628
36629
36630
36631
36633
36634
36646
36652
36657
36658
36659
36660
36661
36666
36667
36668
36669
36671
36672
36673
36674
36675
36676
36680
36681
36682
36683
36684
36696
36700
36701
36702
36708
36709
36710
36711
36712
36713
36714
36728
36729
36733
36734
36735
36736
36737
36739
36740
36744
36765
36771
36772
36773
36782
36783
36785
36789
36790
36792
36802
36804
36807
36808
36845
36846
36849
36859
36860
36864
36866
36869
36872
36879
36881
36882
36884
36885
36897
36898
36899
36900
36901
36902
36903
36904
36908
36914
36915
36917
36919
36924
36925
36926
36932
36934
36967
36976
36979
36985
36986
36991
37012
37013
37014
37024
37049
37050
37061
37062
37063
37064
37069
37073
37075
37076
37077
37078
37081
37082
37083
37084
37086
37096
37097
37109
37112
37115
37116
37117
37118
37119
37121
37123
37124
37125
37134
37135
37136
37166
37167
37170
37182
37183
37189
37190
37193
37206
37208
37209
37211
37212
37214
37227
37272
37286
37295
37296
37297
37298
37299
37300
37305
37321
37328
37342
37349
37350
37400
37401
37402
37404
37405
37406
37410
37414
37420
37421
37422
37423
37430
37431
37432
37433
37434
37435
37436
37437
37438
37439
37440
37441
37442
37443
37444
37445
37446
37447
37448
37449
37450
37453
37463
37464
37465
37466
37467
37469
37470
37477
37482
37483
37498
37499
37502
37505
37506
37507
37510
37514
37515
37516
37520
37522
37525
37526
37532
37533
37534
37547
37549
37554
37556
37561
37563
37571
37573
37574
37575
37576
37585
37587
37588
37592
37593
37596
37617
37618
37619
37625
37626
37629
37630
37631
37641
37658
37660
37661
37662
37663
37667
37669
37670
37672
37675
37676
37677
37681
37705
37706
37707
37708
37709
37712
37716
37739
37740
37744
37750
37752
37760
37761
37762
37768
37769
37779
37780
37786
37787
37789
37790
37792
37800
37801
37803
37804
37809
37811
37815
37817
37832
37833
37834
37835
37836
37837
37838
37839
37840
37841
37842
37843
37844
37845
37846
37849
37850
37853
37856
37869
37880
37891
37892
37894
37898
37902
37903
37924
37929
37943
37952
37953
37954
37955
37956
37957
37958
37959
37972
37978
37982
37983
37984
37985
37986
37987
37988
37989
37990
37991
37992
37993
38059
38060
38061
38065
38103
38120
38121
38122
38125
38129
38131
38133
38139
38140
38152
38154
38189
38190
38191
38199
38200
38206
38207
38209
38211
38212
38213
38214
38215
38223
38226
38227
38228
38229
38230
38231
38244
38245
38246
38247
38257
38259
38263
38264
38283
38293
38296
38299
38300
38302
38306
38309
38311
38312
38316
38319
38320
38321
38338
38343
38347
38348
38350
38351
38361
38362
38368
38372
38382
38383
38385
38386
38413
38414
38415
38417
38418
38419
38420
38421
38432
38433
38434
38435
38436
38437
38438
38439
38440
38441
38442
38443
38444
38445
38446
38447
38448
38449
38450
38451
38452
38453
38454
38455
38456
38457
38458
38459
38460
38461
38462
38463
38464
38465
38466
38467
38468
38469
38470
38471
38472
38473
38474
38475
38476
38477
38478
38479
38480
38481
38482
38483
38484
38485
38486
38487
38488
38489
38490
38491
38494
38495
38498
38499
38501
38508
38514
38518
38519
38528
38533
38534
38538
38549
38557
38558
38559
38560
38561
38562
38563
38564
38565
38566
38567
38568
38569
38570
38571
38572
38573
38574
38575
38576
38577
38578
38579
38580
38581
38582
38583
38584
38585
38586
38587
38588
38589
38602
38603
38604
38631
38635
38636
38638
38639
38640
38642
38653
38657
38658
38659
38660
38661
38662
38663
38664
38665
38666
38667
38672
38676
38687
38688
38699
38700
38702
38708
38709
38750
38751
38752
38753
38759
38760
38761
38772
38773
38774
38775
38784
38785
38786
38807
38812
38813
38814
38855
38856
38878
38886
38890
38892
38898
38899
38903
38904
38925
38926
38927
38929
38931
38948
38956
38959
38966
38967
38968
38969
38970
38971
38985
38986
38987
38988
38993
38997
39009
39010
39013
39017
39035
39037
39038
39045
39046
39065
39066
39071
39072
39076
39077
39078
39082
39083
39088
39091
39093
39098
39117
39123
39130
39131
39132
39138
39140
39144
39145
39148
39156
39162
39190
39192
39195
39196
39197
39198
39203
39205
39211
39218
39219
39229
39232
39238
39240
39241
39243
39244
39245
39246
39247
39248
39249
39251
39252
39253
39255
39260
39261
39262
39263
39269
39270
39273
39274
39276
39277
39278
39295
39305
39306
39311
39312
39323
39324
39327
39331
39337
39338
39347
39348
39349
39350
39356
39361
39369
39376
39378
39385
39386
39387
39390
39391
39393
39397
39400
39402
39407
39425
39426
39427
39429
39430
39434
39435
39436
39437
39438
39439
39443
39444
39449
39450
39451
39454
39455
39456
39457
39459
39460
39464
39465
39466
39468
39469
39470
39472
39473
39474
39480
39483
39484
39485
39486
39487
39489
39490
39493
39494
39497
39503
39504
39506
39507
39509
39510
39513
39516
39517
39518
39519
39520
39522
39523
39524
39537
39541
39542
39543
39545
39550
39556
39557
39564
39569
39573
39574
39575
39576
39577
39581
39582
39593
39595
39596
39600
39601
39610
39633
39634
39635
39636
39639
39640
39641
39708
39711
39712
39715
39716
39717
39718
39719
39720
39721
39722
39725
39726
39730
39736
39740
39741
39742
39743
39748
39749
39759
39760
39778
39779
39781
39800
39801
39803
39807
39808
39813
39817
39821
39822
39823
39824
39825
39826
39827
39828
39829
39830
39831
39832
39833
39834
39835
39836
39837
39838
39844
39850
39855
39863
39864
39865
39874
39881
39882
39895
39898
39899
39905
39906
39907
39908
39909
39910
39917
39921
39922
39944
39945
39971
39972
39977
39995
39996
40019
40020
40021
40026
40027
40029
40030
40067
40068
40074
40097
40100
40102
40103
40112
40121
40126
40129
40130
40131
40132
40133
40134
40137
40150
40151
40153
40154
40157
40158
40166
40167
40168
40172
40173
40193
40194
40195
40196
40208
40211
40212
40223
40224
40230
40231
40233
40256
40263
40269
40272
40275
40276
40277
40278
40279
40280
40281
40282
40283
40284
40288
40289
40290
40291
40303
40309
40310
40314
40317
40318
40335
40336
40337
40339
40340
40341
40344
40347
40348
40354
40357
40358
40359
40360
40361
40362
40369
40370
40373
40379
40386
40387
40391
40392
40393
40399
40400
40403
40407
40411
40416
40417
40418
40421
40422
40424
40425
40426
40427
40431
40432
40434
40435
40436
40438
40442
40452
40453
40458
40459
40461
40462
40463
40467
40473
40474
40486
40489
40490
40491
40495
40496
40497
40504
40505
40506
40507
40508
40509
40510
40511
40512
40513
40514
40515
40523
40524
40526
40527
40528
40529
40533
40534
40535
40536
40537
40621
40630
40631
40632
40633
40635
40636
40637
40638
40647
40648
40656
40657
40662
40672
40673
40674
40683
40684
40695
40702
40709
40710
40712
40713
40714
40715
40716
40717
40719
40720
40721
40722
40723
40745
40747
40748
40749
40769
40777
40790
40791
40792
40793
40794
40795
40797
40798
40799
40801
40802
40805
40811
40815
40817
40818
40819
40826
40827
40837
40841
40844
40845
40846
40847
40848
40851
40858
40863
40864
40866
40867
40878
40883
40888
40889
40890
40891
40892
40894
40895
40898
40900
40911
40912
40914
40921
40928
40932
40952
40953
40957
40958
40979
40980
40981
40990
40991
41005
41006
41009
41031
41032
41033
41034
41035
41036
41046
41055
41056
41072
41073
41074
41075
41076
41077
41078
41079
41082
41093
41094
41101
41102
41103
41104
41115
41119
41120
41129
41130
41133
41142
41143
41144
41145
41146
41151
41152
41161
41184
41236
41240
41241
41243
41244
41252
41254
41255
41256
41265
41271
41272
41273
41280
41281
41292
41293
41327
41328
41329
41330
41335
41336
41338
41339
41341
41345
41346
41349
41354
41361
41367
41374
41376
41377
41390
41411
41414
41426
41438
41439
41440
41451
41452
41465
41487
41488
41499
41510
41548
41549
41550
41551
41552
41553
41554
41555
41556
41557
41558
41559
41560
41574
41591
41593
41611
41614
41622
41623
41631
41632
41634
41646
41663
41664
41741
41751
41763
41768
41771
41792
41793
41797
41799
41800
41801
41803
41805
41807
41810
41812
41814
41819
41829
41863
41870
41872
41873
41874
41875
41876
41877
41878
41879
41880
41881
41882
41883
41884
41885
41886
41887
41888
41889
41890
41891
41895
41927
41928
41935
41936
41937
41939
41940
41941
41942
41943
41947
41955
41963
41972
41980
41989
41992
41994
41995
41996
41997
42002
42006
42008
42024
42025
42027
42029
42030
42031
42046
42054
42060
42069
42075
42076
42082
42088
42089
42090
42091
42092
42093
42094
42095
42097
42101
42105
42111
42121
42122
42128
42129
42131
42132
42140
42141
42146
42147
42148
42172
42173
42174
42222
42223
42224
42225
42226
42229
42232
42233
42234
42235
42236
42237
42238
42239
42240
42243
42244
42251
42252
42253
42254
42262
42263
42264
42265
42269
42270
42274
42275
42276
42283
42284
42287
42299
42302
42334
42341
42342
42350
42357
42358
42360
42367
42370
42371
42373
42391
42392
42396
42397
42398
42399
42400
42408
42409
42410
42411
42413
42414
42461
42462
42465
42466
42469
42470
42471
42472
42473
42477
42478
42479
42480
42483
42489
42506
42507
42508
42509
42513
42520
42528
42529
42535
42536
42537
42538
42539
42547
42548
42549
42559
42571
42586
42587
42590
42591
42593
42594
42600
42602
42603
42604
42605
42606
42607
42608
42609
42611
42612
42613
42614
42615
42616
42621
42622
42623
42624
42625
42629
42630
42631
42633
42638
42647
42648
42649
42650
42651
42652
42653
42654
42656
42658
42667
42671
42672
42677
42681
42682
42686
42694
42695
42707
42708
42711
42717
42718
42726
42732
42735
42736
42743
42760
42761
42762
42763
42771
42772
42773
42774
42775
42780
42788
42789
42799
42800
42804
42805
42807
42809
42812
42813
42814
42815
42824
42825
42826
42827
42828
42843
42844
42845
42847
42850
42865
42866
42867
42883
42886
42887
42888
42889
42890
42891
42898
42917
42920
42922
42923
42938
42939
42940
42941
42948
42949
42950
42951
42954
42964
42965
42966
42967
42970
42972
42973
42981
43002
43008
43035
43044
43045
43046
43048
43051
43053
43054
43055
43061
43065
43066
43067
43068
43069
43074
43084
43086
43087
43088
43098
43121
43158
43163
43213
43217
43218
43231
43266
43270
43278
43305
43328
43329
43336
43337
43355
43364
43370
43371
43372
43376
43377
43383
43385
43398
43399
43406
43419
43420
43421
43425
43430
43439
43441
43442
43445
43446
43449
43450
43459
43460
43463
43474
43481
43482
43484
43487
43492
43493
43498
43500
43504
43505
43506
43509
43510
43516
43517
43529
43532
43534
43536
43537
43538
43539
43540
43541
43542
43544
43564
43566
43573
43574
43575
43576
43580
43581
43582
43583
43585
43586
43587
43588
43594
43608
43618
43638
43643
43656
43657
43667
43670
43671
43675
43678
43679
43680
43681
43685
43687
43702
43703
43711
43714
43715
43724
43730
43742
43743
43751
43752
43753
43758
43766
43768
43769
43777
43778
43788
43790
43791
43794
43795
43796
43797
43798
43799
43801
43802
43809
43824
43884
43885
43886
43887
43897
43904
43905
43906
43909
43921
43946
43948
43949
43950
43951
43952
43955
43956
43960
43970
43971
43973
43974
44013
44014
44017
44018
44025
44029
44031
44032
44048
44050
44063
44072
44078
44083
44087
44093
44094
44096
44097
44098
44113
44118
44119
44130
44136
44144
44145
44155
44156
44160
44164
44165
44169
44175
44180
44196
44201
44202
44203
44204
44213
44224
44225
44229
44230
44233
44238
44248
44265
44278
44279
44281
44282
44285
44286
44292
44293
44296
44297
44298
44300
44307
44308
44310
44319
44330
44331
44332
44333
44334
44335
44343
44344
44345
44346
44347
44348
44349
44350
44351
44352
44353
44354
44358
44366
44367
44368
44369
44373
44374
44375
44376
44377
44394
44402
44403
44404
44405
44406
44407
44408
44410
44418
44419
44420
44421
44439
44443
44444
44451
44452
44453
44456
44479
44484
44490
44500
44501
44504
44507
44571
44572
44576
44577
44578
44579
44580
44591
44592
44593
44596
44597
44599
44600
44601
44614
44615
44618
44619
44629
44633
44650
44660
44663
44666
44676
44677
44684
44686
44687
44691
44723
44724
44725
44726
44728
44735
44737
44738
44739
44742
44743
44755
44756
44761
44764
44765
44790
44792
44794
44795
44796
44797
44817
44826
44827
44829
44830
44834
44836
44849
44854
44856
44868
44870
44871
44872
44873
44874
44875
44876
44877
44878
44879
44880
44881
44882
44883
44884
44885
44886
44887
44888
44889
44890
44891
44892
44893
44896
44897
44908
44909
44912
44914
44916
44925
44932
44933
44939
44941
44943
44947
44948
44951
44952
44954
44955
44956
44959
44963
44964
44970
44971
44972
44973
44974
44975
44976
44988
45001
45003
45008
45009
45011
45014
45015
45019
45020
45024
45030
45033
45034
45035
45036
45037
45038
45039
45040
45041
45042
45043
45044
45045
45062
45064
45065
45070
45071
45072
45073
45084
45085
45086
45087
45090
45092
45101
45104
45105
45109
45114
45124
45125
45128
45141
45143
45144
45149
45151
45158
45167
45168
45169
45170
45203
45207
45220
45228
45229
45239
45240
45244
45280
45283
45284
45287
45289
45290
45291
45294
45295
45298
45313
45314
45316
45322
45328
45330
45331
45332
45335
45336
45337
45340
45345
45347
45348
45352
45353
45354
45355
45356
45357
45358
45359
45360
45361
45362
45364
45368
45371
45375
45376
45377
45385
45386
45387
45388
45389
45390
45394
45401
45411
45432
45433
45435
45442
45445
45446
45447
45451
45457
45462
45471
45472
45473
45474
45475
45540
45541
45542
45550
45559
45560
45564
45565
45569
45571
45572
45573
45576
45591
45592
45593
45594
45597
45606
45610
45611
45612
45623
45624
45631
45633
45634
45635
45636
45637
45638
45639
45643
45644
45645
45646
45654
45666
45667
45680
45681
45682
45689
45691
45693
45694
45698
45699
45701
45702
45703
45708
45719
45721
45722
45723
45724
45725
45726
45731
45734
45735
45736
45737
45738
45739
45740
45741
45743
45753
45757
45761
45764
45775
45776
45777
45778
45779
45785
45795
45800
45814
45816
45817
45825
45826
45827
45828
45830
45832
45833
45841
45842
45843
45844
45846
45847
45854
45855
45856
45859
45860
45861
45862
45865
45873
45874
45888
45889
45890
45891
45892
45897
45900
45901
45914
45927
45931
45950
45954
45965
45966
45967
45968
45969
45970
45971
45972
45977
45978
45979
45980
45981
45983
45988
46003
46004
46005
46006
46009
46010
46011
46050
46051
46062
46063
46070
46088
46089
46091
46109
46111
46112
46113
46114
46115
46116
46117
46118
46119
46120
46121
46128
46137
46138
46158
46159
46160
46161
46162
46166
46174
46178
46179
46183
46212
46213
46214
46215
46216
46217
46218
46219
46220
46221
46222
46223
46224
46225
46226
46227
46228
46229
46230
46231
46232
46233
46234
46235
46236
46237
46238
46239
46240
46241
46242
46243
46244
46245
46246
46247
46248
46249
46250
46251
46252
46253
46254
46255
46256
46257
46258
46259
46260
46261
46262
46263
46264
46265
46266
46267
46268
46269
46270
46271
46272
46273
46274
46275
46276
46277
46278
46279
46280
46281
46282
46283
46284
46285
46286
46287
46288
46289
46290
46291
46292
46293
46294
46295
46296
46297
46298
46299
46300
46301
46302
46303
46304
46305
46306
46307
46308
46309
46310
46311
46312
46313
46314
46315
46316
46317
46318
46319
46320
46322
46323
46329
46344
46389
46390
46391
46404
46425
46449
46450
46451
46458
46463
46464
46465
46466
46468
46489
46507
46508
46509
46510
46513
46514
46515
46516
46517
46518
46519
46527
46528
46529
46530
46533
46548
46551
46552
46562
46563
46564
46568
46569
46570
46571
46572
46573
46574
46575
46600
46601
46605
46624
46625
46627
46628
46629
46630
46631
46632
46653
46654
46655
46656
46657
46659
46660
46661
46662
46663
46664
46665
46666
46678
46679
46680
46684
46685
46686
46687
46688
46705
46710
46711
46712
46713
46714
46722
46729
46730
46731
46732
46733
46734
46735
46736
46737
46738
46739
46740
46741
46742
46743
46746
46768
46769
46770
46771
46772
46773
46774
46775
46776
46777
46778
46779
46780
46781
46782
46785
46786
46788
46790
46791
46792
46793
46794
46795
46796
46797
46798
46799
46800
46801
46802
46803
46804
46805
46806
46808
46809
46810
46811
46812
46813
46814
46815
46816
46817
46818
46819
46820
46821
46822
46823
46825
46826
46827
46828
46829
46830
46831
46832
46833
46838
46839
46840
46850
46851
46852
46853
46854
46855
46856
46857
46859
46860
46861
46862
46863
46866
46867
46876
46877
46878
46880
46881
46882
46883
46884
46885
46890
46891
46892
46893
46894
46895
46896
46897
46898
46899
46900
46901
46902
46903
46904
46905
46906
46907
46908
46926
46927
46929
46930
46931
46932
46933
46934
46935
46936
46937
46938
46941
46943
46946
46993
47002
47003
47004
47005
47006
47007
47008
47009
47011
47012
47013
47014
47015
47016
47017
47018
47019
47020
47021
47022
47023
47024
47025
47026
47037
47038
47039
47040
47041
47042
47043
47044
47061
47062
47064
47065
47066
47070
47072
47075
47076
47077
47082
47084
47085
47087
47089
47090
47097
47098
47100
47108
47109
47127
47129
47130
47131
47132
47135
47136
47137
47138
47139
47140
47141
47142
47143
47144
47145
47146
47147
47150
47151
47152
47153
47154
47155
47158
47159
47160
47161
47162
47175
47176
47177
47178
47180
47181
47194
47204
47208
47209
47210
47211
47212
47213
47214
47215
47216
47217
47218
47219
47220
47221
47222
47223
47224
47225
47230
47235
47236
47238
47240
47241
47242
47243
47244
47245
47246
47247
47248
47249
47250
47251
47252
47253
47254
47255
47256
47257
47258
47260
47261
47262
47263
47273
47274
47275
47276
47282
47283
47284
47307
47346
47347
47362
47363
47364
47365
47366
47368
47369
47370
47377
47378
47379
47402
47407
47408
47409
47410
47411
47412
47413
47414
47415
47416
47417
47418
47419
47420
47421
47422
47423
47424
47425
47429
47430
47431
47444
47445
47459
47460
47461
47475
47493
47498
47499
47516
47517
47519
47528
47529
47530
47535
47536
47537
47538
47539
47540
47541
47542
47543
47553
47554
47555
47556
47557
47558
47559
47570
47571
47572
47573
47574
47575
47576
47577
47610
47611
47612
47613
47614
47615
47616
47617
47618
47619
47620
47621
47622
47623
47624
47625
47626
47627
47629
47630
47631
47634
47641
47642
47643
47644
47645
47646
47653
47654
47655
47656
47657
47658
47661
47662
47665
47666
47667
47668
47669
47685
47686
47691
47692
47693
47694
47695
47696
47697
47698
47699
47700
47701
47702
47703
47704
47705
47706
47709
47719
47720
47721
47724
47751
47752
47756
47758
47760
47761
47762
47763
47768
47771
47786
47787
47788
47789
47792
47802
47803
47804
47805
47806
47807
47808
47809
47815
47816
47817
47818
47819
47821
47822
47823
47824
47825
47828
47829
47830
47831
47840
47843
47844
47845
47846
47847
47855
47856
47857
47871
47872
47873
47874
47877
47878
47879
47883
47884
47885
47888
47900
47911
47915
47916
47920
47923
47924
47925
47932
47941
47942
47943
47944
47945
47946
47947
47948
47949
47950
47954
47955
47961
47962
47963
47964
47965
47966
47967
47968
47969
47970
47979
47993
47994
47995
47996
47997
47999
48009
48010
48013
48017
48021
48022
48023
48033
48034
48041
48042
48044
48047
48065
48066
48067
48076
48083
48092
48095
48100
48101
48103
48115
48116
48119
48120
48127
48141
48142
48143
48144
48164
48174
48176
48177
48178
48179
48183
48184
48196
48197
48198
48199
48211
48212
48213
48219
48222
48223
48224
48226
48232
48240
48241
48242
48244
48247
48250
48252
48253
48260
48274
48275
48276
48277
48278
48279
48280
48282
48283
48287
48288
48297
48298
48299
48306
48314
48316
48317
48323
48326
48327
48334
48336
48337
48338
48339
48340
48342
48356
48357
48377
48378
48383
48387
48388
48402
48408
48409
48414
48415
48416
48417
48421
48433
48434
48436
48453
48456
48460
48465
48467
48473
48479
48481
48482
48487
48492
48493
48502
48503
48507
48510
48511
48513
48514
48517
48524
48526
48528
48529
48530
48532
48554
48561
48579
48587
48588
48593
48604
48619
48626
48630
48631
48636
48639
48640
48641
48644
48649
48650
48652
48655
48678
48690
48691
48692
48693
48695
48710
48715
48716
48718
48730
48743
48749
48755
48756
48757
48760
48761
48762
48777
48779
48800
48803
48809
48818
48819
48832
48833
48834
48835
48836
48837
48847
48862
48871
48887
48890
48909
48912
48921
48927
48939
48943
48948
49008
49013
49017
49018
49023
49029
49030
49031
49032
49033
49034
49035
49036
49037
49042
49043
49055
49056
49057
49059
49060
49086
49087
49089
49092
49109
49138
49156
49174
49176
49178
49182
49261
49272
49311
49330
49331
49332
49333
49352
49382
49387
49388
49389
49398
49399
49422
49442
49447
49449
49450
49451
49452
49453
49454
49455
49462
49463
49464
49465
49472
49476
49482
49506
49514
49519
49529
49550
49564
49571
49588
49593
49603
49604
49611
49616
49618
49619
49635
49636
49644
49647
49753
49758
49763
49770
49776
49811
49818
49833
49895
49915
49917
49922
49933
49934
49939
49994
50007
50012
50014
50022
50038
50042
50043
50047
50048
50049
50058
50062
50063
50086
50087
50096
50098
50099
50111
50112
50114
50127
50150
50155
50159
50176
50187
50192
50248
50253
50259
50288
50291
50294
50296
50312
50316
50318
50335
50341
50344
50359
50365
50371
50383
50384
50390
50398
50400
50401
50405
50411
50420
50424
50428
50436
50437
50442
50450
50460
50470
50475
50477
50488
50494
50495
50506
50508
50509
50526
50531
50538
50543
50544
50561
50563
50572
50578
50583
50584
50587
50606
50607
50615
50618
50622
50632
50645
50648
50667
50687
50688
50690
50692
50698
50699
50700
50702
50705
50708
50712
50713
50714
50716
50723
50730
50732
50735
50737
50739
50755
50760
50762
50778
50779
50784
50791
50792
50795
50798
50800
50808
50809
50812
50813
50814
50817
50818
50821
50823
50824
50825
50826
50827
50837
50841
50842
50843
50844
50847
50848
50852
50854
50858
50862
50871
50879
50881
50883
50884
50885
50896
50897
50902
50903
50904
50905
50908
50909
50911
50912
50913
50914
50919
50922
50923
50930
50932
50935
50936
50938
50939
50956
50972
50975
50978
50982
50983
50985
50986
50992
50998
51001
51003
51004
51011
51015
51024
51027
51030
51032
51041
51042
51047
51058
51078
51080
51085
51090
51092
51095
51097
51098
51101
51109
51110
51112
51119
51125
51137
51139
51150
51151
51156
51158
51164
51165
51166
51171
51174
51182
51183
51186
51196
51200
51201
51209
51212
51223
51224
51229
51230
51234
51239
51243
51244
51246
51252
51258
51260
51263
51268
51275
51279
51284
51285
51292
51298
51300
51303
51304
51306
51307
51308
51310
51311
51312
51315
51320
51321
51323
51326
51329
51331
51339
51340
51342
51346
51348
51360
51365
51367
51370
51372
51374
51381
51384
51386
51396
51401
51403
51410
51419
51420
51429
51437
51442
51443
51453
51454
51458
51460
51461
51462
51469
51478
51479
51480
51481
51485
51490
51491
51495
51496
51500
51505
51507
51511
51521
51522
51528
51529
51533
51535
51538
51539
51543
51544
51548
51555
51559
51564
51566
51567
51568
51571
51572
51576
51585
51594
51597
51600
51601
51606
51608
51609
51612
51613
51614
51617
51620
51623
51624
51626
51628
51632
51633
51640
51642
51648
51649
51650
51653
51657
51659
51661
51665
51670
51673
51681
51682
51684
51685
51687
51690
51696
51697
51703
51707
51708
51709
51710
51711
51714
51715
51724
51726
51728
51729
51730
51732
51736
51737
51738
51740
51747
51748
51749
51751
51752
51754
51755
51757
51763
51768
51770
51778
51779
51789
51792
51797
51800
51804
51806
51810
51814
51818
51819
51822
51825
51829
51830
51831
51834
51835
51836
51837
51839
51840
51843
51852
51854
51856
51860
51862
51866
51875
51882
51883
51888
51889
51891
51895
51898
51901
51905
51916
51917
51919
51923
51928
51930
51931
51939
51947
51949
51963
51964
51965
51970
51978
51983
51988
51990
52000
52007
52008
52017
52022
52024
52030
52033
52034
52037
52038
52041
52042
52047
52048
52052
52056
52060
52061
52062
52063
52066
52068
52069
52070
52072
52076
52081
52083
52085
52089
52091
52092
52103
52108
52113
52116
52117
52118
52121
52124
52125
52127
52129
52130
52137
52144
52145
52149
52155
52156
52162
52168
52176
52179
52195
52209
52214
52219
52228
52233
52240
52241
52243
52252
52253
52254
52258
52270
52273
52283
52294
52295
52299
52311
52321
52324
52329
52332
52333
52337
52341
52353
52356
52358
52362
52364
52366
52367
52372
52374
52379
52384
52395
52403
52408
52410
52415
52423
52424
52425
52427
52437
52441
52443
52446
52452
52465
52467
52468
52471
52473
52475
52478
52480
52496
52500
52502
52510
52511
52515
52529
52541
52543
52544
52545
52546
52548
52551
52553
52554
52555
52558
52566
52567
52569
52576
52587
52592
52606
52610
52617
52641
52646
52650
52652
52656
52661
52663
52677
52681
52683
52684
52685
52686
52694
52698
52699
52704
52706
52709
52711
52712
52713
52722
52731
52733
52743
52749
52750
52752
52754
52755
52757
52760
52763
52771
52774
52775
52783
52785
52788
52799
52803
52805
52806
52817
52818
52822
52824
52831
52834
52843
52857
52859
52864
52865
52871
52877
52878
52879
52884
52887
52889
52893
52896
52903
52911
52912
52913
52919
52921
52922
52924
52926
52930
52934
52936
52937
52946
52954
52955
52958
52960
52961
52962
52968
52970
52979
52981
52982
52994
52997
53000
53003
53005
53006
53010
53011
53013
53025
53026
53029
53030
53031
53037
53040
53043
53044
53046
53047
53055
53060
53061
53067
53070
53075
53077
53086
53088
53093
53100
53101
53105
53106
53108
53110
53116
53117
53120
53124
53132
53133
53134
53136
53145
53151
53156
53172
53176
53178
53181
53190
53191
53194
53205
53213
53218
53237
53241
53242
53247
53255
53257
53258
53261
53272
53282
53285
53300
53310
53311
53316
53322
53323
53326
53343
53348
53351
53359
53361
53362
53366
53368
53383
53384
53386
53388
53393
53395
53405
53406
53407
53410
53412
53414
53419
53427
53433
53434
53439
53447
53449
53450
53451
53460
53466
53468
53472
53475
53482
53486
53488
53489
53492
53493
53502
53504
53506
53508
53513
53514
53515
53516
53517
53527
53532
53538
53539
53542
53545
53547
53552
53553
53554
53559
53560
53564
53566
53567
53576
53578
53580
53584
53585
53586
53591
53592
53601
53603
53604
53605
53609
53615
53617
53621
53622
53624
53626
53633
53634
53636
53658
53661
53662
53666
53668
53670
53674
53678
53679
53680
53690
53691
53695
53701
53702
53703
53706
53713
53715
53718
53723
53727
53729
53738
53741
53742
53746
53752
53753
53754
53763
53768
53773
53781
53785
53786
53790
53795
53798
53808
53812
53814
53815
53816
53821
53825
53827
53828
53837
53839
53841
53846
53847
53850
53853
53859
53861
53873
53877
53879
53880
53888
53889
53890
53892
53894
53899
53902
53907
53909
53910
53911
53925
53930
53936
53941
53945
53947
53954
53956
53961
53963
53965
53966
53968
53969
53971
53972
53974
53976
53981
53982
53988
53989
53990
53992
53995
53996
53997
53999
54002
54003
54006
54009
54010
54011
54014
54017
54018
54020
54021
54028
54031
54038
54040
54042
54058
54059
54060
54061
54064
54068
54083
54086
54097
54099
54100
54110
54115
54122
54123
54128
54134
54140
54141
54142
54148
54154
54155
54157
54160
54162
54178
54188
54190
54194
54196
54197
54204
54205
54206
54208
54213
54214
54215
54219
54224
54227
54235
54238
54243
54253
54257
54258
54259
54261
54265
54266
54270
54278
54279
54282
54286
54289
54293
54296
54302
54303
54316
54324
54326
54330
54332
54333
54334
54336
54347
54352
54353
54354
54361
54362
54364
54365
54366
54367
54371
54378
54379
54381
54383
54384
54394
54396
54397
54400
54401
54406
54407
54410
54412
54415
54419
54428
54430
54434
54436
54439
54440
54442
54444
54446
54448
54453
54464
54467
54468
54480
54481
54485
54487
54489
54496
54502
54509
54511
54512
54513
54519
54522
54525
54532
54542
54544
54547
54556
54559
54565
54567
54572
54573
54574
54588
54589
54594
54605
54606
54613
54618
54620
54625
54626
54627
54632
54636
54639
54640
54664
54682
54685
54691
54692
54697
54701
54703
54704
54711
54715
54716
54717
54719
54723
54726
54728
54731
54733
54738
54749
54753
54756
54757
54765
54768
54771
54773
54777
54780
54784
54788
54790
54795
54797
54801
54802
54810
54816
54818
54846
54848
54851
54852
54857
54862
54865
54870
54872
54878
54879
54887
54888
54892
54893
54903
54904
54906
54911
54912
54917
54919
54920
54925
54928
54930
54939
54940
54941
54943
54945
54950
54955
54959
54965
54968
54969
54971
54972
54975
54980
54982
54987
54991
54994
54997
54999
55001
55002
55004
55012
55014
55016
55019
55021
55022
55027
55028
55031
55032
55034
55035
55037
55039
55040
55041
55052
55065
55070
55075
55077
55081
55082
55083
55085
55087
55088
55094
55110
55116
55124
55125
55127
55133
55144
55147
55149
55154
55158
55159
55160
55161
55164
55168
55171
55176
55180
55183
55191
55193
55198
55201
55202
55205
55207
55215
55216
55222
55227
55232
55233
55236
55244
55260
55262
55263
55267
55268
55274
55277
55282
55284
55286
55288
55289
55293
55294
55295
55299
55305
55306
55310
55312
55314
55315
55318
55319
55328
55329
55330
55331
55332
55334
55339
55342
55344
55349
55360
55361
55367
55368
55374
55375
55378
55381
55398
55403
55405
55406
55411
55412
55413
55414
55420
55421
55428
55433
55443
55445
55449
55455
55461
55466
55472
55479
55489
55490
55497
55501
55503
55505
55507
55525
55527
55529
55532
55535
55538
55542
55546
55547
55548
55555
55556
55560
55562
55573
55580
55582
55597
55599
55603
55605
55613
55615
55618
55622
55630
55632
55638
55642
55647
55648
55654
55657
55659
55660
55661
55664
55665
55674
55684
55687
55694
55695
55696
55697
55699
55700
55711
55713
55714
55716
55720
55722
55724
55730
55731
55735
55739
55742
55746
55755
55757
55758
55759
55760
55765
55785
55787
55794
55795
55796
55799
55802
55803
55806
55808
55810
55814
55816
55821
55823
55824
55825
55828
55840
55844
55857
55860
55862
55865
55866
55867
55870
55875
55878
55880
55881
55890
55891
55898
55900
55903
55907
55913
55916
55917
55918
55919
55921
55927
55932
55933
55934
55937
55938
55940
55941
55949
55951
55953
55955
55959
55960
55967
55971
55978
55983
55987
55992
55999
56001
56004
56010
56013
56018
56019
56021
56024
56036
56037
56041
56042
56043
56048
56054
56060
56064
56068
56075
56077
56078
56087
56088
56090
56091
56094
56097
56099
56109
56113
56124
56125
56131
56135
56136
56138
56143
56148
56154
56156
56161
56162
56163
56164
56165
56169
56171
56177
56179
56180
56182
56191
56194
56197
56201
56203
56209
56211
56212
56218
56225
56227
56230
56233
56238
56242
56243
56247
56254
56261
56266
56269
56274
56275
56276
56277
56278
56282
56283
56285
56288
56293
56295
56300
56301
56307
56308
56311
56312
56318
56323
56327
56329
56331
56342
56344
56350
56351
56353
56354
56355
56358
56360
56363
56365
56366
56371
56373
56375
56379
56384
56386
56390
56392
56397
56401
56410
56414
56416
56423
56427
56428
56429
56441
56445
56447
56449
56459
56461
56464
56467
56473
56476
56480
56481
56488
56492
56493
56496
56499
56504
56508
56510
56511
56514
56515
56518
56520
56521
56523
56530
56531
56532
56535
56540
56544
56553
56554
56556
56559
56562
56580
56593
56599
56601
56603
56605
56614
56618
56622
56629
56636
56637
56641
56645
56647
56648
56656
56657
56659
56660
56661
56662
56672
56675
56676
56678
56680
56689
56690
56694
56695
56696
56703
56704
56705
56707
56709
56715
56730
56735
56736
56737
56742
56746
56750
56752
56758
56759
56766
56768
56769
56770
56776
56788
56789
56790
56791
56795
56797
56798
56802
56804
56805
56814
56815
56819
56822
56823
56825
56829
56831
56834
56836
56838
56840
)


// ************************************************************************* //
