/*--------------------------------*- C++ -*----------------------------------*\
| =========                 |                                                 |
| \\      /  F ield         | OpenFOAM: The Open Source CFD Toolbox           |
|  \\    /   O peration     | Version:  v2012                                 |
|   \\  /    A nd           | Website:  www.openfoam.com                      |
|    \\/     M anipulation  |                                                 |
\*---------------------------------------------------------------------------*/
FoamFile
{
    version     2.0;
    format      ascii;
    class       pointVectorField;
    location    "0";
    object      pointDisplacement;
}
// * * * * * * * * * * * * * * * * * * * * * * * * * * * * * * * * * * * * * //

dimensions      [0 1 0 0 0 0 0];


internalField   uniform (0 0 0);

boundaryField
{
    frontback
    {
        type            empty;
    }
    topbottom
    {
        type            uniformFixedValue;
        value           uniform (0 0 0);
        uniformValue    constant (0 0 0);
    }
    outlet
    {
        type            uniformFixedValue;
        value           nonuniform List<vector> 0();
        uniformValue    constant (0 0 0);
    }
    inlet
    {
        type            uniformFixedValue;
        value           uniform (0 0 0);
        uniformValue    constant (0 0 0);
    }
    walls
    {
        type            angularOscillatingDisplacement;
        axis            (0 0 1);
        origin          (0 0 0);
        angle0          0;
        amplitude       0.0174533;
        omega           0.4488;
        p0              nonuniform List<vector> 
426
(
(-1.31783 0.275344 0)
(-1.26859 0.284026 0)
(-1.26859 0.284026 1)
(-1.31783 0.275344 1)
(-3.06456 -1.04808 0)
(-3.1138 -1.05676 0)
(-3.1138 -1.05676 1)
(-3.06456 -1.04808 1)
(-3.16304 -1.06544 0)
(-3.16304 -1.06544 1)
(-3.92757 -0.184824 0)
(-3.87833 -0.176142 0)
(-3.87833 -0.176142 1)
(-3.92757 -0.184824 1)
(-3.73061 -0.150094 0)
(-3.68137 -0.141412 0)
(-3.68137 -0.141412 1)
(-3.73061 -0.150094 1)
(-3.48441 -0.106682 0)
(-3.43517 -0.0979999 0)
(-3.43517 -0.0979999 1)
(-3.48441 -0.106682 1)
(-3.28745 -0.0719527 0)
(-3.23821 -0.0632703 0)
(-3.23821 -0.0632703 1)
(-3.28745 -0.0719527 1)
(-3.04125 -0.0285407 0)
(-2.99201 -0.0198582 0)
(-2.99201 -0.0198582 1)
(-3.04125 -0.0285407 1)
(-2.84429 0.00618898 0)
(-2.79505 0.0148714 0)
(-2.79505 0.0148714 1)
(-2.84429 0.00618898 1)
(2.59808 -0.049601 0)
(2.54884 -0.0582834 0)
(2.54884 -0.0582834 1)
(2.59808 -0.049601 1)
(-2.59808 0.049601 0)
(-2.54884 0.0582834 0)
(-2.54884 0.0582834 1)
(-2.59808 0.049601 1)
(2.40112 -0.0843307 0)
(2.35188 -0.0930131 0)
(2.35188 -0.0930131 1)
(2.40112 -0.0843307 1)
(-2.40112 0.0843307 0)
(-2.35188 0.0930131 0)
(-2.35188 0.0930131 1)
(-2.40112 0.0843307 1)
(2.15492 -0.127743 0)
(2.10568 -0.136425 0)
(2.10568 -0.136425 1)
(2.15492 -0.127743 1)
(-2.15492 0.127743 0)
(-2.10568 0.136425 0)
(-2.10568 0.136425 1)
(-2.15492 0.127743 1)
(1.95796 -0.162472 0)
(1.90872 -0.171155 0)
(1.90872 -0.171155 1)
(1.95796 -0.162472 1)
(-1.95796 0.162472 0)
(-1.90872 0.171155 0)
(-1.90872 0.171155 1)
(-1.95796 0.162472 1)
(-1.71176 0.205884 0)
(-1.66252 0.214567 0)
(-1.66252 0.214567 1)
(-1.71176 0.205884 1)
(1.71176 -0.205884 0)
(1.66252 -0.214567 0)
(1.66252 -0.214567 1)
(1.71176 -0.205884 1)
(1.5148 -0.240614 0)
(1.46555 -0.249296 0)
(1.46555 -0.249296 1)
(1.5148 -0.240614 1)
(-1.5148 0.240614 0)
(-1.46555 0.249296 0)
(-1.46555 0.249296 1)
(-1.5148 0.240614 1)
(1.26859 -0.284026 0)
(1.21935 -0.292708 0)
(1.21935 -0.292708 1)
(1.26859 -0.284026 1)
(-1.21935 0.292708 0)
(-1.21935 0.292708 1)
(1.07163 -0.318756 0)
(1.02239 -0.327438 0)
(1.02239 -0.327438 1)
(1.07163 -0.318756 1)
(0.82543 -0.362168 0)
(0.77619 -0.37085 0)
(0.77619 -0.37085 1)
(0.82543 -0.362168 1)
(0.628468 -0.396897 0)
(0.579228 -0.40558 0)
(0.579228 -0.40558 1)
(0.628468 -0.396897 1)
(0.382266 -0.440309 0)
(0.333026 -0.448992 0)
(0.333026 -0.448992 1)
(0.382266 -0.440309 1)
(0.185305 -0.475039 0)
(0.136064 -0.483721 0)
(0.136064 -0.483721 1)
(0.185305 -0.475039 1)
(-0.0608971 -0.518451 0)
(-0.110137 -0.527134 0)
(-0.110137 -0.527134 1)
(-0.0608971 -0.518451 1)
(-0.257859 -0.553181 0)
(-0.307099 -0.561863 0)
(-0.307099 -0.561863 1)
(-0.257859 -0.553181 1)
(-0.504061 -0.596593 0)
(-0.553301 -0.605275 0)
(-0.553301 -0.605275 1)
(-0.504061 -0.596593 1)
(-0.701022 -0.631322 0)
(-0.750263 -0.640005 0)
(-0.750263 -0.640005 1)
(-0.701022 -0.631322 1)
(-0.947224 -0.674734 0)
(-0.996464 -0.683417 0)
(-0.996464 -0.683417 1)
(-0.947224 -0.674734 1)
(-1.14419 -0.709464 0)
(-1.19343 -0.718147 0)
(-1.19343 -0.718147 1)
(-1.14419 -0.709464 1)
(-1.39039 -0.752876 0)
(-1.43963 -0.761559 0)
(-1.43963 -0.761559 1)
(-1.39039 -0.752876 1)
(-1.58735 -0.787606 0)
(-1.63659 -0.796288 0)
(-1.63659 -0.796288 1)
(-1.58735 -0.787606 1)
(-1.83355 -0.831018 0)
(-1.88279 -0.8397 0)
(-1.88279 -0.8397 1)
(-1.83355 -0.831018 1)
(-2.03051 -0.865747 0)
(-2.07975 -0.87443 0)
(-2.07975 -0.87443 1)
(-2.03051 -0.865747 1)
(-2.27671 -0.90916 0)
(-2.32595 -0.917842 0)
(-2.32595 -0.917842 1)
(-2.27671 -0.90916 1)
(-2.47368 -0.943889 0)
(-2.52292 -0.952572 0)
(-2.52292 -0.952572 1)
(-2.47368 -0.943889 1)
(-2.71988 -0.987301 0)
(-2.76912 -0.995984 0)
(-2.76912 -0.995984 1)
(-2.71988 -0.987301 1)
(-2.91684 -1.02203 0)
(-2.96608 -1.03071 0)
(-2.96608 -1.03071 1)
(-2.91684 -1.02203 1)
(-3.21228 -1.07413 0)
(-3.21228 -1.07413 1)
(-3.40924 -1.10885 0)
(-3.45848 -1.11754 0)
(-3.45848 -1.11754 1)
(-3.40924 -1.10885 1)
(-3.55696 -1.1349 0)
(-3.6062 -1.14358 0)
(-3.6062 -1.14358 1)
(-3.55696 -1.1349 1)
(-3.70469 -1.16095 0)
(-3.75393 -1.16963 0)
(-3.75393 -1.16963 1)
(-3.70469 -1.16095 1)
(-0.602541 -0.613958 0)
(-0.602541 -0.613958 1)
(-0.651782 -0.62264 0)
(-0.651782 -0.62264 1)
(1.12087 -0.310073 0)
(1.12087 -0.310073 1)
(-0.159378 -0.535816 0)
(-0.159378 -0.535816 1)
(-0.208618 -0.544498 0)
(-0.208618 -0.544498 1)
(2.4996 -0.0669658 0)
(2.4996 -0.0669658 1)
(2.45036 -0.0756483 0)
(2.45036 -0.0756483 1)
(2.05644 -0.145108 0)
(2.05644 -0.145108 1)
(0.431507 -0.431627 0)
(0.431507 -0.431627 1)
(2.0072 -0.15379 0)
(2.0072 -0.15379 1)
(-0.0116567 -0.509769 0)
(-0.0116567 -0.509769 1)
(-1.48887 -0.770241 0)
(-1.48887 -0.770241 1)
(-1.09495 -0.700782 0)
(-1.09495 -0.700782 1)
(-1.53811 -0.778923 0)
(-1.53811 -0.778923 1)
(1.761 -0.197202 0)
(1.761 -0.197202 1)
(1.41631 -0.257979 0)
(1.41631 -0.257979 1)
(1.56404 -0.231932 0)
(1.56404 -0.231932 1)
(-1.41631 0.257979 0)
(-1.41631 0.257979 1)
(-0.799503 -0.648687 0)
(-0.799503 -0.648687 1)
(-1.61328 0.223249 0)
(-1.61328 0.223249 1)
(1.31783 -0.275344 0)
(1.31783 -0.275344 1)
(-1.56404 0.231932 0)
(-1.56404 0.231932 1)
(-2.4996 0.0669658 0)
(-2.4996 0.0669658 1)
(-2.45036 0.0756483 0)
(-2.45036 0.0756483 1)
(-1.761 0.197202 0)
(-1.761 0.197202 1)
(0.973151 -0.336121 0)
(0.973151 -0.336121 1)
(2.64732 -0.0409186 0)
(2.64732 -0.0409186 1)
(1.17011 -0.301391 0)
(1.17011 -0.301391 1)
(0.283786 -0.457674 0)
(0.234545 -0.466357 0)
(0.234545 -0.466357 1)
(0.283786 -0.457674 1)
(-2.30264 0.101695 0)
(-2.30264 0.101695 1)
(-1.93203 -0.848383 0)
(-1.93203 -0.848383 1)
(-1.68583 -0.804971 0)
(-1.68583 -0.804971 1)
(-1.78431 -0.822335 0)
(-1.78431 -0.822335 1)
(0.726949 -0.379533 0)
(0.677709 -0.388215 0)
(0.677709 -0.388215 1)
(0.726949 -0.379533 1)
(1.36707 -0.266661 0)
(1.36707 -0.266661 1)
(-2.3752 -0.926524 0)
(-2.3752 -0.926524 1)
(-2.42444 -0.935207 0)
(-2.42444 -0.935207 1)
(0.480747 -0.422945 0)
(0.480747 -0.422945 1)
(-1.0457 -0.692099 0)
(-1.0457 -0.692099 1)
(-0.356339 -0.570546 0)
(-0.40558 -0.579228 0)
(-0.40558 -0.579228 1)
(-0.356339 -0.570546 1)
(0.923911 -0.344803 0)
(0.87467 -0.353485 0)
(0.87467 -0.353485 1)
(0.923911 -0.344803 1)
(0.0375837 -0.501086 0)
(0.0375837 -0.501086 1)
(-3.86977 -1.08852 0)
(-3.87845 -1.03928 0)
(-3.87845 -1.03928 1)
(-3.86977 -1.08852 1)
(-2.81836 -1.00467 0)
(-2.81836 -1.00467 1)
(-3.89582 -0.940795 0)
(-3.9045 -0.891554 0)
(-3.9045 -0.891554 1)
(-3.89582 -0.940795 1)
(-2.74581 0.0235538 0)
(-2.74581 0.0235538 1)
(-3.93055 -0.743833 0)
(-3.93923 -0.694593 0)
(-3.93923 -0.694593 1)
(-3.93055 -0.743833 1)
(-3.96528 -0.546872 0)
(-3.97396 -0.497631 0)
(-3.97396 -0.497631 1)
(-3.96528 -0.546872 1)
(-2.94277 -0.0111758 0)
(-2.94277 -0.0111758 1)
(-4.00001 -0.34991 0)
(-4.00869 -0.30067 0)
(-4.00869 -0.30067 1)
(-4.00001 -0.34991 1)
(1.81024 -0.18852 0)
(1.81024 -0.18852 1)
(-2.64732 0.0409186 0)
(-2.64732 0.0409186 1)
(-0.848743 -0.65737 0)
(-0.848743 -0.65737 1)
(-1.24267 -0.726829 0)
(-1.29191 -0.735511 0)
(-1.29191 -0.735511 1)
(-1.24267 -0.726829 1)
(1.61328 -0.223249 0)
(1.61328 -0.223249 1)
(-2.67064 -0.978619 0)
(-2.67064 -0.978619 1)
(-3.18897 -0.0545879 0)
(-3.18897 -0.0545879 1)
(-1.36707 0.266661 0)
(-1.36707 0.266661 1)
(2.2534 -0.110378 0)
(2.20416 -0.11906 0)
(2.20416 -0.11906 1)
(2.2534 -0.110378 1)
(-3.01532 -1.0394 0)
(-3.01532 -1.0394 1)
(-1.81024 0.18852 0)
(-1.81024 0.18852 1)
(-3.38593 -0.0893175 0)
(-3.38593 -0.0893175 1)
(-3.33669 -0.0806351 0)
(-3.33669 -0.0806351 1)
(-1.98127 -0.857065 0)
(-1.98127 -0.857065 1)
(-2.05644 0.145108 0)
(-2.0072 0.15379 0)
(-2.0072 0.15379 1)
(-2.05644 0.145108 1)
(-1.73507 -0.813653 0)
(-1.73507 -0.813653 1)
(-3.36 -1.10017 0)
(-3.36 -1.10017 1)
(2.69656 -0.0322362 0)
(2.69656 -0.0322362 1)
(-3.65545 -1.15227 0)
(-3.65545 -1.15227 1)
(-2.2534 0.110378 0)
(-2.2534 0.110378 1)
(-3.53365 -0.115365 0)
(-3.53365 -0.115365 1)
(-2.12899 -0.883112 0)
(-2.17823 -0.891795 0)
(-2.17823 -0.891795 1)
(-2.12899 -0.883112 1)
(-2.8676 -1.01335 0)
(-2.8676 -1.01335 1)
(-2.57216 -0.961254 0)
(-2.6214 -0.969936 0)
(-2.6214 -0.969936 1)
(-2.57216 -0.961254 1)
(-2.69656 0.0322362 0)
(-2.69656 0.0322362 1)
(-2.89353 -0.00249343 0)
(-2.89353 -0.00249343 1)
(-3.13973 -0.0459055 0)
(-3.13973 -0.0459055 1)
(-3.88714 -0.990035 0)
(-3.88714 -0.990035 1)
(-3.26152 -1.08281 0)
(-3.31076 -1.09149 0)
(-3.31076 -1.09149 1)
(-3.26152 -1.08281 1)
(-3.82909 -0.167459 0)
(-3.82909 -0.167459 1)
(-3.77985 -0.158777 0)
(-3.77985 -0.158777 1)
(-3.98264 -0.448391 0)
(-3.98264 -0.448391 1)
(-3.99133 -0.39915 0)
(-3.99133 -0.39915 1)
(-3.94791 -0.645352 0)
(-3.94791 -0.645352 1)
(-3.9566 -0.596112 0)
(-3.9566 -0.596112 1)
(-3.58289 -0.124047 0)
(-3.58289 -0.124047 1)
(-3.91318 -0.842314 0)
(-3.91318 -0.842314 1)
(-3.92187 -0.793073 0)
(-3.92187 -0.793073 1)
(2.30264 -0.101695 0)
(2.30264 -0.101695 1)
(-3.97681 -0.193506 0)
(-3.97681 -0.193506 1)
(-3.80317 -1.17831 0)
(-3.80317 -1.17831 1)
(-3.85241 -1.187 0)
(-3.85241 -1.187 1)
(-4.02606 -0.202189 0)
(-4.02606 -0.202189 1)
(0.0868241 -0.492404 0)
(0.0868241 -0.492404 1)
(-3.50772 -1.12622 0)
(-3.50772 -1.12622 1)
(-3.86109 -1.13776 0)
(-3.86109 -1.13776 1)
(-2.22747 -0.900477 0)
(-2.22747 -0.900477 1)
(0.529988 -0.414262 0)
(0.529988 -0.414262 1)
(-2.20416 0.11906 0)
(-2.20416 0.11906 1)
(1.85948 -0.179837 0)
(1.85948 -0.179837 1)
(-3.09049 -0.0372231 0)
(-3.09049 -0.0372231 1)
(-1.34115 -0.744194 0)
(-1.34115 -0.744194 1)
(2.79505 -0.0148714 0)
(2.74581 -0.0235538 0)
(2.74581 -0.0235538 1)
(2.79505 -0.0148714 1)
(-1.85948 0.179837 0)
(-1.85948 0.179837 1)
(-3.63213 -0.13273 0)
(-3.63213 -0.13273 1)
(-4.01737 -0.251429 0)
(-4.01737 -0.251429 1)
(-0.45482 -0.58791 0)
(-0.45482 -0.58791 1)
(-0.897984 -0.666052 0)
(-0.897984 -0.666052 1)
)
;
        value           uniform (0 0 0);
    }
    procBoundary0to1
    {
        type            processor;
    }
    procBoundary0to2
    {
        type            processor;
    }
}


// ************************************************************************* //
