/*--------------------------------*- C++ -*----------------------------------*\
| =========                 |                                                 |
| \\      /  F ield         | OpenFOAM: The Open Source CFD Toolbox           |
|  \\    /   O peration     | Version:  v2012                                 |
|   \\  /    A nd           | Website:  www.openfoam.com                      |
|    \\/     M anipulation  |                                                 |
\*---------------------------------------------------------------------------*/
FoamFile
{
    version     2.0;
    format      ascii;
    class       labelList;
    location    "constant/polyMesh";
    object      cellProcAddressing;
}
// * * * * * * * * * * * * * * * * * * * * * * * * * * * * * * * * * * * * * //


13308
(
2
5
18
19
26
32
33
34
41
45
46
60
65
67
73
74
81
84
88
95
96
102
106
113
114
115
123
125
126
128
134
136
142
145
148
151
152
154
157
158
167
169
171
172
185
187
191
195
197
221
222
224
231
232
237
239
243
244
246
252
253
255
256
260
262
266
267
271
273
276
279
288
290
293
296
297
300
305
312
318
320
323
330
332
337
338
343
349
351
355
361
367
372
373
375
386
387
404
406
412
415
417
423
424
425
427
438
442
443
453
461
462
469
470
471
475
479
480
486
492
494
496
498
500
508
514
522
529
531
534
538
539
544
559
566
571
572
586
597
601
607
611
613
615
624
625
629
637
643
648
650
654
659
661
663
664
665
669
677
685
687
689
690
692
701
706
710
715
724
731
734
735
736
740
741
744
748
760
764
766
774
775
779
785
800
801
824
826
828
835
838
841
844
850
853
857
862
868
878
879
881
883
885
891
895
899
903
910
915
923
927
929
930
931
942
947
949
952
954
955
960
967
972
986
989
990
991
994
1000
1005
1006
1013
1021
1028
1029
1030
1034
1035
1042
1049
1051
1054
1055
1063
1073
1078
1088
1089
1091
1094
1101
1117
1120
1121
1122
1132
1136
1138
1149
1151
1157
1158
1160
1168
1170
1174
1177
1181
1193
1196
1200
1210
1212
1213
1216
1221
1225
1229
1231
1232
1233
1236
1253
1257
1258
1261
1262
1272
1276
1278
1285
1289
1292
1295
1297
1298
1302
1307
1311
1315
1320
1322
1331
1336
1339
1340
1342
1345
1349
1353
1355
1356
1364
1377
1380
1383
1384
1386
1403
1407
1408
1411
1418
1422
1425
1426
1430
1432
1438
1450
1453
1455
1467
1478
1484
1486
1489
1496
1498
1500
1506
1509
1516
1526
1531
1533
1539
1544
1549
1550
1551
1553
1555
1559
1563
1564
1566
1568
1570
1573
1588
1601
1603
1604
1614
1622
1627
1630
1644
1653
1655
1660
1661
1669
1671
1672
1673
1674
1676
1677
1684
1690
1695
1696
1697
1699
1703
1713
1715
1720
1734
1735
1738
1739
1745
1747
1748
1771
1776
1785
1786
1789
1805
1806
1808
1811
1815
1819
1824
1828
1830
1831
1832
1833
1839
1845
1859
1863
1867
1885
1893
1895
1907
1908
1917
1918
1930
1933
1935
1937
1953
1956
1959
1965
1969
1971
1980
1985
1990
2005
2006
2008
2010
2015
2016
2017
2019
2033
2036
2057
2058
2070
2071
2078
2092
2107
2108
2112
2120
2122
2129
2133
2141
2143
2145
2146
2153
2154
2158
2178
2184
2190
2192
2197
2200
2211
2216
2217
2218
2223
2231
2232
2235
2237
2246
2251
2256
2270
2282
2295
2306
2312
2326
2328
2340
2352
2356
2358
2359
2362
2363
2364
2379
2397
2399
2405
2409
2412
2414
2415
2416
2419
2420
2424
2435
2438
2450
2452
2460
2464
2467
2469
2476
2477
2487
2488
2491
2495
2496
2498
2502
2511
2512
2516
2517
2518
2523
2530
2538
2541
2549
2560
2569
2571
2577
2582
2584
2589
2590
2599
2600
2604
2617
2620
2622
2623
2631
2636
2637
2644
2645
2655
2657
2660
2664
2668
2682
2688
2706
2710
2718
2721
2724
2736
2743
2744
2748
2749
2751
2755
2763
2767
2773
2779
2782
2789
2791
2797
2807
2818
2820
2825
2835
2836
2840
2844
2846
2854
2862
2872
2876
2879
2885
2887
2904
2915
2922
2926
2927
2929
2935
2937
2945
2946
2953
2955
2958
2961
2965
2971
2977
2978
2986
2992
2995
3000
3003
3015
3017
3021
3024
3035
3048
3050
3051
3053
3060
3061
3063
3064
3065
3066
3071
3076
3082
3085
3089
3096
3104
3123
3124
3125
3138
3139
3141
3150
3152
3160
3166
3167
3169
3170
3175
3177
3179
3188
3191
3193
3202
3203
3206
3207
3214
3218
3220
3233
3235
3258
3263
3264
3265
3270
3273
3274
3285
3288
3289
3305
3306
3311
3312
3316
3324
3327
3329
3331
3336
3341
3344
3349
3352
3357
3358
3360
3363
3367
3371
3374
3375
3380
3391
3392
3394
3399
3403
3407
3410
3424
3432
3434
3437
3440
3447
3455
3457
3459
3461
3480
3481
3489
3495
3496
3504
3505
3512
3515
3516
3525
3537
3541
3543
3545
3556
3565
3568
3571
3573
3574
3580
3585
3589
3591
3597
3599
3604
3610
3624
3627
3630
3635
3637
3643
3645
3647
3654
3661
3667
3674
3677
3682
3683
3688
3691
3697
3702
3707
3714
3716
3718
3722
3726
3727
3735
3736
3737
3739
3750
3756
3758
3761
3762
3770
3772
3776
3779
3783
3785
3793
3798
3807
3808
3824
3827
3832
3848
3861
3866
3868
3874
3883
3889
3902
3903
3906
3908
3909
3914
3917
3929
3937
3939
3940
3941
3943
3944
3953
3954
3961
3962
3968
3983
3984
3989
4000
4008
4009
4012
4013
4020
4021
4026
4029
4035
4036
4038
4053
4056
4057
4058
4065
4076
4079
4083
4084
4085
4094
4102
4105
4109
4113
4120
4124
4127
4132
4135
4136
4137
4138
4143
4145
4163
4171
4172
4180
4186
4190
4192
4202
4206
4207
4211
4214
4218
4226
4229
4231
4232
4233
4234
4243
4248
4250
4257
4267
4271
4274
4278
4280
4285
4287
4288
4290
4292
4295
4296
4303
4307
4310
4322
4325
4332
4334
4336
4341
4344
4352
4353
4354
4360
4363
4364
4369
4372
4373
4374
4376
4378
4379
4386
4389
4391
4392
4401
4405
4406
4407
4411
4414
4422
4426
4427
4428
4429
4432
4433
4434
4442
4443
4449
4450
4454
4466
4470
4471
4476
4479
4480
4491
4492
4495
4498
4506
4513
4514
4516
4520
4537
4538
4539
4545
4551
4559
4561
4565
4566
4571
4576
4582
4586
4591
4597
4603
4604
4606
4610
4617
4625
4626
4627
4631
4639
4642
4647
4650
4659
4664
4669
4676
4677
4681
4682
4686
4687
4696
4697
4705
4710
4714
4718
4719
4727
4731
4734
4735
4742
4743
4758
4765
4766
4781
4783
4784
4785
4792
4794
4795
4801
4803
4810
4811
4812
4813
4823
4835
4836
4837
4840
4841
4863
4865
4868
4871
4873
4874
4877
4879
4881
4884
4886
4892
4893
4897
4902
4924
4925
4926
4928
4931
4953
4957
4961
4963
4983
5000
5004
5006
5012
5017
5018
5019
5021
5025
5030
5033
5034
5035
5049
5050
5058
5060
5089
5096
5104
5110
5113
5117
5119
5130
5139
5148
5162
5165
5175
5182
5195
5202
5208
5215
5218
5224
5225
5239
5240
5242
5244
5247
5261
5264
5267
5268
5269
5270
5275
5287
5293
5301
5311
5312
5313
5314
5319
5320
5322
5323
5326
5335
5337
5338
5340
5345
5348
5357
5359
5362
5371
5377
5379
5380
5382
5385
5386
5392
5396
5412
5432
5435
5437
5443
5456
5461
5464
5471
5474
5476
5483
5488
5493
5496
5498
5503
5506
5508
5519
5528
5532
5541
5542
5544
5549
5553
5555
5561
5567
5575
5576
5581
5582
5584
5588
5589
5597
5603
5606
5611
5612
5616
5619
5620
5621
5622
5625
5626
5629
5633
5637
5647
5651
5668
5671
5674
5676
5680
5684
5686
5688
5689
5690
5693
5697
5700
5702
5703
5706
5712
5717
5724
5734
5744
5747
5748
5750
5751
5755
5760
5767
5768
5769
5771
5778
5779
5785
5788
5789
5790
5797
5798
5802
5804
5805
5816
5821
5823
5828
5836
5837
5838
5840
5841
5843
5846
5847
5857
5864
5871
5873
5876
5880
5882
5886
5893
5896
5899
5905
5907
5922
5923
5930
5934
5942
5952
5957
5965
5970
5972
5978
5983
5984
5986
5990
5995
6007
6016
6019
6061
6064
6065
6080
6086
6090
6101
6109
6110
6111
6112
6120
6125
6131
6132
6138
6145
6150
6152
6157
6158
6160
6163
6164
6168
6169
6181
6182
6183
6186
6197
6209
6211
6216
6219
6222
6234
6248
6250
6253
6256
6262
6265
6268
6274
6278
6279
6284
6291
6296
6301
6306
6310
6314
6315
6318
6323
6327
6328
6336
6343
6346
6348
6349
6353
6354
6355
6362
6385
6395
6397
6399
6401
6407
6419
6424
6428
6430
6431
6447
6454
6459
6464
6466
6468
6471
6475
6476
6479
6492
6509
6520
6527
6528
6530
6532
6535
6536
6548
6553
6555
6562
6563
6564
6573
6578
6581
6594
6595
6598
6601
6604
6609
6612
6614
6620
6623
6626
6630
6638
6641
6644
6646
6649
6664
6676
6680
6682
6685
6695
6696
6702
6705
6709
6713
6714
6715
6716
6727
6753
6757
6758
6761
6769
6771
6778
6784
6786
6799
6801
6805
6824
6828
6834
6835
6839
6841
6843
6846
6866
6880
6886
6891
6892
6895
6904
6909
6923
6932
6933
6935
6951
6956
6958
6963
6967
6975
6980
6984
6985
6996
6997
6999
7001
7004
7011
7014
7016
7017
7020
7023
7028
7029
7032
7036
7040
7044
7047
7048
7050
7052
7062
7063
7077
7081
7082
7084
7086
7087
7089
7091
7101
7104
7105
7110
7114
7116
7117
7118
7142
7154
7159
7163
7177
7187
7193
7196
7197
7198
7199
7201
7205
7206
7214
7229
7233
7234
7237
7243
7247
7251
7252
7268
7270
7288
7293
7301
7304
7308
7315
7316
7327
7331
7335
7336
7338
7340
7348
7349
7355
7372
7376
7394
7396
7398
7400
7404
7406
7409
7416
7423
7425
7427
7430
7432
7433
7435
7440
7443
7451
7454
7466
7476
7478
7479
7486
7488
7489
7491
7494
7519
7520
7526
7527
7530
7534
7537
7540
7544
7545
7551
7556
7559
7561
7571
7592
7593
7594
7607
7608
7617
7622
7623
7634
7636
7646
7653
7659
7661
7668
7687
7700
7714
7720
7731
7739
7743
7748
7750
7755
7756
7759
7765
7767
7771
7785
7787
7801
7809
7812
7813
7819
7820
7825
7826
7832
7835
7843
7847
7848
7866
7868
7874
7878
7880
7884
7891
7893
7895
7898
7900
7906
7908
7914
7920
7921
7922
7934
7947
7948
7952
7955
7965
7974
7978
7989
7997
7999
8000
8001
8002
8005
8015
8017
8018
8019
8024
8028
8034
8038
8054
8062
8066
8067
8075
8076
8078
8079
8083
8085
8087
8091
8092
8094
8099
8105
8112
8126
8129
8130
8138
8152
8160
8177
8178
8179
8184
8189
8197
8200
8206
8214
8215
8217
8219
8224
8226
8230
8244
8251
8252
8253
8257
8268
8269
8270
8275
8281
8308
8316
8321
8328
8331
8346
8348
8352
8353
8354
8355
8359
8364
8370
8373
8375
8381
8388
8390
8400
8408
8409
8410
8420
8425
8428
8437
8439
8442
8447
8449
8450
8457
8460
8463
8464
8466
8476
8484
8492
8496
8500
8504
8507
8521
8525
8543
8547
8548
8573
8576
8579
8584
8585
8587
8590
8596
8597
8602
8617
8618
8624
8626
8627
8632
8641
8646
8650
8656
8659
8661
8664
8675
8682
8683
8685
8687
8689
8707
8709
8710
8713
8716
8719
8726
8727
8729
8733
8743
8745
8748
8751
8753
8759
8763
8767
8772
8775
8776
8783
8787
8788
8790
8793
8794
8796
8798
8803
8807
8823
8824
8826
8829
8832
8833
8843
8844
8845
8846
8849
8854
8866
8867
8868
8880
8881
8883
8884
8894
8915
8916
8937
8954
8960
8961
8962
8964
8967
8970
8978
8979
8980
8984
8985
8994
8997
9000
9004
9012
9016
9018
9020
9023
9024
9031
9032
9034
9035
9038
9041
9044
9048
9053
9056
9057
9069
9076
9077
9078
9082
9089
9090
9101
9104
9106
9108
9109
9110
9112
9117
9121
9125
9126
9128
9135
9136
9143
9145
9157
9164
9167
9169
9171
9173
9176
9177
9184
9187
9188
9191
9205
9207
9208
9209
9210
9229
9233
9234
9238
9242
9252
9258
9265
9267
9268
9270
9271
9273
9281
9283
9286
9306
9313
9317
9320
9333
9334
9343
9349
9353
9354
9360
9362
9368
9372
9379
9381
9388
9393
9394
9396
9400
9402
9409
9410
9413
9422
9428
9439
9440
9449
9453
9455
9463
9469
9490
9503
9506
9508
9513
9520
9538
9546
9548
9550
9551
9552
9555
9564
9568
9570
9574
9578
9580
9581
9588
9593
9594
9596
9598
9601
9615
9616
9622
9629
9634
9645
9646
9661
9664
9680
9688
9689
9690
9713
9715
9716
9723
9727
9733
9744
9748
9750
9760
9761
9764
9765
9766
9775
9779
9782
9785
9788
9795
9800
9809
9810
9814
9818
9819
9820
9826
9829
9833
9834
9843
9845
9849
9852
9853
9855
9856
9861
9873
9875
9879
9881
9884
9885
9886
9888
9890
9891
9903
9905
9907
9913
9915
9918
9919
9924
9926
9927
9931
9932
9944
9947
9948
9949
9952
9960
9962
9966
9967
9968
9969
9972
9975
10001
10006
10014
10021
10022
10034
10036
10050
10055
10060
10069
10083
10088
10094
10098
10101
10103
10109
10156
10159
10173
10179
10181
10184
10185
10192
10193
10198
10199
10202
10214
10217
10218
10222
10223
10228
10230
10233
10235
10238
10242
10253
10254
10263
10270
10271
10273
10275
10277
10279
10281
10284
10293
10294
10301
10306
10321
10322
10328
10329
10335
10340
10348
10349
10353
10354
10355
10369
10373
10374
10382
10385
10389
10391
10397
10404
10417
10418
10419
10420
10435
10439
10440
10446
10456
10461
10468
10471
10491
10492
10498
10502
10509
10511
10513
10518
10522
10525
10527
10528
10531
10533
10539
10542
10543
10549
10552
10555
10562
10563
10570
10571
10572
10576
10577
10578
10579
10581
10589
10592
10599
10600
10608
10609
10610
10627
10628
10632
10643
10644
10648
10649
10655
10663
10666
10668
10670
10684
10686
10692
10697
10702
10704
10709
10717
10725
10726
10728
10731
10732
10735
10737
10739
10746
10747
10750
10752
10768
10775
10780
10782
10783
10787
10788
10796
10797
10801
10812
10818
10819
10829
10849
10851
10862
10867
10870
10872
10875
10876
10880
10883
10886
10889
10893
10896
10899
10901
10906
10908
10909
10917
10919
10923
10930
10931
10938
10948
10951
10953
10959
10960
10973
10974
10977
10984
10993
10994
10996
11000
11004
11012
11028
11031
11033
11038
11040
11044
11045
11047
11049
11057
11061
11062
11063
11064
11067
11073
11083
11085
11086
11087
11094
11099
11119
11121
11124
11133
11134
11152
11153
11175
11204
11217
11225
11226
11237
11249
11253
11259
11262
11268
11271
11281
11297
11298
11299
11319
11322
11323
11326
11328
11341
11342
11346
11348
11349
11357
11358
11359
11367
11372
11381
11385
11387
11391
11399
11405
11408
11415
11418
11425
11428
11432
11434
11436
11441
11447
11453
11460
11466
11473
11478
11479
11499
11509
11514
11515
11519
11521
11522
11523
11525
11534
11537
11545
11549
11553
11569
11572
11583
11585
11588
11594
11604
11606
11611
11618
11629
11631
11633
11634
11642
11643
11664
11667
11669
11681
11692
11711
11712
11715
11726
11727
11730
11736
11743
11753
11762
11765
11774
11778
11790
11794
11797
11809
11811
11815
11817
11828
11836
11839
11866
11867
11872
11873
11879
11885
11887
11902
11917
11928
11929
11932
11955
11960
11970
11971
11982
12003
12007
12008
12020
12030
12033
12043
12049
12057
12061
12069
12078
12086
12119
12123
12144
12152
12154
12157
12163
12164
12167
12193
12200
12213
12216
12217
12220
12221
12231
12248
12252
12271
12275
12278
12279
12286
12297
12321
12324
12325
12329
12334
12362
12369
12382
12385
12386
12395
12397
12406
12421
12433
12464
12466
12470
12477
12484
12485
12491
12513
12516
12520
12526
12535
12537
12548
12557
12560
12584
12588
12594
12601
12619
12622
12626
12641
12675
12679
12682
12683
12685
12694
12704
12709
12716
12733
12746
12753
12758
12769
12771
12772
12782
12798
12799
12805
12825
12843
12847
12849
12850
12856
12858
12867
12870
12891
12901
12907
12908
12918
12923
12925
12943
12949
12962
12968
12970
12972
12975
12983
12994
12996
13000
13002
13018
13020
13025
13028
13032
13036
13044
13046
13066
13077
13080
13090
13097
13103
13118
13128
13135
13139
13145
13149
13161
13167
13168
13189
13193
13209
13218
13237
13246
13253
13259
13288
13293
13306
13311
13321
13332
13336
13345
13351
13353
13363
13366
13367
13386
13393
13407
13409
13419
13420
13432
13434
13436
13461
13490
13506
13508
13511
13515
13517
13520
13528
13530
13540
13570
13571
13572
13593
13598
13603
13610
13611
13625
13627
13634
13637
13653
13655
13656
13668
13671
13672
13675
13676
13683
13684
13685
13706
13707
13731
13733
13745
13747
13750
13757
13775
13777
13788
13791
13798
13799
13807
13812
13813
13821
13830
13833
13835
13836
13842
13844
13851
13856
13857
13864
13867
13873
13885
13887
13890
13892
13897
13901
13904
13912
13922
13936
13941
13960
13964
13972
13974
13975
13980
13982
13983
13985
13986
14018
14022
14023
14025
14028
14030
14038
14041
14053
14056
14089
14095
14100
14107
14132
14133
14136
14152
14164
14175
14182
14185
14186
14202
14212
14215
14232
14242
14255
14259
14264
14265
14266
14269
14271
14290
14294
14296
14297
14300
14302
14305
14306
14310
14315
14321
14328
14329
14340
14344
14346
14358
14359
14371
14375
14377
14381
14385
14386
14400
14401
14407
14408
14414
14426
14438
14442
14443
14444
14454
14458
14466
14480
14485
14487
14488
14493
14497
14504
14505
14514
14521
14522
14523
14527
14531
14539
14540
14551
14555
14557
14560
14561
14562
14568
14575
14576
14580
14581
14583
14587
14588
14594
14596
14599
14601
14605
14609
14611
14614
14618
14627
14628
14634
14637
14642
14643
14646
14652
14656
14658
14660
14661
14662
14664
14666
14669
14674
14677
14678
14681
14682
14683
14685
14690
14692
14694
14696
14698
14699
14706
14710
14723
14726
14727
14732
14734
14753
14754
14757
14759
14760
14772
14777
14789
14796
14798
14799
14801
14805
14810
14813
14814
14818
14824
14828
14836
14846
14848
14853
14859
14861
14866
14871
14881
14884
14888
14892
14898
14899
14900
14909
14920
14922
14925
14929
14930
14932
14938
14944
14951
14952
14956
14961
14963
14969
14982
14990
14993
15000
15012
15015
15017
15019
15023
15025
15027
15032
15040
15045
15047
15048
15059
15061
15064
15078
15083
15091
15094
15097
15108
15110
15115
15117
15119
15120
15132
15133
15143
15145
15148
15149
15156
15161
15166
15167
15179
15186
15187
15195
15202
15203
15210
15215
15217
15219
15222
15225
15233
15240
15242
15243
15246
15259
15267
15274
15275
15278
15280
15281
15295
15301
15305
15306
15307
15309
15315
15316
15317
15320
15327
15332
15336
15338
15340
15342
15344
15348
15351
15352
15354
15358
15359
15369
15371
15373
15375
15377
15381
15389
15390
15391
15393
15397
15407
15408
15410
15411
15421
15422
15446
15453
15460
15468
15472
15477
15480
15493
15495
15498
15500
15503
15512
15526
15530
15539
15540
15541
15544
15553
15560
15573
15593
15596
15599
15603
15606
15611
15612
15614
15617
15618
15634
15637
15638
15639
15642
15644
15648
15653
15656
15659
15662
15670
15685
15691
15706
15712
15714
15716
15722
15734
15743
15762
15765
15767
15769
15771
15773
15777
15787
15792
15797
15800
15806
15810
15823
15827
15829
15831
15832
15836
15842
15848
15856
15862
15870
15872
15876
15883
15885
15887
15888
15894
15903
15905
15909
15917
15919
15925
15926
15929
15948
15950
15958
15959
15961
15963
15968
15972
15973
15975
15976
15981
15982
15989
15993
15995
16001
16002
16007
16016
16021
16028
16030
16034
16038
16044
16045
16050
16052
16055
16062
16071
16076
16080
16086
16091
16101
16104
16105
16109
16111
16112
16115
16116
16119
16120
16122
16124
16127
16129
16130
16137
16144
16149
16150
16151
16158
16174
16177
16179
16185
16196
16205
16207
16221
16222
16248
16251
16253
16257
16258
16263
16266
16271
16276
16279
16282
16286
16287
16288
16291
16294
16302
16306
16325
16333
16335
16340
16349
16352
16357
16358
16360
16361
16365
16381
16386
16393
16394
16397
16399
16401
16406
16407
16408
16415
16420
16423
16424
16427
16435
16438
16442
16443
16452
16455
16460
16463
16475
16482
16485
16487
16492
16500
16503
16510
16527
16529
16540
16543
16544
16552
16553
16554
16555
16558
16571
16573
16579
16581
16582
16583
16588
16593
16596
16597
16607
16611
16613
16622
16624
16637
16639
16646
16647
16658
16666
16670
16679
16682
16684
16686
16693
16696
16697
16700
16706
16714
16717
16722
16726
16727
16738
16742
16748
16749
16763
16764
16767
16771
16772
16776
16777
16784
16790
16792
16797
16799
16805
16806
16807
16808
16810
16812
16817
16828
16836
16842
16844
16845
16846
16853
16862
16863
16867
16869
16874
16875
16879
16884
16885
16889
16892
16907
16910
16918
16920
16925
16933
16934
16938
16940
16945
16950
16954
16958
16959
16962
16972
16975
16981
16986
16987
16989
16992
16993
16995
16997
17004
17005
17006
17011
17016
17018
17020
17022
17031
17037
17040
17056
17064
17072
17073
17076
17077
17089
17097
17100
17101
17112
17115
17117
17119
17120
17135
17139
17143
17144
17148
17152
17161
17168
17173
17177
17180
17181
17186
17188
17192
17197
17200
17207
17209
17211
17215
17216
17222
17223
17224
17227
17230
17232
17233
17234
17235
17248
17258
17259
17261
17263
17268
17269
17275
17285
17287
17292
17293
17296
17297
17299
17300
17301
17304
17305
17321
17334
17335
17336
17338
17340
17350
17354
17358
17359
17364
17365
17369
17371
17373
17380
17386
17387
17389
17392
17394
17396
17397
17398
17399
17402
17404
17408
17411
17415
17426
17430
17432
17438
17441
17442
17443
17445
17450
17456
17457
17458
17460
17461
17470
17472
17473
17476
17482
17492
17493
17495
17498
17506
17507
17527
17531
17539
17541
17542
17546
17549
17551
17552
17557
17561
17569
17572
17575
17577
17578
17583
17593
17595
17596
17613
17617
17620
17621
17629
17633
17639
17641
17647
17651
17653
17654
17655
17656
17666
17667
17669
17675
17690
17693
17697
17698
17704
17715
17726
17736
17739
17740
17744
17746
17749
17755
17757
17758
17759
17763
17766
17768
17776
17783
17795
17797
17799
17801
17807
17808
17811
17812
17813
17819
17821
17824
17825
17831
17833
17837
17840
17846
17851
17858
17859
17860
17873
17876
17879
17882
17892
17895
17896
17912
17913
17918
17922
17928
17929
17933
17936
17937
17939
17942
17954
17956
17968
17971
17979
17984
17987
17997
18000
18006
18012
18013
18014
18015
18021
18032
18036
18037
18038
18043
18044
18045
18051
18064
18068
18070
18074
18077
18082
18091
18097
18098
18101
18106
18107
18109
18114
18121
18123
18129
18132
18139
18143
18147
18157
18158
18159
18161
18162
18172
18174
18180
18187
18190
18191
18198
18208
18209
18212
18215
18216
18221
18232
18239
18241
18242
18243
18252
18272
18285
18296
18297
18299
18303
18304
18308
18312
18323
18324
18327
18331
18336
18341
18346
18348
18353
18360
18363
18367
18371
18373
18376
18392
18401
18411
18416
18424
18426
18437
18441
18443
18446
18448
18458
18472
18480
18481
18484
18487
18489
18494
18495
18506
18509
18510
18515
18519
18525
18527
18528
18531
18532
18533
18537
18542
18551
18558
18569
18571
18572
18573
18574
18575
18577
18580
18585
18592
18606
18610
18616
18619
18620
18622
18625
18630
18632
18644
18650
18669
18674
18675
18681
18688
18691
18693
18696
18699
18700
18702
18705
18706
18716
18720
18721
18727
18732
18737
18738
18743
18753
18754
18757
18758
18779
18782
18790
18791
18792
18794
18799
18800
18802
18807
18814
18816
18818
18825
18830
18831
18843
18851
18852
18861
18864
18869
18870
18872
18877
18881
18882
18883
18884
18887
18893
18907
18916
18918
18921
18925
18926
18935
18936
18937
18939
18940
18943
18945
18947
18950
18953
18954
18956
18957
18959
18962
18970
18973
18976
18977
18980
18985
18986
18988
18995
18997
18998
19007
19008
19014
19015
19019
19024
19027
19029
19030
19034
19037
19044
19046
19049
19050
19052
19058
19059
19060
19067
19075
19076
19079
19080
19089
19090
19093
19095
19098
19100
19110
19114
19115
19118
19122
19124
19132
19133
19136
19147
19148
19150
19153
19160
19161
19163
19167
19168
19171
19174
19186
19187
19189
19202
19203
19204
19208
19210
19216
19217
19223
19225
19231
19232
19234
19235
19237
19243
19245
19246
19249
19251
19253
19254
19261
19262
19271
19272
19282
19294
19296
19297
19298
19304
19308
19313
19317
19318
19319
19328
19330
19333
19334
19336
19338
19339
19344
19346
19349
19358
19363
19367
19374
19377
19378
19382
19384
19387
19390
19393
19394
19395
19401
19402
19404
19405
19409
19410
19411
19414
19417
19420
19423
19428
19429
19437
19440
19442
19447
19450
19453
19455
19461
19463
19467
19468
19471
19473
19475
19476
19478
19479
19483
19485
19490
19494
19500
19506
19509
19515
19518
19520
19524
19526
19527
19529
19533
19534
19536
19537
19538
19545
19546
19547
19548
19549
19559
19560
19561
19565
19567
19568
19572
19575
19584
19591
19595
19600
19603
19609
19616
19618
19619
19621
19632
19635
19639
19640
19648
19652
19653
19662
19666
19671
19672
19674
19676
19680
19683
19685
19686
19692
19697
19698
19699
19703
19704
19707
19709
19710
19713
19719
19732
19734
19735
19738
19739
19740
19741
19744
19749
19750
19758
19759
19764
19766
19769
19783
19784
19791
19795
19796
19797
19803
19805
19806
19808
19810
19811
19815
19818
19821
19822
19828
19832
19836
19841
19857
19875
19878
19884
19896
19906
19913
19918
19919
19921
19935
19937
19940
19942
19943
19944
19953
19954
19960
19964
19965
19967
19971
19976
19977
19980
19981
19986
19987
19988
19990
19996
20002
20003
20005
20006
20015
20020
20030
20032
20041
20042
20056
20061
20062
20072
20073
20076
20080
20086
20089
20090
20093
20094
20097
20100
20101
20108
20112
20115
20118
20122
20123
20129
20139
20147
20150
20152
20153
20158
20159
20168
20172
20177
20180
20181
20182
20185
20186
20187
20189
20193
20195
20196
20197
20198
20206
20208
20210
20219
20226
20228
20232
20233
20238
20239
20243
20244
20245
20249
20250
20259
20260
20262
20266
20269
20271
20272
20274
20275
20276
20278
20280
20290
20300
20301
20308
20310
20313
20314
20315
20316
20322
20323
20327
20329
20330
20335
20336
20340
20348
20349
20355
20361
20365
20366
20367
20369
20370
20380
20384
20387
20393
20394
20399
20401
20402
20407
20409
20410
20411
20413
20414
20415
20416
20417
20425
20426
20427
20435
20436
20439
20440
20442
20446
20447
20448
20449
20450
20453
20459
20462
20464
20473
20475
20481
20482
20483
20490
20492
20498
20512
20513
20515
20517
20521
20525
20526
20528
20531
20536
20537
20542
20543
20546
20548
20553
20556
20558
20562
20567
20569
20570
20571
20577
20579
20584
20585
20586
20587
20591
20594
20598
20626
20627
20629
20631
20633
20641
20642
20643
20644
20645
20649
20650
20651
20652
20659
20661
20664
20666
20668
20674
20676
20678
20681
20682
20684
20685
20687
20688
20693
20694
20701
20703
20705
20706
20707
20710
20711
20714
20717
20719
20720
20722
20723
20730
20732
20733
20735
20736
20738
20739
20740
20746
20749
20754
20756
20763
20765
20767
20770
20775
20778
20779
20782
20783
20787
20791
20793
20797
20802
20803
20811
20815
20817
20820
20821
20825
20826
20827
20833
20836
20837
20841
20842
20844
20845
20850
20851
20858
20859
20864
20868
20871
20873
20874
20877
20878
20880
20885
20888
20894
20896
20897
20899
20900
20907
20908
20909
20910
20912
20916
20917
20920
20922
20924
20926
20927
20928
20931
20937
20938
20940
20941
20942
20951
20963
20966
20969
20972
20974
20975
20978
20979
20982
20985
20991
20993
20996
20998
20999
21002
21003
21012
21014
21021
21022
21023
21024
21029
21030
21033
21034
21035
21039
21041
21043
21045
21046
21047
21051
21060
21064
21065
21068
21070
21075
21077
21081
21082
21083
21084
21086
21088
21091
21098
21103
21112
21113
21114
21117
21119
21124
21125
21127
21131
21132
21136
21138
21140
21144
21147
21148
21151
21158
21161
21163
21169
21174
21175
21182
21185
21186
21190
21196
21211
21214
21215
21222
21227
21228
21231
21233
21239
21241
21245
21247
21261
21262
21263
21264
21266
21271
21274
21277
21278
21281
21288
21289
21290
21294
21296
21297
21298
21299
21303
21307
21308
21310
21315
21316
21317
21320
21321
21325
21327
21328
21331
21332
21336
21337
21338
21340
21341
21343
21347
21348
21349
21350
21351
21353
21356
21359
21363
21367
21368
21377
21380
21381
21383
21384
21385
21388
21389
21390
21394
21401
21407
21411
21414
21418
21423
21424
21426
21427
21428
21431
21436
21440
21444
21446
21447
21459
21461
21462
21463
21465
21466
21472
21473
21475
21478
21479
21480
21481
21483
21486
21488
21493
21499
21504
21509
21511
21512
21515
21521
21524
21528
21531
21533
21535
21536
21541
21545
21550
21551
21558
21566
21571
21575
21581
21586
21589
21593
21594
21595
21596
21597
21601
21604
21605
21606
21608
21612
21619
21621
21623
21627
21629
21634
21636
21637
21639
21643
21646
21649
21655
21660
21663
21666
21669
21670
21675
21676
21677
21679
21680
21682
21686
21690
21701
21702
21704
21707
21709
21713
21715
21717
21720
21721
21724
21725
21728
21729
21730
21733
21736
21739
21741
21746
21752
21756
21761
21763
21765
21771
21777
21781
21787
21790
21791
21794
21797
21798
21800
21802
21803
21804
21808
21813
21819
21822
21824
21828
21830
21832
21835
21836
21841
21842
21844
21846
21847
21850
21855
21865
21868
21869
21876
21884
21885
21886
21887
21896
21898
21899
21902
21910
21914
21915
21919
21922
21923
21925
21929
21932
21938
21943
21947
21948
21952
21965
21974
21978
21979
21982
21992
21994
21996
22005
22008
22009
22010
22012
22017
22022
22027
22028
22030
22032
22038
22039
22041
22044
22045
22046
22048
22049
22050
22060
22063
22065
22067
22068
22070
22072
22074
22075
22080
22081
22087
22088
22090
22091
22094
22096
22098
22100
22104
22107
22115
22116
22117
22119
22120
22126
22131
22132
22133
22135
22136
22138
22141
22147
22156
22158
22162
22163
22164
22166
22167
22169
22170
22171
22172
22174
22177
22180
22181
22182
22187
22188
22191
22195
22196
22197
22201
22205
22219
22220
22224
22228
22232
22234
22238
22243
22247
22249
22253
22255
22256
22257
22259
22263
22264
22265
22266
22267
22268
22269
22273
22274
22277
22279
22281
22283
22286
22287
22290
22294
22301
22302
22303
22304
22306
22308
22309
22315
22316
22322
22323
22326
22327
22328
22331
22334
22335
22336
22337
22338
22342
22343
22344
22345
22349
22350
22351
22353
22354
22356
22357
22361
22363
22367
22368
22370
22372
22373
22375
22376
22377
22380
22383
22384
22386
22387
22388
22389
22391
22393
22394
22395
22397
22398
22404
22405
22406
22407
22412
22414
22416
22418
22420
22422
22430
22431
22433
22437
22439
22442
22443
22445
22447
22448
22450
22453
22454
22455
22457
22460
22462
22465
22466
22470
22476
22477
22479
22482
22484
22485
22486
22489
22491
22494
22495
22496
22498
22506
22507
22510
22512
22516
22517
22518
22520
22522
22526
22527
22528
22536
22539
22541
22543
22544
22548
22549
22550
22556
22557
22558
22559
22560
22561
22562
22563
22565
22570
22572
22574
22575
22578
22579
22580
22581
22583
22585
22588
22595
22600
22601
22605
22607
22608
22609
22613
22615
22616
22617
22619
22623
22624
22627
22629
22630
22631
22632
22633
22634
22638
22641
22645
22647
22650
22654
22657
22659
22660
22661
22662
22663
22664
22666
22667
22669
22673
22675
22682
22684
22689
22690
22693
22694
22696
22697
22698
22700
22701
22702
22703
22704
22708
22713
22735
22737
22740
22741
22742
22743
22744
22746
22748
22751
22754
22755
22756
22760
22761
22766
22768
22770
22771
22774
22775
22778
22780
22782
22783
22784
22791
22792
22793
22794
22795
22796
22797
22800
22804
22805
22808
22810
22812
22814
22823
22824
22826
22827
22832
22833
22836
22842
22845
22847
22848
22850
22851
22854
22855
22858
22861
22862
22864
22866
22870
22871
22876
22877
22880
22888
22891
22893
22894
22900
22903
22905
22909
22912
22913
22926
22927
22933
22937
22940
22949
22953
22954
22955
22957
22959
22961
22962
22963
22964
22965
22970
22976
22977
22981
22983
22984
22986
22988
22992
22995
22998
23000
23002
23004
23013
23020
23023
23028
23029
23030
23032
23034
23039
23043
23044
23046
23047
23048
23052
23054
23055
23057
23058
23064
23065
23067
23070
23073
23074
23075
23079
23085
23088
23089
23091
23093
23096
23101
23108
23109
23113
23114
23115
23116
23119
23121
23122
23123
23133
23134
23137
23138
23139
23140
23141
23142
23149
23151
23154
23157
23163
23167
23169
23171
23173
23176
23178
23180
23182
23185
23190
23192
23196
23197
23204
23205
23207
23209
23211
23212
23213
23215
23216
23217
23218
23219
23220
23227
23228
23230
23232
23235
23237
23239
23242
23245
23248
23256
23257
23263
23264
23265
23266
23267
23270
23271
23272
23273
23274
23275
23277
23278
23280
23281
23284
23289
23290
23291
23292
23293
23297
23299
23308
23309
23310
23313
23319
23320
23322
23327
23329
23332
23341
23343
23349
23351
23353
23356
23357
23359
23360
23362
23365
23366
23368
23373
23375
23376
23381
23383
23384
23385
23386
23388
23390
23395
23396
23398
23399
23400
23401
23405
23407
23408
23411
23413
23416
23418
23419
23421
23423
23425
23427
23428
23429
23432
23440
23442
23443
23445
23447
23452
23454
23456
23457
23458
23461
23462
23469
23470
23474
23477
23479
23482
23484
23485
23487
23490
23491
23492
23494
23495
23499
23504
23506
23507
23514
23515
23519
23522
23523
23524
23527
23528
23533
23537
23540
23544
23547
23549
23551
23552
23554
23555
23556
23557
23559
23561
23566
23569
23570
23576
23583
23584
23586
23593
23594
23595
23596
23597
23601
23603
23606
23610
23611
23615
23619
23620
23622
23623
23626
23627
23630
23631
23632
23633
23635
23636
23637
23640
23643
23646
23647
23649
23650
23657
23659
23661
23664
23666
23670
23674
23676
23678
23688
23690
23698
23701
23703
23708
23710
23712
23715
23717
23722
23724
23727
23728
23729
23731
23734
23736
23737
23741
23744
23745
23747
23748
23749
23752
23753
23754
23755
23756
23757
23762
23764
23772
23774
23775
23776
23778
23785
23787
23790
23794
23795
23796
23797
23799
23804
23807
23809
23813
23814
23816
23827
23831
23835
23836
23838
23839
23846
23849
23852
23854
23855
23856
23857
23861
23869
23870
23871
23873
23877
23878
23879
23880
23882
23883
23886
23888
23889
23890
23892
23894
23895
23899
23900
23902
23903
23905
23906
23909
23912
23915
23916
23917
23919
23921
23923
23925
23928
23931
23933
23939
23940
23942
23944
23945
23946
23947
23951
23955
23956
23957
23960
23963
23964
23967
23968
23970
23971
23973
23974
23977
23979
23991
23992
23995
23998
24000
24001
24003
24004
24006
24008
24015
24016
24017
24018
24019
24022
24027
24028
24032
24033
24034
24036
24038
24040
24043
24047
24048
24049
24050
24067
24075
24081
24088
24090
24091
24094
24096
24100
24102
24105
24107
24108
24109
24112
24114
24115
24120
24121
24124
24129
24133
24134
24140
24142
24143
24144
24145
24155
24156
24157
24158
24159
24162
24164
24165
24167
24168
24169
24173
24178
24179
24180
24184
24185
24187
24193
24195
24202
24205
24213
24214
24215
24217
24219
24221
24222
24225
24230
24237
24241
24242
24245
24247
24248
24249
24250
24252
24254
24255
24256
24259
24260
24265
24267
24272
24276
24277
24278
24282
24290
24292
24293
24295
24299
24300
24304
24305
24307
24309
24313
24315
24319
24320
24321
24322
24325
24328
24329
24330
24331
24334
24337
24339
24344
24346
24347
24352
24355
24356
24360
24363
24368
24370
24377
24378
24381
24383
24387
24390
24391
24392
24393
24398
24400
24403
24409
24411
24412
24413
24414
24415
24418
24419
24420
24425
24426
24428
24433
24435
24436
24437
24441
24444
24445
24447
24448
24450
24453
24456
24457
24458
24460
24471
24476
24477
24478
24482
24483
24488
24495
24501
24502
24504
24510
24512
24513
24514
24515
24516
24518
24522
24526
24527
24529
24540
24543
24544
24553
24557
24561
24562
24565
24569
24570
24571
24572
24574
24575
24576
24578
24579
24584
24585
24587
24589
24591
24592
24593
24594
24595
24597
24599
24600
24601
24602
24603
24604
24607
24610
24611
24612
24613
24616
24617
24618
24620
24622
24623
24624
24625
24627
24628
24629
24630
24631
24632
24633
24634
24635
24636
24637
24638
24639
24640
24641
24642
24659
24660
24663
24664
24667
24669
24670
24671
24672
24677
24678
24679
24681
24683
24685
24687
24688
24692
24693
24694
24695
24696
24698
24699
24700
24701
24702
24703
24706
24707
24708
24709
24710
24715
24718
24719
24720
24721
24722
24724
24726
24727
24731
24736
24739
24740
24742
24743
24746
24747
24748
24752
24753
24754
24760
24764
24768
24769
24771
24772
24774
24775
24776
24779
24781
24787
24788
24789
24794
24795
24796
24798
24801
24802
24806
24808
24810
24811
24814
24815
24816
24818
24820
24821
24822
24823
24825
24826
24829
24832
24833
24834
24837
24840
24842
24843
24844
24849
24850
24852
24865
24866
24869
24870
24871
24875
24876
24877
24878
24884
24885
24886
24888
24895
24904
24910
24913
24914
24918
24920
24922
24924
24928
24929
24932
24934
24935
24939
24942
24947
24952
24958
24959
24960
24964
24965
24966
24969
24970
24971
24973
24976
24978
24980
24982
24991
24996
25001
25002
25007
25008
25012
25015
25016
25019
25021
25024
25025
25026
25028
25030
25031
25033
25034
25038
25041
25050
25052
25062
25064
25068
25069
25073
25075
25076
25077
25083
25084
25085
25086
25089
25093
25094
25095
25099
25101
25110
25111
25115
25118
25120
25121
25122
25124
25126
25127
25128
25133
25134
25135
25136
25137
25138
25142
25144
25145
25146
25148
25149
25160
25161
25162
25163
25164
25169
25173
25174
25176
25178
25184
25186
25187
25194
25195
25201
25202
25204
25208
25212
25213
25214
25215
25226
25227
25229
25233
25234
25235
25237
25241
25244
25245
25247
25248
25249
25251
25252
25255
25261
25262
25263
25265
25275
25276
25277
25278
25282
25283
25287
25288
25290
25293
25294
25296
25298
25299
25301
25302
25303
25307
25310
25311
25314
25315
25319
25320
25321
25326
25336
25337
25339
25341
25345
25348
25351
25356
25359
25360
25361
25363
25372
25373
25375
25377
25379
25380
25381
25382
25383
25384
25388
25389
25392
25395
25403
25406
25407
25411
25414
25422
25427
25429
25430
25431
25432
25433
25438
25439
25440
25442
25443
25444
25446
25450
25457
25459
25460
25462
25468
25469
25470
25472
25473
25475
25476
25478
25479
25480
25483
25484
25485
25487
25489
25493
25496
25497
25498
25502
25505
25507
25510
25516
25520
25521
25526
25527
25535
25538
25540
25543
25545
25549
25551
25552
25554
25555
25556
25557
25562
25564
25569
25571
25576
25577
25580
25583
25584
25587
25593
25596
25599
25600
25602
25603
25605
25606
25608
25609
25611
25613
25615
25619
25621
25624
25627
25630
25632
25633
25636
25638
25639
25642
25645
25651
25655
25661
25664
25665
25666
25670
25677
25678
25679
25680
25683
25684
25685
25690
25691
25693
25695
25696
25705
25708
25709
25710
25714
25719
25720
25722
25723
25725
25727
25729
25731
25732
25734
25736
25737
25738
25739
25741
25742
25743
25746
25753
25756
25758
25759
25760
25762
25764
25768
25772
25773
25776
25779
25785
25788
25791
25792
25795
25798
25799
25801
25802
25803
25807
25811
25816
25817
25818
25819
25825
25827
25833
25834
25835
25838
25846
25848
25849
25853
25856
25857
25861
25862
25865
25867
25871
25872
25874
25875
25877
25881
25885
25887
25888
25889
25894
25895
25897
25900
25903
25904
25906
25907
25908
25909
25910
25912
25914
25918
25919
25920
25922
25927
25928
25931
25937
25939
25941
25942
25944
25948
25950
25954
25955
25956
25962
25963
25966
25967
25971
25972
25975
25976
25977
25980
25981
25984
25985
25987
25989
25990
25996
25998
26004
26005
26006
26007
26008
26010
26014
26015
26016
26017
26020
26021
26023
26024
26029
26031
26033
26037
26038
26040
26043
26044
26047
26049
26056
26057
26061
26062
26063
26064
26067
26070
26071
26072
26073
26074
26076
26084
26086
26087
26091
26094
26097
26101
26110
26111
26113
26114
26116
26118
26121
26122
26124
26125
26127
26128
26130
26131
26134
26135
26136
26141
26142
26143
26148
26149
26150
26151
26153
26155
26156
26158
26159
26160
26161
26167
26168
26169
26170
26171
26173
26178
26179
26180
26183
26185
26189
26192
26194
26196
26197
26201
26202
26203
26204
26206
26209
26210
26211
26212
26213
26216
26220
26223
26224
26226
26227
26228
26230
26231
26235
26238
26239
26241
26245
26246
26247
26250
26252
26256
26259
26264
26268
26269
26270
26272
26282
26283
26284
26286
26288
26292
26294
26295
26299
26301
26302
26304
26307
26308
26309
26311
26315
26316
26318
26319
26321
26322
26323
26324
26325
26326
26328
26329
26336
26337
26338
26342
26344
26350
26351
26355
26356
26365
26367
26372
26373
26375
26377
26384
26386
26388
26389
26390
26394
26395
26396
26401
26402
26403
26406
26408
26413
26417
26420
26421
26422
26426
26427
26428
26430
26431
26432
26433
26438
26440
26445
26448
26452
26453
26454
26455
26456
26457
26462
26463
26466
26467
26469
26470
26473
26474
26477
26480
26485
26488
26489
26490
26491
26494
26495
26496
26500
26501
26506
26507
26508
26510
26512
26520
26521
26522
26523
26527
26530
26532
26536
26537
26538
26539
26543
26545
26548
26553
26554
26558
26563
26565
26566
26568
26571
26572
26574
26575
26579
26580
26582
26585
26587
26589
26590
26592
26599
26603
26607
26609
26612
26613
26617
26622
26623
26628
26630
26633
26635
26639
26647
26649
26656
26657
26658
26659
26662
26668
26670
26671
26672
26673
26674
26678
26683
26685
26687
26690
26695
26701
26705
26710
26713
26714
26715
26719
26723
26725
26726
26729
26731
26732
26738
26741
26745
26746
26748
26753
26755
26756
26757
26758
26759
26763
26764
26765
26767
26768
26769
26770
26771
26772
26773
26774
26775
26777
26778
26779
26780
26781
26784
26789
26791
26795
26797
26798
26799
26804
26805
26806
26808
26809
26810
26812
26813
26816
26817
26820
26824
26825
26829
26832
26834
26842
26844
26846
26847
26848
26849
26852
26853
26854
26855
26856
26857
26858
26860
26861
26862
26864
26866
26871
26872
26873
26875
26879
26880
26881
26883
26884
26887
26889
26893
26894
26895
26896
26897
26900
26904
26905
26907
26908
26912
26913
26916
26917
26918
26921
26923
26930
26934
26936
26938
26941
26942
26951
26952
26955
26957
26958
26959
26961
26965
26967
26972
26975
26976
26980
26981
26983
26984
26987
26992
26993
26994
26997
26999
27001
27005
27006
27009
27012
27021
27023
27024
27026
27028
27029
27030
27032
27035
27036
27038
27040
27041
27043
27048
27051
27052
27053
27054
27056
27057
27060
27062
27066
27069
27074
27076
27077
27078
27079
27083
27084
27087
27088
27090
27092
27094
27097
27099
27100
27103
27108
27110
27111
27112
27113
27114
27115
27120
27123
27124
27129
27131
27132
27136
27137
27138
27139
27140
27141
27143
27144
27147
27150
27153
27156
27160
27163
27164
27165
27166
27168
27169
27171
27172
27175
27179
27181
27182
27184
27185
27188
27189
27191
27194
27195
27197
27198
27205
27207
27209
27210
27212
27214
27220
27221
27222
27225
27229
27231
27234
27235
27239
27241
27243
27244
27246
27247
27248
27250
27255
27256
27257
27258
27259
27261
27263
27265
27269
27271
27272
27273
27274
27280
27283
27285
27287
27288
27294
27295
27299
27302
27304
27305
27310
27311
27312
27313
27315
27321
27323
27324
27325
27326
27327
27328
27330
27331
27332
27333
27334
27335
27340
27341
27343
27346
27349
27350
27351
27352
27354
27356
27357
27361
27363
27367
27368
27370
27372
27374
27375
27378
27381
27383
27385
27387
27388
27389
27390
27392
27393
27394
27395
27396
27397
27399
27400
27401
27402
27405
27409
27410
27411
27413
27414
27415
27417
27420
27422
27427
27428
27429
27431
27434
27436
27439
27440
27442
27444
27451
27454
27456
27460
27462
27464
27466
27467
27469
27471
27473
27475
27476
27477
27478
27479
27484
27486
27488
27490
27491
27492
27495
27499
27501
27505
27509
27511
27512
27514
27515
27519
27521
27523
27524
27526
27529
27530
27536
27541
27545
27548
27549
27550
27554
27556
27557
27558
27563
27564
27565
27567
27568
27569
27571
27572
27573
27574
27575
27577
27578
27579
27583
27586
27587
27588
27591
27592
27593
27594
27595
27596
27601
27604
27606
27608
27610
27613
27614
27615
27616
27617
27620
27626
27627
27631
27633
27636
27637
27639
27640
27641
27643
27644
27645
27649
27650
27651
27653
27654
27656
27657
27658
27659
27666
27667
27668
27670
27673
27674
27677
27679
27681
27682
27683
27684
27687
27691
27692
27693
27695
27696
27697
27702
27703
27708
27709
27710
27711
27712
27713
27717
27718
27719
27720
27722
27725
27727
27729
27732
27733
27735
27736
27738
27739
27741
27742
27743
27744
27745
27746
27748
27749
27750
27756
27758
27759
27760
27762
27763
27764
27765
27767
27769
27772
27773
27774
27775
27776
27779
27782
27783
27787
27790
27792
27794
27799
27801
27802
27803
27804
27805
27807
27809
27810
27816
27820
27821
27822
27823
27825
27826
27828
27832
27840
27841
27846
27848
27849
27853
27854
27860
27865
27872
27873
27874
27878
27882
27884
27888
27890
27891
27894
27898
27899
27903
27910
27911
27915
27916
27917
27918
27920
27921
27923
27927
27931
27932
27935
27937
27940
27941
27950
27953
27954
27955
27956
27959
27960
27962
27965
27967
27968
27972
27973
27974
27976
27978
27979
27980
27982
27984
27985
27988
27991
27996
27997
28000
28002
28003
28005
28007
28010
28014
28016
28017
28024
28027
28030
28031
28034
28038
28046
28052
28054
28055
28056
28057
28059
28065
28068
28069
28070
28071
28072
28074
28077
28079
28080
28088
28089
28092
28095
28098
28102
28106
28108
28110
28112
28113
28114
28117
28120
28124
28125
28126
28130
28133
28135
28137
28140
28142
28143
28146
28147
28149
28152
28154
28155
28156
28158
28159
28164
28168
28169
28172
28175
28176
28181
28182
28186
28192
28193
28197
28198
28199
28202
28205
28206
28207
28208
28213
28215
28219
28220
28221
28223
28225
28226
28229
28230
28232
28233
28237
28238
28244
28245
28247
28248
28250
28251
28252
28254
28255
28258
28260
28261
28268
28271
28273
28275
28276
28277
28279
28280
28284
28285
28286
28288
28292
28293
28294
28295
28307
28309
28311
28312
28315
28316
28318
28323
28326
28329
28332
28334
28335
28336
28343
28344
28345
28348
28349
28350
28351
28352
28353
28355
28357
28358
28365
28369
28370
28371
28373
28378
28379
28383
28384
28387
28389
28390
28402
28410
28413
28416
28422
28423
28424
28428
28429
28430
28432
28436
28440
28442
28443
28444
28449
28450
28451
28455
28458
28459
28467
28469
28470
28477
28480
28481
28483
28487
28488
28489
28490
28492
28505
28509
28511
28513
28514
28517
28519
28520
28521
28524
28526
28529
28533
28534
28537
28539
28541
28543
28547
28549
28552
28560
28564
28565
28567
28568
28572
28573
28574
28577
28580
28581
28582
28587
28588
28590
28592
28593
28598
28600
28606
28613
28614
28615
28616
28617
28621
28623
28625
28627
28634
28636
28642
28643
28645
28647
28649
28651
28658
28661
28662
28665
28668
28670
28674
28676
28683
28685
28687
28688
28690
28691
28692
28696
28697
28703
28710
28711
28712
28713
28715
28719
28723
28724
28733
28740
28741
28742
28746
28747
28749
28752
28754
28759
28762
28765
28767
28769
28771
28773
28774
28775
28778
28779
28780
28781
28785
28787
28789
28790
28791
28794
28796
28800
28804
28807
28811
28814
28817
28818
28819
28820
28821
28822
28827
28829
28830
28833
28845
28847
28849
28850
28851
28853
28854
28859
28861
28863
28866
28869
28878
28879
28888
28894
28896
28899
28900
28902
28905
28906
28907
28909
28910
28914
28928
28929
28936
28938
28946
28950
28953
28954
28965
28966
28975
28981
28982
28984
28986
28987
28991
28992
28994
28995
28997
29000
29003
29004
29007
29008
29009
29014
29015
29018
29019
29020
29026
29027
29028
29029
29035
29036
29052
29053
29054
29058
29061
29065
29069
29079
29080
29083
29084
29087
29088
29089
29091
29092
29096
29097
29099
29103
29107
29110
29114
29117
29119
29122
29124
29125
29127
29128
29132
29137
29138
29146
29154
29156
29163
29173
29174
29175
29183
29185
29186
29188
29190
29192
29194
29195
29196
29197
29199
29201
29202
29204
29207
29209
29210
29214
29215
29218
29220
29224
29225
29230
29233
29241
29243
29247
29250
29251
29253
29262
29269
29270
29273
29276
29279
29282
29284
29294
29296
29297
29302
29304
29306
29312
29313
29315
29318
29321
29322
29324
29327
29334
29336
29344
29347
29349
29350
29367
29368
29369
29372
29373
29375
29378
29380
29381
29382
29383
29384
29385
29386
29388
29403
29409
29410
29413
29420
29426
29427
29429
29430
29433
29434
29440
29441
29444
29446
29449
29451
29452
29456
29459
29460
29462
29471
29474
29476
29477
29480
29483
29485
29490
29491
29492
29493
29497
29498
29499
29503
29504
29505
29506
29507
29508
29511
29512
29516
29521
29527
29531
29533
29535
29542
29543
29550
29554
29555
29556
29558
29560
29563
29565
29568
29569
29571
29575
29580
29584
29586
29591
29593
29594
29597
29609
29614
29616
29618
29622
29627
29628
29632
29633
29635
29636
29639
29641
29643
29644
29646
29647
29648
29649
29650
29654
29658
29659
29661
29666
29671
29672
29675
29680
29682
29684
29687
29694
29695
29698
29702
29703
29705
29710
29714
29719
29722
29723
29724
29725
29726
29733
29736
29737
29739
29741
29743
29744
29745
29748
29749
29751
29753
29757
29759
29769
29776
29801
29802
29804
29808
29810
29816
29822
29823
29824
29829
29831
29839
29844
29846
29847
29848
29853
29858
29860
29861
29862
29863
29873
29889
29891
29899
29906
29910
29914
29917
29920
29922
29925
29930
29935
29936
29938
29941
29946
29947
29954
29955
29957
29958
29959
29962
29964
29968
29971
29973
29975
29980
29986
29987
29992
29995
29999
30001
30002
30003
30006
30012
30014
30016
30021
30025
30029
30034
30038
30040
30041
30043
30044
30045
30046
30052
30057
30058
30059
30060
30067
30076
30081
30084
30085
30086
30087
30090
30093
30099
30100
30104
30105
30111
30113
30114
30123
30124
30127
30128
30133
30140
30143
30145
30146
30148
30152
30157
30158
30159
30171
30172
30181
30183
30185
30186
30190
30198
30199
30212
30219
30229
30233
30239
30241
30242
30249
30256
30260
30261
30262
30267
30270
30271
30274
30275
30277
30278
30279
30280
30281
30287
30292
30293
30301
30302
30303
30307
30309
30310
30311
30313
30317
30321
30323
30328
30329
30331
30335
30339
30342
30344
30348
30349
30350
30351
30352
30358
30366
30367
30369
30372
30374
30376
30379
30381
30382
30384
30385
30388
30389
30391
30396
30402
30403
30404
30407
30409
30410
30412
30414
30415
30416
30417
30422
30428
30429
30431
30435
30436
30438
30440
30446
30450
30451
30453
30456
30459
30464
30472
30479
30480
30484
30489
30491
30496
30497
30498
30500
30503
30505
30506
30511
30512
30513
30519
30520
30523
30528
30536
30537
30542
30544
30545
30547
30551
30558
30560
30562
30563
30568
30571
30572
30574
30583
30590
30593
30602
30607
30610
30615
30616
30620
30624
30631
30633
30635
30643
30654
30656
30661
30668
30670
30672
30677
30679
30680
30682
30684
30688
30693
30699
30708
30711
30713
30721
30725
30728
30729
30732
30735
30736
30737
30747
30753
30755
30760
30765
30767
30773
30777
30781
30783
30788
30790
30793
30796
30799
30806
30807
30810
30811
30813
30817
30822
30825
30826
30830
30837
30838
30844
30850
30852
30854
30855
30860
30861
30862
30863
30873
30874
30875
30877
30878
30880
30886
30889
30890
30891
30893
30894
30900
30906
30910
30915
30919
30920
30921
30922
30928
30929
30931
30935
30936
30947
30950
30951
30957
30959
30960
30962
30965
30967
30968
30971
30974
30980
30981
30983
30985
30987
30989
30992
30993
30996
31000
31001
31002
31008
31010
31015
31017
31018
31021
31027
31028
31030
31032
31043
31044
31050
31052
31065
31067
31069
31073
31083
31086
31094
31095
31103
31108
31109
31119
31121
31122
31125
31134
31143
31147
31148
31149
31151
31153
31154
31156
31160
31161
31166
31169
31172
31182
31183
31186
31190
31192
31198
31201
31202
31204
31206
31210
31211
31212
31216
31218
31220
31221
31224
31229
31230
31231
31235
31237
31239
31240
31241
31249
31251
31254
31259
31260
31262
31263
31265
31273
31274
31276
31277
31278
31289
31290
31291
31297
31299
31300
31302
31303
31306
31307
31314
31316
31325
31326
31332
31336
31348
31350
31352
31361
31362
31363
31368
31372
31377
31378
31388
31390
31393
31395
31397
31398
31399
31401
31402
31403
31404
31407
31408
31420
31421
31424
31425
31429
31431
31435
31438
31443
31445
31448
31449
31463
31466
31469
31471
31475
31480
31484
31487
31490
31495
31497
31499
31504
31505
31507
31508
31511
31512
31513
31518
31526
31528
31530
31537
31538
31542
31545
31551
31559
31563
31567
31572
31573
31575
31576
31577
31578
31579
31581
31586
31587
31589
31591
31595
31599
31603
31604
31607
31613
31623
31632
31634
31635
31637
31639
31640
31659
31663
31665
31666
31670
31672
31676
31677
31682
31684
31685
31689
31691
31701
31704
31707
31708
31709
31710
31711
31731
31732
31733
31735
31736
31740
31741
31744
31754
31758
31760
31763
31770
31773
31774
31779
31785
31791
31795
31796
31806
31807
31809
31812
31818
31819
31821
31827
31830
31831
31832
31834
31836
31837
31841
31842
31844
31845
31848
31854
31855
31856
31857
31860
31864
31874
31879
31883
31886
31887
31891
31906
31907
31913
31915
31917
31921
31923
31928
31930
31931
31932
31933
31937
31938
31943
31946
31947
31950
31951
31957
31960
31964
31971
31975
31978
31982
31984
31998
32001
32004
32005
32006
32008
32009
32010
32011
32016
32017
32028
32029
32033
32036
32044
32047
32049
32054
32055
32065
32071
32079
32080
32084
32097
32104
32108
32111
32120
32125
32127
32129
32131
32132
32135
32138
32140
32141
32142
32143
32146
32155
32159
32165
32166
32169
32170
32176
32177
32183
32185
32188
32190
32203
32213
32218
32219
32221
32223
32224
32226
32236
32237
32244
32251
32258
32259
32262
32263
32294
32295
32297
32298
32300
32302
32306
32307
32314
32318
32321
32322
32327
32329
32333
32338
32339
32346
32349
32356
32368
32373
32374
32375
32379
32380
32381
32385
32386
32387
32396
32401
32411
32414
32415
32416
32418
32419
32423
32425
32433
32437
32438
32444
32447
32450
32456
32461
32463
32485
32488
32492
32493
32495
32497
32502
32503
32506
32508
32511
32515
32516
32521
32524
32527
32530
32533
32547
32548
32554
32569
32570
32572
32574
32580
32583
32585
32587
32588
32589
32594
32596
32598
32600
32603
32614
32615
32617
32630
32632
32642
32643
32644
32651
32652
32654
32655
32656
32658
32665
32669
32671
32676
32677
32679
32685
32687
32690
32693
32696
32700
32703
32711
32714
32719
32723
32730
32736
32752
32754
32755
32762
32764
32767
32777
32778
32788
32791
32802
32809
32810
32811
32824
32825
32834
32840
32844
32847
32849
32864
32865
32867
32869
32870
32871
32874
32877
32878
32881
32884
32885
32887
32892
32893
32899
32900
32901
32902
32903
32905
32910
32913
32914
32917
32918
32922
32924
32926
32927
32929
32931
32934
32936
32939
32943
32945
32946
32951
32955
32960
32963
32975
32979
32982
32985
32986
32990
32993
32997
33004
33005
33009
33010
33015
33018
33021
33028
33030
33036
33039
33043
33045
33047
33048
33061
33062
33065
33067
33068
33069
33074
33076
33092
33096
33103
33107
33111
33133
33135
33140
33141
33142
33143
33148
33151
33153
33156
33158
33162
33164
33167
33168
33169
33179
33182
33187
33189
33191
33193
33198
33200
33202
33203
33217
33218
33220
33228
33235
33241
33245
33246
33248
33252
33255
33256
33260
33268
33271
33274
33288
33289
33290
33296
33297
33304
33309
33311
33312
33315
33316
33317
33318
33319
33320
33322
33330
33335
33336
33338
33339
33340
33341
33346
33349
33350
33351
33353
33362
33363
33369
33372
33373
33376
33379
33380
33382
33383
33386
33389
33393
33394
33395
33398
33399
33401
33402
33404
33406
33410
33413
33420
33422
33423
33427
33431
33432
33433
33435
33438
33439
33440
33441
33450
33453
33454
33463
33470
33473
33481
33496
33501
33504
33507
33511
33514
33517
33518
33521
33522
33524
33525
33526
33530
33533
33534
33535
33538
33540
33541
33543
33549
33550
33553
33557
33561
33563
33566
33567
33576
33580
33582
33586
33589
33591
33593
33595
33601
33603
33609
33611
33635
33643
33656
33661
33662
33665
33678
33683
33689
33691
33695
33697
33703
33704
33706
33713
33714
33715
33717
33718
33723
33733
33737
33738
33741
33742
33744
33749
33754
33755
33756
33758
33763
33767
33770
33771
33773
33787
33788
33789
33794
33798
33799
33800
33804
33808
33809
33811
33813
33816
33818
33821
33827
33830
33843
33844
33847
33852
33856
33857
33865
33868
33872
33874
33875
33886
33889
33896
33902
33905
33909
33916
33921
33922
33924
33933
33934
33946
33949
33957
33963
33967
33983
33989
33995
33999
34004
34005
34006
34011
34012
34016
34017
34022
34040
34045
34046
34051
34052
34058
34064
34065
34066
34069
34074
34075
34079
34086
34097
34101
34104
34107
34114
34117
34127
34129
34139
34141
34143
34152
34156
34166
34173
34176
34181
34188
34191
34195
34206
34219
34221
34223
34226
34230
34231
34232
34235
34237
34244
34248
34249
34250
34272
34277
34279
34280
34286
34287
34291
34292
34298
34301
34302
34305
34306
34307
34309
34313
34316
34326
34327
34329
34330
34335
34336
34340
34341
34343
34347
34364
34375
34378
34388
34392
34399
34402
34404
34406
34407
34417
34419
34423
34430
34435
34440
34442
34445
34446
34449
34460
34461
34470
34474
34475
34476
34477
34489
34491
34494
34495
34497
34498
34504
34509
34519
34525
34530
34532
34537
34538
34552
34557
34563
34565
34570
34571
34576
34577
34588
34595
34596
34599
34603
34606
34612
34613
34614
34617
34619
34620
34621
34628
34642
34645
34647
34648
34651
34655
34660
34663
34667
34668
34669
34680
34688
34709
34710
34716
34720
34723
34725
34732
34733
34738
34742
34746
34748
34753
34755
34760
34764
34767
34768
34769
34770
34771
34776
34783
34790
34793
34796
34797
34801
34813
34819
34821
34823
34828
34832
34834
34835
34839
34842
34844
34848
34852
34861
34862
34883
34889
34892
34895
34898
34900
34904
34905
34906
34921
34925
34928
34931
34934
34936
34940
34943
34945
34946
34949
34962
34968
34978
34981
34989
34990
34991
35004
35006
35007
35011
35012
35021
35023
35028
35029
35043
35044
35049
35053
35054
35057
35064
35065
35071
35072
35073
35083
35088
35091
35101
35102
35105
35108
35120
35125
35126
35127
35128
35131
35135
35136
35149
35157
35159
35162
35165
35168
35169
35186
35188
35189
35193
35196
35198
35200
35209
35214
35215
35218
35233
35234
35235
35238
35242
35250
35251
35253
35263
35267
35268
35271
35277
35282
35284
35295
35296
35298
35301
35302
35304
35306
35319
35324
35327
35333
35341
35344
35346
35365
35371
35372
35379
35383
35385
35386
35389
35390
35392
35396
35405
35414
35423
35427
35448
35450
35454
35456
35457
35464
35466
35493
35496
35508
35511
35515
35518
35525
35528
35533
35542
35549
35557
35559
35561
35565
35576
35578
35583
35587
35588
35597
35601
35602
35603
35605
35606
35615
35622
35625
35626
35627
35629
35645
35651
35653
35654
35658
35659
35662
35669
35672
35679
35696
35707
35709
35718
35719
35750
35755
35758
35759
35762
35764
35772
35773
35776
35780
35790
35794
35800
35801
35805
35806
35807
35811
35814
35815
35818
35827
35833
35835
35836
35839
35843
35847
35858
35859
35863
35865
35871
35880
35894
35901
35914
35921
35922
35931
35940
35944
35953
35954
35965
35978
35981
35985
35988
35990
35995
35997
36000
36003
36006
36011
36013
36014
36017
36022
36032
36042
36048
36053
36059
36066
36067
36078
36084
36087
36089
36092
36096
36097
36098
36100
36102
36104
36116
36138
36139
36140
36141
36144
36152
36154
36156
36157
36159
36161
36171
36177
36179
36182
36183
36191
36192
36195
36207
36211
36214
36218
36219
36229
36230
36245
36246
36248
36249
36250
36251
36252
36258
36264
36268
36275
36281
36283
36290
36301
36303
36313
36314
36315
36319
36323
36327
36332
36337
36344
36345
36350
36352
36358
36360
36368
36371
36372
36373
36380
36383
36385
36389
36398
36403
36425
36432
36437
36439
36440
36441
36442
36453
36454
36457
36459
36473
36484
36485
36486
36490
36499
36510
36519
36529
36543
36548
36551
36552
36554
36556
36564
36578
36582
36589
36593
36596
36597
36605
36609
36617
36620
36625
36627
36628
36633
36647
36648
36655
36656
36659
36662
36669
36676
36689
36694
36699
36700
36701
36702
36704
36708
36715
36721
36724
36738
36740
36741
36748
36755
36760
36763
36766
36769
36773
36774
36776
36781
36782
36784
36787
36788
36789
36797
36800
36805
36822
36824
36843
36848
36854
36857
36859
36863
36864
36867
36868
36875
36879
36880
36883
36901
36906
36913
36918
36922
36923
36926
36932
36934
36936
36959
36961
36964
36971
36975
36977
36978
36981
36989
37001
37003
37004
37010
37013
37018
37023
37028
37029
37040
37042
37044
37045
37051
37055
37056
37057
37066
37068
37072
37078
37100
37109
37123
37125
37133
37134
37135
37137
37161
37164
37165
37166
37181
37185
37189
37190
37193
37194
37195
37208
37213
37216
37217
37218
37220
37221
37230
37236
37237
37246
37252
37253
37268
37270
37272
37289
37291
37295
37297
37301
37303
37304
37311
37333
37334
37335
37337
37344
37363
37364
37368
37385
37394
37413
37415
37418
37419
37420
37423
37426
37428
37430
37436
37437
37446
37460
37467
37474
37480
37488
37492
37495
37497
37500
37502
37508
37516
37524
37526
37531
37532
37536
37540
37541
37551
37557
37558
37559
37578
37606
37611
37612
37615
37627
37628
37629
37632
37637
37646
37647
37665
37674
37675
37689
37691
37696
37704
37705
37710
37725
37726
37729
37730
37735
37736
37738
37739
37741
37752
37763
37768
37776
37779
37780
37785
37797
37799
37805
37813
37831
37842
37846
37859
37860
37861
37886
37900
37905
37910
37911
37912
37915
37918
37923
37947
37952
37954
37962
37964
37969
37970
37977
37982
37996
38000
38015
38025
38039
38045
38051
38056
38058
38062
38063
38066
38067
38069
38070
38072
38075
38076
38112
38116
38121
38122
38126
38135
38138
38144
38150
38162
38176
38178
38183
38187
38191
38197
38198
38202
38203
38204
38205
38213
38217
38219
38221
38229
38242
38244
38252
38256
38258
38259
38268
38269
38271
38275
38280
38287
38291
38292
38303
38305
38313
38317
38323
38328
38330
38346
38351
38353
38354
38360
38372
38374
38382
38390
38397
38402
38408
38412
38418
38423
38424
38437
38439
38446
38449
38459
38461
38465
38468
38469
38471
38472
38476
38481
38489
38499
38529
38530
38531
38533
38537
38541
38546
38552
38554
38559
38562
38576
38584
38595
38613
38623
38631
38638
38645
38654
38657
38662
38663
38671
38674
38685
38690
38692
38695
38706
38719
38720
38722
38725
38728
38730
38735
38738
38742
38768
38779
38787
38808
38814
38817
38821
38827
38834
38841
38845
38847
38850
38860
38865
38869
38874
38884
38891
38893
38897
38930
38940
38947
38948
38951
38956
38968
38969
38973
38975
38978
38979
38987
39021
39023
39026
39042
39046
39050
39062
39064
39082
39084
39087
39092
39107
39121
39126
39135
39139
39144
39147
39159
39170
39171
39174
39176
39184
39194
39219
39220
39223
39230
39245
39246
39253
39298
39301
39308
39310
39318
39356
39380
39394
39398
39402
39404
39406
39411
39443
39447
39453
39463
39471
39472
39483
39498
39506
39509
39510
39520
39521
39523
39524
39532
39549
39552
39556
39567
39577
39613
39616
39620
39623
39639
39640
39643
39644
39650
39651
39652
39654
39666
39669
39671
39673
39676
39682
39683
39693
39696
39704
39707
39710
39716
39721
39723
39728
39738
39744
39747
39749
39750
39753
39754
39755
39756
39760
39763
39766
39770
39776
39784
39785
39791
39796
39799
39803
39805
39817
39818
39823
39831
39845
39846
39847
39852
39854
39855
39863
39870
39874
39880
39887
39890
39897
39899
39903
39912
39920
39925
39929
39932
39943
39948
39959
39964
39975
39978
39984
39988
39989
39991
39994
40000
40010
40018
40019
40022
40026
40031
40051
40052
40055
40058
40059
40061
40063
40066
40069
40071
40073
40077
40098
40099
40100
40103
40106
40108
40119
40129
40136
40140
40141
40144
40146
40154
40156
40157
40161
40171
40173
40175
40180
40182
40184
40186
40190
40203
40206
40207
40212
40214
40217
40218
40222
40229
40240
40245
40246
40258
40260
40261
40268
40271
40274
40275
40279
40285
40287
40291
40293
40296
40300
40307
40310
40312
40320
40321
40322
40328
40337
40343
40345
40351
40361
40369
40371
40376
40387
40389
40414
40418
40419
40425
40431
40465
40469
40470
40476
40479
40480
40481
40485
40503
40506
40514
40515
40518
40528
40536
40539
40543
40556
40559
40563
40565
40568
40576
40582
40583
40585
40594
40610
40612
40618
40639
40640
40652
40657
40658
40660
40676
40677
40678
40692
40700
40702
40709
40710
40711
40714
40715
40717
40719
40721
40729
40731
40732
40738
40744
40753
40754
40758
40759
40769
40771
40773
40776
40783
40798
40806
40807
40810
40811
40813
40814
40821
40824
40825
40836
40839
40844
40856
40857
40860
40861
40863
40868
40874
40881
40882
40883
40894
40895
40900
40905
40908
40915
40919
40922
40930
40931
40933
40940
40950
40956
40963
40977
40979
40980
40985
40995
40998
40999
41000
41004
41005
41009
41014
41018
41019
41025
41027
41031
41034
41037
41039
41041
41045
41047
41057
41061
41062
41066
41067
41079
41087
41091
41092
41094
41096
41097
41099
41102
41111
41117
41118
41120
41134
41143
41146
41149
41154
41159
41160
41163
41170
41176
41179
41187
41208
41212
41216
41221
41230
41239
41241
41244
41246
41253
41254
41255
41260
41275
41276
41277
41284
41285
41286
41288
41291
41292
41300
41301
41310
41316
41329
41332
41334
41342
41351
41361
41364
41366
41367
41374
41375
41377
41383
41387
41388
41390
41392
41394
41396
41397
41398
41400
41401
41403
41404
41405
41406
41415
41422
41426
41427
41431
41433
41436
41439
41443
41458
41462
41463
41470
41471
41479
41480
41486
41491
41494
41503
41504
41508
41522
41523
41556
41557
41559
41568
41577
41580
41582
41585
41587
41588
41590
41596
41597
41603
41609
41612
41613
41616
41619
41625
41641
41649
41660
41662
41665
41667
41679
41680
41682
41684
41686
41694
41697
41698
41705
41708
41715
41718
41719
41720
41721
41729
41734
41742
41743
41747
41751
41754
41762
41765
41770
41778
41780
41792
41794
41796
41804
41813
41819
41820
41824
41827
41829
41832
41835
41841
41856
41873
41875
41878
41884
41888
41896
41898
41899
41902
41907
41909
41912
41923
41925
41932
41936
41939
41940
41941
41952
41960
41970
41971
42017
42019
42027
42028
42034
42041
42044
42045
42053
42056
42061
42062
42066
42078
42080
42081
42082
42086
42102
42120
42125
42128
42131
42133
42135
42140
42141
42144
42145
42146
42150
42157
42158
42159
42162
42168
42182
42183
42184
42186
42187
42193
42199
42205
42209
42214
42219
42224
42238
42244
42250
42252
42256
42260
42265
42267
42271
42286
42293
42296
42297
42298
42301
42308
42317
42318
42322
42323
42332
42335
42339
42340
42341
42342
42349
42351
42353
42366
42367
42372
42380
42381
42389
42390
42405
42406
42408
42409
42417
42422
42423
42437
42438
42447
42449
42460
42461
42466
42469
42478
42498
42499
42507
42509
42518
42532
42533
42534
42539
42541
42543
42550
42554
42558
42560
42567
42572
42574
42577
42580
42581
42582
42598
42599
42604
42607
42608
42620
42621
42635
42643
42645
42646
42650
42651
42652
42653
42660
42667
42674
42675
42677
42680
42682
42684
42685
42687
42689
42696
42701
42711
42713
42726
42727
42730
42732
42733
42734
42735
42745
42749
42756
42759
42767
42773
42775
42779
42783
42784
42785
42786
42792
42799
42802
42805
42809
42817
42833
42837
42844
42847
42852
42854
42879
42880
42881
42883
42888
42891
42895
42900
42903
42905
42912
42918
42927
42930
42938
42944
42948
42953
42956
42957
42962
42977
42979
42980
42982
42985
42991
43000
43006
43012
43015
43017
43046
43055
43057
43068
43070
43077
43079
43083
43085
43092
43105
43112
43116
43122
43128
43130
43132
43139
43140
43153
43154
43155
43157
43159
43160
43164
43175
43181
43189
43194
43210
43215
43217
43219
43221
43222
43236
43237
43238
43239
43242
43243
43245
43257
43260
43267
43268
43270
43273
43274
43275
43284
43286
43290
43291
43295
43304
43310
43323
43329
43330
43341
43352
43358
43359
43361
43366
43371
43382
43398
43400
43401
43407
43418
43420
43422
43427
43428
43429
43432
43439
43447
43450
43451
43457
43468
43471
43485
43491
43505
43506
43510
43512
43513
43520
43536
43538
43545
43553
43555
43557
43559
43561
43566
43582
43587
43594
43604
43613
43614
43617
43618
43619
43622
43623
43644
43646
43650
43651
43657
43659
43663
43667
43669
43694
43704
43708
43711
43718
43720
43722
43728
43729
43730
43731
43740
43741
43749
43751
43763
43764
43768
43769
43780
43783
43787
43796
43799
43810
43814
43817
43823
43825
43833
43839
43843
43851
43853
43857
43859
43867
43868
43870
43871
43872
43874
43876
43878
43883
43893
43896
43901
43905
43909
43914
43918
43932
43945
43954
43960
43963
43976
43981
43984
43991
44015
44016
44021
44025
44033
44038
44040
44043
44047
44050
44060
44075
44078
44080
44098
44103
44104
44116
44119
44127
44128
44131
44132
44133
44138
44143
44154
44155
44160
44168
44170
44176
44181
44194
44207
44208
44215
44217
44221
44223
44237
44250
44257
44262
44267
44269
44290
44294
44305
44319
44327
44328
44340
44351
44356
44363
44364
44365
44366
44377
44388
44393
44399
44408
44409
44415
44426
44432
44435
44447
44448
44453
44454
44456
44463
44472
44500
44504
44526
44535
44538
44540
44550
44554
44562
44566
44571
44584
44595
44606
44616
44617
44619
44622
44628
44650
44654
44657
44658
44662
44664
44679
44696
44711
44715
44716
44720
44723
44727
44728
44733
44736
44737
44743
44745
44756
44763
44767
44776
44790
44792
44793
44796
44798
44803
44807
44816
44823
44827
44832
44834
44838
44840
44853
44863
44864
44875
44879
44884
44901
44909
44914
44920
44931
44934
44935
44939
44940
44942
44947
44952
44955
44957
44958
44960
44967
44969
44970
44972
44975
44976
44978
44981
44983
44990
45000
45002
45003
45005
45010
45011
45015
45021
45023
45024
45026
45029
45031
45036
45040
45047
45049
45056
45067
45074
45077
45083
45087
45093
45094
45100
45101
45104
45105
45107
45108
45123
45127
45132
45141
45146
45154
45157
45161
45164
45165
45167
45170
45181
45188
45190
45191
45205
45222
45226
45234
45243
45249
45262
45263
45266
45270
45284
45287
45291
45293
45299
45300
45301
45305
45308
45311
45316
45317
45323
45324
45325
45327
45335
45341
45350
45355
45357
45358
45371
45374
45381
45393
45395
45406
45410
45413
45417
45425
45436
45445
45452
45463
45467
45469
45473
45475
45482
45484
45491
45493
45495
45500
45505
45507
45511
45516
45520
45529
45534
45542
45545
45550
45551
45556
45557
45564
45572
45573
45578
45583
45585
45586
45590
45591
45599
45602
45606
45607
45610
45611
45618
45623
45625
45630
45642
45645
45647
45650
45655
45661
45666
45668
45669
45671
45678
45681
45689
45693
45703
45711
45713
45723
45731
45732
45741
45744
45747
45748
45751
45766
45768
45769
45771
45772
45778
45779
45786
45787
45792
45805
45807
45814
45830
45840
45853
45861
45864
45869
45874
45880
45881
45882
45885
45886
45892
45893
45894
45897
45909
45910
45921
45922
45923
45925
45938
45939
45941
45942
45945
45948
45949
45952
45959
45969
45974
45980
45981
45986
45987
45989
45994
45998
46013
46014
46015
46016
46021
46027
46034
46039
46042
46045
46046
46050
46051
46057
46060
46064
46065
46067
46075
46076
46084
46096
46098
46103
46108
46121
46122
46128
46129
46134
46139
46142
46144
46145
46154
46155
46161
46162
46171
46172
46175
46186
46192
46196
46200
46201
46209
46210
46213
46231
46235
46245
46253
46255
46267
46273
46283
46289
46302
46303
46311
46313
46321
46330
46332
46337
46338
46339
46346
46353
46354
46357
46361
46362
46364
46367
46369
46374
46376
46377
46380
46382
46384
46387
46402
46403
46410
46417
46418
46424
46430
46443
46447
46452
46457
46459
46471
46474
46478
46480
46481
46487
46490
46491
46498
46507
46517
46520
46529
46532
46538
46540
46549
46554
46555
46558
46559
46560
46561
46565
46566
46567
46570
46572
46580
46589
46590
46601
46602
46603
46605
46608
46612
46618
46619
46620
46623
46626
46628
46642
46643
46656
46659
46671
46682
46695
46710
46711
46713
46733
46738
46739
46742
46743
46745
46753
46759
46760
46764
46776
46780
46783
46790
46793
46797
46800
46801
46802
46807
46810
46813
46817
46820
46821
46822
46829
46836
46845
46853
46854
46859
46861
46863
46869
46872
46873
46884
46889
46891
46892
46897
46899
46905
46906
46909
46915
46916
46918
46919
46920
46925
46926
46927
46930
46934
46935
46937
46943
46946
46956
46957
46960
46961
46964
46965
46971
46976
46977
46979
46982
46991
46992
46995
46999
47001
47007
47017
47022
47026
47033
47037
47038
47042
47063
47069
47070
47072
47074
47082
47087
47093
47094
47095
47096
47108
47109
47112
47116
47118
47120
47125
47126
47127
47129
47140
47141
47151
47157
47159
47160
47161
47167
47168
47169
47173
47187
47190
47191
47194
47203
47212
47213
47214
47215
47216
47226
47227
47230
47238
47239
47240
47243
47245
47260
47261
47264
47265
47266
47270
47271
47277
47282
47286
47289
47292
47293
47300
47301
47306
47309
47312
47313
47314
47324
47336
47343
47347
47352
47364
47366
47368
47372
47378
47379
47384
47392
47401
47407
47417
47421
47422
47429
47434
47442
47445
47453
47455
47456
47461
47462
47466
47467
47470
47471
47476
47478
47479
47485
47498
47508
47510
47517
47519
47524
47526
47538
47542
47552
47559
47569
47578
47583
47584
47591
47598
47601
47603
47606
47612
47615
47620
47621
47622
47629
47662
47663
47670
47689
47690
47696
47698
47703
47709
47713
47719
47727
47732
47737
47756
47763
47767
47773
47775
47785
47787
47792
47794
47796
47800
47806
47812
47817
47822
47833
47840
47843
47844
47847
47851
47858
47859
47866
47872
47875
47880
47897
47903
47910
47918
47929
47933
47941
47943
47947
47948
47952
47959
47962
47974
47980
47986
47997
47998
48005
48009
48014
48021
48025
48027
48030
48035
48048
48050
48052
48057
48061
48073
48074
48077
48083
48086
48095
48096
48102
48104
48106
48121
48125
48126
48128
48135
48137
48141
48144
48145
48150
48154
48157
48160
48164
48166
48167
48168
48176
48183
48187
48192
48193
48195
48198
48203
48204
48206
48218
48220
48226
48229
48240
48247
48252
48253
48256
48259
48260
48262
48264
48265
48266
48272
48283
48284
48286
48288
48291
48295
48297
48298
48301
48303
48305
48306
48332
48342
48357
48367
48373
48377
48391
48392
48409
48411
48416
48427
48444
48454
48480
48481
48482
48483
48487
48501
48515
48524
48531
48532
48539
48543
48549
48553
48561
48564
48565
48569
48571
48592
48596
48607
48610
48615
48619
48625
48631
48640
48642
48644
48647
48649
48650
48665
48666
48668
48674
48678
48679
48683
48693
48694
48696
48703
48705
48709
48713
48717
48723
48738
48740
48743
48744
48747
48755
48763
48766
48767
48772
48773
48774
48776
48777
48778
48785
48791
48800
48810
48813
48816
48817
48821
48822
48838
48843
48845
48847
48855
48860
48869
48874
48876
48887
48892
48895
48904
48906
48910
48912
48913
48916
48926
48932
48943
48944
48947
48962
48965
48970
48973
48980
48989
48991
48992
48999
49004
49006
49014
49020
49022
49024
49026
49031
49035
49039
49064
49066
49067
49072
49075
49076
49078
49085
49087
49091
49097
49099
49100
49114
49122
49125
49129
49132
49139
49148
49155
49159
49166
49167
49173
49180
49182
49183
49185
49194
49195
49209
49211
49220
49224
49229
49235
49237
49256
49257
49258
49265
49267
49268
49274
49285
49287
49292
49293
49294
49297
49300
49301
49309
49320
49326
49331
49336
49339
49344
49356
49357
49362
49373
49375
49384
49410
49412
49416
49418
49428
49433
49434
49436
49446
49448
49451
49458
49461
49471
49475
49480
49482
49489
49493
49503
49517
49520
49527
49531
49537
49538
49544
49545
49561
49573
49576
49590
49592
49594
49601
49614
49622
49625
49633
49636
49643
49645
49653
49659
49662
49669
49681
49686
49687
49692
49693
49695
49706
49707
49708
49714
49716
49723
49726
49732
49739
49740
49741
49742
49746
49747
49748
49763
49777
49781
49792
49796
49809
49810
49811
49826
49837
49844
49845
49849
49850
49852
49855
49858
49868
49874
49875
49889
49891
49892
49893
49894
49905
49907
49915
49932
49938
49957
49961
49972
49974
49976
49984
49991
49992
49993
49996
49997
49998
50001
50010
50011
50012
50020
50039
50042
50053
50058
50073
50084
50086
50088
50095
50098
50105
50110
50120
50127
50129
50137
50139
50143
50146
50155
50157
50159
50163
50165
50166
50167
50169
50170
50175
50176
50177
50180
50181
50187
50190
50195
50203
50218
50219
50220
50222
50229
50230
50233
50244
50246
50249
50261
50271
50284
50288
50292
50297
50308
50309
50310
50315
50321
50328
50330
50331
50334
50341
50343
50347
50351
50354
50357
50366
50369
50372
50386
50407
50415
50417
50419
50425
50428
50432
50436
50441
50445
50447
50454
50465
50467
50469
50477
50480
50484
50498
50504
50511
50513
50514
50517
50522
50526
50529
50533
50536
50538
50541
50545
50549
50556
50557
50572
50574
50581
50586
50602
50608
50612
50614
50615
50623
50629
50630
50631
50633
50634
50639
50641
50647
50648
50650
50656
50657
50670
50677
50686
50697
50698
50706
50708
50710
50712
50719
50723
50724
50728
50732
50743
50744
50761
50765
50774
50777
50782
50784
50785
50789
50801
50802
50804
50814
50819
50825
50826
50827
50830
50832
50840
50844
50853
50854
50857
50864
50874
50879
50881
50894
50904
50908
50911
50913
50915
50919
50924
50932
50954
50956
50959
50967
50985
50999
51000
51001
51011
51013
51014
51015
51021
51024
51034
51036
51044
51045
51050
51068
51071
51073
51085
51086
51104
51106
51108
51116
51117
51118
51147
51161
51162
51168
51171
51173
51174
51183
51184
51185
51188
51196
51198
51205
51207
51209
51216
51217
51219
51220
51235
51237
51240
51243
51244
51250
51259
51266
51280
51282
51296
51299
51301
51303
51304
51310
51315
51316
51320
51327
51329
51348
51350
51351
51353
51356
51357
51363
51368
51371
51372
51374
51380
51387
51390
51392
51398
51400
51418
51419
51420
51423
51433
51436
51444
51454
51457
51464
51477
51478
51479
51492
51499
51502
51512
51520
51523
51525
51528
51537
51539
51545
51546
51547
51554
51566
51568
51577
51588
51589
51591
51599
51601
51607
51610
51611
51614
51618
51619
51625
51629
51630
51639
51644
51656
51662
51667
51668
51675
51677
51678
51683
51685
51686
51698
51699
51704
51705
51713
51724
51725
51728
51733
51739
51753
51756
51758
51759
51760
51762
51766
51772
51776
51777
51786
51788
51789
51791
51803
51820
51827
51830
51833
51846
51850
51861
51862
51872
51875
51887
51889
51895
51896
51904
51914
51915
51918
51929
51938
51940
51944
51948
51952
51958
51960
51961
51966
51974
51979
51982
51983
51989
51991
51998
51999
52000
52002
52004
52008
52010
52023
52024
52025
52036
52048
52057
52063
52067
52081
52086
52094
52098
52099
52113
52114
52126
52131
52133
52140
52141
52153
52154
52179
52188
52200
52204
52206
52213
52215
52216
52218
52219
52227
52230
52231
52232
52236
52243
52250
52253
52255
52258
52259
52263
52278
52282
52288
52295
52299
52301
52309
52310
52311
52320
52321
52330
52338
52362
52363
52367
52369
52376
52377
52379
52419
52421
52423
52425
52426
52427
52432
52437
52441
52444
52448
52451
52455
52457
52459
52460
52463
52468
52474
52475
52477
52481
52491
52493
52495
52497
52499
52500
52504
52505
52511
52513
52517
52518
52526
52527
52529
52532
52534
52540
52541
52547
52548
52549
52554
52561
52569
52573
52584
52588
52589
52592
52596
52600
52602
52611
52612
52613
52616
52628
52634
52644
52654
52657
52662
52676
52678
52682
52690
52693
52704
52705
52709
52711
52713
52715
52720
52730
52733
52736
52738
52741
52745
52748
52752
52753
52754
52760
52761
52762
52766
52768
52772
52777
52779
52781
52782
52783
52792
52822
52828
52840
52853
52857
52863
52865
52879
52895
52899
52901
52916
52917
52922
52925
52926
52930
52934
52955
52957
52962
52964
52969
52974
52982
52988
52990
52996
53006
53008
53016
53017
53023
53024
53027
53029
53040
53046
53056
53061
53072
53080
53086
53092
53093
53094
53097
53099
53110
53118
53121
53125
53126
53135
53136
53138
53141
53142
53148
53149
53161
53163
53168
53169
53175
53176
53177
53178
53180
53183
53186
53187
53189
53200
53204
53208
53212
53226
53229
53230
53231
53243
53246
53260
53262
53271
53277
53279
53288
53289
53297
53305
53311
53312
53317
53325
53330
53336
53338
53342
53357
53359
53361
53363
53376
53377
53379
53380
53381
53382
53385
53388
53394
53397
53401
53402
53407
53409
53411
53419
53422
53427
53429
53430
53431
53437
53450
53451
53452
53457
53470
53476
53483
53487
53492
53495
53506
53510
53511
53519
53524
53527
53534
53539
53541
53545
53551
53554
53570
53573
53582
53584
53589
53590
53596
53609
53610
53613
53617
53620
53626
53627
53641
53644
53647
53649
53651
53657
53660
53666
53667
53674
53700
53701
53703
53704
53707
53709
53711
53713
53716
53718
53725
53737
53750
53757
53766
53774
53780
53789
53791
53796
53800
53807
53812
53817
53831
53834
53835
53842
53852
53855
53856
53857
53878
53880
53885
53891
53896
53900
53903
53906
53908
53910
53915
53917
53929
53930
53934
53939
53943
53944
53947
53949
53956
53961
53962
53963
53968
53969
53970
53972
53974
53975
53976
53985
53986
53989
53990
53996
54001
54005
54006
54007
54009
54012
54013
54018
54019
54020
54032
54035
54040
54041
54044
54045
54048
54050
54052
54057
54062
54066
54070
54076
54079
54081
54093
54098
54102
54103
54112
54114
54116
54120
54136
54140
54142
54149
54155
54156
54159
54161
54163
54164
54167
54168
54181
54187
54197
54206
54211
54213
54214
54216
54220
54223
54224
54226
54228
54245
54251
54255
54256
54258
54260
54261
54267
54270
54273
54280
54281
54284
54289
54300
54302
54303
54305
54306
54321
54324
54327
54328
54334
54347
54348
54356
54360
54363
54370
54371
54375
54376
54377
54380
54384
54395
54396
54410
54414
54432
54433
54434
54444
54465
54470
54478
54482
54484
54493
54495
54497
54500
54501
54502
54509
54517
54524
54526
54540
54546
54565
54568
54570
54579
54581
54588
54591
54592
54616
54619
54624
54641
54658
54665
54670
54677
54679
54682
54683
54689
54691
54693
54702
54712
54714
54719
54740
54747
54748
54749
54753
54755
54758
54761
54764
54767
54768
54781
54785
54786
54787
54793
54798
54810
54812
54815
54818
54820
54825
54829
54832
54838
54860
54862
54871
54873
54878
54879
54880
54885
54893
54900
54905
54906
54913
54917
54922
54923
54924
54941
54943
54970
54973
54974
54979
54981
54984
54993
55000
55001
55004
55011
55012
55018
55019
55024
55026
55027
55035
55036
55046
55048
55050
55052
55058
55069
55074
55079
55081
55091
55099
55106
55109
55110
55112
55115
55116
55117
55120
55127
55131
55132
55141
55149
55157
55159
55175
55181
55189
55191
55192
55197
55199
55212
55217
55225
55240
55244
55245
55254
55260
55276
55279
55283
55285
55293
55296
55303
55305
55325
55333
55338
55340
55344
55345
55350
55353
55359
55362
55364
55373
55375
55377
55380
55387
55394
55395
55396
55400
55409
55412
55418
55425
55426
55429
55438
55446
55448
55478
55481
55489
55492
55495
55497
55501
55504
55514
55518
55532
55537
55541
55544
55545
55551
55556
55564
55570
55572
)


// ************************************************************************* //
