/*--------------------------------*- C++ -*----------------------------------*\
| =========                 |                                                 |
| \\      /  F ield         | OpenFOAM: The Open Source CFD Toolbox           |
|  \\    /   O peration     | Version:  v2012                                 |
|   \\  /    A nd           | Website:  www.openfoam.com                      |
|    \\/     M anipulation  |                                                 |
\*---------------------------------------------------------------------------*/
FoamFile
{
    version     2.0;
    format      ascii;
    class       labelList;
    location    "constant/polyMesh";
    object      pointProcAddressing;
}
// * * * * * * * * * * * * * * * * * * * * * * * * * * * * * * * * * * * * * //


13760
(
1
5
9
13
53
54
55
56
57
58
59
60
61
62
63
64
65
66
67
68
69
70
71
72
73
74
75
76
77
78
79
80
81
82
83
84
85
86
87
88
89
90
91
92
93
94
95
96
97
98
99
100
101
102
103
104
105
106
107
108
109
110
111
112
113
114
115
116
117
118
119
120
121
122
123
124
125
126
127
128
129
130
131
132
133
134
135
136
137
138
139
140
141
142
143
144
145
146
147
148
149
150
151
152
153
154
155
156
157
158
159
160
161
162
163
164
165
166
167
168
169
170
171
172
173
174
175
176
177
178
179
180
181
182
548
549
550
551
552
553
554
555
556
557
558
559
560
561
562
563
564
565
566
567
568
569
570
571
572
573
574
807
808
809
810
811
812
813
814
815
816
817
818
819
820
821
822
823
824
825
826
827
828
829
830
831
832
833
834
835
836
837
838
839
840
841
842
843
844
845
846
847
848
849
850
851
852
853
854
855
856
857
858
859
860
861
862
863
864
865
866
867
868
869
870
871
872
873
874
875
876
877
878
879
880
881
882
883
884
885
886
887
888
889
890
891
892
893
894
895
896
897
898
899
900
901
902
903
904
905
906
907
908
909
910
911
912
913
914
915
916
917
918
919
920
921
922
923
924
925
926
927
928
929
930
931
932
933
934
935
936
1302
1303
1304
1305
1306
1307
1308
1309
1310
1311
1312
1313
1314
1315
1316
1317
1318
1319
1320
1321
1322
1323
1324
1325
1326
1327
1328
1524
1526
1528
1529
1538
1564
1569
1570
1572
1573
1574
1580
1581
1585
1586
1590
1599
1603
1607
1610
1618
1620
1622
1625
1627
1628
1631
1632
1666
1669
1679
1680
1683
1684
1685
1686
1691
1692
1694
1696
1697
1707
1711
1724
1726
1728
1729
1740
1741
1744
1745
1746
1751
1755
1756
1757
1758
1759
1760
1763
2041
2042
2043
2044
2045
2046
2047
2048
2049
2050
2053
2054
2057
2058
2061
2062
2065
2066
2071
2072
2075
2076
2102
2105
2106
2111
2112
2129
2130
2143
2144
2171
2172
2194
2199
2200
2201
2203
2204
2205
2206
2207
2209
2210
2211
2212
2213
2214
2215
2216
2217
2218
2219
2220
2221
2222
2223
2224
2225
2226
2227
2228
2229
2230
2231
2232
2233
2234
2235
2236
2237
2238
2239
2240
2241
2242
2243
2244
2245
2246
2247
2248
2249
2250
2251
2252
2253
2254
2255
2256
2257
2258
2259
2260
2261
2262
2282
2283
2286
2287
2288
2289
2290
2293
2299
2300
2304
2305
2306
2317
2320
2321
2322
2323
2327
2328
2329
2336
2338
2341
2342
2343
2344
2345
2349
2351
2352
2354
2357
2358
2388
2389
2390
2391
2394
2395
2396
2397
2403
2404
2405
2406
2409
2410
2411
2415
2416
2417
2418
2419
2423
2424
2425
2426
2428
2431
2432
2434
2436
2439
2440
2441
2442
2443
2444
2451
2452
2455
2456
2457
2463
2464
2465
2468
2469
2470
2471
2475
2476
2477
2478
2497
2498
2500
2501
2502
2503
2504
2505
2506
2546
2547
2548
2549
2550
2551
2552
2553
2554
2555
2556
2557
2560
2561
2566
2567
2568
2569
2570
2571
2576
2577
2578
2579
2580
2581
2582
2583
2592
2593
2594
2595
2596
2597
2606
2607
2608
2609
2610
2611
2612
2613
2614
2618
2619
2620
2621
2622
2623
2631
2632
2633
2634
2635
2636
2640
2641
2642
2643
2644
2645
2649
2650
2656
2657
2658
2659
2660
2662
2663
2664
2665
2666
2667
2668
2669
2674
2675
2676
2677
2682
2683
2684
2685
2935
2936
2937
2938
2939
2940
2941
2942
2943
2944
2945
2946
2947
2948
2949
2950
2951
2952
2953
2954
2955
2956
2960
2961
2962
2963
2966
2967
2968
2973
2974
2979
2980
2982
2983
2984
2985
2986
2987
2988
2989
2990
2991
2992
2993
2994
2995
2996
2997
2998
2999
3000
3001
3002
3003
3004
3005
3006
3007
3008
3009
3010
3011
3012
3013
3014
3015
3016
3017
3018
3019
3020
3021
3022
3023
3024
3025
3026
3144
3145
3150
3152
3163
3164
3165
3178
3179
3235
3245
3247
3248
3257
3258
3261
3262
3281
3282
3283
3284
3295
3298
3299
3300
3301
3302
3309
3399
3400
3402
3424
3428
3434
3435
3439
3444
3455
3462
3467
3468
3469
3470
3479
3480
3483
3484
3485
3487
3510
3511
3630
3631
3632
3646
3654
3661
3662
3696
3697
3698
3699
3700
3701
3702
3703
3704
3705
3706
3707
3708
3709
3710
3711
3712
3713
3714
3715
3716
3717
3718
3719
3720
3721
3722
3723
3724
3725
3726
3727
3728
3729
3730
3732
3733
3734
3735
3736
3737
3739
3740
3741
3749
3750
3754
3755
3756
3758
3759
3760
3761
3762
3763
3764
3765
3785
3788
3789
3790
3791
3792
3793
3794
3881
3882
3883
3884
3885
3907
3909
3910
3916
3917
3918
3919
3920
3922
3923
3924
3925
3946
3947
3948
3949
3952
3953
3955
3957
3968
3985
3986
3987
3988
3989
3997
3998
3999
4000
4002
4003
4004
4007
4023
4024
4025
4026
4027
4028
4032
4036
4041
4042
4052
4053
4054
4055
4056
4057
4058
4059
4060
4061
4062
4063
4071
4072
4073
4074
4075
4076
4077
4081
4082
4083
4084
4085
4086
4087
4088
4089
4090
4091
4092
4093
4094
4095
4096
4097
4098
4099
4100
4101
4102
4104
4105
4106
4107
4108
4109
4110
4111
4112
4113
4114
4115
4117
4121
4122
4123
4124
4130
4138
4140
4141
4145
4146
4147
4148
4155
4161
4219
4221
4222
4223
4224
4225
4226
4227
4228
4229
4230
4231
4232
4233
4234
4235
4236
4237
4238
4239
4240
4241
4242
4243
4244
4245
4246
4247
4248
4249
4250
4251
4254
4255
4269
4274
4275
4276
4277
4278
4279
4282
4287
4288
4289
4290
4291
4292
4293
4294
4295
4296
4309
4310
4312
4313
4314
4315
4316
4317
4575
4576
4577
4578
4579
4580
4581
4582
4583
4584
4585
4586
4587
4588
4591
4592
4593
4594
4595
4596
4597
4598
4600
4601
4659
4660
4661
4662
4663
4664
4665
4666
4667
4668
4669
4670
4671
4672
4673
4674
4676
4677
4678
4679
4680
4681
4682
4683
4684
4685
4686
4687
4688
4689
4690
4691
4692
4693
4694
4695
4696
4697
4698
4699
4700
4701
4702
4703
4704
4705
4706
4707
4708
4709
4710
4711
4712
4713
4714
4715
4716
4717
4718
4719
4720
4721
4722
4723
4902
4903
4907
4916
4927
4928
4943
4944
4945
4946
4947
4948
4949
4950
4951
4952
4958
4959
4960
4961
4962
4963
4968
4969
4970
4971
4972
4973
4974
4975
4987
4988
4989
4995
4996
4997
4998
5003
5004
5005
5006
5007
5008
5009
5012
5013
5017
5018
5021
5025
5026
5027
5028
5029
5030
5031
5032
5033
5034
5035
5042
5046
5047
5056
5057
5058
5059
5060
5061
5062
5063
5079
5080
5081
5082
5083
5087
5088
5089
5090
5091
5092
5093
5094
5095
5096
5097
5098
5140
5141
5142
5143
5144
5145
5146
5147
5148
5149
5150
5151
5156
5157
5158
5159
5160
5161
5164
5165
5166
5167
5168
5169
5170
5171
5172
5173
5174
5175
5176
5177
5178
5179
5180
5181
5182
5183
5184
5185
5186
5187
5188
5189
5190
5191
5192
5193
5194
5195
5196
5197
5198
5199
5200
5201
5202
5250
5256
5293
5296
5297
5300
5303
5304
5305
5306
5308
5313
5314
5315
5318
5319
5320
5321
5322
5323
5332
5333
5334
5339
5340
5341
5342
5343
5344
5345
5346
5347
5348
5349
5350
5351
5352
5353
5354
5355
5356
5357
5358
5359
5360
5361
5362
5363
5364
5365
5366
5367
5368
5369
5370
5371
5372
5373
5374
5375
5376
5377
5378
5379
5380
5381
5382
5383
5384
5385
5386
5387
5388
5389
5390
5391
5392
5393
5394
5395
5396
5397
5398
5399
5400
5401
5402
5403
5404
5405
5406
5407
5408
5409
5410
5411
5412
5413
5414
5415
5416
5417
5418
5419
5425
5426
5429
5434
5496
5500
5501
5503
5513
5514
5515
5596
5597
5598
5599
5600
5601
5602
5603
5604
5605
5606
5607
5608
5609
5615
5617
5618
5633
5634
5636
5640
5641
5642
5643
5644
5645
5646
5647
5648
5649
5650
5651
5652
5654
5655
5656
5657
5658
5659
5660
5661
5662
5664
5668
5669
5671
5672
5673
5674
5675
5676
5677
5678
5679
5682
5685
5686
5689
5690
5705
5706
5707
5708
5709
5741
5749
5750
5751
5753
5754
5759
5765
5768
5769
5770
5771
5772
5773
5774
5775
5776
5777
5778
5779
5782
5783
5784
5785
5786
5789
5790
5793
5794
5813
5814
5819
5823
5824
5825
5826
5827
5828
5832
5833
5834
5835
5836
5837
5838
5839
5840
5841
5865
5952
5953
5975
5976
5977
5978
5979
5987
5989
6010
6011
6024
6025
6026
6042
6043
6044
6045
6046
6047
6048
6064
6065
6066
6191
6209
6210
6211
6212
6213
6214
6215
6216
6217
6227
6236
6237
6245
6249
6250
6270
6271
6279
6289
6295
6318
6319
6320
6321
6322
6323
6324
6325
6326
6327
6330
6331
6356
6430
6431
6436
6442
6443
6444
6445
6446
6448
6449
6450
6496
6504
6505
6523
6528
6529
6530
6531
6543
6544
6619
6620
6621
6622
6623
6624
6625
6674
6676
6677
6697
6707
6708
6716
6717
6718
6725
6726
6727
6742
6743
6746
6747
6749
6752
6755
6760
6761
6762
6763
6764
6768
6808
6809
6811
6812
6813
6814
6822
6823
6824
6825
6826
6832
6833
6834
6839
6840
6841
6842
6846
6847
6853
6854
6858
6939
6940
6941
6942
6943
6945
6946
6947
6948
6949
6957
6958
6959
6962
6964
6965
6966
6967
6968
6969
6970
6971
6972
6973
6974
6975
6976
6977
6978
6979
6980
6981
6982
6983
6984
6985
6986
6987
6988
6991
6992
6993
6994
6998
6999
7000
7002
7003
7020
7021
7033
7034
7035
7036
7038
7071
7072
7073
7074
7075
7076
7077
7080
7081
7082
7083
7084
7102
7114
7115
7124
7125
7126
7127
7137
7139
7145
7146
7147
7148
7149
7150
7223
7229
7230
7233
7234
7235
7240
7258
7282
7286
7287
7288
7307
7308
7314
7315
7365
7366
7367
7368
7369
7370
7371
7372
7373
7374
7375
7376
7377
7378
7379
7380
7381
7382
7383
7384
7385
7386
7403
7404
7405
7411
7415
7416
7417
7418
7419
7420
7426
7427
7428
7429
7448
7449
7460
7539
7540
7541
7542
7547
7548
7549
7552
7553
7574
7575
7576
7577
7578
7579
7581
7586
7587
7590
7591
7610
7611
7612
7613
7614
7615
7616
7620
7626
7627
7628
7644
7645
7646
7647
7663
7667
7668
7671
7675
7676
7677
7680
7681
7682
7683
7726
7727
7728
7729
7730
7731
7732
7733
7734
7735
7736
7737
7738
7749
7757
7761
7765
7766
7767
7768
7769
7770
7771
7774
7775
7777
7778
7779
7780
7781
7782
7783
7785
7818
7819
7822
7825
7855
7856
7857
7878
7880
7881
7882
7883
7884
7885
7886
7887
7888
7889
7960
7961
7964
7965
7966
7967
7968
7969
7970
7971
7972
7973
7974
7979
7984
7985
7986
7987
7988
8020
8033
8038
8039
8040
8047
8048
8049
8050
8051
8052
8053
8054
8055
8056
8057
8061
8062
8063
8064
8071
8072
8073
8078
8079
8080
8081
8082
8083
8084
8085
8086
8087
8088
8089
8105
8106
8107
8108
8109
8113
8114
8115
8116
8138
8139
8141
8142
8143
8144
8145
8146
8147
8148
8149
8150
8152
8153
8154
8155
8156
8157
8158
8159
8160
8161
8162
8163
8164
8165
8166
8167
8168
8169
8173
8174
8175
8178
8181
8183
8184
8186
8187
8188
8189
8190
8191
8192
8193
8197
8200
8201
8203
8210
8229
8236
8238
8239
8240
8241
8242
8243
8244
8245
8246
8247
8249
8250
8251
8253
8254
8255
8300
8301
8302
8303
8304
8305
8306
8307
8308
8309
8310
8312
8313
8315
8316
8320
8323
8324
8325
8326
8330
8331
8332
8333
8334
8335
8336
8337
8338
8339
8340
8341
8342
8343
8348
8349
8350
8382
8388
8389
8393
8394
8410
8412
8413
8414
8415
8423
8425
8429
8436
8442
8443
8444
8445
8446
8447
8448
8449
8450
8451
8452
8453
8454
8455
8495
8496
8500
8516
8517
8518
8519
8520
8521
8522
8529
8530
8557
8585
8586
8605
8606
8607
8608
8609
8610
8611
8615
8616
8628
8633
8663
8664
8667
8669
8674
8675
8683
8693
8695
8697
8702
8703
8704
8705
8706
8707
8708
8709
8710
8717
8720
8726
8728
8729
8735
8754
8762
8789
8797
8798
8800
8816
8817
8818
8819
8820
8821
8822
8823
8824
8825
8826
8827
8828
8829
8830
8831
8832
8833
8867
8868
8869
8870
8871
8872
8873
8874
8875
8876
8877
8878
8879
8880
8881
8882
8883
8884
8885
8886
8887
8888
8889
8890
8891
8892
8893
8895
8896
8897
8898
8899
8900
8901
8902
8903
8907
8908
8909
8910
8913
8921
8934
8939
8940
8942
8945
8957
8963
8964
8965
8967
8969
8974
8977
9005
9007
9012
9013
9014
9015
9016
9017
9020
9024
9025
9026
9048
9049
9052
9055
9056
9060
9061
9098
9099
9100
9101
9102
9103
9104
9105
9106
9107
9108
9109
9110
9111
9114
9115
9116
9117
9133
9134
9135
9136
9137
9138
9139
9140
9141
9143
9144
9147
9152
9153
9159
9160
9162
9163
9164
9165
9174
9177
9185
9187
9429
9430
9431
9432
9433
9434
9435
9436
9437
9438
9439
9440
9441
9442
9443
9444
9445
9446
9447
9448
9449
9450
9451
9452
9453
9454
9455
9456
9457
9458
9459
9460
9461
9462
9463
9464
9465
9488
9489
9497
9498
9499
9500
9501
9503
9504
9507
9508
9509
9510
9511
9521
9535
9536
9542
9546
9548
9549
9550
9551
9568
9580
9581
9586
9587
9588
9590
9591
9592
9595
9613
9619
9622
9625
9634
9635
9638
9639
9646
9647
9648
9649
9653
9654
9655
9656
9657
9658
9659
9660
9662
9666
9675
9676
9677
9704
9705
9712
9713
9714
9717
9718
9725
9731
9732
9736
9737
9739
9743
9744
9762
9763
9764
9772
9773
9776
9777
9778
9779
9780
9781
9783
9784
9794
9795
9796
9797
9800
9817
9823
9824
9831
9832
9846
9866
9872
9873
9879
9880
9881
9891
9896
9897
9900
9903
9904
9909
9912
9913
9918
9920
9922
9926
9927
9928
9929
9930
9931
9932
9933
9934
9935
9936
9937
9938
9939
9940
9941
9942
9943
9944
9945
9946
9947
9948
9949
9950
9951
9952
9953
9954
9955
9956
9957
9958
9959
9960
9961
9962
9963
9964
9965
9966
9967
10070
10076
10078
10083
10095
10096
10097
10140
10141
10142
10144
10145
10146
10147
10148
10149
10150
10151
10152
10153
10154
10155
10156
10157
10158
10159
10160
10161
10162
10163
10164
10165
10166
10167
10168
10169
10170
10171
10172
10174
10175
10176
10178
10179
10180
10181
10188
10194
10195
10196
10200
10201
10205
10206
10209
10210
10212
10213
10220
10234
10235
10238
10240
10241
10243
10250
10251
10252
10253
10254
10255
10256
10257
10258
10259
10260
10261
10262
10263
10264
10265
10266
10267
10268
10270
10280
10287
10292
10293
10294
10296
10299
10313
10314
10322
10323
10324
10331
10333
10342
10343
10344
10379
10380
10389
10390
10392
10396
10399
10400
10401
10402
10403
10404
10409
10411
10414
10417
10583
10584
10588
10589
10590
10591
10598
10605
10606
10607
10608
10609
10610
10611
10612
10613
10614
10619
10620
10622
10623
10624
10628
10629
10632
10633
10636
10639
10640
10645
10646
10647
10648
10651
10654
10656
10657
10658
10659
10660
10661
10663
10669
10671
10672
10689
10699
10700
10701
10702
10726
10727
10730
10731
10732
10751
10752
10753
10756
10759
10760
10805
10818
10819
10828
10830
10831
10833
10834
10836
10837
10838
10839
10844
10860
10861
10867
10868
10870
10876
10898
10901
10902
10903
10904
10905
10906
10907
10908
10909
10910
10911
10912
10913
10914
10919
10924
10929
10933
10934
10935
10936
10937
10938
10939
10940
10941
10946
10947
10949
10952
10962
10963
10964
10965
10980
10992
10995
11005
11006
11007
11019
11020
11025
11026
11031
11039
11040
11041
11042
11044
11045
11053
11054
11055
11056
11057
11058
11061
11064
11068
11080
11082
11087
11090
11091
11092
11093
11094
11096
11097
11103
11109
11110
11111
11117
11135
11157
11159
11166
11167
11173
11176
11182
11191
11192
11195
11196
11198
11200
11205
11206
11207
11220
11221
11222
11223
11224
11225
11227
11229
11230
11231
11240
11242
11243
11283
11284
11285
11286
11287
11288
11289
11290
11291
11292
11293
11298
11299
11300
11301
11304
11307
11310
11311
11312
11313
11314
11325
11326
11332
11333
11363
11364
11367
11368
11369
11370
11371
11378
11379
11380
11381
11383
11384
11385
11389
11400
11410
11411
11416
11418
11421
11424
11429
11430
11431
11432
11437
11443
11447
11448
11449
11450
11466
11467
11479
11480
11481
11482
11487
11498
11506
11525
11526
11528
11535
11536
11537
11541
11544
11548
11549
11550
11551
11558
11567
11570
11580
11585
11586
11595
11596
11600
11601
11602
11606
11607
11626
11627
11628
11629
11631
11646
11647
11648
11664
11665
11666
11667
11670
11671
11673
11716
11717
11728
11729
11732
11739
11757
11760
11771
11780
11781
11794
11796
11797
11798
11799
11803
11804
11807
11808
11809
11810
11811
11814
11816
11819
11820
11821
11833
11844
11846
11847
11848
11849
11864
11867
11875
11876
11877
11882
11883
11891
11896
11897
11906
11918
11919
11920
11921
11926
11927
11935
11940
11943
11945
11951
11952
11966
11971
11987
11990
11991
11992
12001
12009
12016
12017
12021
12024
12035
12045
12046
12066
12068
12069
12073
12074
12075
12076
12077
12078
12079
12088
12089
12095
12097
12098
12116
12117
12118
12119
12120
12121
12130
12131
12139
12141
12142
12146
12148
12149
12159
12163
12164
12165
12171
12180
12182
12185
12187
12188
12189
12190
12193
12195
12198
12199
12204
12209
12214
12215
12217
12219
12220
12222
12224
12225
12226
12229
12230
12232
12233
12234
12239
12242
12257
12258
12263
12265
12266
12272
12275
12277
12288
12295
12296
12297
12298
12299
12300
12301
12304
12305
12312
12313
12314
12316
12329
12330
12332
12333
12334
12341
12344
12360
12364
12367
12368
12376
12377
12381
12382
12387
12388
12389
12390
12391
12393
12396
12397
12398
12403
12404
12405
12413
12414
12415
12416
12424
12427
12428
12432
12433
12434
12435
12436
12437
12438
12439
12440
12441
12453
12455
12456
12457
12472
12478
12479
12480
12481
12482
12483
12485
12486
12487
12488
12489
12490
12491
12512
12515
12517
12527
12532
12535
12536
12537
12546
12549
12550
12551
12552
12555
12556
12558
12559
12560
12566
12582
12603
12607
12608
12632
12635
12645
12646
12657
12662
12663
12664
12665
12669
12677
12678
12685
12690
12693
12694
12698
12723
12724
12726
12729
12759
12760
12761
12776
12777
12779
12780
12786
12796
12802
12805
12813
12821
12833
12834
12848
12849
12852
12853
12858
12868
12876
12877
12880
12881
12894
12895
12896
12899
12900
12905
12906
12908
12909
12910
12912
12914
12915
12916
12917
12923
12924
12926
12927
12928
12931
12940
12941
12947
12949
12950
12951
12986
12987
13011
13028
13039
13040
13047
13048
13054
13055
13056
13057
13058
13086
13099
13100
13101
13102
13103
13109
13110
13111
13119
13128
13129
13130
13133
13137
13146
13147
13148
13149
13150
13160
13161
13162
13166
13167
13168
13169
13170
13171
13179
13180
13184
13185
13200
13201
13244
13245
13261
13264
13265
13285
13287
13291
13292
13296
13305
13310
13345
13360
13376
13385
13388
13389
13390
13391
13392
13398
13399
13400
13401
13416
13417
13419
13450
13451
13452
13459
13494
13501
13502
13503
13504
13505
13506
13507
13508
13509
13510
13511
13512
13513
13514
13515
13516
13517
13526
13527
13528
13529
13535
13542
13544
13553
13555
13557
13560
13561
13562
13563
13564
13568
13569
13571
13578
13579
13581
13582
13583
13584
13585
13586
13589
13595
13596
13597
13598
13613
13615
13621
13622
13624
13626
13631
13632
13633
13634
13635
13636
13637
13638
13639
13640
13641
13642
13643
13644
13645
13646
13647
13648
13649
13650
13651
13652
13653
13654
13655
13656
13657
13658
13666
13667
13671
13673
13678
13679
13684
13685
13694
13714
13715
13716
13724
13725
13729
13730
13731
13737
13738
13739
13745
13746
13747
13748
13749
13750
13754
13762
13763
13764
13765
13766
13767
13768
13769
13770
13771
13772
13773
13780
13781
13782
13785
13786
13787
13788
13789
13790
13794
13795
13796
13797
13804
13806
13810
13811
13812
13814
13815
13817
13818
13819
13820
13821
13822
13823
13824
13825
13829
13831
13832
13833
13835
13837
13838
13839
13840
13841
13842
13843
13847
13849
13851
13852
13853
13856
13857
13858
13862
13863
13864
13865
13874
13875
13880
13883
13889
13890
13891
13898
13899
13900
13901
13902
13903
13904
13905
13906
13908
13909
13912
13933
13934
13935
13936
13937
13943
13946
13950
13952
13955
13959
13960
13961
13962
13963
13964
13968
13970
13971
13973
13976
13985
13987
13988
13989
13990
13991
13992
13993
13994
13995
13996
13997
13998
13999
14000
14001
14002
14003
14004
14005
14006
14007
14009
14010
14011
14012
14013
14014
14015
14020
14023
14029
14034
14035
14036
14037
14038
14039
14040
14041
14042
14044
14045
14046
14047
14048
14049
14050
14051
14052
14058
14061
14063
14080
14083
14084
14093
14116
14117
14118
14119
14120
14121
14123
14124
14125
14132
14145
14146
14148
14166
14176
14181
14190
14191
14192
14195
14197
14198
14208
14214
14216
14233
14234
14235
14236
14237
14246
14257
14261
14262
14263
14264
14272
14273
14274
14275
14276
14284
14299
14307
14309
14310
14311
14314
14331
14332
14335
14339
14343
14344
14345
14346
14353
14370
14374
14379
14380
14381
14382
14399
14400
14401
14409
14410
14412
14420
14421
14433
14436
14443
14444
14445
14452
14453
14464
14465
14487
14489
14500
14501
14523
14542
14543
14544
14545
14546
14548
14560
14564
14569
14571
14572
14582
14599
14602
14613
14614
14615
14616
14624
14625
14642
14643
14644
14645
14670
14671
14673
14677
14678
14681
14684
14685
14686
14696
14702
14703
14704
14705
14706
14707
14708
14710
14711
14714
14716
14717
14718
14735
14739
14768
14769
14770
14773
14783
14784
14795
14801
14802
14803
14804
14805
14806
14807
14808
14809
14812
14817
14825
14863
14868
14869
14870
14871
14877
14878
14901
14902
14903
14913
14914
14917
14918
14919
14923
14930
14933
14934
14947
14948
14949
14953
14954
14955
14956
14958
14960
14961
14962
14963
14966
14967
14970
14972
14973
14976
14977
14978
14979
14981
14982
14983
14984
14985
14990
14991
14992
15000
15001
15005
15007
15011
15012
15017
15018
15040
15045
15046
15051
15052
15053
15064
15065
15069
15071
15072
15075
15086
15087
15092
15097
15099
15111
15112
15113
15114
15125
15126
15127
15140
15141
15143
15144
15166
15175
15177
15193
15195
15196
15200
15204
15205
15207
15208
15214
15218
15219
15220
15231
15239
15240
15249
15254
15255
15259
15260
15261
15265
15266
15267
15272
15276
15279
15282
15283
15294
15296
15299
15305
15313
15314
15315
15318
15322
15323
15324
15327
15330
15335
15337
15340
15343
15346
15347
15348
15349
15350
15353
15355
15368
15369
15370
15373
15375
15376
15377
15378
15380
15385
15389
15397
15398
15399
15400
15403
15404
15409
15410
15413
15414
15422
15427
15436
15439
15441
15442
15444
15445
15460
15461
15470
15471
15473
15475
15476
15477
15478
15494
15495
15496
15497
15498
15504
15505
15506
15518
15523
15530
15531
15534
15538
15540
15547
15548
15553
15554
15556
15558
15561
15567
15568
15579
15580
15581
15593
15601
15608
15609
15628
15640
15642
15643
15644
15645
15652
15653
15655
15665
15666
15670
15671
15672
15677
15683
15692
15693
15694
15697
15700
15706
15709
15712
15717
15718
15719
15724
15725
15726
15731
15737
15746
15747
15748
15749
15757
15758
15762
15766
15767
15768
15771
15772
15778
15779
15782
15802
15803
15851
15876
15894
15895
15896
15897
15898
15901
15907
15908
15924
15928
15929
15936
15937
15938
15944
15945
15946
15947
15948
15949
15950
15953
15954
15986
15987
15988
15991
15995
16006
16015
16016
16022
16025
16026
16028
16038
16050
16052
16055
16070
16095
16096
16106
16117
16119
16120
16141
16142
16208
16222
16223
16232
16233
16234
16237
16239
16240
16261
16262
16269
16270
16271
16272
16273
16276
16280
16281
16282
16292
16293
16295
16298
16299
16302
16323
16324
16327
16335
16355
16356
16357
16358
16367
16368
16374
16375
16389
16405
16412
16413
16416
16417
16426
16428
16433
16437
16438
16453
16461
16462
16465
16466
16468
16469
16470
16472
16478
16479
16483
16496
16504
16506
16511
16518
16542
16543
16547
16548
16549
16576
16577
16578
16579
16580
16581
16631
16632
16658
16670
16671
16674
16680
16690
16693
16700
16703
16709
16710
16715
16716
16721
16738
16739
16754
16757
16759
16760
16768
16769
16770
16775
16779
16781
16793
16797
16798
16799
16801
16802
16807
16808
16810
16816
16817
16818
16823
16833
16834
16840
16871
16872
16882
16883
16884
16885
16886
16892
16902
16904
16905
16906
16909
16920
16930
16933
16949
16951
16961
16962
16963
16974
16984
16985
17006
17014
17021
17022
17023
17024
17028
17029
17030
17033
17059
17080
17090
17110
17111
17116
17117
17118
17119
17121
17123
17124
17125
17139
17142
17145
17146
17147
17149
17154
17155
17156
17157
17159
17161
17162
17163
17164
17178
17191
17207
17208
17209
17210
17211
17262
17263
17267
17268
17270
17288
17289
17290
17291
17292
17293
17295
17307
17323
17328
17337
17355
17356
17394
17395
17400
17409
17411
17420
17421
17422
17423
17424
17425
17430
17440
17442
17449
17450
17457
17458
17459
17463
17464
17465
17466
17467
17470
17471
17472
17475
17484
17488
17489
17497
17499
17503
17504
17602
17603
17670
17671
17675
17685
17688
17689
17692
17756
17775
17777
17778
17790
17791
17794
17799
17816
17817
17818
17819
17820
17821
17822
17823
17824
17825
17826
17827
17828
17829
17830
17831
17832
17833
17882
17883
17884
17885
17886
17888
17903
17906
17908
17932
17941
17943
17944
17952
17953
17957
17972
17979
17980
17981
17982
17991
17992
17995
18002
18009
18021
18022
18023
18035
18036
18037
18052
18053
18054
18055
18056
18057
18058
18059
18060
18067
18068
18071
18072
18073
18099
18100
18101
18102
18103
18104
18105
18106
18107
18109
18110
18111
18112
18113
18114
18115
18116
18117
18118
18122
18123
18124
18125
18134
18135
18136
18137
18138
18139
18140
18141
18142
18145
18146
18147
18164
18165
18166
18167
18168
18169
18170
18171
18172
18173
18174
18175
18176
18177
18178
18179
18180
18181
18182
18183
18184
18185
18196
18197
18198
18199
18200
18201
18202
18203
18204
18205
18206
18207
18219
18220
18221
18222
18223
18224
18225
18226
18227
18229
18231
18254
18264
18273
18278
18286
18292
18307
18318
18319
18320
18321
18323
18324
18325
18326
18327
18328
18329
18330
18352
18353
18408
18409
18418
18419
18420
18421
18424
18484
18530
18531
18532
18533
18534
18535
18536
18537
18543
18544
18552
18553
18554
18555
18556
18557
18558
18568
18569
18570
18571
18572
18573
18574
18575
18591
18592
18658
18664
18665
18666
18667
18668
18669
18670
18671
18672
18673
18674
18675
18676
18677
18678
18700
18701
18702
18703
18704
18705
18706
18707
18708
18709
18714
18716
18736
18737
18738
18739
18740
18741
18742
18743
18744
18747
18748
18749
18750
18754
18757
18769
18776
18777
18778
18783
18784
18785
18786
18787
18788
18789
18790
18791
18792
18803
18804
18805
18807
18808
18809
18810
18811
18812
18831
18840
18841
18842
18843
18867
18868
18883
18884
18903
18904
18912
18913
18929
18930
18936
18937
18938
18939
18940
18941
18950
18952
18953
18956
18957
18961
18962
18963
19012
19013
19014
19015
19043
19044
19045
19046
19047
19048
19049
19050
19060
19083
19088
19105
19110
19111
19112
19113
19114
19115
19116
19118
19120
19132
19133
19175
19176
19200
19201
19202
19210
19211
19212
19213
19215
19216
19217
19218
19219
19220
19221
19222
19223
19224
19225
19226
19227
19228
19229
19230
19231
19232
19233
19234
19235
19237
19238
19239
19240
19241
19242
19243
19244
19251
19255
19256
19257
19266
19324
19337
19344
19353
19374
19375
19398
19433
19435
19436
19448
19449
19450
19451
19491
19492
19493
19497
19502
19503
19505
19506
19510
19548
19549
19550
19551
19552
19553
19554
19555
19556
19557
19558
19559
19560
19561
19582
19583
19584
19595
19598
19634
19635
19636
19637
19638
19639
19640
19641
19642
19643
19644
19645
19646
19647
19648
19649
19650
19651
19652
19655
19670
19671
19698
19703
19709
19725
19739
19740
19745
19779
19789
19796
19797
19806
19809
19810
19871
19876
19877
19878
19879
19880
19881
19883
19884
19909
19910
19911
19916
19917
19934
19935
19936
19941
19954
19955
19963
19968
19973
19974
19976
19977
19978
19995
19996
19997
19998
19999
20000
20002
20006
20009
20030
20031
20032
20033
20034
20035
20036
20037
20043
20044
20045
20046
20047
20048
20051
20053
20058
20059
20060
20063
20067
20068
20069
20070
20071
20072
20073
20074
20075
20078
20079
20084
20098
20099
20100
20101
20102
20103
20104
20105
20106
20111
20136
20143
20144
20145
20146
20147
20148
20165
20167
20168
20192
20196
20198
20202
20203
20204
20206
20210
20211
20214
20222
20223
20224
20225
20226
20227
20228
20254
20255
20264
20265
20276
20351
20352
20353
20354
20357
20358
20366
20367
20368
20369
20370
20371
20372
20373
20374
20375
20376
20377
20378
20379
20380
20381
20382
20383
20384
20390
20393
20394
20396
20397
20398
20399
20400
20401
20402
20403
20404
20405
20461
20462
20463
20464
20468
20477
20503
20504
20505
20506
20507
20508
20509
20510
20511
20516
20527
20535
20536
20540
20542
20554
20555
20556
20557
20558
20559
20560
20561
20562
20563
20564
20577
20580
20581
20582
20584
20586
20587
20594
20614
20619
20625
20632
20633
20642
20643
20644
20655
20663
20664
20665
20666
20667
20668
20680
20681
20688
20689
20690
20691
20692
20693
20694
20695
20696
20708
20725
20726
20727
20728
20729
20734
20735
20745
20746
20747
20748
20750
20751
20760
20761
20772
20773
20774
20775
20776
20778
20780
20781
20782
20797
20798
20799
20800
20801
20802
20808
20811
20812
20813
20814
20821
20822
20825
20826
20827
20834
20835
20836
20837
20839
20843
20871
20877
20908
20909
20910
20911
20915
20919
20920
20921
20922
20923
20925
20936
20937
20938
20939
20940
20941
20942
20943
20944
20945
20946
20947
20948
20963
20964
20965
20966
20969
20975
20978
20979
20980
20983
20988
20989
20997
21000
21001
21002
21009
21010
21011
21012
21016
21022
21023
21024
21025
21029
21030
21033
21034
21037
21041
21051
21052
21057
21058
21059
21062
21064
21072
21073
21074
21075
21079
21080
21083
21086
21087
21088
21090
21094
21097
21098
21103
21106
21109
21110
21111
21112
21116
21118
21119
21126
21128
21129
21130
21135
21138
21140
21141
21154
21155
21159
21161
21164
21171
21172
21180
21188
21193
21194
21195
21197
21198
21199
21216
21217
21229
21230
21233
21236
21238
21249
21250
21251
21252
21253
21258
21259
21260
21265
21266
21268
21274
21275
21285
21286
21287
21288
21304
21308
21313
21316
21319
21320
21332
21333
21337
21339
21340
21344
21345
21346
21347
21348
21349
21350
21351
21352
21353
21354
21355
21356
21361
21365
21366
21367
21368
21369
21370
21372
21374
21376
21377
21378
21381
21390
21397
21399
21400
21404
21405
21409
21410
21411
21412
21414
21419
21420
21421
21422
21423
21428
21431
21432
21434
21437
21438
21439
21442
21443
21444
21445
21446
21447
21448
21449
21450
21456
21457
21469
21470
21471
21474
21475
21476
21477
21478
21479
21480
21481
21482
21483
21517
21519
21528
21529
21532
21538
21539
21540
21541
21543
21548
21549
21550
21551
21552
21560
21561
21562
21569
21570
21571
21572
21573
21574
21575
21577
21581
21583
21584
21586
21587
21588
21589
21590
21591
21599
21600
21601
21618
21619
21620
21621
21623
21624
21625
21640
21642
21643
21650
21651
21652
21661
21662
21663
21667
21668
21669
21670
21671
21672
21673
21674
21675
21677
21679
21681
21682
21689
21690
21691
21692
21694
21695
21696
21697
21698
21699
21701
21704
21705
21713
21714
21717
21718
21719
21722
21723
21724
21725
21726
21730
21731
21734
21735
21736
21741
21743
21744
21772
21773
21778
21779
21781
21787
21788
21793
21794
21795
21797
21801
21808
21809
21811
21816
21817
21819
21821
21823
21824
21831
21832
21833
21838
21842
21843
21844
21845
21846
21847
21851
21853
21855
21896
21899
21900
21901
21902
21903
21904
21905
21906
21907
21908
21909
21910
21911
21913
21914
21915
21916
21922
21923
21924
21925
21926
21927
21928
21933
21934
21935
21936
21937
21938
21940
21941
21943
21944
21946
21952
21956
21958
21961
21970
21971
21973
21976
21981
21982
21984
21986
21987
21990
21992
21994
21995
21998
22001
22002
22005
22011
22012
22015
22018
22019
22020
22021
22022
22032
22033
22034
22036
22037
22041
22049
22051
22052
22056
22058
22059
22060
22061
22065
22066
22067
22068
22069
22070
22074
22076
22082
22083
22088
22091
22094
22098
22099
22103
22109
22111
22114
22115
22117
22118
22120
22121
22124
22125
22127
22128
22129
22131
22132
22134
22135
22136
22138
22141
22142
22147
22148
22149
22150
22151
22155
22163
22164
22165
22166
22167
22169
22170
22171
22172
22173
22174
22176
22178
22179
22184
22185
22187
22188
22190
22192
22193
22200
22202
22203
22205
22209
22210
22212
22214
22216
22217
22219
22220
22224
22226
22227
22228
22231
22233
22234
22236
22239
22241
22244
22245
22246
22247
22248
22249
22250
22252
22253
22257
22258
22262
22263
22264
22267
22268
22270
22271
22273
22274
22275
22276
22279
22282
22283
22284
22286
22287
22289
22290
22296
22297
22299
22302
22303
22306
22307
22309
22315
22317
22320
22322
22328
22332
22333
22336
22337
22338
22341
22351
22355
22365
22366
22367
22369
22370
22372
22373
22377
22378
22379
22380
22381
22382
22384
22390
22394
22397
22401
22402
22403
22404
22405
22407
22410
22411
22412
22413
22416
22418
22419
22422
22423
22425
22427
22428
22429
22435
22436
22441
22443
22444
22449
22453
22454
22455
22456
22459
22460
22461
22465
22466
22471
22474
22476
22477
22478
22480
22485
22487
22488
22493
22495
22496
22502
22503
22506
22508
22509
22510
22511
22512
22513
22514
22517
22520
22523
22524
22525
22526
22530
22533
22534
22536
22538
22545
22546
22547
22548
22554
22555
22557
22559
22562
22563
22564
22565
22570
22577
22581
22582
22591
22593
22599
22600
22602
22606
22610
22614
22618
22622
22624
22625
22630
22631
22639
22640
22641
22645
22646
22647
22651
22654
22656
22660
22666
22667
22669
22673
22674
22685
22688
22689
22694
22695
22697
22701
22710
22711
22713
22717
22721
22723
22724
22725
22726
22728
22735
22736
22737
22742
22743
22744
22748
22751
22753
22756
22760
22763
22766
22767
22771
22772
22773
22774
22776
22783
22784
22785
22787
22792
22794
22797
22798
22800
22802
22819
22820
22824
22826
22832
22838
22840
22841
22842
22845
22867
22868
22882
22890
22891
22909
22910
22911
22914
22929
22930
22934
22939
22940
22941
22942
22943
22952
22956
22964
22972
22975
22977
22981
22984
22987
22989
22990
22991
23000
23001
23006
23009
23012
23017
23025
23030
23043
23048
23049
23053
23055
23062
23065
23067
23070
23080
23086
23087
23089
23094
23099
23100
23110
23112
23113
23119
23120
23121
23130
23138
23139
23141
23143
23146
23149
23150
23155
23158
23160
23161
23166
23170
23172
23173
23174
23175
23178
23179
23183
23185
23190
23194
23195
23197
23198
23199
23202
23205
23207
23214
23219
23222
23235
23237
23238
23247
23251
23254
23255
23259
23268
23269
23270
23275
23277
23279
23283
23294
23295
23296
23297
23303
23305
23306
23312
23316
23317
23319
23320
23322
23333
23336
23338
23345
23347
23352
23354
23362
23367
23369
23372
23382
23384
23387
23388
23390
23395
23398
23404
23413
23416
23419
23420
23424
23425
23428
23431
23434
23436
23437
23440
23441
23443
23444
23445
23447
23450
23465
23466
23473
23477
23484
23486
23489
23492
23494
23500
23505
23507
23508
23518
23528
23529
23530
23534
23544
23551
23552
23554
23555
23557
23558
23563
23566
23572
23575
23582
23583
23591
23597
23600
23602
23608
23619
23620
23622
23625
23633
23635
23638
23649
23652
23661
23662
23670
23672
23690
23692
23703
23708
23711
23714
23718
23722
23736
23737
23741
23748
23750
23753
23774
23777
23780
23781
23786
23787
23791
23792
23805
23810
23826
23831
23835
23848
23849
23851
23858
23860
23861
23863
23873
23881
23887
23890
23897
23898
23901
23907
23916
23920
23926
23936
23939
23940
23946
23980
23985
23990
23996
24002
24011
24015
24019
24029
24030
24038
24044
24047
24055
24061
24072
24074
24075
24082
24093
24098
24119
24120
24130
24137
24142
24165
24167
24175
24177
24185
24186
24187
24191
24200
24205
24207
24213
24217
24222
24223
24231
24238
24239
24240
24259
24262
24268
24272
24280
24281
24289
24293
24295
24297
24304
24308
24313
24319
24322
24325
24326
24327
24328
24335
24336
24339
24340
24341
24345
24347
24349
24350
24354
24358
24359
24363
24370
24371
24387
24395
24409
24416
24421
24425
24426
24429
24430
24435
24438
24440
24444
24447
24448
24449
24453
24454
24455
24468
24469
24470
24472
24474
24475
24478
24491
24497
24498
24499
24500
24501
24507
24510
24515
24520
24526
24539
24541
24544
24552
24554
24556
24563
24567
24569
24572
24574
24577
24580
24588
24589
24591
24593
24596
24607
24611
24616
24620
24622
24626
24628
24629
24630
24640
24641
24642
24647
24650
24651
24652
24654
24665
24678
24682
24683
24687
24688
24690
24692
24694
24697
24698
24699
24701
24704
24705
24706
24707
24711
24714
24726
24730
24734
24736
24738
24739
24746
24754
24761
24770
24771
24774
24776
24781
24783
24785
24786
24791
24793
24795
24796
24800
24802
24804
24805
24806
24809
24815
24825
24826
24827
24831
24832
24837
24840
24842
24844
24848
24853
24855
24886
24891
24893
24894
24895
24899
24903
24905
24911
24912
24929
24934
24935
24946
24949
24952
24954
24963
24967
24973
24977
24979
24982
24984
24985
24986
24989
24992
24995
25000
25001
25002
25006
25011
25014
25018
25019
25023
25027
25028
25029
25030
25031
25033
25039
25041
25042
25055
25066
25067
25068
25070
25073
25075
25078
25079
25084
25088
25089
25091
25093
25101
25103
25112
25114
25124
25126
25131
25135
25144
25151
25161
25167
25178
25188
25192
25197
25198
25202
25207
25208
25217
25218
25225
25229
25232
25234
25243
25245
25251
25252
25254
25262
25267
25280
25282
25288
25290
25301
25305
25310
25311
25313
25317
25318
25320
25324
25325
25328
25329
25335
25336
25337
25339
25342
25346
25356
25360
25367
25370
25372
25377
25382
25384
25390
25391
25394
25396
25397
25398
25405
25421
25424
25426
25428
25429
25430
25434
25441
25448
25454
25455
25466
25467
25473
25474
25476
25484
25486
25489
25491
25492
25497
25504
25505
25506
25508
25512
25522
25525
25527
25531
25533
25534
25541
25542
25548
25549
25559
25564
25565
25571
25576
25577
25582
25584
25594
25599
25601
25609
25610
25612
25625
25626
25629
25631
25639
25642
25647
25650
25660
25662
25664
25665
25670
25680
25683
25689
25700
25703
25704
25705
25706
25713
25719
25720
25721
25729
25733
25736
25742
25746
25748
25752
25766
25770
25772
25775
25784
25790
25792
25793
25797
25799
25802
25804
25806
25811
25816
25818
25820
25821
25825
25835
25836
25837
25841
25844
25846
25855
25881
25883
25888
25893
25902
25905
25917
25927
25928
25931
25932
25935
25936
25941
25942
25943
25944
25949
25951
25953
25956
25957
25962
25965
25966
25972
25982
25990
25992
25996
25997
26000
26003
26008
26021
26022
26028
26032
26040
26045
26046
26047
26053
26054
26055
26066
26071
26072
26075
26076
26078
26079
26086
26092
26104
26119
26120
26124
26125
26134
26135
26136
26160
26162
26164
26165
26177
26179
26187
26188
26194
26197
26200
26202
26206
26207
26210
26216
26225
26228
26230
26236
26237
26244
26249
26250
26254
26257
26261
26263
26269
26271
26272
26277
26279
26283
26293
26296
26304
26317
26330
26331
26332
26334
26343
26356
26357
26360
26366
26370
26371
26374
26380
26382
26392
26395
26406
26407
26408
26409
26417
26418
26425
26426
26430
26434
26437
26438
26442
26448
26449
26453
26458
26463
26465
26477
26481
26482
26486
26488
26496
26497
26501
26509
26512
26513
26522
26525
26526
26530
26532
26533
26541
26546
26553
26554
26557
26560
26563
26565
26569
26572
26579
26582
26584
26589
26601
26609
26611
26615
26620
26625
26627
26635
26642
26644
26645
26649
26655
26657
26662
26665
26666
26670
26678
26681
26685
26690
26696
26698
26701
26706
26709
26712
26713
26720
26729
26731
26733
26740
26743
26749
26750
26754
26756
26761
26768
26769
26770
26773
26792
26794
26796
26808
26810
26811
26822
26823
26829
26832
26835
26839
26846
26852
26856
26860
26861
26863
26878
26887
26888
26900
26924
26933
26935
26937
26940
26953
26970
26983
26998
27004
27011
27013
27018
27023
27024
27034
27037
27043
27051
27058
27062
27068
27077
27085
27091
27095
27098
27104
27105
27109
27113
27114
27116
27117
27118
27126
27127
27134
27141
27142
27143
27147
27148
27150
27159
27161
27165
27170
27175
27185
27188
27195
27200
27211
27215
27216
27223
27224
27225
27227
27234
27237
27239
27240
27247
27253
27255
27257
27261
27267
27270
27275
27279
27281
27289
27293
27294
27298
27302
27307
27313
27316
27322
27324
27327
27337
27346
27348
27353
27358
27373
27375
27390
27398
27399
27404
27405
27406
27407
27409
27410
27424
27428
27429
27441
27445
27453
27458
27460
27464
27471
27483
27498
27513
27516
27521
27524
27530
27533
27541
27549
27572
27574
27575
27579
27610
27611
27614
27619
27629
27632
27635
27638
27640
27642
27649
27650
27661
27663
27664
27670
27691
27692
27694
27709
27712
27714
27728
27731
27732
27733
27736
27742
27749
27756
27759
27763
27765
27767
27775
27778
27779
27785
27790
27791
27805
27810
27812
27813
27817
27818
27836
27839
27842
27848
27851
27869
27870
27872
27877
27880
27894
27900
27903
27906
27907
27915
27924
27928
27937
27952
27957
27966
27973
27980
27985
27986
27988
27992
28001
28005
28016
28020
28021
28023
28029
28031
28040
28042
28055
28056
28058
28059
28072
28073
28074
28082
28093
28120
28128
28131
28133
28134
28135
28140
28143
28146
28148
28151
28155
28158
28172
28175
28180
28187
28205
28210
28215
28221
28224
28225
28231
28236
28243
28244
28248
28251
28260
28265
28268
28269
28270
28279
28280
28281
28285
28286
28302
28303
28316
28332
28338
28342
28353
28372
28374
28375
28382
28384
28386
28389
28391
28393
28395
28397
28403
28413
28424
28425
28426
28428
28429
28432
28433
28434
28435
28443
28448
28457
28463
28464
28469
28474
28478
28487
28488
28496
28499
28501
28502
28503
28510
28513
28533
28544
28545
28546
28547
28551
28553
28563
28568
28569
28578
28579
28581
28583
28588
28592
28597
28607
28612
28614
28615
28616
28625
28628
28629
28630
28632
28636
28644
28645
28646
28649
28650
28654
28655
28657
28658
28659
28663
28666
28672
28673
28675
28676
28679
28680
28682
28683
28690
28691
28693
28697
28698
28702
28703
28704
28708
28711
28712
28716
28721
28725
28731
28739
28740
28751
28754
28759
28766
28768
28770
28784
28789
28797
28800
28806
28809
28811
28812
28821
28826
28829
28831
28832
28834
28840
28842
28844
28846
28866
28867
28869
28884
28886
28888
28889
28894
28897
28899
28903
28904
28905
28923
28926
28930
28932
28934
28935
28944
28970
28975
28976
28978
28979
28980
28986
28987
28991
28992
28996
29005
29009
29013
29016
29024
29026
29028
29031
29033
29034
29037
29038
29072
29075
29085
29086
29089
29090
29091
29092
29097
29098
29100
29102
29103
29113
29117
29130
29132
29134
29135
29146
29147
29150
29151
29152
29157
29161
29162
29163
29164
29165
29166
29169
29447
29448
29449
29450
29451
29452
29453
29454
29455
29456
29459
29460
29463
29464
29467
29468
29471
29472
29477
29478
29481
29482
29508
29511
29512
29517
29518
29535
29536
29549
29550
29577
29578
29600
29605
29606
29607
29609
29610
29611
29612
29613
29615
29616
29617
29618
29619
29620
29621
29622
29623
29624
29625
29626
29627
29628
29629
29630
29631
29632
29633
29634
29635
29636
29637
29638
29639
29640
29641
29642
29643
29644
29645
29646
29647
29648
29649
29650
29651
29652
29653
29654
29655
29656
29657
29658
29659
29660
29661
29662
29663
29664
29665
29666
29667
29668
29688
29689
29692
29693
29694
29695
29696
29699
29705
29706
29710
29711
29712
29723
29726
29727
29728
29729
29733
29734
29735
29742
29744
29747
29748
29749
29750
29751
29755
29757
29758
29760
29763
29764
29794
29795
29796
29797
29800
29801
29802
29803
29809
29810
29811
29812
29815
29816
29817
29821
29822
29823
29824
29825
29829
29830
29831
29832
29834
29837
29838
29840
29842
29845
29846
29847
29848
29849
29850
29857
29858
29861
29862
29863
29869
29870
29871
29874
29875
29876
29877
29881
29882
29883
29884
29903
29904
29906
29907
29908
29909
29910
29911
29912
29952
29953
29954
29955
29956
29957
29958
29959
29960
29961
29962
29963
29966
29967
29972
29973
29974
29975
29976
29977
29982
29983
29984
29985
29986
29987
29988
29989
29998
29999
30000
30001
30002
30003
30012
30013
30014
30015
30016
30017
30018
30019
30020
30024
30025
30026
30027
30028
30029
30037
30038
30039
30040
30041
30042
30046
30047
30048
30049
30050
30051
30055
30056
30062
30063
30064
30065
30066
30068
30069
30070
30071
30072
30073
30074
30075
30080
30081
30082
30083
30088
30089
30090
30091
30341
30342
30343
30344
30345
30346
30347
30348
30349
30350
30351
30352
30353
30354
30355
30356
30357
30358
30359
30360
30361
30362
30366
30367
30368
30369
30372
30373
30374
30379
30380
30385
30386
30388
30389
30390
30391
30392
30393
30394
30395
30396
30397
30398
30399
30400
30401
30402
30403
30404
30405
30406
30407
30408
30409
30410
30411
30412
30413
30414
30415
30416
30417
30418
30419
30420
30421
30422
30423
30424
30425
30426
30427
30428
30429
30430
30431
30432
30550
30551
30556
30558
30569
30570
30571
30584
30585
30641
30651
30653
30654
30663
30664
30667
30668
30687
30688
30689
30690
30701
30704
30705
30706
30707
30708
30715
30805
30806
30808
30830
30834
30840
30841
30845
30850
30861
30868
30873
30874
30875
30876
30885
30886
30889
30890
30891
30893
30916
30917
31036
31037
31038
31052
31060
31067
31068
31102
31103
31104
31105
31106
31107
31108
31109
31110
31111
31112
31113
31114
31115
31116
31117
31118
31119
31120
31121
31122
31123
31124
31125
31126
31127
31128
31129
31130
31131
31132
31133
31134
31135
31136
31138
31139
31140
31141
31142
31143
31145
31146
31147
31155
31156
31160
31161
31162
31164
31165
31166
31167
31168
31169
31170
31171
31191
31194
31195
31196
31197
31198
31199
31200
31287
31288
31289
31290
31291
31313
31315
31316
31322
31323
31324
31325
31326
31328
31329
31330
31331
31352
31353
31354
31355
31358
31359
31361
31363
31374
31391
31392
31393
31394
31395
31403
31404
31405
31406
31408
31409
31410
31413
31429
31430
31431
31432
31433
31434
31438
31442
31447
31448
31458
31459
31460
31461
31462
31463
31464
31465
31466
31467
31468
31469
31477
31478
31479
31480
31481
31482
31483
31487
31488
31489
31490
31491
31492
31493
31494
31495
31496
31497
31498
31499
31500
31501
31502
31503
31504
31505
31506
31507
31508
31510
31511
31512
31513
31514
31515
31516
31517
31518
31519
31520
31521
31523
31527
31528
31529
31530
31536
31544
31546
31547
31551
31552
31553
31554
31561
31567
31625
31627
31628
31629
31630
31631
31632
31633
31634
31635
31636
31637
31638
31639
31640
31641
31642
31643
31644
31645
31646
31647
31648
31649
31650
31651
31652
31653
31654
31655
31656
31657
31660
31661
31675
31680
31681
31682
31683
31684
31685
31688
31693
31694
31695
31696
31697
31698
31699
31700
31701
31702
31715
31716
31718
31719
31720
31721
31722
31723
31981
31982
31983
31984
31985
31986
31987
31988
31989
31990
31991
31992
31993
31994
31997
31998
31999
32000
32001
32002
32003
32004
32006
32007
32065
32066
32067
32068
32069
32070
32071
32072
32073
32074
32075
32076
32077
32078
32079
32080
32082
32083
32084
32085
32086
32087
32088
32089
32090
32091
32092
32093
32094
32095
32096
32097
32098
32099
32100
32101
32102
32103
32104
32105
32106
32107
32108
32109
32110
32111
32112
32113
32114
32115
32116
32117
32118
32119
32120
32121
32122
32123
32124
32125
32126
32127
32128
32129
32308
32309
32313
32322
32333
32334
32349
32350
32351
32352
32353
32354
32355
32356
32357
32358
32364
32365
32366
32367
32368
32369
32374
32375
32376
32377
32378
32379
32380
32381
32393
32394
32395
32401
32402
32403
32404
32409
32410
32411
32412
32413
32414
32415
32418
32419
32423
32424
32427
32431
32432
32433
32434
32435
32436
32437
32438
32439
32440
32441
32448
32452
32453
32462
32463
32464
32465
32466
32467
32468
32469
32485
32486
32487
32488
32489
32493
32494
32495
32496
32497
32498
32499
32500
32501
32502
32503
32504
32546
32547
32548
32549
32550
32551
32552
32553
32554
32555
32556
32557
32562
32563
32564
32565
32566
32567
32570
32571
32572
32573
32574
32575
32576
32577
32578
32579
32580
32581
32582
32583
32584
32585
32586
32587
32588
32589
32590
32591
32592
32593
32594
32595
32596
32597
32598
32599
32600
32601
32602
32603
32604
32605
32606
32607
32608
32656
32662
32699
32702
32703
32706
32709
32710
32711
32712
32714
32719
32720
32721
32724
32725
32726
32727
32728
32729
32738
32739
32740
32745
32746
32747
32748
32749
32750
32751
32752
32753
32754
32755
32756
32757
32758
32759
32760
32761
32762
32763
32764
32765
32766
32767
32768
32769
32770
32771
32772
32773
32774
32775
32776
32777
32778
32779
32780
32781
32782
32783
32784
32785
32786
32787
32788
32789
32790
32791
32792
32793
32794
32795
32796
32797
32798
32799
32800
32801
32802
32803
32804
32805
32806
32807
32808
32809
32810
32811
32812
32813
32814
32815
32816
32817
32818
32819
32820
32821
32822
32823
32824
32825
32831
32832
32835
32840
32902
32906
32907
32909
32919
32920
32921
33002
33003
33004
33005
33006
33007
33008
33009
33010
33011
33012
33013
33014
33015
33021
33023
33024
33039
33040
33042
33046
33047
33048
33049
33050
33051
33052
33053
33054
33055
33056
33057
33058
33060
33061
33062
33063
33064
33065
33066
33067
33068
33070
33074
33075
33077
33078
33079
33080
33081
33082
33083
33084
33085
33088
33091
33092
33095
33096
33111
33112
33113
33114
33115
33147
33155
33156
33157
33159
33160
33165
33171
33174
33175
33176
33177
33178
33179
33180
33181
33182
33183
33184
33185
33188
33189
33190
33191
33192
33195
33196
33199
33200
33219
33220
33225
33229
33230
33231
33232
33233
33234
33238
33239
33240
33241
33242
33243
33244
33245
33246
33247
33271
33358
33359
33381
33382
33383
33384
33385
33393
33395
33416
33417
33430
33431
33432
33448
33449
33450
33451
33452
33453
33454
33470
33471
33472
33597
33615
33616
33617
33618
33619
33620
33621
33622
33623
33633
33642
33643
33651
33655
33656
33676
33677
33685
33695
33701
33724
33725
33726
33727
33728
33729
33730
33731
33732
33733
33736
33737
33762
33836
33837
33842
33848
33849
33850
33851
33852
33854
33855
33856
33902
33910
33911
33929
33934
33935
33936
33937
33949
33950
34025
34026
34027
34028
34029
34030
34031
34080
34082
34083
34103
34113
34114
34122
34123
34124
34131
34132
34133
34148
34149
34152
34153
34155
34158
34161
34166
34167
34168
34169
34170
34174
34214
34215
34217
34218
34219
34220
34228
34229
34230
34231
34232
34238
34239
34240
34245
34246
34247
34248
34252
34253
34259
34260
34264
34345
34346
34347
34348
34349
34351
34352
34353
34354
34355
34363
34364
34365
34368
34370
34371
34372
34373
34374
34375
34376
34377
34378
34379
34380
34381
34382
34383
34384
34385
34386
34387
34388
34389
34390
34391
34392
34393
34394
34397
34398
34399
34400
34404
34405
34406
34408
34409
34426
34427
34439
34440
34441
34442
34444
34477
34478
34479
34480
34481
34482
34483
34486
34487
34488
34489
34490
34508
34520
34521
34530
34531
34532
34533
34543
34545
34551
34552
34553
34554
34555
34556
34629
34635
34636
34639
34640
34641
34646
34664
34688
34692
34693
34694
34713
34714
34720
34721
34771
34772
34773
34774
34775
34776
34777
34778
34779
34780
34781
34782
34783
34784
34785
34786
34787
34788
34789
34790
34791
34792
34809
34810
34811
34817
34821
34822
34823
34824
34825
34826
34832
34833
34834
34835
34854
34855
34866
34945
34946
34947
34948
34953
34954
34955
34958
34959
34980
34981
34982
34983
34984
34985
34987
34992
34993
34996
34997
35016
35017
35018
35019
35020
35021
35022
35026
35032
35033
35034
35050
35051
35052
35053
35069
35073
35074
35077
35081
35082
35083
35086
35087
35088
35089
35132
35133
35134
35135
35136
35137
35138
35139
35140
35141
35142
35143
35144
35155
35163
35167
35171
35172
35173
35174
35175
35176
35177
35180
35181
35183
35184
35185
35186
35187
35188
35189
35191
35224
35225
35228
35231
35261
35262
35263
35284
35286
35287
35288
35289
35290
35291
35292
35293
35294
35295
35366
35367
35370
35371
35372
35373
35374
35375
35376
35377
35378
35379
35380
35385
35390
35391
35392
35393
35394
35426
35439
35444
35445
35446
35453
35454
35455
35456
35457
35458
35459
35460
35461
35462
35463
35467
35468
35469
35470
35477
35478
35479
35484
35485
35486
35487
35488
35489
35490
35491
35492
35493
35494
35495
35511
35512
35513
35514
35515
35519
35520
35521
35522
35544
35545
35547
35548
35549
35550
35551
35552
35553
35554
35555
35556
35558
35559
35560
35561
35562
35563
35564
35565
35566
35567
35568
35569
35570
35571
35572
35573
35574
35575
35579
35580
35581
35584
35587
35589
35590
35592
35593
35594
35595
35596
35597
35598
35599
35603
35606
35607
35609
35616
35635
35642
35644
35645
35646
35647
35648
35649
35650
35651
35652
35653
35655
35656
35657
35659
35660
35661
35706
35707
35708
35709
35710
35711
35712
35713
35714
35715
35716
35718
35719
35721
35722
35726
35729
35730
35731
35732
35736
35737
35738
35739
35740
35741
35742
35743
35744
35745
35746
35747
35748
35749
35754
35755
35756
35788
35794
35795
35799
35800
35816
35818
35819
35820
35821
35829
35831
35835
35842
35848
35849
35850
35851
35852
35853
35854
35855
35856
35857
35858
35859
35860
35861
35901
35902
35906
35922
35923
35924
35925
35926
35927
35928
35935
35936
35963
35991
35992
36011
36012
36013
36014
36015
36016
36017
36021
36022
36034
36039
36069
36070
36073
36075
36080
36081
36089
36099
36101
36103
36108
36109
36110
36111
36112
36113
36114
36115
36116
36123
36126
36132
36134
36135
36141
36160
36168
36195
36203
36204
36206
36222
36223
36224
36225
36226
36227
36228
36229
36230
36231
36232
36233
36234
36235
36236
36237
36238
36239
36273
36274
36275
36276
36277
36278
36279
36280
36281
36282
36283
36284
36285
36286
36287
36288
36289
36290
36291
36292
36293
36294
36295
36296
36297
36298
36299
36301
36302
36303
36304
36305
36306
36307
36308
36309
36313
36314
36315
36316
36319
36327
36340
36345
36346
36348
36351
36363
36369
36370
36371
36373
36375
36380
36383
36411
36413
36418
36419
36420
36421
36422
36423
36426
36430
36431
36432
36454
36455
36458
36461
36462
36466
36467
36504
36505
36506
36507
36508
36509
36510
36511
36512
36513
36514
36515
36516
36517
36520
36521
36522
36523
36539
36540
36541
36542
36543
36544
36545
36546
36547
36549
36550
36553
36558
36559
36565
36566
36568
36569
36570
36571
36580
36583
36591
36593
36835
36836
36837
36838
36839
36840
36841
36842
36843
36844
36845
36846
36847
36848
36849
36850
36851
36852
36853
36854
36855
36856
36857
36858
36859
36860
36861
36862
36863
36864
36865
36866
36867
36868
36869
36870
36871
36894
36895
36903
36904
36905
36906
36907
36909
36910
36913
36914
36915
36916
36917
36927
36941
36942
36948
36952
36954
36955
36956
36957
36974
36986
36987
36992
36993
36994
36996
36997
36998
37001
37019
37025
37028
37031
37040
37041
37044
37045
37052
37053
37054
37055
37059
37060
37061
37062
37063
37064
37065
37066
37068
37072
37081
37082
37083
37110
37111
37118
37119
37120
37123
37124
37131
37137
37138
37142
37143
37145
37149
37150
37168
37169
37170
37178
37179
37182
37183
37184
37185
37186
37187
37189
37190
37200
37201
37202
37203
37206
37223
37229
37230
37237
37238
37252
37272
37278
37279
37285
37286
37287
37297
37302
37303
37306
37309
37310
37315
37318
37319
37324
37326
37328
37332
37333
37334
37335
37336
37337
37338
37339
37340
37341
37342
37343
37344
37345
37346
37347
37348
37349
37350
37351
37352
37353
37354
37355
37356
37357
37358
37359
37360
37361
37362
37363
37364
37365
37366
37367
37368
37369
37370
37371
37372
37373
37476
37482
37484
37489
37501
37502
37503
37546
37547
37548
37550
37551
37552
37553
37554
37555
37556
37557
37558
37559
37560
37561
37562
37563
37564
37565
37566
37567
37568
37569
37570
37571
37572
37573
37574
37575
37576
37577
37578
37580
37581
37582
37584
37585
37586
37587
37594
37600
37601
37602
37606
37607
37611
37612
37615
37616
37618
37619
37626
37640
37641
37644
37646
37647
37649
37656
37657
37658
37659
37660
37661
37662
37663
37664
37665
37666
37667
37668
37669
37670
37671
37672
37673
37674
37676
37686
37693
37698
37699
37700
37702
37705
37719
37720
37728
37729
37730
37737
37739
37748
37749
37750
37785
37786
37795
37796
37798
37802
37805
37806
37807
37808
37809
37810
37815
37817
37820
37823
37989
37990
37994
37995
37996
37997
38004
38011
38012
38013
38014
38015
38016
38017
38018
38019
38020
38025
38026
38028
38029
38030
38034
38035
38038
38039
38042
38045
38046
38051
38052
38053
38054
38057
38060
38062
38063
38064
38065
38066
38067
38069
38075
38077
38078
38095
38105
38106
38107
38108
38132
38133
38136
38137
38138
38157
38158
38159
38162
38165
38166
38211
38224
38225
38234
38236
38237
38239
38240
38242
38243
38244
38245
38250
38266
38267
38273
38274
38276
38282
38304
38307
38308
38309
38310
38311
38312
38313
38314
38315
38316
38317
38318
38319
38320
38325
38330
38335
38339
38340
38341
38342
38343
38344
38345
38346
38347
38352
38353
38355
38358
38368
38369
38370
38371
38386
38398
38401
38411
38412
38413
38425
38426
38431
38432
38437
38445
38446
38447
38448
38450
38451
38459
38460
38461
38462
38463
38464
38467
38470
38474
38486
38488
38493
38496
38497
38498
38499
38500
38502
38503
38509
38515
38516
38517
38523
38541
38563
38565
38572
38573
38579
38582
38588
38597
38598
38601
38602
38604
38606
38611
38612
38613
38626
38627
38628
38629
38630
38631
38633
38635
38636
38637
38646
38648
38649
38689
38690
38691
38692
38693
38694
38695
38696
38697
38698
38699
38704
38705
38706
38707
38710
38713
38716
38717
38718
38719
38720
38731
38732
38738
38739
38769
38770
38773
38774
38775
38776
38777
38784
38785
38786
38787
38789
38790
38791
38795
38806
38816
38817
38822
38824
38827
38830
38835
38836
38837
38838
38843
38849
38853
38854
38855
38856
38872
38873
38885
38886
38887
38888
38893
38904
38912
38931
38932
38934
38941
38942
38943
38947
38950
38954
38955
38956
38957
38964
38973
38976
38986
38991
38992
39001
39002
39006
39007
39008
39012
39013
39032
39033
39034
39035
39037
39052
39053
39054
39070
39071
39072
39073
39076
39077
39079
39122
39123
39134
39135
39138
39145
39163
39166
39177
39186
39187
39200
39202
39203
39204
39205
39209
39210
39213
39214
39215
39216
39217
39220
39222
39225
39226
39227
39239
39250
39252
39253
39254
39255
39270
39273
39281
39282
39283
39288
39289
39297
39302
39303
39312
39324
39325
39326
39327
39332
39333
39341
39346
39349
39351
39357
39358
39372
39377
39393
39396
39397
39398
39407
39415
39422
39423
39427
39430
39441
39451
39452
39472
39474
39475
39479
39480
39481
39482
39483
39484
39485
39494
39495
39501
39503
39504
39522
39523
39524
39525
39526
39527
39536
39537
39545
39547
39548
39552
39554
39555
39565
39569
39570
39571
39577
39586
39588
39591
39593
39594
39595
39596
39599
39601
39604
39605
39610
39615
39620
39621
39623
39625
39626
39628
39630
39631
39632
39635
39636
39638
39639
39640
39645
39648
39663
39664
39669
39671
39672
39678
39681
39683
39694
39701
39702
39703
39704
39705
39706
39707
39710
39711
39718
39719
39720
39722
39735
39736
39738
39739
39740
39747
39750
39766
39770
39773
39774
39782
39783
39787
39788
39793
39794
39795
39796
39797
39799
39802
39803
39804
39809
39810
39811
39819
39820
39821
39822
39830
39833
39834
39838
39839
39840
39841
39842
39843
39844
39845
39846
39847
39859
39861
39862
39863
39878
39884
39885
39886
39887
39888
39889
39891
39892
39893
39894
39895
39896
39897
39918
39921
39923
39933
39938
39941
39942
39943
39952
39955
39956
39957
39958
39961
39962
39964
39965
39966
39972
39988
40009
40013
40014
40038
40041
40051
40052
40063
40068
40069
40070
40071
40075
40083
40084
40091
40096
40099
40100
40104
40129
40130
40132
40135
40165
40166
40167
40182
40183
40185
40186
40192
40202
40208
40211
40219
40227
40239
40240
40254
40255
40258
40259
40264
40274
40282
40283
40286
40287
40300
40301
40302
40305
40306
40311
40312
40314
40315
40316
40318
40320
40321
40322
40323
40329
40330
40332
40333
40334
40337
40346
40347
40353
40355
40356
40357
40392
40393
40417
40434
40445
40446
40453
40454
40460
40461
40462
40463
40464
40492
40505
40506
40507
40508
40509
40515
40516
40517
40525
40534
40535
40536
40539
40543
40552
40553
40554
40555
40556
40566
40567
40568
40572
40573
40574
40575
40576
40577
40585
40586
40590
40591
40606
40607
40650
40651
40667
40670
40671
40691
40693
40697
40698
40702
40711
40716
40751
40766
40782
40791
40794
40795
40796
40797
40798
40804
40805
40806
40807
40822
40823
40825
40856
40857
40858
40865
40900
40907
40908
40909
40910
40911
40912
40913
40914
40915
40916
40917
40918
40919
40920
40921
40922
40923
40932
40933
40934
40935
40941
40948
40950
40959
40961
40963
40966
40967
40968
40969
40970
40974
40975
40977
40984
40985
40987
40988
40989
40990
40991
40992
40995
41001
41002
41003
41004
41019
41021
41027
41028
41030
41032
41037
41038
41039
41040
41041
41042
41043
41044
41045
41046
41047
41048
41049
41050
41051
41052
41053
41054
41055
41056
41057
41058
41059
41060
41061
41062
41063
41064
41072
41073
41077
41079
41084
41085
41090
41091
41100
41120
41121
41122
41130
41131
41135
41136
41137
41143
41144
41145
41151
41152
41153
41154
41155
41156
41160
41168
41169
41170
41171
41172
41173
41174
41175
41176
41177
41178
41179
41186
41187
41188
41191
41192
41193
41194
41195
41196
41200
41201
41202
41203
41210
41212
41216
41217
41218
41220
41221
41223
41224
41225
41226
41227
41228
41229
41230
41231
41235
41237
41238
41239
41241
41243
41244
41245
41246
41247
41248
41249
41253
41255
41257
41258
41259
41262
41263
41264
41268
41269
41270
41271
41280
41281
41286
41289
41295
41296
41297
41304
41305
41306
41307
41308
41309
41310
41311
41312
41314
41315
41318
41339
41340
41341
41342
41343
41349
41352
41356
41358
41361
41365
41366
41367
41368
41369
41370
41374
41376
41377
41379
41382
41391
41393
41394
41395
41396
41397
41398
41399
41400
41401
41402
41403
41404
41405
41406
41407
41408
41409
41410
41411
41412
41413
41415
41416
41417
41418
41419
41420
41421
41426
41429
41435
41440
41441
41442
41443
41444
41445
41446
41447
41448
41450
41451
41452
41453
41454
41455
41456
41457
41458
41464
41467
41469
41486
41489
41490
41499
41522
41523
41524
41525
41526
41527
41529
41530
41531
41538
41551
41552
41554
41572
41582
41587
41596
41597
41598
41601
41603
41604
41614
41620
41622
41639
41640
41641
41642
41643
41652
41663
41667
41668
41669
41670
41678
41679
41680
41681
41682
41690
41705
41713
41715
41716
41717
41720
41737
41738
41741
41745
41749
41750
41751
41752
41759
41776
41780
41785
41786
41787
41788
41805
41806
41807
41815
41816
41818
41826
41827
41839
41842
41849
41850
41851
41858
41859
41870
41871
41893
41895
41906
41907
41929
41948
41949
41950
41951
41952
41954
41966
41970
41975
41977
41978
41988
42005
42008
42019
42020
42021
42022
42030
42031
42048
42049
42050
42051
42076
42077
42079
42083
42084
42087
42090
42091
42092
42102
42108
42109
42110
42111
42112
42113
42114
42116
42117
42120
42122
42123
42124
42141
42145
42174
42175
42176
42179
42189
42190
42201
42207
42208
42209
42210
42211
42212
42213
42214
42215
42218
42223
42231
42269
42274
42275
42276
42277
42283
42284
42307
42308
42309
42319
42320
42323
42324
42325
42329
42336
42339
42340
42353
42354
42355
42359
42360
42361
42362
42364
42366
42367
42368
42369
42372
42373
42376
42378
42379
42382
42383
42384
42385
42387
42388
42389
42390
42391
42396
42397
42398
42406
42407
42411
42413
42417
42418
42423
42424
42446
42451
42452
42457
42458
42459
42470
42471
42475
42477
42478
42481
42492
42493
42498
42503
42505
42517
42518
42519
42520
42531
42532
42533
42546
42547
42549
42550
42572
42581
42583
42599
42601
42602
42606
42610
42611
42613
42614
42620
42624
42625
42626
42637
42645
42646
42655
42660
42661
42665
42666
42667
42671
42672
42673
42678
42682
42685
42688
42689
42700
42702
42705
42711
42719
42720
42721
42724
42728
42729
42730
42733
42736
42741
42743
42746
42749
42752
42753
42754
42755
42756
42759
42761
42774
42775
42776
42779
42781
42782
42783
42784
42786
42791
42795
42803
42804
42805
42806
42809
42810
42815
42816
42819
42820
42828
42833
42842
42845
42847
42848
42850
42851
42866
42867
42876
42877
42879
42881
42882
42883
42884
42900
42901
42902
42903
42904
42910
42911
42912
42924
42929
42936
42937
42940
42944
42946
42953
42954
42959
42960
42962
42964
42967
42973
42974
42985
42986
42987
42999
43007
43014
43015
43034
43046
43048
43049
43050
43051
43058
43059
43061
43071
43072
43076
43077
43078
43083
43089
43098
43099
43100
43103
43106
43112
43115
43118
43123
43124
43125
43130
43131
43132
43137
43143
43152
43153
43154
43155
43163
43164
43168
43172
43173
43174
43177
43178
43184
43185
43188
43208
43209
43257
43282
43300
43301
43302
43303
43304
43307
43313
43314
43330
43334
43335
43342
43343
43344
43350
43351
43352
43353
43354
43355
43356
43359
43360
43392
43393
43394
43397
43401
43412
43421
43422
43428
43431
43432
43434
43444
43456
43458
43461
43476
43501
43502
43512
43523
43525
43526
43547
43548
43614
43628
43629
43638
43639
43640
43643
43645
43646
43667
43668
43675
43676
43677
43678
43679
43682
43686
43687
43688
43698
43699
43701
43704
43705
43708
43729
43730
43733
43741
43761
43762
43763
43764
43773
43774
43780
43781
43795
43811
43818
43819
43822
43823
43832
43834
43839
43843
43844
43859
43867
43868
43871
43872
43874
43875
43876
43878
43884
43885
43889
43902
43910
43912
43917
43924
43948
43949
43953
43954
43955
43982
43983
43984
43985
43986
43987
44037
44038
44064
44076
44077
44080
44086
44096
44099
44106
44109
44115
44116
44121
44122
44127
44144
44145
44160
44163
44165
44166
44174
44175
44176
44181
44185
44187
44199
44203
44204
44205
44207
44208
44213
44214
44216
44222
44223
44224
44229
44239
44240
44246
44277
44278
44288
44289
44290
44291
44292
44298
44308
44310
44311
44312
44315
44326
44336
44339
44355
44357
44367
44368
44369
44380
44390
44391
44412
44420
44427
44428
44429
44430
44434
44435
44436
44439
44465
44486
44496
44516
44517
44522
44523
44524
44525
44527
44529
44530
44531
44545
44548
44551
44552
44553
44555
44560
44561
44562
44563
44565
44567
44568
44569
44570
44584
44597
44613
44614
44615
44616
44617
44668
44669
44673
44674
44676
44694
44695
44696
44697
44698
44699
44701
44713
44729
44734
44743
44761
44762
44800
44801
44806
44815
44817
44826
44827
44828
44829
44830
44831
44836
44846
44848
44855
44856
44863
44864
44865
44869
44870
44871
44872
44873
44876
44877
44878
44881
44890
44894
44895
44903
44905
44909
44910
45008
45009
45076
45077
45081
45091
45094
45095
45098
45162
45181
45183
45184
45196
45197
45200
45205
45222
45223
45224
45225
45226
45227
45228
45229
45230
45231
45232
45233
45234
45235
45236
45237
45238
45239
45288
45289
45290
45291
45292
45294
45309
45312
45314
45338
45347
45349
45350
45358
45359
45363
45378
45385
45386
45387
45388
45397
45398
45401
45408
45415
45427
45428
45429
45441
45442
45443
45458
45459
45460
45461
45462
45463
45464
45465
45466
45473
45474
45477
45478
45479
45505
45506
45507
45508
45509
45510
45511
45512
45513
45515
45516
45517
45518
45519
45520
45521
45522
45523
45524
45528
45529
45530
45531
45540
45541
45542
45543
45544
45545
45546
45547
45548
45551
45552
45553
45570
45571
45572
45573
45574
45575
45576
45577
45578
45579
45580
45581
45582
45583
45584
45585
45586
45587
45588
45589
45590
45591
45602
45603
45604
45605
45606
45607
45608
45609
45610
45611
45612
45613
45625
45626
45627
45628
45629
45630
45631
45632
45633
45635
45637
45660
45670
45679
45684
45692
45698
45713
45724
45725
45726
45727
45729
45730
45731
45732
45733
45734
45735
45736
45758
45759
45814
45815
45824
45825
45826
45827
45830
45890
45936
45937
45938
45939
45940
45941
45942
45943
45949
45950
45958
45959
45960
45961
45962
45963
45964
45974
45975
45976
45977
45978
45979
45980
45981
45997
45998
46064
46070
46071
46072
46073
46074
46075
46076
46077
46078
46079
46080
46081
46082
46083
46084
46106
46107
46108
46109
46110
46111
46112
46113
46114
46115
46120
46122
46142
46143
46144
46145
46146
46147
46148
46149
46150
46153
46154
46155
46156
46160
46163
46175
46182
46183
46184
46189
46190
46191
46192
46193
46194
46195
46196
46197
46198
46209
46210
46211
46213
46214
46215
46216
46217
46218
46237
46246
46247
46248
46249
46273
46274
46289
46290
46309
46310
46318
46319
46335
46336
46342
46343
46344
46345
46346
46347
46356
46358
46359
46362
46363
46367
46368
46369
46418
46419
46420
46421
46449
46450
46451
46452
46453
46454
46455
46456
46466
46489
46494
46511
46516
46517
46518
46519
46520
46521
46522
46524
46526
46538
46539
46581
46582
46606
46607
46608
46616
46617
46618
46619
46621
46622
46623
46624
46625
46626
46627
46628
46629
46630
46631
46632
46633
46634
46635
46636
46637
46638
46639
46640
46641
46643
46644
46645
46646
46647
46648
46649
46650
46657
46661
46662
46663
46672
46730
46743
46750
46759
46780
46781
46804
46839
46841
46842
46854
46855
46856
46857
46897
46898
46899
46903
46908
46909
46911
46912
46916
46954
46955
46956
46957
46958
46959
46960
46961
46962
46963
46964
46965
46966
46967
46988
46989
46990
47001
47004
47040
47041
47042
47043
47044
47045
47046
47047
47048
47049
47050
47051
47052
47053
47054
47055
47056
47057
47058
47061
47076
47077
47104
47109
47115
47131
47145
47146
47151
47185
47195
47202
47203
47212
47215
47216
47277
47282
47283
47284
47285
47286
47287
47289
47290
47315
47316
47317
47322
47323
47340
47341
47342
47347
47360
47361
47369
47374
47379
47380
47382
47383
47384
47401
47402
47403
47404
47405
47406
47408
47412
47415
47436
47437
47438
47439
47440
47441
47442
47443
47449
47450
47451
47452
47453
47454
47457
47459
47464
47465
47466
47469
47473
47474
47475
47476
47477
47478
47479
47480
47481
47484
47485
47490
47504
47505
47506
47507
47508
47509
47510
47511
47512
47517
47542
47549
47550
47551
47552
47553
47554
47571
47573
47574
47598
47602
47604
47608
47609
47610
47612
47616
47617
47620
47628
47629
47630
47631
47632
47633
47634
47660
47661
47670
47671
47682
47757
47758
47759
47760
47763
47764
47772
47773
47774
47775
47776
47777
47778
47779
47780
47781
47782
47783
47784
47785
47786
47787
47788
47789
47790
47796
47799
47800
47802
47803
47804
47805
47806
47807
47808
47809
47810
47811
47867
47868
47869
47870
47874
47883
47909
47910
47911
47912
47913
47914
47915
47916
47917
47922
47933
47941
47942
47946
47948
47960
47961
47962
47963
47964
47965
47966
47967
47968
47969
47970
47983
47986
47987
47988
47990
47992
47993
48000
48020
48025
48031
48038
48039
48048
48049
48050
48061
48069
48070
48071
48072
48073
48074
48086
48087
48094
48095
48096
48097
48098
48099
48100
48101
48102
48114
48131
48132
48133
48134
48135
48140
48141
48151
48152
48153
48154
48156
48157
48166
48167
48178
48179
48180
48181
48182
48184
48186
48187
48188
48203
48204
48205
48206
48207
48208
48214
48217
48218
48219
48220
48227
48228
48231
48232
48233
48240
48241
48242
48243
48245
48249
48277
48283
48314
48315
48316
48317
48321
48325
48326
48327
48328
48329
48331
48342
48343
48344
48345
48346
48347
48348
48349
48350
48351
48352
48353
48354
48369
48370
48371
48372
48375
48381
48384
48385
48386
48389
48394
48395
48403
48406
48407
48408
48415
48416
48417
48418
48422
48428
48429
48430
48431
48435
48436
48439
48440
48443
48447
48457
48458
48463
48464
48465
48468
48470
48478
48479
48480
48481
48485
48486
48489
48492
48493
48494
48496
48500
48503
48504
48509
48512
48515
48516
48517
48518
48522
48524
48525
48532
48534
48535
48536
48541
48544
48546
48547
48560
48561
48565
48567
48570
48577
48578
48586
48594
48599
48600
48601
48603
48604
48605
48622
48623
48635
48636
48639
48642
48644
48655
48656
48657
48658
48659
48664
48665
48666
48671
48672
48674
48680
48681
48691
48692
48693
48694
48710
48714
48719
48722
48725
48726
48738
48739
48743
48745
48746
48750
48751
48752
48753
48754
48755
48756
48757
48758
48759
48760
48761
48762
48767
48771
48772
48773
48774
48775
48776
48778
48780
48782
48783
48784
48787
48796
48803
48805
48806
48810
48811
48815
48816
48817
48818
48820
48825
48826
48827
48828
48829
48834
48837
48838
48840
48843
48844
48845
48848
48849
48850
48851
48852
48853
48854
48855
48856
48862
48863
48875
48876
48877
48880
48881
48882
48883
48884
48885
48886
48887
48888
48889
48923
48925
48934
48935
48938
48944
48945
48946
48947
48949
48954
48955
48956
48957
48958
48966
48967
48968
48975
48976
48977
48978
48979
48980
48981
48983
48987
48989
48990
48992
48993
48994
48995
48996
48997
49005
49006
49007
49024
49025
49026
49027
49029
49030
49031
49046
49048
49049
49056
49057
49058
49067
49068
49069
49073
49074
49075
49076
49077
49078
49079
49080
49081
49083
49085
49087
49088
49095
49096
49097
49098
49100
49101
49102
49103
49104
49105
49107
49110
49111
49119
49120
49123
49124
49125
49128
49129
49130
49131
49132
49136
49137
49140
49141
49142
49147
49149
49150
49178
49179
49184
49185
49187
49193
49194
49199
49200
49201
49203
49207
49214
49215
49217
49222
49223
49225
49227
49229
49230
49237
49238
49239
49244
49248
49249
49250
49251
49252
49253
49257
49259
49261
49302
49305
49306
49307
49308
49309
49310
49311
49312
49313
49314
49315
49316
49317
49319
49320
49321
49322
49328
49329
49330
49331
49332
49333
49334
49339
49340
49341
49342
49343
49344
49346
49347
49349
49350
49352
49358
49362
49364
49367
49376
49377
49379
49382
49387
49388
49390
49392
49393
49396
49398
49400
49401
49404
49407
49408
49411
49417
49418
49421
49424
49425
49426
49427
49428
49438
49439
49440
49442
49443
49447
49455
49457
49458
49462
49464
49465
49466
49467
49471
49472
49473
49474
49475
49476
49480
49482
49488
49489
49494
49497
49500
49504
49505
49509
49515
49517
49520
49521
49523
49524
49526
49527
49530
49531
49533
49534
49535
49537
49538
49540
49541
49542
49544
49547
49548
49553
49554
49555
49556
49557
49561
49569
49570
49571
49572
49573
49575
49576
49577
49578
49579
49580
49582
49584
49585
49590
49591
49593
49594
49596
49598
49599
49606
49608
49609
49611
49615
49616
49618
49620
49622
49623
49625
49626
49630
49632
49633
49634
49637
49639
49640
49642
49645
49647
49650
49651
49652
49653
49654
49655
49656
49658
49659
49663
49664
49668
49669
49670
49673
49674
49676
49677
49679
49680
49681
49682
49685
49688
49689
49690
49692
49693
49695
49696
49702
49703
49705
49708
49709
49712
49713
49715
49721
49723
49726
49728
49734
49738
49739
49742
49743
49744
49747
49757
49761
49771
49772
49773
49775
49776
49778
49779
49783
49784
49785
49786
49787
49788
49790
49796
49800
49803
49807
49808
49809
49810
49811
49813
49816
49817
49818
49819
49822
49824
49825
49828
49829
49831
49833
49834
49835
49841
49842
49847
49849
49850
49855
49859
49860
49861
49862
49865
49866
49867
49871
49872
49877
49880
49882
49883
49884
49886
49891
49893
49894
49899
49901
49902
49908
49909
49912
49914
49915
49916
49917
49918
49919
49920
49923
49926
49929
49930
49931
49932
49936
49939
49940
49942
49944
49951
49952
49953
49954
49960
49961
49963
49965
49968
49969
49970
49971
49976
49983
49987
49988
49997
49999
50005
50006
50008
50012
50016
50020
50024
50028
50030
50031
50036
50037
50045
50046
50047
50051
50052
50053
50057
50060
50062
50066
50072
50073
50075
50079
50080
50091
50094
50095
50100
50101
50103
50107
50116
50117
50119
50123
50127
50129
50130
50131
50132
50134
50141
50142
50143
50148
50149
50150
50154
50157
50159
50162
50166
50169
50172
50173
50177
50178
50179
50180
50182
50189
50190
50191
50193
50198
50200
50203
50204
50206
50208
50225
50226
50230
50232
50238
50244
50246
50247
50248
50251
50273
50274
50288
50296
50297
50315
50316
50317
50320
50335
50336
50340
50345
50346
50347
50348
50349
50358
50362
50370
50378
50381
50383
50387
50390
50393
50395
50396
50397
50406
50407
50412
50415
50418
50423
50431
50436
50449
50454
50455
50459
50461
50468
50471
50473
50476
50486
50492
50493
50495
50500
50505
50506
50516
50518
50519
50525
50526
50527
50536
50544
50545
50547
50549
50552
50555
50556
50561
50564
50566
50567
50572
50576
50578
50579
50580
50581
50584
50585
50589
50591
50596
50600
50601
50603
50604
50605
50608
50611
50613
50620
50625
50628
50641
50643
50644
50653
50657
50660
50661
50665
50674
50675
50676
50681
50683
50685
50689
50700
50701
50702
50703
50709
50711
50712
50718
50722
50723
50725
50726
50728
50739
50742
50744
50751
50753
50758
50760
50768
50773
50775
50778
50788
50790
50793
50794
50796
50801
50804
50810
50819
50822
50825
50826
50830
50831
50834
50837
50840
50842
50843
50846
50847
50849
50850
50851
50853
50856
50871
50872
50879
50883
50890
50892
50895
50898
50900
50906
50911
50913
50914
50924
50934
50935
50936
50940
50950
50957
50958
50960
50961
50963
50964
50969
50972
50978
50981
50988
50989
50997
51003
51006
51008
51014
51025
51026
51028
51031
51039
51041
51044
51055
51058
51067
51068
51076
51078
51096
51098
51109
51114
51117
51120
51124
51128
51142
51143
51147
51154
51156
51159
51180
51183
51186
51187
51192
51193
51197
51198
51211
51216
51232
51237
51241
51254
51255
51257
51264
51266
51267
51269
51279
51287
51293
51296
51303
51304
51307
51313
51322
51326
51332
51342
51345
51346
51352
51386
51391
51396
51402
51408
51417
51421
51425
51435
51436
51444
51450
51453
51461
51467
51478
51480
51481
51488
51499
51504
51525
51526
51536
51543
51548
51571
51573
51581
51583
51591
51592
51593
51597
51606
51611
51613
51619
51623
51628
51629
51637
51644
51645
51646
51665
51668
51674
51678
51686
51687
51695
51699
51701
51703
51710
51714
51719
51725
51728
51731
51732
51733
51734
51741
51742
51745
51746
51747
51751
51753
51755
51756
51760
51764
51765
51769
51776
51777
51793
51801
51815
51822
51827
51831
51832
51835
51836
51841
51844
51846
51850
51853
51854
51855
51859
51860
51861
51874
51875
51876
51878
51880
51881
51884
51897
51903
51904
51905
51906
51907
51913
51916
51921
51926
51932
51945
51947
51950
51958
51960
51962
51969
51973
51975
51978
51980
51983
51986
51994
51995
51997
51999
52002
52013
52017
52022
52026
52028
52032
52034
52035
52036
52046
52047
52048
52053
52056
52057
52058
52060
52071
52084
52088
52089
52093
52094
52096
52098
52100
52103
52104
52105
52107
52110
52111
52112
52113
52117
52120
52132
52136
52140
52142
52144
52145
52152
52160
52167
52176
52177
52180
52182
52187
52189
52191
52192
52197
52199
52201
52202
52206
52208
52210
52211
52212
52215
52221
52231
52232
52233
52237
52238
52243
52246
52248
52250
52254
52259
52261
52292
52297
52299
52300
52301
52305
52309
52311
52317
52318
52335
52340
52341
52352
52355
52358
52360
52369
52373
52379
52383
52385
52388
52390
52391
52392
52395
52398
52401
52406
52407
52408
52412
52417
52420
52424
52425
52429
52433
52434
52435
52436
52437
52439
52445
52447
52448
52461
52472
52473
52474
52476
52479
52481
52484
52485
52490
52494
52495
52497
52499
52507
52509
52518
52520
52530
52532
52537
52541
52550
52557
52567
52573
52584
52594
52598
52603
52604
52608
52613
52614
52623
52624
52631
52635
52638
52640
52649
52651
52657
52658
52660
52668
52673
52686
52688
52694
52696
52707
52711
52716
52717
52719
52723
52724
52726
52730
52731
52734
52735
52741
52742
52743
52745
52748
52752
52762
52766
52773
52776
52778
52783
52788
52790
52796
52797
52800
52802
52803
52804
52811
52827
52830
52832
52834
52835
52836
52840
52847
52854
52860
52861
52872
52873
52879
52880
52882
52890
52892
52895
52897
52898
52903
52910
52911
52912
52914
52918
52928
52931
52933
52937
52939
52940
52947
52948
52954
52955
52965
52970
52971
52977
52982
52983
52988
52990
53000
53005
53007
53015
53016
53018
53031
53032
53035
53037
53045
53048
53053
53056
53066
53068
53070
53071
53076
53086
53089
53095
53106
53109
53110
53111
53112
53119
53125
53126
53127
53135
53139
53142
53148
53152
53154
53158
53172
53176
53178
53181
53190
53196
53198
53199
53203
53205
53208
53210
53212
53217
53222
53224
53226
53227
53231
53241
53242
53243
53247
53250
53252
53261
53287
53289
53294
53299
53308
53311
53323
53333
53334
53337
53338
53341
53342
53347
53348
53349
53350
53355
53357
53359
53362
53363
53368
53371
53372
53378
53388
53396
53398
53402
53403
53406
53409
53414
53427
53428
53434
53438
53446
53451
53452
53453
53459
53460
53461
53472
53477
53478
53481
53482
53484
53485
53492
53498
53510
53525
53526
53530
53531
53540
53541
53542
53566
53568
53570
53571
53583
53585
53593
53594
53600
53603
53606
53608
53612
53613
53616
53622
53631
53634
53636
53642
53643
53650
53655
53656
53660
53663
53667
53669
53675
53677
53678
53683
53685
53689
53699
53702
53710
53723
53736
53737
53738
53740
53749
53762
53763
53766
53772
53776
53777
53780
53786
53788
53798
53801
53812
53813
53814
53815
53823
53824
53831
53832
53836
53840
53843
53844
53848
53854
53855
53859
53864
53869
53871
53883
53887
53888
53892
53894
53902
53903
53907
53915
53918
53919
53928
53931
53932
53936
53938
53939
53947
53952
53959
53960
53963
53966
53969
53971
53975
53978
53985
53988
53990
53995
54007
54015
54017
54021
54026
54031
54033
54041
54048
54050
54051
54055
54061
54063
54068
54071
54072
54076
54084
54087
54091
54096
54102
54104
54107
54112
54115
54118
54119
54126
54135
54137
54139
54146
54149
54155
54156
54160
54162
54167
54174
54175
54176
54179
54198
54200
54202
54214
54216
54217
54228
54229
54235
54238
54241
54245
54252
54258
54262
54266
54267
54269
54284
54293
54294
54306
54330
54339
54341
54343
54346
54359
54376
54389
54404
54410
54417
54419
54424
54429
54430
54440
54443
54449
54457
54464
54468
54474
54483
54491
54497
54501
54504
54510
54511
54515
54519
54520
54522
54523
54524
54532
54533
54540
54547
54548
54549
54553
54554
54556
54565
54567
54571
54576
54581
54591
54594
54601
54606
54617
54621
54622
54629
54630
54631
54633
54640
54643
54645
54646
54653
54659
54661
54663
54667
54673
54676
54681
54685
54687
54695
54699
54700
54704
54708
54713
54719
54722
54728
54730
54733
54743
54752
54754
54759
54764
54779
54781
54796
54804
54805
54810
54811
54812
54813
54815
54816
54830
54834
54835
54847
54851
54859
54864
54866
54870
54877
54889
54904
54919
54922
54927
54930
54936
54939
54947
54955
54978
54980
54981
54985
55016
55017
55020
55025
55035
55038
55041
55044
55046
55048
55055
55056
55067
55069
55070
55076
55097
55098
55100
55115
55118
55120
55134
55137
55138
55139
55142
55148
55155
55162
55165
55169
55171
55173
55181
55184
55185
55191
55196
55197
55211
55216
55218
55219
55223
55224
55242
55245
55248
55254
55257
55275
55276
55278
55283
55286
55300
55306
55309
55312
55313
55321
55330
55334
55343
55358
55363
55372
55379
55386
55391
55392
55394
55398
55407
55411
55422
55426
55427
55429
55435
55437
55446
55448
55461
55462
55464
55465
55478
55479
55480
55488
55499
55526
55534
55537
55539
55540
55541
55546
55549
55552
55554
55557
55561
55564
55578
55581
55586
55593
55611
55616
55621
55627
55630
55631
55637
55642
55649
55650
55654
55657
55666
55671
55674
55675
55676
55685
55686
55687
55691
55692
55708
55709
55722
55738
55744
55748
55759
55778
55780
55781
55788
55790
55792
55795
55797
55799
55801
55803
55809
55819
55830
55831
55832
55834
55835
55838
55839
55840
55841
55849
55854
55863
55869
55870
55875
55880
55884
55893
55894
55902
55905
55907
55908
55909
55916
55919
55939
55950
55951
55952
55953
55957
55959
55969
55974
55975
55984
55985
55987
55989
55994
55998
56003
56013
56018
56020
56021
56022
56031
56034
56035
56036
56038
56042
56050
56051
56052
56055
56056
56060
56061
56063
56064
56065
56069
56072
56078
56079
56081
56082
56085
56086
56088
56089
56096
56097
56099
56103
56104
56108
56109
56110
56114
56117
56118
56122
56127
56131
56137
56145
56146
56157
56160
56165
56172
56174
56176
56190
56195
56203
56206
56212
56215
56217
56218
56227
56232
56235
56237
56238
56240
56246
56248
56250
56252
56272
56273
56275
56290
56292
56294
56295
56300
56303
56305
56309
56310
56311
56329
56332
)


// ************************************************************************* //
