/*--------------------------------*- C++ -*----------------------------------*\
| =========                 |                                                 |
| \\      /  F ield         | OpenFOAM: The Open Source CFD Toolbox           |
|  \\    /   O peration     | Version:  v2012                                 |
|   \\  /    A nd           | Website:  www.openfoam.com                      |
|    \\/     M anipulation  |                                                 |
\*---------------------------------------------------------------------------*/
FoamFile
{
    version     2.0;
    format      ascii;
    class       volScalarField;
    location    "150";
    object      gammaInt_0;
}
// * * * * * * * * * * * * * * * * * * * * * * * * * * * * * * * * * * * * * //

dimensions      [0 0 0 0 0 0 0];


internalField   nonuniform List<scalar> 
13917
(
1
1
0.999979
1
0.999998
1
1
1
1
1
1
1
1
1
1
1
1
1
1
1
1
1
1
1
1
1
0.997998
1
1
1
1
1
1
1
1
1
1
1
1
1
1
1
1
1
1
1.00119
1
1
1
1
1
0.999999
1
1
1
1
1
1
1
1.0022
1
1
1
1
1
1
1
1
1
1
1.00013
1
1
1
1
1
1
1
1
1
1
1
1
1.00007
1
1
1
1
1
1
1
1
1
1
1
1
1
1
1
1
1
1
1
1
1
1.00001
1
1
1
0.99962
1
1
1
1
1
1
1
1
1
1
1
1
1
1
1
1.00004
1
1
1
1
1
0.998701
1
1
1
1.00003
1
1
1
1
1
1
1.00004
1
1
1
0.999954
1
1
1
1
1
1
1
1
1
1
1
1
1
1
1
1
1
1
1
1
1
1
1
1
1
1
1
1
1
1
0.999999
1
1
1
1
1
0.999945
1
0.998988
1
0.999953
1
0.999987
1
1
1
1
1
1
1
1
1
1
1
1
1
1
0.999998
1
1
1
1
1
1
0.999914
0.999893
1
1
1
1
1
1
1
1
1.00001
1.00034
1
1
1.00001
1
1
1
1
1
1
1
1
1
1
1
1
1
1
0.999993
1.00001
1.00001
1
1
1
1
1
1
1
1
1
1
1
1
1
1
1
0.999995
1
1
1
1
1
1
1
1
1
1
1
1
1
1
0.999999
1.00003
1
1
1
1
1
1
1
1
1
1
1
1
1
1
1
1
1
1
1
1
1
0.999987
1
0.999991
1
1
1
1
0.999921
1
1
1
1
1
1
0.999622
1
1
1
1
1
1
1.00027
0.999999
0.998866
1
0.999978
1
1
1.0003
1
1
1
1
1
1
1
1
1
1
1
1
1
1
1
1.00004
1
1
1
1.00001
1
1
1
1
1
1.00026
1
0.999985
1
1
1
1
1
1
1
1
1
1
1.00003
1
1
1
1
1
1
0.999966
0.9996
1
1
1.00049
1.00027
1
1
0.998544
1
1
1
1
1
1
1
1
1
1
1
1
1
1
1
0.999878
1
1
1
1
0.999992
1
1
1
1
1
1
1
1
1
1
1
1
1
1
1
1
0.999976
1
1
1
1
1
1
0.997206
1
1
1
1
1
1
1
1
1
1
1
1
1
1
1
1
1
1
0.999999
1
0.999999
1
1
1
1
0.999701
1
1
1
0.999763
1
1
1
1
1
1
1
1
1
1
1
1
1
1
1
1
1
1
1
1
1
1
1
1
1
1
0.999833
1
1
1
1
1
1
1
1
1
1
1
1
1
1
1
1
1
1
1
1
1.00002
1
1
1
1
1
1
1
0.999997
1
1
1
1
1
1
0.999999
1
1
1
1
1
1
1
1
1
1
1
1
1
1
1
1
1
1
1
1
1
1
1
1
1
1
1
1
1
1
1
1
0.999999
1
0.999999
1
1
1
1
1
1
1
1
1
1
1
1
1
0.999989
1
1
1
0.999999
1
1
1
1
1
0.999279
1
1
1
1
1
1
1
0.99998
0.999589
1
1
1
1
1
1
0.995753
1
1
1
1
1
0.999925
1
1
1
1
0.996767
1
1
1
1
1
1
0.998276
1
0.999998
1
1
1
1
1
1
1
1
1
1
1
1
1
1.00001
1
1
1
0.999988
1
1
1
1
1
1
1
1
1
1
1
1.00002
1
1.00001
1
1
1
0.999932
1
1
1
1
1
1
1
1
1
1
1
1
0.999944
1
1
1
1
1
1
1
1
1
1
1
1
1
1
1
1
1
1
1
1
1
1
1
1
1
1
1
1
1
1
1
1
0.999999
1
1
1
1
1
1
1
1
1
1
1
1
1.00002
1
1
1
1
1
1
1
1
1
1
1
1
1
0.99991
1
1.00003
1
1.00002
1
1
1
1
0.999978
1
1
1
1
1
1
1
1
1
1
0.99975
0.99988
1
1
1.00059
1
1
1
1
1
1
1
1
1
1
1
1
1
1
1
1
1
1
1
1
1
1
1
1
1
1
1
0.99981
0.99997
1
1
1
1
1
1
1
1
1
1
1
1
1
1
1
1
1
1
1
1
1
1
1
1
1
1
1
1
1
1
1
1
1
1
1
1
1
1
1
1
1
1
1
0.999999
1
1
1
1
1
1
1
1
1
1
1
1
1
1
1
1
1.00001
1
1
1
1
1
1
1
0.996742
1
1
1
1
1
1
0.999999
1
1
1
1
1
1
1
1
1
1
1
1
1
1
1
1
1
1
1
1
1
1
1
1
1
1
1
1
1
1
1
1
0.999998
1
0.999506
1
1
1
0.995232
1
1
1
1
1
1
1
1
1
1
1.00004
1
1
1
1
1
1.00001
1
1
1
1
1
1.00004
1
1
1
1
1
1
1
1
1
1
1
1
1
1
1
1
1
1
1
1
1
1
1
1
1
1.00011
1
1
1
1
1
1
1
0.999999
1
1
1
1
1
1
1
1
1
0.999999
1
1
1
1
1
1
1.00021
1.00001
1
1
0.999998
1
1
1
1
1
1
0.999986
1
1
1
1
1
1
1
1
1
1
1
1
1
1
1
1
1
1
1
1
0.987744
1
1
0.999999
1
1
1
1
0.999926
1
1
1
1
1
1
1
1
1
1
1
1
1
1
1
1
1
1
1
1
0.999996
1
1
1
0.99989
1
1
0.999519
1
1
1
0.999996
1
0.999966
1
1
1
1
1
1
1
0.99727
1
1
1
1
0.996613
1
1
1
1
1
1
1
1
1
1
1
1
1
1
1
1
1
0.999984
0.999999
1
1
1
0.998173
1
1
1
1
1
1
1
1
1
1
0.999929
1
1
1
1
1
1
1
1
1
1
1
1
1
1
1
0.999237
1
1
1
1
1
1
1
1
1
1
1
0.999918
1
1
1
1
1
1
0.999999
1
1
1
1
1
1
1
1
1
1
1
1
0.999999
1
1
0.999902
1
0.991323
1
1
1
1
1
1
1
1
1.00139
0.999998
1
1
0.999997
0.997468
0.999912
1
1
0.999891
1
1
1
1
1
1
1
1
0.999258
1
1
1
0.999807
1
1
1
1
1
1
1
1
1
1
1
1
1
1
0.999996
1
1
1
1
0.999979
1
1
1
1
0.999999
1
1.00001
1
0.999292
1
1
1
1
1
1
1
1
1
1
1
1
1
1
1
1
1
1
1
1
1
1
1.00055
1
1
1
1
1
1
1
1
1
1
1
1.00044
1
1
1
1
1.00042
1
1
1
1
1
1
0.999994
1
1
1
1
0.999778
1
1
1
1
0.999997
1
1
1.00003
1
1
1
1
1
1
1
1
1
1
1.00002
1
1
1.00002
0.999878
1
0.999947
1
1
1
1
1
1
1
1
1
1
1
1
1
1
1
0.999991
1
1
0.999996
1
1
1
1
1
1
1
1
1
1
1
1
0.999996
1
1
1
1
1
1
1
1
1
1
1
0.999992
0.993607
1
1
1
1.00007
1
1
1
1
1
1
1
1
1
1
1
1
1
1
1
1
1
1
0.999989
1
1
1
1
1
0.999991
1
1
1
1
1
1
1
1
1
1
1
1
1
1
1
1
1
1
1
1
1
1
1
1
1
1
1
1
1
1
1
1
1.00002
1
0.999996
1
1
1
1
1
1
1
1
1
1
1
1
1
1
1
1
1
0.999995
1
1
1
1
1
1
1
1
1
1
1
0.999969
1
1
0.993816
1
1
1
1
1.00004
1
1
1
1
1
1
1
1
0.999998
1
1
1
1
1
1
0.999999
1
1
1
1
1
1
1
1
1
1
1
1
1
1.00004
1
1
1
1
1.00019
1
1
1
1
1
1
1
1
1
1
1
1
1
1
1
1
1
1
1
0.999057
1
1
1
1
1
1
1
1
1
0.999995
1
1
1
1
1
1
1.00002
1
1
1
1
1
0.997225
1
0.999998
1
1
1
1
1
0.999935
1
1
1
1
1
1
1
1
1.00001
1
1.00039
1
1
1
0.999849
1
0.998748
1
1
1
1
1
1
1.00003
1
1
1
1
1
1
1
1
1
1
1
1
1
1
1
1
1
1
1
1
1
1
1
1
1.00004
0.999685
0.999999
1
1
1
1
1
0.999998
1
1
1
1.00046
1
1
1
1
1
1
1
1
1
1
1
1
1
1
1
1
1
1.00035
1
1
1
1.00117
1
0.999964
1
1
1
1
1.00004
1
1
0.997627
1
1
1
1
1
1
1
1
1
1
1
1
1
1
1
0.999996
1
0.999974
1
1
1
1
1
1
1
1
1
1.00031
1
1
1
1
1
1
1
0.999999
1
1
1
1
1
1
1
1
1
1
1
1
1
1
1
1
1
1
1
1
1
1
1
1
1
1
1
1
1
1
1
1
1
1
1.00049
1
1
1
1
1.00001
1
1
1
1
1
1
1
1
1
1
1
1
1
1
1
0.996924
1
1
1
1
1
1
1
1
1
1
1
1
1.00001
1
1
1.00001
1
1
1
1
1
1
1
1
1
1
1
1
0.995765
1
1
1.00017
1
1
1
1
1
1
0.999998
1
1
1
1
1
1
1
1
0.999801
1
1
1
1
1
1
1
1
1
1
1
1
1
1
1
1
1
1
1
1
1
0.999757
1
0.997509
1
1
1
1.00005
1
1
1
1
1
1.00004
1
1
1
1
1
1
1
1.00024
1
1
1
1
1
1
1
1
1
1
1
1
1
1
1
1
1
0.999975
1
1
0.999998
1
1
1
1
1
0.999054
1
1
1
1
1
1
1
1
0.998071
1
0.999923
1
1
1
1
1
1
1
1
1
1
1
1
1
1
1
1
1
1.00023
1
1
1
0.999762
1
1
1
1
1
1
1
1
1.00001
1.00001
1
1
1
1
1
1
1
1
1
1
1
1
1
1
1
1
1
1
1
1
1
1
1
1
1
1
1
1
1
1
1
1
0.99999
1
1
1
1
1
1
1
1
1
0.999668
1
1
1
1
0.99992
1
1
1
1
1
1
1
1
1
1
1
1
1
1
1
1
1
1
0.999982
1
1
1.00007
1
0.999696
1
1
1
1
1
1
1
1.00027
1
1
1
1
1
1
1
1
1
1
1
1
1.00059
0.994265
1
1
1
1
1
1
0.999995
1
1
1
1
1
1
0.999948
1
1
1
1
1
1
1
1
1
1
1
1
0.999669
1
1
1
1
1
1
1
1
1
1
1
1
1
1
1
1
0.998181
1
0.999999
1.00001
1
1
1
1
1
1
1
1
0.999999
1
1
1
1
1
1
1
1.00013
1
1.00029
1
1
0.995824
1
1
1
1
1
1
1
1
0.996311
1
1
1
1
1
1
1
1
1
1.00001
1
1
1
1
1
0.997379
1
1
0.999211
1
1
1
1
1
1
1
1
1
1
0.999142
1
1
1
1
1
1
1
1
1
1
1
1
1
1
1
1
1
1
1
1
1
1
1
1
1
1
1
0.999335
0.999999
1
1
1.00001
1
1.00035
0.995986
1
0.99999
1
1
0.998313
1
0.999995
0.99992
1
1
1
1
1
1
1
1
1
1
1
0.999884
1
1
1
1
1
1
1
1
1
0.999851
1
1
1
1
1
1
1
1
1
1
1
0.999987
1.00001
1
1
1
1
1
1
1
1
1
1
1
1
1
1
1
1
1
1
1
1
1
1.00003
1
1
1
1
1
1
1
1
1
1
0.999969
1
1
0.999853
1
1
1
1
1
1
1
1
1
1
1
1
1
1.00001
1
1
1
1
0.99846
1
0.999762
1
1
1
1
1.00001
1
1
1
1
1
1
1
1
1
1
1
1.00005
1
1
1
1
1
1
1
1
1
1
1
1
1
1
1
1
1
1
1
0.998797
1
1
0.999968
1
1
1
1
1
1
1
1
1
1
1
1.00022
1
1
1
1
1
1
1
1
1
1
1
1
1
1
1
1
1
1
1
1.00004
1
1
1
1
1
1
1
1
0.999995
1
0.999355
1.00003
1
1
1
0.999982
0.999999
1
1
1
1
1
1
1
1
1
1
1
1.00001
1
1.00005
1
1.00005
1
1
0.999825
1.00001
0.9997
1
1
1
1
1
1
1.00001
1
1
0.999936
1
1
1
1
1
1
1
1
1
1
1
1
1
1
1
1
1
1
1
1
1
1
1
1
1
0.999987
1.0003
1
1
1
1
1
1
1
1
1
1
1
1
1
0.99798
1
0.998154
1
1
1.00018
0.994104
1
1
1
1
0.999808
0.996713
1
1
1
1
1
0.999957
1
1
1
1.00006
1
1
1
1
1.00002
1
1
1.00028
1
1
1
1
1
1
1
1
1
1
0.999076
1
1
1
1
1
1
1
0.999954
1
1
1
1
1
0.999412
1
1
1
1
1
1
1
1
1.00002
1.00001
1
0.994586
1
1
1
1
1
1
1
1
1.00003
1
1
1
1
1
1
1
1
1
1
1
1
1
1
1
1
1
1
1
1
1
1
1
1
1
1
1
1
1
1
1
1
1
1
1
1
1
1
1
1
1
1
1
1
1
1
1
1
1
1
0.999998
1
1
1
1
1
1
1
1
1
1
1
1
1
1
1
0.999955
1
1
1
1
1
1
1
0.999869
1
0.992373
1
1
1
1
1
1
1
1.00001
1
1
1
1
1
1
1
1
1
1
1
1
1
1.00001
1
0.999928
1
1.00028
1
1.00036
1
1
1
1
1
1
1
1
1
1
1
1
1
1
1
1
1
1
1
1
1
1
1
1
1
1
1
1
1
1
1
0.999935
1
1
1
0.997948
1
1
1
0.997928
1
1
1
1
1
1
1
1
1
1
1
1
1
1
1
1
1
1
1
1
0.999433
1
1
1
1
1
1
1
1
1
1
1
1
1
1
1
1
1
1
1
1
1
1
1
1
0.999863
1
1
0.999998
1
1
1
1
1
1
1
1
1
1
1
1
1
1
1
1
1
1.00004
1
1
1
1
1
1
1
1
1
1
1
1
1
1
1
1
1
1
1
1
1
1
1
1
1
1
1
1
1
1
1
1
1
1
1
1
1
1
1
1
1
1
1
1
1
1
1
1
1
1
0.992197
1
1
1
1
1
1
1
1
1
1
1
1
1
1
1
1
1
1
1
1
1
1
1
1
1
1
1
1
1
1
1
1.00002
1
0.999996
1
1
1
1
1
1
1
0.999991
1
1
1
1
1
1
1
1
1
1
1
1
1
1
1
1
1
1
1
1
1
1
1
1
1
1
1
1
1
1
1
1.00001
1
1
1
1
1
1
1
1
1
1
1
1
1
1
1
1
1
1
1
1
1
1
1
1
1
1
1
1
1
1
1
1.00001
1
0.999998
1
1
0.996065
1
1
1
1
1
1
1
1
1
1
1
1
1
1
1
1
1
1
1
0.999999
1
1
1
1
1.00003
1
0.999994
1
1
1
1
1.00002
1
1
1
1
1.00095
1
1
1
1
1
1
1
1
1
1
1
1
1
1
1
1
1
1
1
1
1
1
1.00001
1
1
1
1
0.999999
1
1
1
1
1
1
1
1
1
0.999959
1.0006
1.00001
1
1
1
1
1
1
1
1
1
0.999998
0.997284
1
1
1
1
1
1
1
1
1
1
1
1
1
1
1
1
1
1
1
1
1
1
1
1
1
1
1.00001
1
1
1
1
1
1
1
1
1
1
1
1
1
1
1
1
1
1
1
1
1
1
1
1
1
1
1.00001
1
1
1
1
1
1
1
1
1
1
1
1
1
1
1
1
1
1
1
1
1
1
1
1
1
1
1
1
1
1
1
1
1
0.999999
1
1
1
1
1
1
1
1
0.999573
1
1
1
1
1
1
1
1
1
1
1
1
1
1
1
1
1
1
1
1
1
1
1.0002
1
1
1
1
1
0.99998
1
1
1
1.00058
1
1
1
1
0.999999
1
1
1
1
1
1
1
1.00001
1
1
1.00002
1
1
1
1
1
1
1
1
1
1
1
1
1.00001
1
1
1
1
1
1
1
1
1
1
1
1
1
0.992181
1
1
1
1
1
1
1
1
1
1
1
1
1
1
1
1
1
1
1
1
1
1
1
1
1
1
1
1
1
1
1
1
1
1
1.00002
1
1
1
1
1
1
1
1
1
1
1
1
1
1
1
1
1
1
1
1
1
1
0.999987
1
1
1
1
1
1
1
0.999981
1
1
0.999808
1
1
1
1.00003
1
0.999955
1
1
1
1
1.00002
1
1
1
1
1
1
1
1
1
1
1
1
1
1
1
1
0.999999
1
0.998987
1
1
1
1
1
1
1
1
1
1
1
1
1
1
1
1
1
1
1
1
1
1
1
0.999998
1
1
1
1
1
1
1
1
1
1
1
1
1
1
1
1
1
1
1
1
1
1
1
1
1
1.00001
1
1
1
1
1
0.999999
1
1
1
1
1
1
1
1
1
1
1
0.996022
1
1
1
1
1
1
1
1
1
1
1
1
1
1
1
1
1
1
1
1
1
1
1
1
1
1
1
1
1
1
1
1
1
1
1
1
1
1
1
1
1
1
1
1
1.00009
1.00002
0.999987
1
1
1
1
1
1
1
1
1
1
1
1
1
1
1
1
1
1
1
1
1
1
1
1
1
1
1
1
1
1
1
1
1
1
1
1
1
1
1
1
1
1
1
1
1
1
1
1
1
1
1
1
1.00001
1
1
1
1
1
1
1
1
1
1
1
1.00001
1
1
1
1
1
1
1
1
1
1
1
1
1
1
1
1
0.999988
1.00001
1
1
1
1
1
1
1
1
1
1
1
1
1
1
1
1
1
1
1
1
1
1
1
1
1
1
1
1
1
1
1
1
1
1
1
1
1
1
1
1
1
1
1
1
1
1
1
1
1
1
1
0.999992
1
1.00001
1
1
1
1
1
1
1
1
1
1
1
1
1
1
0.999999
1
1
1
1
1
1
1
1
1
1
1
1
1
1
1
1
1
1
1
1
0.999992
1
0.999974
1
1
1
1
1
1
1
1
0.999981
1.00004
1
1
1
1
1
1
1
1
1
1
1
1
1
1
1
1
1
0.999819
1
1
1
1
1
0.999997
1
1
1
1
1
0.997739
1
1
1
1
1
1
1
1
1
1
1
1
1
1
1
1
1
1
1
1
1
1
1
1
0.995537
1
0.999989
0.999998
1
1
1
1
1
1
1
1
1
1
1
1
1
1
0.999951
1
1
1
0.999384
0.999981
1
1
1
1
1
1
0.994126
1
1
1
1
1
1
1
1
0.999999
1
1
1
1
1
1
1
1
1
0.991867
1
1
1
1
1
1
1
1
1
1
1
1
1
1
0.999997
0.999978
0.999662
1
1
1
1
1
1
1
0.999978
1
1
1
1
1
1
1
1
1
1
1
1
0.999997
1
1
1
1
1
1
1
1
1
1
1
1
1
1
1
1
1
1
1
1
1
1
1
1
1.00003
1
1
1
1
1
1
1
1
1
1
1
1
1
1
1
1
1
1
1
1
1
1
1
1
1
0.999972
1
1
0.999999
1
1
1
1
1
1
1
1
1
1
1
1.00002
1
0.999999
1
1
1
0.999859
1
1
1
1
1
1
1
1
1
1
1
1
1
1
1
1
1
1
1
1
1
1
1
1
0.999995
1
1
1
1
1
1
1
1
1
1
1.00005
1
1
0.999985
1
1
1
1.00001
1
1
1
1
1
1
1
1
0.999438
1
1
1
1
1
1
1
1
1
1
1
1
1
1
1
1
1
1
1
1
1
1
1
1
1
1
1
1
1
1
1
1
1
1
1
1
0.99994
1
1
1
1
1
1
1
1.00003
1
1
1
1
1
1
1
1
0.999987
1
1
1
1
1
1
1
1
0.997194
1
0.999998
1
1
1
1
1
1
1
1
1
1
1
1
1
1
1
1
1
0.999998
1
1
1
1
1
1.00001
1
1
1
1
1
1
0.999999
1
1
1
1
1
1
1
1
1
0.999999
0.999999
1
1
1.00027
1.00003
1
1
0.999903
1
1
1
1
1
1
1
1
0.999999
1
1
0.999763
1
1
1
1
1
1
1.00001
1
1
1
1
1
0.999985
1
0.999219
1
1
1
1
1
1
1
1
1
0.999994
1
1
1
1
1
1
1
1
1
1
1
0.999999
1
1
1
1
1
1
1
0.999599
1
1
1
1
1
1
1
1
1
1
1.00002
1
0.999973
1
1
1
1
1
1
1
1.00001
1
1
0.999981
1
1
1
1
1
0.999997
1
1
1
1
1
1
1
1
1
1
1
1
1
1
1
1
1
1
0.999967
1
1
1
1
1
1
1
1.00004
1
1
1
1
1
1
1
1
1
1
1
0.999999
1
1
1
1
1
1
1
1
1
1
1
1
1
1
1
1
1
1
1
0.999993
1
0.999857
1
1
1
1.00004
1
1
1
0.999965
1
1
1
1
1
1
1
0.996806
1
1
1
1
1
1
1
1
1
1
1
0.999997
1
1
1
1
1
1
1.00001
1
1
1
1
1
1
1
1
1
1
0.999597
1
1
1
1
1
1
1
1
1
1
1
1
0.993271
1
1
1
1
1.00001
1
1
1
1
1
1
1
1
1
0.999998
1
1
1
1.00001
1
1
1
1
1
1
0.999989
1
1
1
1
1
1
1
1
1
0.999728
1
1
0.999999
1
1
1
0.999931
1
0.999988
1
1
1
1
1
1
1
1
1
1
1
1
1
1
1
1
1
1
1
1
1
1
1
1
1
1
1
1
1
1
1
1
1
0.99995
1
1
1.00003
1
1
1
1
1
1
1
1
1
1
1
1
1
1
1
1
1
1
1
1
1
1
1
1
1
1
1
1
1
1
1
1
1
1
1
1
1
1
1
0.999859
1
1
1
1
1
1
1
1
1
1
1
1
1
1
1
1
1
1
1
1
1
1
1
1
1
1
1
1
1
1
1
1
1
1
1
1
1
1
1
1
1
1
1
1
1
1
1
1
1
1
1
1
1.00014
1
1
1
1
1
1
1
1
1
1
1
1
1
1
1
1
1
1
1
1
1
1
1
1
1
1
1
1
1
1
1
1
1
1
1
1
1
1
1
1
1
1
1
0.999997
1
1
1
1
1
1
1
1
1
1
1
1
1
1
1
1
1
1
1
1
1
1
1
1.00003
1
1
1
0.999992
1.00003
1
1
1
1
1
1
0.999999
1
1
1
1
1
1
1
1
1.00003
1
1
1
1
0.999952
1
1
0.999943
1
0.999992
1
1
1
1.00029
1
1
1
1
1
1
1
1
1
1
1
1
1
1
1
0.99986
1
1
1
1
1
0.999999
1
1
1
1
1
1
1
1
1
1
1
1
1
1
1
1
1
1
1
1
1
1
1
1
1
1
1
1
1
1
1
1
1
1
1
1
1
1
1
1
1.00002
1
1
1
1
1
1
1
1
1
1
1
1
1
1
1
1
1
1
0.999998
1
1
1
1
1
1
1
1
1
1
1
1
1
1
1
1
1
1
0.99995
1
1
1
1
1
0.999997
1
1
0.99994
1
1
1
1
1
1
1
1
1
1
1
1
1.00003
1
1
1
1
0.999905
1
1
1
1
1
1
1
1
1.00004
1
1
1
1
1
0.999876
0.999999
1
1
1
1
1
0.999285
1
0.999999
1
1
1
0.999999
1
1
0.999999
1
1
1
1
1
0.999727
1
1
1
1
1
1
0.999994
1
1
1
1.00001
1
1
1
1
1
1
1
1
1
1
1
1
1
1
1
0.999987
1
1
1
1
1
1
0.999999
1
1
1
1
1
1
1
1
1
1
1
1
1
1
1
1
1
1
1
1
1
0.999961
1
1
1
1
1
1
0.99997
1
1
1
1
1
1
1
1
1
1
1
1
1
1
1
0.998587
1
1
1
1.00002
1
1
1
0.999579
1
1.00001
0.999649
1
1
1
1
1
1
1
1
1
1
1
1
1
1
1
1.00001
0.999995
1
1
1
1
1
1
1
1
1
1
1
1
1
1
0.999979
1
0.999998
0.999965
1
1
0.99999
1
1
1
1
1
0.999999
1
1
1
1
1
1
1
1
1
1
1
1
1
1
1
1
1
1
1
0.999991
1
1
1
1
1.00001
1
1
1
1
1
1
1
1
1
1
1
1
1
1
1
1
1
1
1
1
1
1
1
1
1
1
1.00001
1
0.999997
1
1
1
0.999994
1
1
1
1
1
1
0.999732
1
0.999999
1
1
1
1
1
1
1
1
1
1
1
0.999999
1
1
1
1
1
1
1
1
1.00001
1
1
1
1
1
1
0.999992
1
1
1
0.999998
1
1
1
1
1
1
0.999811
1
1
1
1
1
1
1
1
1
1
1
1
1
1
1
1
0.999841
1
1
1
1
1
1
1
1
1
1
1
1
1
1
1
1
1
1
1
1
1
1
1
1
1
1
0.994384
1
1
1
1
1
1
1
1
1
1
1
0.999999
1
1
1
1
0.999999
1
0.999718
1
1
1
1
1
1
0.995961
1
0.999822
0.999997
1
1
1
1
1
1
1
1
1
1
1
1
1
1
1
1
0.999988
0.999825
1
1
1
1
1
1
1
1
1
1
1
1
1
1
1
1
1
1
1
1
1
1.00004
0.999986
1
1
1
1
0.999868
0.999999
1
1
1
1
1
0.999991
1
1
1
1
1
1
1
1
1
0.999998
1
1
1
1
1
1
1
1
1
1
0.999973
0.999996
1
1
1
0.998426
1
1
1
1
1
1
1
1
1
1
1
0.999999
1
0.999998
1
1.0003
1
1
1
1
0.999995
1
1
1
1
1
1
1
0.999998
1
1
1.00004
0.999809
1
1
1
1
1
1
1
1
1
0.994741
1
1
1
1
1
1
0.99996
0.99999
1
1
1
1
1
1
0.999992
1
1
1
1
1
1
1
1
1
1
1
1
1
0.99971
1
1
0.999993
1
1
1
0.999837
1
1
1
1
1
1
1
1
1
1
1
1
1
1
0.999993
1
1
1
1
1
1
1
1
1
1
0.999802
1
1
1
1
1
0.999979
1
1
1
1
1
1
1
1
1
1
1
1
1
1
1
1
1
1
1
1
1
0.999987
1
1
1
1
1
1
1
1
1
0.999868
1
0.99976
1
1
1
1
1
1
1
1
1
1
1
1
1
1
1
1
1
1
1
1
1
1
1
1
0.999999
1
1
1
1
1
1
1
1
1
1
1
1
1
1
1
1
0.999993
1
1
1
0.999997
1
1
1
1
1
1
1
1
1
0.999956
1
1
1
1
1
1
0.999997
0.999995
1
1
1
1
1
1
1
1
0.999994
1
1
1
0.999997
1
1
1
1
1
1
1
1
1
1
1
1
1
1
1
1
1
1
0.999999
1
1
1.00002
0.99999
1
1
1
1
0.999997
0.999992
0.999981
0.999998
1
0.999609
1
1
0.999993
1
1
1
1
1
1
1
0.999995
1
1
1
1
1
1
1
1
1
1
1
1
1
1
1
1
1
1
1
1
1
1
1
1
1
1
1
1
1
1
1
0.999998
1
1
1
1
1
1
1
0.999997
1
0.999997
1
0.999993
1
0.999997
1
1
0.999881
1
1
1
0.999998
1
1
1
1
1
1
0.999995
1
1
0.999994
1
1
1
1
1
1
1
1
0.999979
0.999924
1
0.999934
1
1
0.999974
1
1
1
1
1
1
1
1
1
1
0.999996
1
0.999934
1
0.999995
1
1
1
1
1
1
1
1
1
0.999882
1
1
1
0.999995
1
0.99999
1
1
1
1
1
1
1
1
1
0.999994
0.999989
1
1
0.999997
1
1
1
1
1
1
1
1
1
1
1
1
1
1
1.00001
1
1
1
0.999999
1
0.999998
1
0.999996
1
1
1
1
1
1
1
1.00003
1
1
1
0.999999
1
1
1
1
1
1
1
1
0.999974
1
1
1
1
1
1
1
1
1
1
1
0.999967
1
1
1
1
1
1
1
1
1
1
1
0.99989
1
1
1
1.00029
1
1
1
1
1.00007
1
1
1
1
1
0.999929
1
0.999966
0.999997
1
0.999945
1
1
1
0.999978
1
1
1
1
1
1
1
1
1
1
1
0.999994
1
1
0.999928
1
1
1
1
1
1
1
1
0.999997
1
1
1
1
1
1
1
1
0.999996
1
1
1
1
1
1
1
1
1
1
1
1
1
1
1
0.999999
1
1
1
1
1
1
1
1
1
1
0.999959
0.999998
1
1
1
1
1
1
1
1
1
0.999997
1
1
1
1
1
1
1
1
0.999995
0.999999
1.00003
1
1
1.00001
0.999978
1
1
1
1
1
1
1
1
1
1
1
1
1
1
1
1
1
1
1
1
1
1
1
1
1
1
1
1.00002
1.00006
0.999994
1
1
1
1
0.999998
1
1
1
1
1
1
1
1
1
1
0.999984
0.999999
1
1
1
0.999981
1
1
1
1
0.999986
1
1
1
1
1
1
1
1
1
1
1
0.999999
1
1
1
1
1
1
1
1
0.999972
1
1
1
0.999998
1
1
1
1
1
1
1
1
1
1
1.00001
1
1
1
1
1.00002
1
1.00118
1
0.999939
1
1
1
1
1
1
1
1
1
1
1
0.999999
1
1
1
1
1
1
1
1
1
1
1
1
1
1
1
0.999999
1
1
1
1
1
1
0.999992
0.999999
1
1
1
1
1
1
0.999997
1
1
0.999998
0.999988
0.999999
1
1
1
1
1
1
0.99993
1
1
1
1.00005
1
1
1
1
1
1
1
1
1
1
1
1.00001
1
1
1
0.999929
1
1
0.999998
1
1
0.999992
1.00004
1
1
1
1
1
1
1.00005
0.999998
0.999978
0.995081
1
1
1
1
1
1
1
0.999994
1
1
1
1
1
1
1
0.999993
1
1
1
1
1
1
0.99999
1
1
1
1
1
1
1
1
1
1
0.999996
1
1
1
1
1
1
0.999837
1
1
1
1
1
1
1.00001
1
0.999998
1
1
1
1
1
1
1
1.00002
1
0.999997
1
1
1
1
1
1
0.999998
1
1
1
1
1
1
1
1
0.999905
1
1
1
1
1
1
0.999997
1
1
1
1
1
1
1
1
1
1
1
1
1
1
0.999995
0.999999
1
1
1
1
1
1
1
1
1
1
1
1
1
1
1
1
1
1
0.999999
1
1
1
1
1
1
1
1
1.00001
1
1
1
1
1
1
0.999987
1
1
1
1
1
1
1
1
1
1
1
1
1
1
1
0.999999
1
1
1.00001
0.999999
1
1
1
1
1
1
1
1
1
1
1
1
1
1
1
1
1
1
1
1
1
1
1
1
1
1
1
1
1
1
1
1
1
1
1
1
1
1
1
1
1
1
1
1
1
1
1
1
1
0.999998
1
1
1
1
1
1
1
1
1
1
1
1
1
1
1
1
1
1
1
1
1
1
1
1
1
1
1
0.999994
1
1
1
1
1
1
1.00001
1
1
0.999997
1
1
1
1
1
1
1
1
1
1
0.999869
1
1
1
1
1
1
1
1
1
1
1
1
1
1
1
1
1
0.999979
1
0.999998
1
1
1
1
1
1
1
0.999915
1
1
0.999992
1
1
1
1
1
1
1
1
1
0.999998
1
1
1.00017
1
1
1
1
0.999799
1
1
1
1
1
1
1
1
1
0.999976
1
1.00004
1
1
1
0.999993
0.999974
1
1
0.999996
1
1
1
1
1
0.999996
1
0.999998
1
1
1
1
1
1
1
1
1
1
1
0.999982
1
1
1
1
1
1
1
1
1
1
1
1
1
1
1
1
1
1
1
1
1
1
1
1
1
1
1
1
0.999999
1
1
1
1
1
0.999796
1
1
1
1
1
1
0.99999
0.999767
1
1
1
1
1
1
1
1
1
1
1
0.999997
1
1
1
0.999918
1
1
0.999998
1
1
1
1
0.999995
1
1
0.999823
1
1
1
1
1
1
1
1
1.00002
1
1
1
1
1
1
1
1
1
1.00005
1
1
1
1
1
1
1
0.999996
1
1
1
1
0.999994
1
1
1
1
1
1
1
1
1
1
1
1
1
1
0.999973
0.999636
1
1
1
1
1
1
1
0.99975
1
1.00001
1
1
1
1
1
1
1.00004
0.999995
1
1
1
1
1
1
1
1
1
1
1
1
1
1
0.999983
1
1
1
1
1
1
1
1
1
1
1
1
1
1
1
1
1
1
1
1
1
1
1
1
1
1
1
1
1
0.999976
1
1
1
1
1
1
1
0.999999
1
1
1
1
1.00003
1
1
1
1
1
1
0.999997
1
1
1
1
1
1
1
1
1
1.00001
1
1
1
1
0.999748
1
1
1
1
1
1
1
0.999997
1
1
1.00002
1
1
1
0.999996
1
1
1
1
1
1
1
1
1
1
1
1.00001
1
1
1
1
1
1
1
1
1
1
1
1
1
1
1
1
1
1
1
1
1
1
1
1
0.999949
1
1
1
1
1
1
1
1
1
0.999941
0.999992
1
1
1
1
1
1
1
0.999989
1
1
1
1
1
1
1
1
1
0.999992
1
1.00001
1
1
1
1
1
0.999784
0.999995
1
1
1
1
1
1
1
1
0.999999
1
0.999878
1
1
1
1
1
1
1
1
1
1
1
1
1
1
1
1
1
1
1
1
0.999999
0.999953
1
1
1
1
1
1
0.999991
1
1
0.999829
1
0.999946
1
1
1
1
1
1
1
1
1
1
1
1
1
1
1
1
1
1
1
1
1
1.00001
1
1
1
1
0.999999
1
1
1
0.999998
1
1
1
1
1
1
1
1
1
1
1
1
1
1
1
1
1
1
1
1
1
1
1
1
0.999999
1
1
1
1
1
1
1
1
1
1
1
1
1
1
1
1.00001
1
1
0.999999
0.999999
1
1
0.999998
1
1
1
1
1
1
1
1
1
1
1
1
1
1
0.999939
1
1
0.999997
1
1
1
1
1
1
1
1
1
1
1
1
1
1
1
1
1
0.999932
1
0.999526
0.999998
1.00001
1
1
1
1
1
1
1
0.999997
1
0.999997
1
0.999875
1
1
1
1
1
1
0.999997
0.999996
1
1
0.999935
1
1
0.999994
1
1
1
1
1
0.999993
1
1
0.999994
1
1.00002
1
1
1
0.999999
1
0.999197
1
0.999819
1
0.999998
1
0.999991
1
1
1
1
1
1
1
1
1
1
1
1
1
0.999994
0.999999
1
1
0.999989
0.999979
0.999964
1
0.999998
0.999842
0.999999
1
1
1
0.999971
1
1
0.999999
0.999915
1
1
0.999912
1
1
1
1
1
1
0.999941
1
0.999997
1
0.999763
1
0.999988
1
1
1
1
1
0.999701
1
1
1
1
0.999677
1
1
1
1
1
1
1
1
1
1
1
1
0.999758
1
1
1
1
1
1
1
1
1
1
0.999996
0.999821
1
1
1
1
1
1
1
1
1
1
1
1
1
1
1
1
1
0.999999
1
1
1
1
1
1
1
1
0.999987
1
1
1
1
1
1
1
1
1
1
1
1
1
1
1
1
1
1
1
0.999999
1
1
1
1
1
0.999704
1
1
1
0.999663
1
1
1
0.999947
1
1
1
1
1
1
1
1
0.999999
1
1
1
1
1
1
0.999997
1
1
1
1
1
1
1
1
1
1
0.999999
1
1
1
1
1
1
0.999991
1
1
1
1
1
1
1
1
1
1
1
1
1
1
1
1
1
1
1
0.999999
1
1
1
1
1
1
1
1
1
1
1.00001
1
1
1
1
1
1
1
0.999998
1
0.997443
1
1
0.999997
1
1
1
1
1
1
0.999999
1
0.999999
1
1
1
1
1
1
1
1
1
1
1
1
1
1
1
1
1
1.00001
1
1
1
0.999969
1
1
1
1
1
1
1
1
1
1
1
1
1
1
0.999959
1
1
1
1
1
1
1
1
1
1
1
1
1
1
1
1
1
1
1
1
0.999992
1
1
1.00003
1
1
1
1
1
0.999999
1
1
1.00005
0.999991
1
1
0.999989
0.999995
1
1
0.999997
1
1
1
1
1
1
1
1
1
1
1
1
1
1
1
1
1
1.00001
0.999996
1
1
1
0.999994
1
1
1
1
1
1
1
1
1
1
1
1
1
1
1
1
1
0.995452
0.999901
1
1
1
1
1
1
1
1
1
1
1
1
1
1
1
1
1
1
1
1
0.999948
1
1
1
1
1
1
1
1
1
0.999999
1
1
1
1
1.00076
1
1
1
1
1
1
1
0.999932
1
1
1
1
0.999991
1.00001
1
1
1
1
1
1
1
1
1
1
0.999999
1
1
1
1
1
1
1
1
1
1
1
1
0.999947
1
1
1
1
1
1
1
1
0.999955
1
1
1
1
1
1
1
1
1
1
1
1
1
0.999999
1
1
0.999733
1
1
1
1
1
1
1
1
1
1
1
1
0.999934
1
1
1
0.999999
1
1
1
1
1
1
0.999964
0.999612
1
0.999999
1
1
1
0.999883
1
0.999997
1
1
1
1
1
1
1
1
1
1
1
1
1
1
1
1
1.00009
1
1
1
1
1
1.00001
1
1
0.99998
0.999923
1
1
1
0.999995
1
1
0.999818
1
1
1
1
0.994369
1
1
1
1
1
1
0.999887
1
1
1
1
1
1
1
1
1
1
1
1
1
1
1
1
1
1
1
1
1
1
1
1
1.00004
1
0.999999
1
1
0.999999
1
0.999996
0.999865
1
0.999995
1
0.999999
1
1
1
1
1
1
0.999977
1
1
1
0.992584
1
1
1
1
1
1
1
0.999986
1
1.00004
1
1
1
1
1
1
1
1
0.999989
1
1
1
1
1
1
0.999995
1
1
1
1
1
1
1
1
1
1
1
1
1
1
0.99999
1
1
1
1
1
1
1
1
1
1
1
0.999726
1
1
1
1
1
0.999993
1
1
1
1
1
1
0.999976
1
0.999858
1
1
1
1
1
1
1
1
1
1
1
1
1
1
1
0.999811
1
1
1
1.00002
0.999954
1
1
1
1
0.999999
1
1
1
0.999876
0.999979
1
1
1
0.999999
1
1
1
1
1
0.999893
1
1
1
1
1
1
1
0.99999
1
1
1
1
1
1
1
1
1
1
0.999999
1
1
1
1
1
1
1
1
0.999999
1
1
1
1
1
1
1
1
1
1
1
1
1
0.999999
1
1
1
1
1
1
0.999992
0.999998
1
1
1
1
1
1
1
1
1
1
0.999999
1
1
1
1
1
1
1
1
1
1
1.00002
0.999998
0.999995
1
1
1
1
1
1
1
1
1
1
1
1
1
1
1
1
1
1
1
1
1
1
1
1
1
1
1
1
1
1
1
0.999894
1
1
1
1
0.999999
1
1
1
1
1
1
1
1
1
1
1
1
1
0.999998
1
1
1
1
1
1
1
1
1
1
1
1
1
1
1
1
1
1
1
1
1
1
1
1
1
1
1
1
1
1
1
1
1
1
1
1
1
1
1
1
1
1
0.999999
1
1
1
1
0.999999
1
1
1
1
1
1
1
1.00001
1
1
1
1
1
1
1
1
1
1
1
1
1
1
0.999995
1
0.999992
1
1
1
1
1
1
1
1
1
1
1
1.00002
1
1
1
0.999992
1
1
1
0.999999
1
1
1
1
0.999989
0.999995
1
1
1
1
1
1
1
1
1
1
1
1
1
1.00002
1
1
0.999963
1
1
1
0.999997
1
1
1
1
1
1
1
1
1
1
1
1
1
1
1
1
1
1
1
1
1
1
1
1
1
1
1
1
1
1
1
1
1
1
1
1
1
1.00003
1
0.999986
1
1
1.00003
1
0.999924
1
0.999975
1
0.999997
1
1
1
1
1
1
1
1
1
1
1
1
1
1
1
1
1
1
1
1
1
0.999996
1
1
1.00001
1
1
1
0.999994
1
1
1
1
1
1
1
0.999998
1
1
1
1
1
1
0.999977
1
1
0.999998
1
1
1
1.00005
1
1
1
1
1
0.999997
1
1
1
1
1
1
1.00005
0.999915
1
1
1
0.999999
1
1
0.999986
1
1
1
1.00001
1
1
1
1
1
1.00001
1
1
1.00003
1
1
1
1
1
1
0.999887
1
1
1
1
1
1
1
1
0.999994
1
1
1
1
1
1
1.00001
0.999998
1
1
1
1
1
1
1
1
1
1
1
1
1
1
1
1
1
0.999997
1
1
1
1
1
1
1
1
1
0.999951
1
1
1
0.999906
1
1
1
1
0.999991
0.999999
0.999999
1
1
1
1
1
1
1
1
1
1
1
1
1
1
1
1
1
1
1
1
1
1
1
1
0.999856
1.00001
1
1
1
1
0.999999
1
1
1
1.00005
0.999965
0.999951
1
1
1
1
1
1
1
1
1
1
1
1
1
1
1
0.999971
1
1
1
1
1
1
0.999985
1
1
1
1
1
1.00003
1
1
1
1
1
0.999999
1
1
1
1
1
1
1
0.999926
1
1
1
1
1
1
1
1
1.00001
1
1
1
0.99999
1
1
1
0.999997
1
1
1
1
1
1.00005
1
1
1
1
1
0.999988
1
1
1
1
1
1
1.00001
1
1
1
1
0.999996
1
1
1
1
1
1
1
1
1
1
1
1
1
1
1
1
1
1
1
1
1
1
1
1
1
1
1
1
1
0.999998
1
1
1
1
1
1
0.999999
1
1
1
1
1
1
1.00003
1
1
1
1
0.999997
1
0.999999
1
1
1
1
1
1
1
1
1
1
1
1
1
1
1
1
1
1
1
1.00001
1
1
1.00001
1
0.999858
1
1.00003
1.00002
1
0.999983
1
1
1
1
1
1
1
1
1
0.999997
1
1
1
1
1
1
1
1
1
1
1
1
1
1
1
0.999997
1
1
1
1
1
1
1
1
1
0.999987
1
1
1
1
1
0.999931
1
1
1
1
1
1
1
1
1
1
1
1
1
1
1
1
1
1
1
1
1
1
1
1
1
1
1
1
1
0.999993
1
1
1
1
0.99996
1
1
1
1
1
1
1
1
1
1
1
1
1.00001
1
1
1
1
1
1
1
1
1
1
1
1
1
1
1
1
1
1
1
1
1
1
1
1
1
1
1
1
1
1
1
1
1
1
1
1
1
1
1
1
1
1
0.999928
1
1
1
1
1
1
1
1
1
1
0.999763
1
1
1
1
1
1
1
1
1
0.999966
1
0.999861
1
1
1
1
1
1
1
1
1
1
1
1
1
1
1
1
1
1
1
1
1
1
1
1
1
1
1
1
1
1
1
0.99998
1
1
1
1
1
1
1
1
1
1
1
1
1
1
1
1
1
1
0.999998
1
0.999971
1
1
1
1
1
0.999998
1
1
1
1
1
1
1
1
1
1
1
1
1
1
1
1
1
1
1
1
0.999996
1
1
1
1
1
1
1
1
1
1
1
1
1
0.999999
1
1
1
1
1
1
1
1
1
1
1
1
1
1
1
1
1
1
1
1
1
1
1
1
1
0.999997
1
1
1
1
1
1
1
0.999999
1
0.999999
0.999991
1
1
1
1
1
1
1
1
1
1
1
1
1
1
1
1
1
0.999997
1
1
1
1
1
0.999996
1
1
1
1
1
1
1
1
1
1
1
1
1
1
1
1
1
1
1
1
1
0.999987
1
1
1
1
1
1
1
1
1
1
1
0.999886
1
1
1
1
1
1
1
1
1
0.999974
1
1
0.999984
1
1
1
1
1
1
1
1
1
1
1
1
1
1
1
1
1
1
1
1
1
1
1
1.00001
1
1
1
1
0.998787
1
1
1
1
1
1
1
1
1
1.00001
1
1
1
1
1
1
1
1
1
1
1
1
1
1
1
1
1
1
1
1
0.999938
1
1
1.00003
1
1
1
1
1
1
1
1
1
1
1
1
1
1
1
1
0.999991
0.999693
1
1
1
1
1
0.99997
1
0.999998
0.999997
1
1
1
1
1
1
1
1
1
1
1
1
1
0.999755
1
1
1
1
1
1
1
1
0.999999
1
1
1
1
1
1
1
1
0.999998
1
1
1
1
1
0.999986
1
1
1
1
1
1
1
0.999997
1
1
1
1
1
1
1
1
1
1
1
1
1
1
1
1
1
0.999985
1
1
1
1
1
1
0.999998
1
1
0.999847
1
1
1
1
1
1
1
1
1
1
1
1
1
1
1
1
1
1
1
1
1
1
1
1
1
0.999959
1
1
1
0.999997
1
1
1
1
1
1
1
1
1
1
1
1
1
1
0.999997
0.999996
1
1
1
0.999955
1
1
1
1
1
1
0.999914
1
1
1
1
1
1
1
1
1
1
1
1
0.999889
1
1
1
1
1
1
1
1
1
1.00002
1
1
1
1
1
1
1
1
1
1
1
1
1
1
1
1
1
1
1
1
1
1
1
1
1
1
0.99996
1
1
1
1
1
1
1
1
1
1
1
0.999988
1
1
1
1
1
1
0.999999
1
1
1.00004
1
1
1
1
1
1
1
1
1
1
1
1
1
1
1
1
1
1
1
1
1
1
1
1
0.999998
0.999999
0.999991
1
1
1
1
1
1
1
1.00045
1
1
1
1
1
1
1
1
1
1
1
1
1
1
1
1
1
1
1
1
1
1
1
1
1
1
1
1
1
1
1
1
1
1
1
1
1
1
1
1
1
1
1
1
1
1
1
0.999986
1
1
1
1
0.999971
1
1
1
0.999821
1
1
1
1
1
1
1
1
1
1
1
1
1
1
1
1
1
1
1
1
1
1
1
1
1
1
1
1
1
1
1
1
1
1
1
1
1
1
1
1
1
1
1
1
1
1
1
1
1
1
1
1
1
1
1
1
1
1
1
1
1
1
1
1
1
1
1
1
1
1
1
1
1
1
1
0.999999
1
1
1
1
1
1
1
1
1
1
1
1
1
1
1
1
1
1
1
1
1
1
1
1
1
1
1
1
1
1
1
1
1
1
1
1
1
1
1
1
1
1
1
1
1
1
1
1
1
1
1
1
1
1
1
1
1
1
1
1
1
1
1
1
1
1
1
1
1
1
1
1
1
1
1
1
1
1
1
1
1
1
1
1
1
1
1
1
1
1
1
1
1
1
1
1
1
1
1
1
1
1
1
1
1
1
1
1
1
1
1.00001
1
1
1
1
1
1
1
0.999905
1
1
1
1
1
1
1
1
1
1
1
1
0.999999
1
1
1
1
1
1
1
1
1
1
1
1
1
1
1
1
1
1
1
1
1
1
1
1
1
1
1
1
1
1
1
1
1
1
1
1
1
1
1
1
0.999999
1
1
1
1
1
1
1
1
1
1
1
1.00004
1
1
1
1
1
1
1
1
1
1
1
1
1
1
1
1
1
1
1.0001
1.00004
1
1
1
1
1
1
1
1
1
1
1
1
1
1
1
1
0.998323
1
1
1
1
0.999999
1
0.999848
1
1
1
1
1
1
1
1
1
1
1
1
1
1
1
1
1
0.999996
1
1
1
1
1
1
1
1
1
1
1.00024
1
1
1
1
1
1
0.999993
1
1
1
1
1
1
1
1
1
1
1
1
1
0.995863
0.999996
1
1
0.999984
1
1
1
1
1
1
1
0.999877
1
1
1
1
1
1
1
1
1
1
1
1
1
1
1
0.9999
1
1
1
1
1
1
1
1
1
1
1
1
1
1
0.999945
1
1
1
1
1
1
1
1
0.999997
1
1.00002
1
1
1
1
1
1
1
1
1
1
1
1
1
1
1
0.999998
1
1
1
0.999891
1
1
1
1
1
1
1.00001
1
1
1
1
1
1
1
1
1
1
1
1.00015
1
1
1
1
1
1
1
1
1
1
1
1
1
1
1
1
1
1
1
1
1
1
1
1
1
1
1
1
1
1
1
1
1
1
1
1
1
1
1
1
1
1
0.999966
1
1
1
1
1
0.999991
1
0.999998
1
1
0.999986
1
1
1
1
1
1
1
1
1
1
1
1
1
1
1
1
1
1
0.999966
1
1
0.999998
1
1
1
1
0.999987
0.999998
1
1
1
1
0.999978
1
1
1
1
1
1
1
0.999986
1
1
1
1
1
1
1
1
1
1
1
1
1
1
1
1
1
1
1
0.999997
1
1
1
1
1
1
1
1
1
1.00001
1
1
1
1
1
1
1
1
1
1
1
1
1
1
1
1
1
1
1
1
1
1
1
1
1
1
1
1
1
1
1
1
1
1
1
1
1
1
1
1
1
1
1
1.00004
0.999997
1
0.999997
1
1
1
1
1
1
1
1
1
1
1
1
1
1
1
1
1
1
1
1
1
1
1
1
0.999999
0.999916
1
1
1
1
1
1
1
1
1
1
1
1
1
1
1
1
1
1
1
0.999999
1
1
1
1
1
1
1
1
1
1
1
0.999999
1
1
1
1
1
1
1
1
1
1
1
1
1
1
1
0.999943
1
1
1
1
1
1
1
0.999993
1
1
1
1
1
1
1
1
1
0.999987
1
1
1
1
1
1
1
1
1
0.999961
1
1
1
1
0.999996
1
1
1
1
1
1
1
1
1
1
1
1
1
0.999991
1
1
1
1
1
1
1
1
1
1
1
1
1
1
1
1
1
1
1
1
1
0.999833
1
1
1
1
1
0.999996
1
1
1
1
1
1
1
0.999505
1
1
1
1
1
1
1
1
1
1
1
1
1
1
1
1
1
1
1
1
1
1
1
1
1
1
1
1
1
1
1
1
1
1
1
1
1
1
1
1
1
1
1
1
1
1
0.999487
1
1
1.00051
1
1
1
1
1
1
1
1
1
1
1
1
1
1
1
1
1
1
1
1
1
1
1
1
1
1
1
1
1
1
1
1
1
1
1
1
1
1
1
1
1
1
1
1
1
1
1
1
1
1
1
1
1
1
1
1
1
1
1
1
1
1
1
1
1
1
1
1
1
1
0.997715
1
1
1
1
1
1
1.00001
1
1
0.999999
1
1
1
1
1
1
1
1
1
1
1
1
1
1
1
1
0.993405
1
1
1
1
1
1
1
1
1
1
1
1
1
1
1
1
1
1
1
1
1
1
1
1
1
1
1
1
1
0.996181
1
1
1
1
1
1
1
1
1
1
1
1
1
0.998792
1
1
1
1
1
1
1
1
1
1
1
0.999962
1
1
1
1
1
1
0.9998
1
1
1
1
1
1
1
1
1
1
1
1
1
1
1
1
1
1
1
1
1
1
1
1
1
1
1
1
1
1
1
1
1
1
1
1
1
1
1
1
1
1
1
1
1
1
1
1
1
1
1
1
1
0.999977
1
1
1
1
1
1
1
1
1
1
1
1
1
1
1
1
1
1
1
1
1
1
1
1
1
1
1
1
1
1
1
1
1
1
1
1
1
1
1
0.999997
1
1
1
1
1
1
1
0.999999
1
1
1
1
1
1
1
1
1
1
1
1
1
0.999999
1
0.999998
1
1
1
1
1
1
1
1
0.999801
1.00008
1
1
1
1
1
1
1
1
1
1
1
1
1
1
1
1
1
1
1.00001
1
1
1
1
1
1
1
1
1
1
1
1
1
1
1
1
1
1
1
1
1
1
1
1.00001
1
1
0.999993
1
1
1
1
1
1
1
1
0.999997
1
1
1
1
1
1
1
1
1
1
1
1
1
1
1
1
1
1
1
1
1
1
1
1
1
1
1
1
1
1
1
0.999999
1
1
1
1
1
1
1
1
1
1
1
1
1
1
1
1
1
1
1
1
0.999998
1
1
1
1
1
1
1
1
1
1
1
1
1
1
1
1
0.999999
1
1
1
1
1
1
1
1
1
1
1
1
1
1
1
1
1
1
1
1.00001
1
1
1
1
1
1
0.999982
1
1
1
1
1
1
1
1
1
1
1
1
1
1
1
1
1
1
1
1
1
1
1
1
1
1
1
1.00012
1
1
1
1
1
1
1
1
1
1
1
1
1
1
1
1
1
1
1
1
1
1
1
1
1
1
1
1
1
1
1
1
1
1
1
1
1
1
1
1
1
1
1
1
1
0.999992
1
1
1
1
1
1
1
1
1
1
1
1
1
1
1
1
0.999999
1
1
1.00003
1
1
1
1
1
1
1
0.999997
1
1
1
1
1
1
1
1
1
1
1
1
1
1
1
1
1
1
1
1
1
1
1
1
1
1
1
1
1
1
0.999747
1
1
1
1
1
1
1
1
1
1
1
1
1
1
1
1
1
1
1
1
1
1
1
1
1
1
1
1
1
1.00002
1
1
1
1
1
1
1
1
1
1
1
1
1
0.999672
1
1
1
1
1
1
1
1
1
1
1
1
1
1
1
1
1
1
1
0.999999
1
1
1
1
1
1
1
1
1
1
1
1
1
1
1
1
1
1
1
1
1
1
1
1
1
1
1
1
1
1
1
1
1
1
1
1
1
0.999978
1
1
1
1
1
1
1
1
1
1
1
1
1
1
1
1
1
1
1
1
1
1
1
1
1
1.00006
1
1
1
1
1
1
1
1
1
1
1
1
1
1
1
1.00003
1
1
1
1
1
1.00041
1
1
1
1
1
1
1.00001
1
1
1
1
1
0.999995
1
1
1
1
1
1
1
1
1
1
1
1
1
0.999635
1
0.997213
1
1
1
1
1
1
1
1
1
1
1
1
1
1
1
1
1
1
1
1
1
1
1
1
1
1
1
1
1
1
1
1
1
1
1
1
1
1
1
1
1
1
1
1
1
1
1
1
1
1
1
1
1
1
1
1
1
1
1
0.99994
1
1
1
1
1
1.00001
1
1
1
1
1
1
1
1
1.00002
1
1
1
1
1
1
1
1
1
1
1
1
0.999966
1
1
1
1
1
1
1
1
1
1
1
1
1
1
1
1
1
1.0002
1
0.999952
0.999992
1
1
1
1
1
1
1
1
1
1
1
1
1.00003
1
1
1
1
1
1
1
1.00004
1
1
1
1
0.994797
1
1
0.993724
1
1
1
1
1
1
1
1
1
1
1
1
1
1
1
1
1
1
1
1
1
1
1
1
1
1
1
0.999997
0.999942
1
1
0.997691
1
1
1
1
1
1
1
1
1
1
1
0.999997
1
1
1
1
1
1
1
1
1
1
0.998094
1
1
1
1
0.99993
1
0.999782
1
1
1
1
1
0.999975
1
1
1
1
1
1
1
1
1
1
1
1
1
1
0.996421
1
1
1
1
1
1
1
1
1
1
1
1
1
1
0.99382
1
0.999995
1
0.99987
1
0.99994
1
1
1
1
1
1.00011
1
1.00011
1
1
0.999999
0.998574
1
1
1
1
1
1.00003
1
1.00001
1
1
1
1
1
1
1
1
1
1
1
1
1
1
1
1
1
1
1.00006
1
1
1
1
1
0.999496
1
1
1
1
1
1
1
1
1
1
1.00001
1
1
1
1
1
0.999999
1
1
1
1
1
1
1
0.999999
1
1
1
1
1
1
1
1
1
0.999993
0.999991
1
1
1
1
1
1
1.00002
0.999993
1
1
1
1
1
1
1
1
1
1
1
1
1
1
0.999996
1
1
1
1
1.00001
1
1
1
1
1
1
1
1
1
1
1
1
1
1
1
1
1
1
1
1
1
1.00001
1
1
1
1
1
1
1
1
1
1
1
0.999916
0.999796
1
1
1
1
1
1
1
1
1
1
1
1
1
1
0.998682
0.999873
1
1
1
1
1
1
1
1
1
1
1
1
1
1
0.99982
1
1
1
1
1
1
1
0.998401
1
1
0.999994
1.00002
0.999958
1
1
1
1
1
1
1
1
1
1
0.999926
1
1
1
1
1
1
1
0.999992
1.00001
1
1
0.999998
1.00001
1
0.999917
1
1
1
1
1
1
1
1
1
1
1
1
1
1
1
1
1
1
1
1
1
1
1
1
1
1
1
1
1
1
1
1.00003
1
0.997835
1
1
1
1
1
1
1
1
1
0.999999
1
1
1
1
1
1
1
1
1
1.00002
1
1
1
0.999698
1
1
1
1
1
1
1
1
1
1
0.999995
0.999999
0.999999
1
1
1
1
1
1
1
1
1
1
1
1
1
1
0.999984
1
1
1
1
1
1
1
1
1
1.00001
1
1
1
1
1
1
1
1
1
1
1
1
1
0.999927
1
1
1
1
1
1
1
1
1
1
1
1
1
1
1
1
1
1
1
1
1
0.999969
1
1
1
1
1
1
1
1
1
1
1
1
1
1
1
1
1
1
1
1
1
1
1
1
1
1
1
0.999994
1
1
0.997101
1
1
1
1
1
1
1
1
1
1
1
1
0.998077
1
1
1
1
1
1
1
1
1
1
1
1
1
1
1.00036
1
1
1
1
1
0.999999
1
1
1
1
1
1
1
1
1
1
1
1
1
1
1
1
1
1
1
1
1
0.998493
0.999281
1
1
1.00022
1
1
1
1
1
1
1
1
1
1
1
1
1
0.99511
1
1
1
1
1
1
1
1
1
1
1
1
1
0.999967
1
1
1
1
1
1
1
1
1
1
1
1
1
1
1
1
1
1
1
1
1
1
1
1
1
1
1
1
1.00003
1
1
1
1
1
1
1
1
1
1
1
1
1
1
1
1
1
1
1
1
1
1
1
1
1
1
0.999737
1
1
1
1
1
1
1
1
1
1
1
1
1
1
1
1
1
1
1
1
1
1
1
1
1
1
1
1
1
1
1
1
1
1
1
1
1
1
1
1
1
1
1
1
1
1
1
1
1
1
1
1
1
1
1
1
1
1
1
1
0.999923
1
1
1
1
1
1
1
1
1.00016
1
1
1
1
1
1
1
1
1
1
1
1
1
1
1
1
1
1
1
1
1
1
1
1
0.999981
1
1
1
1.00001
1
1
1
1
1
1
0.999999
1
1
1
1
1
1
1
1
1
1
1
1
0.999875
1
1
1
1
1
1
1
1
1
1
1
1
1
1
1
0.99992
1
1
1
1
1
1
1
1
1
1
1
1
1
1
1
1
1
1
1
1
1
1
1
1
1
1
1
1
1
1
1
1
1
1
1
1
1
1
1
1
1
1
1
1
0.999844
1
1
1
1
1
1
1
1
1
1
1
1
1
1
1
1
1
1
1
1
1
1
1
1
1
1
1
1
1
1
1
1
1
1.00001
1
1
1
1
1
1
1
1
1
1
1
1
1
1
1
1.00005
1
1
1
1
1
1
1
1
1
1
1
1
1
1
1
1
1
1
1
1
1
1.0004
1
1
1
1
1
0.99597
1
0.999999
1
1
1
1
1
1
1
1
1
1
1
1
1
1
1
1
1
1
1
1
1
1
1
1
1
1
1
1
1
1
1
1
0.99654
1
1
1
1
1
1
1
1
1
1
1
1
0.999106
1
1
1
1
1
1
1
1
1
1
1
1
1
1
1
1
1
1
1
1
1
1.00001
1
0.99999
1
1
1
1
1
0.998605
1
1
1
1
1
1
1
1
1
1
1
1
1
1
1
1
1
1
1
1.00001
1
1
1
1
1
1
1
1
1
1
1
1
1
1
1
1
1
1
1
1
1
1
1.0003
0.999999
1
1
0.999976
1
1
1
1
1
1
1
1
1
1
1
1
1
1
1
1
1
1
1
1
1
1
1.00031
1
0.999925
1
1
1
1
1
1
1
0.999991
1
1
1
1
1
1
1
1
1
1
1
1
1
1
1
1
1
1
1
1
1
1
1
1
1
1
1
1
1
0.999945
1
1
1
1
1
1
1
1
1
1
1
1
1
1
1
1
1
1
1
1
1
1
1
0.999975
1
1
1
1
1
1
1
1
1
1
0.998971
1
1
1
1
1
1
1
1
1
1
1
1
1
1
1
1
1
1
1
1
1
1
1
1
1
1
1
1.0002
1
1
1
1
1
1
1
1
1
1
1
1
1
1
1
1
1
1
1
1
1
1
1
1
1
1
1
1
1
0.999996
1.00043
1
1
1
1
1
1
1
1.00005
0.999951
1
1
1
0.999999
1
1
1
1
1
1
1
1
1
1
1
1
1
1
1
1
1.00001
1
1
1
1
1
1
1
1
1
1
1
1
1
1
1
1
0.999423
1
1
1
1
1
1
1
1
0.999995
1
1
1
1
1
1
1
1
1
1
1
1
1
1
1
1
1
1
0.999955
1
1
1
1
1
0.999652
1
1
1
1
1
1
1
1
1
1
1
1
0.999839
1
0.999996
1
1
1
0.999965
1
1
1
1
1
1
1
0.999952
1
1
1
1
1
1
1
1
1
0.998601
1
1
1
1
1
1
1
1
1
1
1
1
1
0.999817
1
1
1.00001
0.999999
1
1
1
1
1
1
1
1
0.999989
1
1
1
1
1
1
1
1
1
1
1
0.999999
1
1
0.999839
1
1
1
1
1.00002
1
1
0.999864
1
1
0.999993
1
1
1.00002
1
1
1
1
1
1
1
1
1
1
1
1
1
1
1
1
1
1
1
1
1.00001
0.999999
1
1
1
1
1
1
0.999277
1
1
1
1
1
1
1
0.999994
1
1
1
1
1
1
1
1.00012
1
1
1
1
0.999856
1
0.99969
1
1
1
1
1
1
1
1
1
1
1
1
1
1
1.00001
1
1.00001
1
1
1
1
1
0.999957
1
1
1
1
1
1
1
1
1
1
1
1
1
1
1
1
0.999099
1
0.999919
1
1
1
1
1
1
1
1
1
0.999867
1
1
1
1
1
1
1
1
0.999999
1
1
1
1
1
1
1
1.00001
1.00001
0.999924
1
1
1
1
1
1
1
0.999878
1
0.99998
1
1
1
1
1
1
1
1
1
1
1
1
1
1
1
1
1
1
1
1
1
1
1
1
1
1
0.999998
1
0.999643
1
1
1
1
1
1
1
1
1
1
1
1
1
1
1
1
1
1
1
1
1
1
1
1
1
1
0.999999
1
1
1
1
1
1
0.999924
1
1
1
1
1
1
1
1
1
1
1
1
1
1
1
1
1
0.999874
0.999976
1
1.00001
1
1
1
1
1
1
1
1
1
1
1
1
1
1
1
1
1
1
1
0.999998
1
1
1.00004
1
1
1
1
1
1
0.999998
1
1
1
1
1
1
1
1
1
1
1
1
1
1
1
1
0.991707
1
0.99975
0.999985
1
1
0.999985
1
1
1
1
0.997602
1
1
1
1
1
1
1
1
1
1
1
1
1
1
1
1
0.999994
1
1.00001
1
1
1
1
1
1
1
1
1
1
1
1
1
1
1
1
1
0.999871
1
1
1
1
1
1
1
1
1
1
1
1
1
1
1
1
1
1
1
1
0.999965
1
1
1
1.00004
1
0.999995
1
1
1
1.00003
1
1
1
1
1
1
1
1
1
1
1
0.999843
1
1
1
1
0.999924
1
1
1
1
1
1
1
1
1
1
1
1
1
1
1
1
1
1
1
1
1
1
1
1
1
1
1
1
1
1
1
1
1
1
1
1
1
1
1
1
0.999995
1
1
1
1
1
0.999967
1
1
1
1
1
1
1
1
1.00004
1
1
1
1
1
1
1
1
1
1
1
1
1
1.00015
1
1
1
1
1
1
1
1
1
1
1
1
1
1
1
1
0.999935
1
0.999999
1
1
1
1
1
1
1
1
1
1
1
1
1
1
1
1
1
1
1
1
1
1
0.999955
1
1
1
1
1
0.999988
1
1
1
1.00001
1
0.999803
1
1
1
1
1
1
1
1
1
1
1
1
1
1
1
1
1
1.00002
1
1
1
1
1
1
1
0.999999
1
1
1
1
1
1
0.993626
1
1
1
1
1
1
1
1
1
1
1
1
1
1.0003
1
1
1
1
1
1
1
1
1
1
1
1
1
1
1
1
1
1
1
1
1
1
1
1
1
1
1
1
1
1
1
0.999997
0.998948
1
1
0.999503
1
0.999948
1
1.00002
1
1
1
1
1
1
1
1
1
1
1
0.999925
1
1
1
1
1
1
1
1
1
1
1
1
0.999999
1
1
0.999796
1
1
1
0.999205
1
1
1
0.999955
1
1
1
0.997372
1
1
1
1
1
1
1
1
1
1
1
1
0.999999
0.999865
1
1
0.999913
1
1
1
0.999992
1
1
1
1
1
1
1
1
0.999495
1
1
1
1
0.999826
1
0.999999
1
1
1
0.999414
1
1
1
1
1
1
1
1
1
1
0.999815
1
1
1
0.999989
1
0.999904
1
1
1.00004
1
1
1
1
1
1
1
1
1
1
1
0.998015
1
1
1
1
1
1
1
1
1
0.995855
1
1
1
1
1
1
1
1.00001
1
1
1
1
1
1
0.99399
1
1
1
1
1
1
1
1
0.99443
1
1
1
1
1
0.999942
1
1
1
1
1
1
1
1.00001
1
1
1
1
0.999932
1
1
1
1
1
1
1
1
1
0.999948
1
1
1
1
1
1
1
1
1
1
1
1
1
1
1
1
1
1
1
1
0.999991
1
1
1
1
1
0.999988
1
1
1
1
1
1
1
1
1
1
1
1
1
1
1
1
1
1
1
1
1
1
1
1
1
1
1
1
1
1
1
1
1
1
1
1
1
1
1
0.999994
1
1
1
1
1
1
1
1
1
1
1
1
1
1
1
1
1
0.999998
1
1
1
1
1
1
0.999999
1
1
1
1
1
1
1
1
1
1
1
1
1
0.999999
1
1
1
1
1
1
1
1
1
1
1
1
1
1
1
1
1
1
1
1
1
1
1
1
1
1
1
1
1
0.999936
1
1
1
1
1
1
1
1
1
1
1
1
0.999876
1
1
1
1
1
1
1
1
1
1
1
1
1
1
1
0.999999
1
1
1
1
1
1
1
1
1
1
1
1
1
1
1
1
1
1
0.999999
1
1
0.997226
1
1
1
1
1
1
1
1
1
1
1
1
1
1
1
1
1
1
1
1
1
1
0.995775
1
0.999999
1
1
1
1
1
0.999979
1
1
1
1
1
1
1
1
1
1
1
0.999999
1
1
0.997514
1
1
1
1
1
1
1.00002
1
1
1
1
0.999976
1
1
1
1
1
1
1
0.999999
1
1
1
1
1
1
1
1
0.999999
0.999993
1
1
1
1
1
1
1
1
1
1
1
1
1
1
1
1
1
1
1
1
1
1
1
1
1
1
1
1.00024
1
1
1
1
1
1
1
1
1
1
1
1
1
1
1
1
1
1
1
1
1
1
1
1
1
1
1
1
1
1
1
1
0.99995
1
0.999992
1
1
1
1
1
1
1
1
1
1
1
1
1
1
1
1
1
0.999999
1
1
1
1
1
0.999532
1
1
1
1
1
1
1
1
1.00029
1
1
1
1
1.00039
1
1
1
1
1
1
1
1
1
1
1
1
0.996009
1
1
0.99998
1
1
1
1
1
1
1
1.00003
1
1
1
1
1
1
0.999999
1
1
1
0.999782
1
1
1
1
1
1
1
1
1
1
1
1
1
1
0.993847
1
0.999997
1
1
1
0.999988
1
1
1.00067
1
1
1
1
1
1
1
1
1
1
1
1
1
1
1
1
1
1
0.99995
1
1
1
1
1
1
1
1
1
1
1
1
1
1
1
1
1
1
1
1
1
1
1
1
0.999805
1
1
1
1
1
1
1
1
1
1
1
1
1
1
1
1
1
1
1
1
1
1
1
1
1
0.999907
1
0.997049
1
1
1.0003
1
1
1
1
1
1
1
1
1
1
1
1
1
1
1
1
1
0.999686
1
1
1
1.00062
1
1
1
1
0.999999
1
1
1
1
1
1
1
1
1
1
1.00002
0.999842
1
1
1
1
1
1
1
1
1
1
1
1
1
1
1
1
1
1
1
1
1
1
1
1
1
1
1
1
1
1
1
1
1
1
1
1
1
1
0.999992
1
1
1
1
1
0.999995
1
1
1
1
1
1
1
1
1
0.999877
1
1
1
1
1
1
1
1
1
1
1
1
1
0.999997
1
1
1
1
1
1
1
1
1
1
1
1
1
1
1
0.999999
1
1
1
1.00004
1
1
1
1
1
1
0.999999
1
1
1
1
1
1
1
1
1
1
1
1
1
1
1
1
1
1
1
1
1
1
1
1
1
1
1
1
1
1
1
1
1
1
1
1
1
1
1
1
1
1.00003
1
1
1
1
0.999919
1
1
1
1
1
1
1.00004
1
1
1
1
1
1
1
1
1
1
1
1
1
1
1
1
1
1
1
1
1
1
1
1
1
1
1
1
1
1
1
1
1
1
1
1
1
1
1
1
0.999953
1
1
1
1
1
1
1
1
0.99993
1
1
1
1
1
1
1
1
1
1
1
1
1
1
0.99979
1
1
1
1
1
1
0.999904
1
0.999999
1
1
1
1
1
1
0.999955
1
1
1
1
1
1
1
1
1
1
1
1
1
1
1
0.99943
1
1
1.00001
1
1
1
1
1
1
1
1
1
1
1
0.999998
1
1
1
1
1
1
1
1
1
1
1
1
1
1
1
1.00002
1
1
1
1
1
1
1.00002
1
1
1
1
1
1
1
1
1
1
1
0.999897
1
1
1.00001
1
0.999998
1
1
1
1
1
1
1
1
1
1
1
1
1
1
1
1
1
0.99985
1.00001
1
1
0.999925
1
1
1
1
1.00001
1
1
1
1
1
1
1
1
0.99998
1
1
1
1
1
1
1
1
1
1
1
1
1
1
1
1
1.00062
1
1
1
1
1
1
1
1
1
1
1
1
1
1
1
1
1
1
0.999996
0.999947
1
1
0.999994
1
1
1
1
1
1
1
1
1
1
1
1
1
1.00023
1
1
1.00002
1
0.999991
1
1
1
1
1
1
1
0.999998
1
1
0.999884
1
1
1
1
1
0.999979
1
1
1
1
1
1.00001
1
1
0.999999
1.00005
1
1
1
1
1
1
1
1
0.999994
1
1
1
1
1
0.999999
1
1
1
1
1
1
1
1.00003
1
0.999905
1
1
1
1
1
1
1
1
1
1
1
1
0.999984
1
1
1
1
1
1
1
1
1
1
1
1
0.999993
1
1
1
1
1
1
1
1
1
1
1
1
1
1
1
1
1
0.999997
1
1
1
1
1
1
0.99999
1
1
1
1
1
1
1
1
0.999941
1
1
1.00001
1.00001
1
1
1
1
1
1
1
1.00001
1
1
1
1
1
1
1
1
1
1
1
1
1
1
1
1
1
1
1
1
1
1
1
1
1
1
1
1
1
0.999862
0.999256
1
1
0.999971
1
0.999952
0.999978
0.999963
1
1
1
1
0.999989
1
1
1
1
1
1
1
0.999961
1
1
1
1
1
1
1
1
1
0.999992
1
1
1
0.999986
1
1
1
1
1
1
1
1
1
1.00001
1
1
1
1.00101
0.999999
1
1
1
1.00003
0.999914
1
0.999998
1
1
1
1
1.00009
1
1
1
1
1
1.00111
1
1
1
1
1
1
1
1
1
1
1
1
1
1
1
1
1
1
1
0.999959
1
1
1
1
1.00001
1
1
1
1
1
1
1
1
1
1
1
1
1
1
1
1
1
1
1
1
1
1
1
1
0.99997
1
1
1
1
1
1
1
1
1
1
0.999982
1
1
1
1
1
1
1
1
1
1
1
1
1
1
1
1
1
1
1
1
1
1
1
0.999996
1
1
1
1
0.999988
1
1
0.999999
1
1
1
1
1
1
1.00001
1
1
1
1
1
1
1
1
1
1
1
1
1
1
1
1
1
1
1
1
1
1
1
1
1
1
1
1
1
1
1
1
1
1
1
1
1
1
1
1
0.999998
1
0.999869
1
1
1
0.999998
1
1
1
1
1
1
1
1.00003
1
1
0.999998
1
1
1
1
1
1.00008
1
1
1
1
1
1
0.999938
1
1
1
1
1.00001
1.00001
1
1
1
1
1
0.999979
1
1
1
1
1
1
1
1
1
1.00001
1
1
1
1
1
1
1
1
1
1
1
1
1
1
1
1
1
1
1
1
1
1
1
1
1
1
1
1
1
1.00026
1
1
0.999996
1
1
0.999999
1
1
1
1
1
1
1.00001
1
1
1
1
1
1
1
1
1
1
1
1
0.999408
1
1
1
1
1
1
1
1
1
1
1
1
1
1
0.999737
1
1
1
1
1
1
1
0.999896
1
1
1
1
0.999999
1
1
1
1
1
1
1
1
1
1
1
1
1
1
1
1
1
1
1
1
1
1
1
1.00001
0.99991
1
0.999999
1
1
1
1
1
1
1.00002
1
0.999856
1
1.00001
1
1
1
1
0.999999
1
1
1
1
1
1
1
1
1
1
1
1
1
1
1.00001
1
0.999989
1
0.999993
1
1
1
1
1
1
1
1
1
1
1
1
1
1
1
1
1
1
1.00001
1
1
0.999978
1
1
1
1
1
1
1
1
1
1
1
1
1
1
1
1
1
1
)
;

boundaryField
{
    frontback
    {
        type            empty;
    }
    topbottom
    {
        type            zeroGradient;
    }
    outlet
    {
        type            zeroGradient;
    }
    inlet
    {
        type            fixedValue;
        value           nonuniform List<scalar> 0();
    }
    walls
    {
        type            zeroGradient;
    }
    procBoundary1to0
    {
        type            processor;
        value           nonuniform List<scalar> 
104
(
1
1
1
1
1
1
1
1
1
0.999892
1
1
1
1.00011
1.0008
1
1.00002
1
1.00002
1
1
1
1
1
1
1
1
1
1
1
1
1
1
1
1.00002
1
1
1
1
1
1
1
0.997203
1
1
1
1
1
1
1
1
1
1
1
0.993966
1
1
1
1
1
1
1
1
1
1
1
1
1
1
1
1
1
1
1
1
1
1
1
1
1
1
0.997003
1
1
1
1
1
1
1
1
1
1
0.999999
1
1
1
1
1
1
1
1
1
1
1
)
;
    }
    procBoundary1to3
    {
        type            processor;
        value           nonuniform List<scalar> 
205
(
1
1
1
1
1
1
1
1
1
1
1
1
1
1
1
1
1
1
1
1
1
1
1
1
1
1
1
1
1
1
1
1
1
1
1
1
1
1
1
1
1
1
1
1
1
1
1
1
1
1
1
1
1
1
1
1
1
1
1
1
1
1
1
1
1
1
1
1
1
1
1
1
1
1
1
1
1
1
1
1
1
1
1
1
1
1
1
1
1
1
1
1
1
1
1
1
1
1
1
1
1
1
1
1
1
1
1
1
1
1
1
1
1
1
1
1
1
1
1
1
1
1
1
1
1
1
1
1
1
1
1
1
1
1
1
1
1
1
1
1
1
1
1
1
1
1
1
1
1
1
1
1
1
1
1
1
1
1
1
1
1
1
1
1
1
1
1
1
1
1
1
1
1
1
1
1
1
1
1
1
1
1
1
1
1
1
1
1
1
1
1
1
1
1
1
1
1
1
1
1
1
1
1
1
1
)
;
    }
}


// ************************************************************************* //
