/*--------------------------------*- C++ -*----------------------------------*\
| =========                 |                                                 |
| \\      /  F ield         | OpenFOAM: The Open Source CFD Toolbox           |
|  \\    /   O peration     | Version:  v2012                                 |
|   \\  /    A nd           | Website:  www.openfoam.com                      |
|    \\/     M anipulation  |                                                 |
\*---------------------------------------------------------------------------*/
FoamFile
{
    version     2.0;
    format      ascii;
    class       volScalarField;
    location    "150";
    object      gammaInt;
}
// * * * * * * * * * * * * * * * * * * * * * * * * * * * * * * * * * * * * * //

dimensions      [0 0 0 0 0 0 0];


internalField   nonuniform List<scalar> 
13917
(
1
1
0.999977
1
0.999998
1
1
1
1
1
0.999999
1
1
1
1
1
1
1
1
1
1
1
1
1
1
1
0.99878
1
1
1
1
1
1
1
1
1
1
1
1
1
1
1
1
1
1
1.00062
1
1
1
1
1
0.999999
1
1
1
1
1
1
1
1.0022
1
1
1
1
1
1
1
1
0.999961
1
1.00012
1
1
1
1
1
1
1
1
1
1
1
1
1.00006
1
1
1
1
1
1
1
1
1
1
1
1
1
1
1
1
1
1
1
1
1
1.00001
1
1
1
0.999685
1
1
1
1
1
1
1
1
1
1
1
1
1
1
1
1.00004
1
1
1
1
1
0.998695
1
1
1
1.00001
1
1
1
1
1
1
1.00006
1
1
1
0.999939
1
1
1
1
1
1
1
1
1
1
1
1
1
1
1
1
1
1
1
1
1
1
1
1
1
1
1
1
1
1
1
1
1
1
1
1
0.999951
1
0.998939
1
0.999959
1
0.999991
1
1
1
1
1
1
1
1
1
1
1
1
1
1
0.999999
1
1
1
1
1
1
0.999914
0.999898
1
1
1
1
1
1
1
1
1.00001
1.00031
1
1
1.00001
1
1
1
1
1
1
1
1
1
1
1
1
1
1
0.999989
1.00002
1.00001
1
1
1
1
1
1
1
1
1
1
1
1
1
1
1
0.999994
1
1
1
1
1
1
1
1
1
1
1
1
1
1
0.999999
1.00006
1
1
1
1
1
1
1
1
1
1
1
1
1
1
1
1
1
1
1
1
1
0.999987
1
0.999992
1
1
1
1
0.999922
1
1
1
1
1
1
0.999618
1
1
1
1
1
1
1.00026
0.999999
0.9991
1
0.999975
1
1
1.00028
1
1
1
1
1
1
1
1
1
1
1
1
1
1
1
1.00002
1
1
1
1.00001
1
1
1
1
1
1.00024
1
0.999985
1
1
1
1
1
1
1
1
1
1
1.00003
1
1
1
1
1
1
0.999968
0.9996
1
1
1.00047
1.00034
1
1
0.998401
1
1
1
1
1
1
1
1
1
1
1
1
1
1
1
0.999876
1
1
1
1
0.999991
1
1
1
1
1
1
1
1
1
1
1
1
1
1
1
1
0.999976
1
1
1
1
1
1
0.997829
1
1
1
1
1
1
1
1
1
1
1
1
1
1
1
1
1
1
0.999999
1
0.999999
1
1
1
1
0.999701
1
1
1
0.999765
1
1
1
1
1
1
1
1
1
1
1
1
1
1
1
1
1
1
1
1
1
1
1
1
1
1
0.999833
1
1.00001
1
1
1
1
1
1
1
1
1
1
1
1
1
1
1
1
1
1
1.00002
1
1
1
1
1
1
1
0.999998
1
1
1
1
1
1
1
1
1
1
1
1
1
1
1
1
1
1
1
1
1
1
1
1
1
1
1
1
1
1
1
1
1
1
1
1
1
1
1
0.999999
1
0.999999
1
1
1
1
1
1
1
1
1
1
1
1
1
0.999988
1
1
1
0.999999
1
1
1
1
1
0.999336
1
1
1
1
1
1
1
0.999981
0.999593
1
1
1
1
1
1
0.996103
1
1
1
1
1
0.999901
1
1
1
1
0.996883
1
1
1
1
1
1
0.99824
1
0.999998
1
1
1
1
1
1
1
1
1
1
1
1
1
1.00001
1
1
1
0.999988
1
1
1
1
1
1
1
1
1
1
1
1.00002
1
1.00001
1
1
1
0.999924
1
1
1
1
1
1
1
1
1
1
1
1
0.99995
1
1
1
1
1
1
1
1
1
1
1
1
1
1
1
1
1
1
1
1
1
1
1
1
1
1
1
1
1
1
1
1
0.999999
1
1
1
1
1
1
1
1
1
1
1
1
1.00002
1
1
1
1
1
1
1
1
1
1
1
1
1
0.999923
1
1.00003
1
1.00002
1
1
1
1
0.999975
1
1
1
1
1
1
1
1
1
1
0.999751
0.999814
1
1
1.00059
1
1
1
1
1
1
1
1
1
1
1
1
1
1
1
1
1
1
1
1
1
1
1
1
1
1
1
0.999876
0.99997
1
1
1
1
1
1
1
1
1
1
1
1
1
1
1
1
1
1
1
1
1
1
1
1
1
1
1
1
1
1
1
1
1
1
1
1
1
1
1
1
1
1
1
0.999999
1
1
1
1
1
1
1
1
1
1
1
1
1
1
1
1
1.00001
1
1
1
1
1
1
1
0.996806
1
1
1
1
1
1
0.999999
1
1
1
1
1
1
1
1
1
1
1
1
1
1
1
1
1
1
1
1
1
1
1
1
1
1
1
1
1
1
1
1
0.999998
1
0.999719
1
1
1
0.996065
1
1
1
1
1
1
1
1
1
1
1.00004
1
1
1
1
1
1.00001
1
1
1
1
1
1.00004
1
1
1
1
1
1
1
1
1
1
1
1
1
1
1
1
1
1
1
1
1
1
1
1
1
1.00015
1
1
1
1
1
1
1
0.999999
1
1
1
1
1
1
1
1
1
0.999999
1
1
1
1
1
1
1.0002
1.00001
1
1
0.999999
1
1
1
1
1
1
0.999985
1
1
1
1
1
1
1
1
1
1
1
1
1
1
1
1
1
1
1
1
0.992654
1
1
0.999999
1
1
1
1
0.999947
1
1
1
1
1
1
1
1
1
1
1
1
1
1
1
1
1
1
1
1
0.999995
1
1
1
0.999893
1
1
0.99952
1
1
1
0.999996
1
0.999965
1
1
1
1
1
1
1
0.997083
1
1
1
1
0.996454
1
1
1
1
1
1
1
1
1
1
1
1
1
1
1
1
1
0.999984
0.999999
1
1
1
0.997808
1
1
1
1
1
1
1
1
1
1
0.999936
1
1
1
1
1
1
1
1
1
1
1
1
1
1
1
0.999207
1
1
1
1
1
1
1
1
1
1
1
0.999935
1
1
1
1
1
1
0.999999
1
1
1
1
1
1
1
1
1
1
1
1
0.999999
1
1
0.999906
1
0.992301
1
1
1
1
1
1
1
1
1.00126
0.999998
1
1
0.999997
0.997312
0.999873
1
1
0.999888
1
1
1
1
1
1
1
1
0.999206
1
1
1
0.999802
1
1
1
1
1
1
1
1
1
1
1
1
1
1
0.999996
1
1
1
1
0.999978
1
1
1
1
0.999999
1
1.00001
1
0.999396
1
1
1
1
1
1
1
1
1
1
1
1
1
1
1
1
1
1
1
1
1
1
1.00056
0.999997
1
1
1
1
1
1
1
1
1
1
1.00051
1
1
1
1
1.00041
1
1
1
1
1
1
0.999993
1
1
1
1
0.999594
1
1
1
1
0.999991
1
1
1.00003
1
1
1
1
1
1
1
1
1
1
1.00002
1
1
1.00002
0.999885
1
0.999947
1
1
1
1
1
1
1
1
1
1
1
1
1
1
1
0.99999
1
1
0.999996
1
1
1
1
1
1
1
1
1
1
1
1
1
1
1
1
1
1
1
1
1
1
1
1
0.999991
0.995059
1
1
1
1.00008
1
1
1
1
1
1
1
1
1
1
1
1
1
1
1
1
1
1
0.999989
1
1
1
1
1
0.999995
1
1
1
1
1
1
1
1
1
1
1
1
1
1
1
1
1
1
1
1
1
1
1
1
1
1
1
1
1
1
1
1
1.00003
1
0.999996
1
1
1
1
1
1
1
1
1
1
1
1
1
1
1
1
1
0.999993
1
1
1
1
1
1
1
1
1
1
1
0.999968
1
1
0.99388
1
1
1
1
1.00005
1
1
1
1
1
1
1
1
0.999998
1
1
1
1
1
1
0.999999
1
1
1
1
1
1
1
1
1
1
1
1
1
1.0001
1
1
1
1
1.00019
1
1
1
1
1
1
1
1
1
1
1
1
1
1
1
1
1
1
1
0.999135
1
1
1
1
1
1
1
1
1
0.999996
1
1
1
1
1
1
1.00002
1
1
1
1
1
0.997255
1
0.999998
1
1
1
1
1
0.999929
1
1
1
1
1
1
1
1
1.00001
1
1.00039
1
1
1
0.999848
1
0.999756
1
1
1
1
1
1
1.00003
1
1
1
1
1
1
1
1
1
1
1
1
1
1
1
1
1
1
1
1
1
1
1
1
1.00004
0.999563
0.999999
1
1
1
1
1
0.999998
1
1
1
1.00047
1
1
1
1
1
1
1
1
1
1
1
1
1
1
1
1
1
1.00033
1
1
1
1.00114
1
0.999964
1
1
1
1
1.00003
1
1
0.99805
1
1
1
1
1
1
1
1
1
1
1
1
1
1
1
0.999995
1
0.999968
1
1
1
1
1
1
1
1
1
1.00036
1
1
1
1
1
1
1
0.999999
1
1
1
1
1
1
1
1
1
1
1
1
1
1
1
1
1
1
1
1
1
1
1
1
1
1
1
1
1
1
1
1
1
1
1.00031
1
1
1
1
0.999987
1
1
1
1
1
1
1
1
1
1
1
1
1
1
1
0.997198
1
1
1
1
1
1
1
1
1
1
1
1
1.00001
1
1
1.00001
1
1
1
1
1
1
1
1
1
1
1
1
0.995966
1
1
1.0002
1
1
1
1
1
1
0.999997
1
1
1
1
1
1
1
1
0.999799
1
1
1
1
1
1
1
1
1
1
1
1
1
1
1
1
1
1
1
1
1
0.999753
1
0.997459
1
1
1
1.00005
1
1
1
1
1
1.00004
1
1
1
1
1
1
1
1.0002
1
1
1
1
1
1
1
1
1
1
1
1
1
1
1
1
1
0.999979
1
1
0.999998
1
1
1
1
1
0.999194
1.00002
1
1
1
1
1
1
1
0.999273
1
0.999919
1
1
1
1
1
1
1
1
1
1
1
1
1
1
1
1
1
1.00019
1
1
1
0.999795
1
1
1
1
1
1
1
1
1.00001
1.00001
1
1
1
1
1
1
1
1
1
1
1
1
1
1
1
1
1
1
1
1
1
1
1
1
1
1
1
1
1
1
1
1
0.999991
1
1
1
1
1
1
1
1
1
0.999556
1
1
1
1
0.99992
1
1
1
1
1
1
1
1
1
1
1
1
1
1
1
1
1
1
0.999979
1
1
1.00007
1
0.999769
1
1
1
1
1
1
1
1.00028
1
1
1
1
1
1
1
1
1
1
1
1
1.0006
0.994131
1
1
1
1
1
1
0.999994
1
1
1
1
1
1
0.999938
1
1
1
1
1
1
1
1
1
1
1
1
0.999644
1
1
1
1
1
1
1
1
1
1
1
1
1
1
1
1
0.998662
1
0.999999
1.00001
1
1
1
1
1
1
1
1
0.999999
1
1
1
1
1
1
1
1.0001
1
1.00024
1
1
0.995806
1
1
1
1
1
1
1
1
0.996457
1
1
1
1
1
1
1
1
1
1.00001
1
1
1
1
1
0.99767
1
1
0.999108
1
1
1
1
1
1
1
1
1
1
0.999168
1
1
1
1
1
1
1
1
1
1
1
1
1
1
1
1
1
1
1
1
1
1
1
1
1
1
1
0.999454
1
1
1
1.00001
1
1.00032
0.99569
1
0.99999
1
1
0.9981
1
0.999987
0.999898
1
1
1
1
1
1
1
1
1
1
1
0.999884
1
1
1
1
1
1
1
1
1
0.999856
1
1
1
1
1
1
1
1
1
1
1
0.999989
1.00001
1
1
1
1
1
1
1
1
1
1
1
1
1
1
1
1
1
1
1
1
1
1.00003
1
1
1
1
1
1
1
1
1
1
0.999956
1
1
0.999838
1
1
1
1
1
1
1
1
1
1
1
1
1
1.00001
1
1
1
1
0.998332
1
0.999828
1
1
1
1
1.00001
1
1
1
1
1
1
1
1
1
1
1
1.00002
1
1
1
1
1
1
1
1
1
1
1
1
1
1
1
1
1
1
1
0.998666
1
1
0.999966
1
1
1
1
1
1
1
1
1
1
1
1.00023
1
1
1
1
1
1
1
1
1
1
1
1
1
1
1
1
1
1
1
1.00004
1
1
1
1
1
1
1
1
0.999995
1
0.999347
1.00003
1
1
1
0.999976
0.999999
1
1
1
1
1
1
1
1
1
1
1
1.00001
1
1.00004
1
1.00007
1
1
0.999822
1.00002
0.999672
1
1
1
1
1
1
1.00001
1
1
0.999906
1
1
1
1
1
1
1
1
1
1
1
1
1
1
1
1
1
1
1
1
1
1
1
1
1
0.999988
1.00031
1
1
1
1
1
1
1
1
1
1
1
1
1
0.997952
1
0.997988
1
1
1.0002
0.994033
1
1
1
1
0.999823
0.996629
1
1
1
1
1
0.999955
1
1
1
1.00006
1
1
1
1
1.00002
1
1
1.00028
1
1
1
1
1
1
1
1
1
1
0.999032
1
1
1
1
1
1
1
0.999916
1
1
1
1
1
0.999219
1
1
1
1
1
1
1
1
1.00002
1.00001
1
0.992882
1
1
1
1
1
1
1
1
1.00003
1
1
1
1
1
1
1
1
1
1
1
1
1
1
1
1
1
1
1
1
1
1
1
1
1
1
1
1
1
1
1
1
1
1
1
1
1
1
1
1
1
1
1
1
1
1
1
1
1
1
0.999998
1
1
1
1
1
1
1
1
1
1
1
1
1
1
1
0.999958
1
1
1
1
1
1
1
0.999872
1
0.992346
1
1
1
1
1
1
1
1.00001
1
1
1
1
1
1
1
1
1
1
1
1
1
0.999994
1
0.999931
1
1.0003
1
1.00034
1
1
1
1
1
1
1
1
1
1
1
1
1
1
1
1
1
1
1
1
1
1
1
1
1
1
1
1
1
1
1
0.999939
1
1
1
0.998146
1
1
1
0.997687
1
1
1
1
1
1
1
1
1
1
1
1
1
1
1
1
1
1
1
1
0.999452
1
1
1
1
1
1
1
1
1
1
1
1
1
1
1
1
1
1
1
1
1
1
1
1
0.999883
1
1
0.999998
1
1
1
1
1
1
1
1
1
1
1
1
1
1
1
1
1
1.00004
1
1
1
1
1
1
1
1
1
1
1
1
1
1
1
1
1
1
1
1
1
1
1
1
1
1
1
1
1
1
1
1
1
1
1
1
1
1
1
1
1
1
1
1
1
1
1
1
1
1
0.992566
1
1
1
1
1
1
1
1
1
1
1
1
1
1
1
1
1
1
1
1
1
1
1
1
1
1
1
1
1
1
1
1.00002
1
0.999995
1
1
1
1
1
1
1
0.999992
1
1
1
1
1
1
1
1
1
1
1
1
1
1
1
1
1
1
1
1
1
1
1
1
1
1
1
1
1
1
1
1.00001
1
1
1
1
1
1
1
1
1
1
1
1
1
1
1
1
1
1
1
1
1
1
1
1
1
1
1
1
1
1
1
1.00001
1
0.999998
1
1
0.995968
1
1
1
1
1
1
1
1
1
1
1
1
1
1
1
1
1
1
1
0.999999
1
1
1
1
1.00003
1
0.999994
1
1
1
1
1.00002
1
1
1
1
1.00082
1
1
1
1
1
1
1
1
1
1
1
1
1
1
1
1
1
1
1
1
1
1
1.00001
1
1
1
1
0.999999
1
1
1
1
1
1
1
1
1
0.999956
1.00057
1.00001
1
1
1
1
1
1
1
1
1
0.999998
0.996936
1
1
1
1
1
1
1
1
1
1
1
1
1
1
1
1
1
1
1
1
1
1
1
1
1
1
1
1
1
1
1
1
1
1
1
1
1
1
1
1
1
1
1
1
1
1
1
1
1
1
1
1
1
1.00001
1
1
1
1
1
1
1
1
1
1
1
1
1
1
1
1
1
1
1
1
1
1
1
1
1
1
1
1
1
1
1
1
1
0.999995
1
1
1
1
1
1
1
1
0.99957
1
1
1
1
1
1
1
1
1
1
1
1
1
1
1
1
1
1
1
1
1
1
1.00022
1
1
1
1
1
0.999982
1
1
1
1.00055
1
1
1
1
0.999998
1
1
1
1
1
1
1
1.00001
1
1
1.00002
1
1
1
1
1
1
1
1
1
1
1
1
1.00001
1
1
1
1
1
1
1
1
1
1
1
1
1
0.993564
1
1
1
1
1
1
1
1
1
1
1
1
1
1
1
1
1
1
1
1
1
1
1
1
1
1
1
1
1
1
1
1
1
1
1.00002
1
1
1
1
1
1
1
1
1
1
1
1
1
1
1
1
0.999989
1
1
1
1
1
0.999986
1
1
1
1
1
1
1
0.99998
1
1
0.999812
1
1
1
1.00003
1
0.999958
1
1
1
1
1.00002
1
1
1
1
1
1
1
1
1
1
1
1
1
1
1
1
0.999999
1
0.998794
1
1
1
1
1
1
1
1
1
1
1.00001
1
1
1
1
1
1
1
1
1
1
1
1
0.999998
1
1
1
1
1
1
1
1
1
1
1
1
1
1
1
1
1
1
1
1
1
1
1
1
1
1.00001
1
1
1
1
1
0.999999
1
1
1
1
1
1
1
1
1
1
1
0.995819
1
1
1
1
1
1
1
1
1
1
1
1
1
1
1
1
1
1
1
1
1
1
1
1
1
1
1
1
1
1
1
1
1
1
1
1
1
1
1
1
1
1
1
1
1.0001
1.00002
0.999987
1
1
1
1
1
1
1
1
1
1
1
1
1
1
1
1
1
1
1
1
1
1
1
1
1
1
1
1
1
1
1
1
1
1
1
1
1
1
1
1
1
1
1
1
1
1
1
1
1
1
1
1
1.00001
1
1
1
1
1
1
1
1
1
1
1
1.00001
1
1
1
1
0.999999
1
1
1
1
1
1
1
1
1
1
1
0.999987
1.00001
1
1
1
1
1
1
1
1
1
1
1
1
1
1
1
1
1
1
1
1
1
1
1
1
1
1
1
1
1
1
1
1
1
1
1
1
1
1
1
1
1
1
1
1
1
1
1
1
1
1
1
0.999992
1
1.00001
1
1
1
1
1
1
1
1
1
1
1
1
1
1
0.999999
1
1
1
1
1
1
1
1
1
1
1
1
1
1
1
1
1
1
1
1
0.999995
1
0.999973
1
1
1
1
1
1
1
1
0.999978
1.00005
1
1
1
1
1
1
1
1
1
1
0.999999
1
1
1
1
1
1
0.999844
1
1
1
1
1
0.999997
1
1
1
1
1
0.997263
1
1
1
1
1
1
1
1
1
1
1
1
1
1
1
1
1
1
1
1
1
1
1
1
0.99517
1
0.999988
0.999998
1
1
1
1
1
1
1
1
1
1
1
1
1
1
0.999952
1
1
1
0.999242
0.999981
1
1
1
1
1
1
0.994089
1
1
1
1
1
1
1
1
0.999998
1
1
1
1
1
1
1
1
1
0.992134
1
1
1
1
1
1
1
1
1
1
1
1
1
1
0.999996
0.999977
0.999651
1
1
1
1
1
1
1
0.999977
1
1
1
1
1
1
1
1
1
1
1
1
0.999997
1
1
1
1
1
1
1
1
1
1
1
1
1
1
1
1
1
1
1
1
1
1
1
1
1.00003
1
1
1
1
1
1
1
1
1
1
1
1
1
1
1
1
1
1
1
1
1
1
1
1
1
0.999973
1
1
0.999999
1
1
1
1
1
1
1
1
1
1
1
1.00002
1
0.999999
1
1
1
0.99986
1
1
1
1
1
1
1
1
1
1
1
1
1
1
1
1
1
1
1
1
1
1
1
1
0.999995
1
1
1
1
1
1
1
1
1
1
1.00005
1
1
0.999983
1
1
1
1.00001
1
1
1
1
1
1
1
1
0.99939
1
1
1
1
1
1
1
1
1
1
1
1
1
1
1
1
1
1
1
1
1
1
1
1
1
1
1
1
1
1
1
1
1
1
1
1
0.999941
1
1
1
1
1
1
1
1.00003
1
1
1
1
1
1
1
1
0.999987
1
1
1
1
1
1
1
1
0.998729
1
0.999998
1
1
1
1
1
1
1
1
1
1
1
1
1
1
1
1
1
0.999998
1
1
1
1
1
1.00001
1
1
1
1
1
1
1.00005
1
1
1
1
1
1
1
1
1
0.999998
0.999999
1
1
1.00024
1.00003
1
1
0.999898
1
1
1
1
1
1
1
1
0.999999
1
1
0.999768
1
1
1
1
1
1
1.00001
1
1
1
1
1
0.999984
1
0.999229
1
1
1
1
1
1
1
1
1
0.999994
1
1
1
1
1
1
1
1
1
1
1
0.999999
1
1
1
1
1
1
1
0.999567
1
1
1
1
1
1
1
1
1
1
1.00002
1
0.999971
1
1
1
1
1
1
1
1.00001
1
1
0.999986
1
1
1
1
1
0.999997
1
1
1
1
1
1
1
1
1
1
1
1
1
1
1
1
1
1
0.999965
1
1
1
1
1
1
1
1.00004
1
1
1
1
1
1
1
1
1
1
1
0.999999
1
1
1
1
1
1
1
1
1
1
1
1
1
1
1
1
1
1
1
0.999994
1
0.999847
1
1
1
1.00004
1
1
1
0.999964
1
1
1
1
1
1
1
0.996731
1
1
1
1
1
1
1
1
1
1
1
0.999997
1
1
1
1
1
1
1.00001
1
1
1
1
1
1
1
1
1
1
0.999638
1
1
1
1
1
1
1
1
1
1
1
1
0.993619
1
1
1
1
1.00001
1
1
1
1
1
1
1
1
1
0.999998
1
1
1
1.00001
1
1
1
1
1
1
0.999988
1
1
1
1
1
1
1
1
1
0.999732
1
1
0.999998
1
1
1
0.999929
1
0.999988
1
1
1
1
1
1
1
1
1
1
1
1
1
1
1
1
1
1
1
1
1
1
1
1
1
1
1
1
1
1
1
1
1
0.999948
1
1
1.00003
1
1
1
1
1
1
1
1
1
1
1
1
1
1
1
1
1
1
1
1
1
1
1
1
1
1
1
1
1
1
1
1
1
1
1
1
1
1
1
0.999857
1
1
1
1
1
1
1
1
1
1
1
1
1
1
1
1
1
1
1
1
1
1
1
1
1
1
1
1
1
1
1
1
1
1
1
1
1
1
1
1
1
1
1
1
1
1
1
1
1
1
1
1
1.00015
1
1
1
1
1
1
1
1
1
1
1
1
1
1
1
1
1
1
1
1
1
1
1
1
1
1
1
1
1
1
1
1
1
1
1
1
1
1
1
1
1
1
1
0.999997
1
1
1
1
1
1
1
1
1
1
1
1
1
1
1
1
1
1
1
1
1
1
1
1.00003
1
1
1
0.999996
1.00002
1
1
1
1
1
1
0.999999
1
1
1
1
1
1
1
1
1.00003
1
1
1
1
0.999951
1
1
0.999937
1
0.999992
1
1
1
1.0003
1
1
1
1
1
1
1
1
1
1
1
1
1
1
1
0.999863
1
1
1
1
1
0.999999
1
1
1
1
1
1
1
1
1
1
1
1
1
1
1
1
1
1
1
1
1
1
1
1
1
1
1
1
1
1
1
1
1
1
1
1
1
1
1
1
1.00002
1
1
1
1
1
1
1
1
1
1
1
1
1
1
1
1
1
1
0.999998
1
1
1
1
1
1
1
1
1
1
1
1
1
1
1
1
1
1
0.999946
1
1
1
1
1.00001
0.999997
1
1
0.999933
1
1
1
1
1
1
1
1
1
1
1
1
1.00005
1
1
1
1
0.999899
1
1
1
1
1
1
1
1
1.00004
1
1
1
1
1
0.999881
0.999999
1
1
1
1
1
0.999105
1
0.999999
1
1
1
0.999999
1
1
0.999999
1
1
1
1
1
0.999733
1
1
1
1
1
1
0.999993
1
1
1
1.00001
1
1
1
1
1
1
1
1
1
1
1
1
1
1
1
0.999987
1
1
1
1
1
1
0.999999
1
1
1
1
1
1
1
1
1
1
1
1
1
1
1
1
1
1
1
1
1
0.999963
1
1
1
1
1
1
0.999969
1
1
1
1
1
1
1
1
1
1
1
1
1
1
1
0.998518
1
1
1
1.00002
1
1
1
0.999597
1
1.00001
0.999651
1
1
1
1
1
1
1
1
1
1
1
1
1
1
1
1.00001
0.999994
1
1
1
1
1
1
1
1
1
1
1
1
1
1
0.999979
1
0.999998
0.999964
1
1
0.99999
1
1
1
1
1
0.999999
1
1
1
1
1
1
1
1
1
1
1
1
1
1
1
1
1
1
1
0.999991
1
1
1
1
1.00001
1
1
1
1
1
1
1
1
1
1
1
1
1
1
1
1
1
1
1
1
1
1
1
1
1
1
1.00001
1
0.999997
1
1
1
0.999994
1
1
1
1
1
1
0.999733
1
0.999999
1
1
1
1
1
1
1
1
1
1
1
0.999999
1
1
1
1
1
1
1
1
1.00001
1
1
1
1
1
1
0.999992
1
1
1
0.999999
1
1
1
1
1
1
0.99982
1
1
1
1
1
1
1
1
1
1
1
1
1
1
1
1
0.999839
1
1
1
1
1
1
1
1
1
1
1
1
1
1
1
1
1
1
1
1
1
1
1
1
1
1
0.994892
1
1
1
1
1
1
1
1
1
1
1
0.999999
1
1
1
1
0.999999
1
0.999719
1
1
1
1
1
1
0.99604
1
0.999816
0.999997
1
1
1
1
1
1
1
1
1
1
1
1
1
1
1
1
0.999988
0.999822
1
1
1
1
1
1
1
1
1
1
1
1
1
1
1
1
1
1
1
1
1
1.00004
0.999988
1
1
1
1
0.999861
0.999998
1
1
1
1
1
0.999991
1
1
1
1
1
1
1
1
1
0.999998
1
1
1
1
1
1
1
1
1
1
0.999974
0.999996
1
1
1
0.998578
1
1
1
1
1
1
1
1
1
1
1
0.999999
1
0.999998
1
1.00028
1
1
1
1
0.999995
1
1
1
1
1
1
1
0.999998
1
1
1.00004
0.999812
1
1
1
1
1
1
1
1
1
0.995411
1
1
1
1
1
1
0.999945
0.99999
1
1
1
1
1
1
0.999991
1
1
1
1
1
1
1
1
1
1
1
1
1
0.999709
1
1
0.999993
1
1
1
0.999836
1
1
1
1
1
1
1
1
1
1
1
1
1
1
0.999993
1
1
1
1
1
1
1
1
1
1
0.999798
1
1
1
1
1
0.999978
1
1
1
1
1
1
1
1
1
1
1
1
1
1
1
1
1
1
1
1
1
0.999989
1
1
1
1
1
1
1
1
1
0.999866
1
0.99976
1
1
1
1
1
1
1
1
1
1
1
1
1
1
1
1
1
1
1
1
1
1
1
1
0.999999
1
1
1
1
1
1
1
1
1
1
1
1
1
1
1
1
0.999993
1
1
1
0.999997
1
1
1
1
1
1
1
1
1
0.999957
1
1
1
1
1
1
0.999997
0.999995
1
1
1
1
1
1
1
1
0.999994
1
1
1
0.999997
1
1
1
1
1
1
1
1
1
1
1
1
1
1
1
1
1
1
0.999999
1
1
1.00002
0.99999
1
1
1
1
0.999997
0.999992
0.999992
0.999997
1
0.999618
1
1
0.999993
1
1
1
1
1
1
1
0.999994
1
1
1
1
1
1
1
1
1
1
1
1
1
1
1
1
1
1
1
1
1
1
1
1
1
1
1
1
1
1
1
0.999998
1
1
1
1
1
1
1
0.999997
1
0.999997
1
0.999993
1
0.999997
1
1
0.999878
1
1
1
0.999998
1
1
1
1
1
1
0.999995
1
1
0.999994
1
1
1
1
1
1
1
1
0.999978
0.999926
1
0.999933
1
1
0.999974
1
1
1
1
1
1
1
1
1
1
0.999996
1
0.999932
1
0.999996
1
1
1
1
1
1
1
1
1
0.99988
1
1
1
0.999995
1
0.99999
1
1
1
1
1
1
1
1
1
0.999994
0.99999
1
1
0.999998
1
1
1
1
1
1
1
1
1
1
1
1
1
1
1.00001
1
1
0.999999
0.999999
1
0.999998
1
0.999996
1
1
1
1
1
1
1
1.00003
1
1
1
0.999999
1
1
1
1
1
1
1
1
0.999973
1
1
1
1
1
1
1
1
1
1
1
0.999967
1
1
1
1
1
1
1
1
1
1
1
0.999888
1
1
1
1.00026
1
1
1
1
1.00007
1
1
1
1
1
0.999927
1
0.999966
0.999998
1
0.999947
1
1
1
0.999977
1
1
1
1
1
1
1
1
1
1
1
0.999994
1
1
0.999927
1
1
1
1
1
1
1
1
0.999997
1
1
1
1
1
1
1
1
0.999996
1
1
1
1
1
1
1
1
1
1
1
1
1
1
1
0.999999
1
1
1
1
1
1
1
1
1
1
0.999957
0.999998
1
1
1
1
1
1
1
1
1
0.999997
1
1
1
1
1
1
1
1
0.999995
0.999999
1.00003
1
1
1
0.999979
1
1
1
1
1
1
1
1
1
1
1
1
1
1
1
1
1
1
1
1
1
1
1
1
1
1
1
1.00002
1.00006
0.999994
1
1
1
1
0.999998
1
1
1
1
1
1
1
1
1
1
0.999984
0.999999
1
1
1
0.99998
1
1
1
1
0.999986
1
1
1
1
1
1
1
1
1
1
1
0.999999
1
1
1
1
1
1
1
1
0.999973
1
1
1
0.999998
1
1
1
1
1
1
1
1
1
1
1.00001
1
1
1
1
1.00002
1
1.0013
1
0.999944
1
1
1
1
1
1
1
1
1
1
1
0.999999
1
1
1
1
0.999999
1
1
1
1
1
1
1
1
1
1
0.999999
1
1
1
1
1
1
0.999992
0.999999
1
1
1
1
1
1
0.999997
1
1
0.999998
0.999987
0.999999
1
1
1
1
1
1
0.999929
1
1
1
1.00005
1
1
1
1
1
1
1
1
1
1
1
1.00001
1
1
1
0.999928
1
1
0.999998
1
1
0.999992
1.00004
1
1
1
1
1
1
1.00006
0.999998
0.999978
0.994983
1
1
1
1
1
1
1
0.999994
1
1
1
1
1
1
1
0.999993
1
1
1
1
1
1
0.99999
1
1
1
1
1
1
1
1
1
1
0.999996
1
1
1
1
1
1
0.999839
1
1
1
1
1
1
1.00001
1
0.999998
1
1
1
1
1
1
1
1.00002
1
0.999997
1
1
1
1
1
1
0.999998
1
1
1
1
1
1
1
1
0.999908
1
1
1
1
1
1
0.999997
1
1
1
1
1
1
1
1
1
1
1
1
1
1
0.999995
1
1
1
1
1
1
1
1
1
1
1
1
1
1
1
1
1
1
1
0.999999
1
1
1
1
1
1
1
1
1.00001
1
1
1
1
1
1
0.999986
1
1
1
1
1
1
1
1
1
1
1
1
1
1
1
0.999999
1
1
1.00001
0.999999
1
1
1
1
1
1
1
1
1
1
1
1
1
1
1
1
1
1
1
1
1
1
1
1
1
1
1
1
1
1
1
1
1
1
1
1
1
1
1
1
1
1
1
1
1
1
1
1
1
0.999998
1
1
1
1
1
1
1
1
1
1
1
1
1
1
1
1
1
1
1
1
1
1
1
1
1
1
1
0.999993
1
1
1
1
1
1
1.00001
1
1
0.999997
1
1
1
1
1
1
1
1
1
1
0.999866
1
1
1
1
1
1
1
1
1
1
1
1
1
1
1
1
1
0.999979
1
0.999998
1
1
1
1
1
1
1
0.999916
1
1
0.999992
1
1
1
1
1
1
1
1
1
0.999994
1
1
1.00019
1
1
1
1
0.999797
1
1
1
1
1
1
1
1
1
0.999981
1
1.00004
1
1
1
0.999992
0.999973
1
1
0.999996
1
1
1
1
1
0.999996
1
0.999997
1
1
1
1
1
1
1
1
1
1
1
0.999981
1
1
1
1
1
1
1
1
1
1
1
1
1
1
1
1
1
1
1
1
1
1
1
1
1
1
1
1
0.999999
1
1
1
1
1
0.999796
1
1
1
1
1
1
0.99999
0.999769
1
1
1
1
1
1
1
1
1
1
1
0.999997
1
1
1
0.999923
1
1
0.999998
1
1
1
1
0.999996
1
1
0.999827
1
1
1
1
1
1
1
1
1.00002
1
1
1
1
1
1
1
1
1
1.00005
1
1
1
1
1
1
1
0.999996
1
1
1
1
0.999994
1
1
1
1
1
1
1
1
1
1
1
1
1
1
0.999972
0.999641
1
1
1
1
1
1
1
0.999748
1
1.00001
1
1
1
1
1
1
1.00004
0.999995
1
1
1
1
1
1
1
1
1
1
1
1
1
1
0.999982
1
1
1
1
1
1
1
1
1
1
1
1
1
1
1
1
1
1
1
1
1
1
1
1
1
1
1
1
1
0.999975
1
1
1
1
1
1
1
0.999999
1
1
1
1
1.00003
1
1
1
1
1
1
0.999997
1
1
1
1
1
1
1
1
1
1.00001
1
1
1
1
0.999746
1
1
1
1
1
1
1
0.999997
1
1
1.00002
1
1
1
0.999996
1
1
1
1
1
1
1
1
1
1
1
1.00001
1
1
1
1
1
1
1
1
1
1
1
1
1
1
1
1
1
1
1
1
1
1
1
1
0.999948
1
1
1
1
1
1
1
1
1
0.999942
0.999992
1
1
1
1
1
1
1
0.999989
1
1
1
1
1
1
1
1
1
0.999992
1
1.00001
1
1
1
1
1
0.999783
0.999995
1
1
1
1
1
1
1
1
0.999999
1
0.999881
1
1
1
1
1
1
1
1
1
1
1
1
1
1
1
1
1
1
1
1
0.999999
0.999952
1
1
1
1
1
1
0.999992
1
1
0.99983
1
0.999957
1
1
1
1
1
1
1
1
1
1
1
1
1
1
1
1
1
1
1
1
1
1.00001
1
1
1
1
0.999999
1
1
0.999999
0.999998
1
1
1
1
1
1
1
1
1
1
1
1
1
1
1
1
1
1
1
1
1
1
1
1
0.999999
1
1
1
1
1
1
1
1
1
1
1
1
1
1
1
1.00001
1
1
0.999999
0.999999
1
1
0.999998
1
1
1
1
1
1
1
1
1
1
1
1
1
1
0.999937
1
1
0.999997
1
1
1
1
1
1
1
1
1
1
1
1
1
1
1
1
1
0.999933
1
0.999529
0.999998
1.00001
1
1
1
1
1
1
1
0.999997
1
0.999997
1
0.999873
1
1
1
1
1
1
0.999997
0.999996
1
1
0.999935
1
1
0.999993
1
1
1
1
1
0.999993
1
1
0.999994
1
1.00002
1
1
1
0.999999
1
0.999087
1
0.999817
1
0.999998
1
0.99999
1
1
1
1
1
1
1
1
1
1
1
1
1
0.999994
0.999999
1
1
0.999989
0.999978
0.999963
1
0.999998
0.99984
0.999999
1
1
1
0.999972
1
1
0.999999
0.999918
1
1
0.99991
1
1
1
1
1
1
0.999902
1
0.999997
1
0.999767
1
0.99999
1
1
1
1
1
0.999699
1
1
1
1
0.999679
1
1
1
1
1
1
1
1
1
1
1
1
0.999755
1
1
1
1
1
1
1
1
1
1
0.999996
0.999824
1
1
1
1
1
1
1
1
1
1
1
1
1
1
1
1
1
0.999999
1
1
1
1
1
1
1
1
0.999987
1
1
1
1
1
1
1
1
1
1
1
1
1
1
1
1
1
1
1
0.999999
1
1
1
1
1
0.999706
1
1
1
0.999662
1
1
1
0.999946
1
1
1
1
1
1
1
1
0.999999
1
1
1
1
1
1
0.999997
1
1
1
1
1
1
1
1
1
1
0.999999
1
1
1
1
1
1
0.999992
1
1
1
1
1
1
1
1
1
1
1
1
1
1
1
1
1
1
1
0.999999
1
1
1
1
1
1
1
1
1
1
1.00001
1
1
1
1
1
1
1
0.999998
1
0.99722
1
1
0.999997
1
1
1
1
1
1
0.999999
1
0.999999
1
1
1
1
1
1
1
1
1
1
1
1
1
1
1
1
1
1.00001
1
1
1
0.999968
1
1
1
1
1
1
1
1
1
1
1
1
1
1
0.999958
1
1
1
1
1
1
1
1
1
1
1
1
1
1
1
1
1
1
1
1
0.999992
1
1
1.00003
1
1
1
1
1
0.999999
1
1
1.00005
0.999991
1
1
0.999989
0.999995
1
1
0.999997
1
1
1
1
1
1
1
1
1
1
1
1
0.999999
1
1
1
1
1.00001
0.999996
1
1
1
0.999994
1
1
1
1
1
1
1
1
1
1
1
1
1
1
1
1
1
0.995443
0.999907
1
1
1
1
1
1
1
1
1
1
1
1
1
1
1
1
1
1
1
1
0.99995
1
1
1
1
1
1
1
1
1
0.999999
1
1
1
1
1.00076
1
1
1
1
1
1
1
0.99993
1
1
1
1
0.999989
1.00001
1
1
1
1
1
1
1
1
1
1
0.999999
1
1
1
1
1
1
1
1
1
1
1
1
0.999958
1
1
1
1
1
1
1
1
0.999956
1
1
1
1
1
1
1
1
1
1
1
1
1
0.999999
1
1
0.99973
1
1
1
1
1
1
1
1
1
1
1
1
0.999935
1
1
1
0.999999
1
1
1
1
1
1
0.999966
0.999463
1
0.999999
1
1
1
0.99988
1
0.999997
1
1
1
1
1
1
1
1
1
1
1
1
1
1
1
1
1.00004
1
1
1
1
1
1.00001
1
1
0.999979
0.999924
1
1
1
0.999995
1
1
0.999815
1
1
1
1
0.9942
1
1
1
1
1
1
0.999885
1
1
1
1
1
1
1
1
1
1
1
1
1
1
1
1
1
1
1
1
1
1
1
1
1.00004
1
0.999999
1
1
0.999999
1
0.999996
0.999862
1
0.999995
1
0.999999
1
1
1
1
1
1
0.999976
1
1
1
0.993667
1
1
1
1
1
1
1
0.999987
1
1.00004
1
1
1
1
1
1
1
1
0.999989
1
1
1
1
1
1
0.999996
1
1
1
1
1
1
1
1
1
1
1
1
1
1
0.999991
1
1
1
1
1
1
1
1
1
1
1
0.999722
1
1
1
1
1
0.999993
1
1
1
1
1
1
0.999976
1
0.999864
1
1
1
1
1
1
1
1
1
1
1
1
1
1
1
0.99981
1
1
1
1.00002
0.999955
1
1
1
1
0.999999
1
1
1
0.999881
0.99998
1
1
1
0.999999
1
1
1
1
1
0.999921
1
1
1
1
1
1
1
0.99999
1
1
1
1
1
1
1
1
1
1
0.999999
1
1
1
1
1
1
1
1
0.999999
1
1
1
1
1
1
1
1
1
1
1
1
1
0.999999
1
1
1
1
1
1
0.999993
0.999998
1
1
1
1
1
1
1
1
1
1
0.999999
1
1
1
1
1
1
1
1
1
1
1.00002
0.999998
0.999995
1
1
1
1
1
1
1
1
1
1
1
1
1
1
1
1
1
1
1
1
1
1
1
1
1
1
1
1
1
1
1
0.999902
1
1
1
1
0.999999
1
1
1
1
1
1
1
1
1
1
1
1
1
0.999998
1
1
1
1
1
1
1
1
1
1
1
1
1
1
1
1
1
1
1
1
1
1
1
1
1
1
1
1
1
1
1
1
1
1
1
1
1
1
1
1
1
1
0.999999
1
1
1
1
0.999999
1
1
1
1
1
1
1
1.00001
1
1
1
1
1
1
1
1
1
1
1
1
1
1
0.999995
1
0.999992
1
1
1
1
1
1
1
1
1
1
1
1.00002
1
1
1
0.999992
1
1
1
0.999999
1
1
1
1
0.99999
0.999995
1
1
1
1
1
1
1
1
1
1
1
1
1
1.00002
1
1
0.999963
1
1
1
0.999996
1
1
1
1
1
1
1
1
1
1
1
1
1
1
1
1
1
1
1
1
1
1
1
1
1
1
1
1
1
1
1
1
1
1
1
1
1
1.00003
1
0.999986
1
1
1.00003
1
0.999922
1
0.999975
1
0.999997
1
1
1
1
1
1
1
1
1
1
1
1
1
1
1
1
1
1
1
1
1
0.999997
1
1
1.00001
1
1
1
0.999997
1
1
1
1
1
1
1
0.999998
1
1
1
1
1
1
0.999978
1
1
0.999998
1
1
1
1.00005
1
1
1
1
1
0.999998
1
1
1
1
1
1
1.00005
0.999915
1
1
1
0.999999
1
1
0.999987
1
1
1
1.00001
1
1
1
1
1
1.00001
1
1
1.00003
1
1
1
1
1
1
0.999888
1
1
1
1
1
1
1
1
0.999994
1
1
1
1
1
1
1.00001
0.999998
1
1
1
1
1
1
1
1
1
1
1
1
1
1
1
1
1
0.999996
1
1
1
1
1
1
1
1
1
0.99995
1
1
1
0.999905
1
1
1
1
0.99999
0.999999
0.999999
1
1
1
1
1
1
1
1
1
1
1
1
1
1
1
1
1
1
1
1
1
1
1
1
0.999856
1.00001
1
1
1
1
0.999999
1
1
1
1.00005
0.999966
0.999954
1
1
1
1
1
1
1
1
1
1
1
1
1
1
1
0.999972
1
1
1
1
1
1
0.999982
1
1
1
1
1
1.00003
1
1
1
1
1
1
1
1
1
1
1
1
1
0.999923
1
1
1
1
1
1
1
1
1.00001
1
1
1
0.999989
1
1
1
0.999997
1
1
1
1
1
1.00005
1
1
1
1
1
0.999988
1
1
1
1
1
1
1.00001
1
1
1
1
0.999996
1
1
1
1
1
1
1
1
1
1
1
1
1
1
1
1
1
1
1
1
1
1
1
1
1
1
1
1
1
0.999998
1
1
1
1
1
1
0.999999
1
1
1
1
1
1
1.00002
1
1
1
1
0.999997
1
0.999999
1
1
1
1
1
1
1
1
1
1
1
1
1
1
1
1
1
1
1
1.00001
1
1
1.00001
1
0.999857
1
1.00003
1.00002
1
0.999985
1
1
1
1
1
1
1
1
1
0.999997
1
1
1
1
1
1
1
1
1
1
1
1
1
1
1
0.999998
1
1
1
1
1
1
1
1
1
0.999987
1
1
1
1
1
0.999932
1
1
1
1
1
1
1
1
1
1
1
1
1
1
1
1
1
1
1
1
1
1
1
1
1
1
1
1
1
0.999993
1
1
1
1
0.999961
1
1
1
1
1
1
1
1
1
1
1
1
1.00001
1
1
1
1
1
1
1
1
1
1
1
1
1
1
1
1
1
1
1
1
1
1
1
1
1
1
1
1
1
1
1
1
1
1
1
1
1
1
1
1
1
1
0.999927
1
1
1
1
1
1
1
1
1
1
0.999764
1
1
1
1
1
1
1
1
1
0.999965
1
0.999862
1
1
1
1
1
1
1
1
1
1
1
1
1
1
1
1
1
1
1
1
1
1
1
1
1
1
1
1
1
1
1
0.99998
1
1
1
1
1
1
1
1
1
1
1
1
1
1
1
1
1
1
0.999998
1
0.999971
1
1
1
1
1
0.999998
1
1
1
1
1
1
1
1
1
1
1
1
1
1
1
1
1
1
1
1
0.999996
1
1
1
1
1
1
1
1
1
1
1
1
1
0.999999
1
1
1
1
1
1
1
1
1
1
1
1
1
1
1
1
1
1
1
1
1
1
1
1
1
0.999996
1
1
1
1
1
1
1
0.999999
1
0.999999
0.999991
1
1
1
1
1
1
1
1
1
1
1
1
1
1
1
1
1
0.999997
1
1
1
1
1
0.999996
1
1
1
1
1
1
1
1
1
1
1
1
1
1
1
1
1
1
1
1
1
0.999988
1
1
1
1
1
1
1
1
1
1
1
0.999888
1
1
1
1
1
1
1
1
1
0.999973
1
1
0.999984
1
1
1
1
1
1
1
1
1
1
1
1
1
1
1
1
1
1
1
1
1
1
1
1.00001
1
1
1
1
0.998815
1
1
1
1
1
1
1
1
1
1.00001
1
1
1
1
1
1
1
1
1
1
1
1
1
1
1
1
1
1
1
1
0.999942
1
1
1.00003
1
1
1
1
1
1
1
1
1
1
1
1
1
1
1
1
0.99999
0.99965
1
1
1
1
1
0.99997
1
0.999998
0.999997
1
1
1
1
1
1
1
1
1
1
1
1
1
0.99963
1
1
1
1
1
1
1
1
0.999999
1
1
1
1
1
1
1
1
0.999998
1
1
1
1
1
0.999982
1
1
1
1
1
1
1
0.999997
1
1
1
1
1
1
1
1
1
1
1
1
1
1
1
1
1
0.999984
1
1
1
1
1
1
0.999998
1
1
0.999896
1
1
1
1
1
1
1
1
1
1
1
1
1
1
1
1
1
1
1
1
1
1
1
1
1
0.999965
1
1
1
0.999997
1
1
1
1
1
1
1
1
1
1
1
1
1
1
0.999997
0.999996
1
1
1
0.999954
1
1
1
1
1
1
0.999915
1
1
1
1
1
1
1
1
1
1
1
1
0.999893
1
1
1
1
1
1
1
1
1
1.00002
1
1
1
1
1
1
1
1
1
1
1
1
1
1
1
1
1
1
1
1
1
1
1
1
1
1
0.99996
1
1
1
1
1
1
1
1
1
1
1
0.999988
1
1
1
1
1
1
0.999999
1
1
1.00004
1
1
1
1
1
1
1
1
1
1
1
1
1
1
1
1
1
1
1
1
1
1
1
1
0.999999
0.999998
0.999989
1
1
1
1
1
1
1
1.00038
1
1
1
1
1
1
1
1
1
1
1
1
1
1
1
1
1
1
1
1
1
1
1
1
1
1
1
1
1
1
1
1
1
1
1
1
1
1
1
1
1
1
1
1
1
1
1
0.999986
1
1
1
1
0.999975
1
1
1
0.999821
1
1
1
1
1
1
1
1
1
1
1
1
1
1
1
1
1
1
1
1
1
1
1
1
1
1
1
1
1
1
1
1
1
1
1
1
1
1
1
1
1
1
1
1
1
1
1
1
1
1
1
1
1
1
1
1
1
1
1
1
1
1
1
1
1
1
1
1
1
1
1
1
1
1
1
0.999999
1
1
1
1
1
1
1
1
1
1
1
1
1
1
1
1
1
1
1
1
1
1
1
1
1
1
1
1
1
1
1
1
1
1
1
1
1
1
1
1
1
1
1
1
1
1
1
1
1
1
1
1
1
1
1
1
1
1
1
1
1
1
1
1
1
1
1
1
1
1
1
1
1
1
1
1
1
1
1
1
1
1
1
1
1
1
1
1
1
1
1
1
1
1
1
1
1
1
1
1
1
1
1
1
1
1
1
1
1
1
1.00001
1
1
1
1
1
1
1
0.999902
1
1
1
1
1
1
1
1
1
1
1
1
0.999999
1
1
1
1
1
1
1
1
1
1
1
1
1
1
1
1
1
1
1
1
1
1
1
1
1
1
1
1
1
1
1
1
1
1
1
1
1
1
1
1
0.999999
1
1
1
1
1
1
1
1
1
1
1
1.00004
1
1
1
1
1
1
1
1
1
1
1
1
1
1
1
1
1
1
1.00009
1.00004
1
1
1
1
1
1
1
1
1
1
1
1
1
1
1
1
0.998431
1
1
1
1
0.999999
1
0.99985
1
1
1
1
1
1
1
1
1
1
1
1
1
1
1
1
1
0.999996
1
1
1
1
1
1
1
1
1
1
1.00022
1
1
1
1
1
1
0.999992
1
1
1
1
1
1
1
1
1
1
1
1
1
0.99614
0.999997
1
1
0.999987
1
1
1
1
1
1
1
0.999877
1
1
1
1
1
1
1
1
1
1
1
1
1
1
1
0.999909
1
1
1
1
1
1
1
1
1
1
1
1
1
1
0.999948
1
1
1
1
1
1
1
1
0.999997
1
1.00002
1
1
1
1
1
1
1
1
1
1
1
1
1
1
1
0.999998
1
1
1
0.999883
1
1
1
1
1
1
1.00001
1
1
1
1
1
1
1
1
1
1
1
1.00016
1
1
1
1
1
1
1
1
1
1
1
1
1
1
1
1
1
1
1
1
1
1
1
1
1
1
1
1
1
1
1
1
1
1
1
1
1
1
1
1
1
1
0.999966
1
1
1
1
1
0.999992
1
0.999998
1
1
0.999987
1
1
1
1
1
1
1
1
1
1
1
1
1
1
1
1
1
1
0.999965
1
1
0.999997
1
1
1
1
0.999988
0.999998
1
1
1
1
0.999977
1
1
1
1
1
1
1
0.999984
1
1
1
1
1
1
1
1
1
1
1
1
1
1
1
1
1
1
1
0.999998
1
1
1
1
1
1
1
1
1
1.00002
1
1
1
1
1
1
1
1
1
1
1
1
1
1
1
1
1
1
1
1
1
1
1
1
1
1
1
1
1
1
1
1
1
1
1
1
1
1
1
1
1
1
1
1.00001
0.999997
1
0.999997
1
1
1
1
1
1
1
1
1
1
1
1
1
1
1
1
1
1
1
1
1
1
1
1
0.999999
0.999921
1
1
1
1
1
1
1
1
1
1
1
1
1
1
1
1
1
1
1
0.999999
1
1
1
1
0.999999
1
1
1
1
1
1
0.999999
1
1
1
1
1
1
1
1
1
1
1
1
1
1
1
0.999958
1
1
1
1
1
1
1
0.999994
1
1
1
1
1
1
1
1
1
0.999982
1
1
1
1
1
1
1
1
1
0.999969
1
1
1
1
0.999996
1
1
1
1
1
1
1
1
1
1
1
1
1
0.999992
1
1
1
1
1
1
1
1
1
1
1
1
1
1
1
1
1
1
1
1
1
0.999834
1
1
1
1
1
0.999996
1
1
1
1
1
1
1
0.999488
1
1
1
1
1
1
1
1
1
1
1
1
1
1
1
1
1
1
1
1
1
1
1
1
1
1
1
1
1
1
1
1
1
1
1
1
1
1
1
1
1
1
1
1
1
1
0.999442
1
1
1.00066
1
1
1
1
1
1
1
1
1
1
1
1
1
1
1
1
1
1
1
1
1
1
1
1
1
1
1
1
1
1
1
1
1
1
1
1
1
1
1
1
1
1
1
1
1
1
1
1
1
1
1
1
1
1
1
1
1
1
1
1
1
1
1
1
1
1
1
1
1
1
0.997939
1
1
1
1
1
1
1.00001
1
1
0.999999
1
1
1
1
1
1
1
1
1
1
1
1
1
1
1
1
0.994171
1.00001
1
1
1
1
1
1
1
1
1
1
1
1
1
1
1
1
1
1
1
1
1
1
1
1
1
1
1
1
0.99596
1
1
1
1
1
1
1
1
1
1
1
1
1
0.998906
1
1
1
1
1
1
1
1
1
1
1
0.999968
1
1
1
1
1
1
1.00005
1
1
1
1
1
1
1
1
1
1
1
1
1
1
1
1
1
1
1
1
1
1
1
1
1
1
1
1
1
1
1
1
1
1
1
1
1
1
1
1
1
1
1
1
1
1
1
1
1
1
1
1
1
0.99998
1
1
1
1
1
1
1
1
1
1
1
1
1
1
1
1
1
1
1
1
1
1
1
1
1
1
1
1
1
1
1
1
1
1
1
1
1
1
1
1
1
1
1
1
1
1
1
1
1
1
1
1
1
1
1
1
1
1
1
1
1
0.999999
1
0.999998
1
1
1
1
1
1
1
1
0.999689
1.00007
1
1
1
1
1
1
1
1
1
1
1
1
1
1.00001
1
1
1
1
1.00001
1
1
1
1
1
1
1
1
1
1
1
1
1
1
1
1
1
1
1
1
1
1
1
1.00001
1
1
0.99999
1
1
1
1
1
1
1
1
0.999997
1
1
1
1
1
1
1
1
1
1
1
1
1
1
1
1
1
1
1
1
1
1
1
1
1
1
1
1
1
1
1
0.999999
1
1
1
1
1
1
1
1
1
1
1
1
1
1
1
1
1
1
1
1
0.999998
1
1
1
1
1
1
1
1
1
1
1
1
1
1
1
1
0.999999
1
1
1
1
1
1
1
1
1
1
1
1
1
1
1
1
1
1
1
1.00001
1
1
1
1
1
1
0.999984
1
1
1
1
1
1
1
1
1
1
1
1
1
1
1
1
1
1
1
1
1
1
1
1
1.00001
1
1
1.00013
1
1
1
1
1
1
1
1
1
1
1
1
1
1
1
1
1
1
1
1
1
1
1
1
1
1
1
1
1
1
1
1
1
1
1
1
1
1
1
1
1
1
1
1
1
0.99999
1
1
1
1
1
1
1
1
1
1
1
1
1
1
1
1
0.999999
1
1
1.00003
1
1
1
1
1
1
1
0.999997
1
1
1
1
1
1
1
1
1
1
1
1
1
1
1
1
1
1
1
1
1
1
1
1
1
1
1
1
1
1
0.999754
1
1
1
1
1
1
1
1
1
1
1
1
1
1
1
1
1
1
1
1
1
1
1
1
1
1
1
1
1
1.00002
1
1
1
1
1
1
1
1
1
1
1
1
1
0.999615
1
1
1
1
1
1
1
1
1
1
1
1
1
1
1
1
1
1
1
0.999999
1
1
1
1
1
1
1
1
1
1
1
1
1
1
1
1
1
1
1
1
1
1
1
1
1
1
1
1
1
1
1
1
1
1
1
1
1
0.999977
1
1
1
1
1
1
1
1
1
1
1
1
1
1
1
1
1
1
1
1
1
1
1
1
1
1.00013
1
1
1
1
1
1
1
1
1
1
1
1
1
1
1
1.00005
1
1
1
1
1
1.00044
1
1
1
1
1
1
1
1
1
1
1
1
0.999995
1
1
1
1
1
1
1
1
1
1
1
1
1
0.999684
1
0.996874
1
1
1
1
1
1
1
1
1
1
1
1
1
1
1
1
1
1
1
1
1
1
1
1
1
1
1
1
1
0.999954
1
1
1
1
1
1
1
1
1
1
1
1
1
1
1
1
1
1
1
1
1
1
1
1
1
1
1
1
1
0.99994
1
1
1
1
1
1.00001
1
1
1
1
1
1
1
1
1.00002
1
1
1
1
1
1
1
1
1
1
1
1
0.999968
1
1
1
1
1
1
1
1
1
1
1
1
1
1
1
1
1
1.00015
1
0.999947
0.999989
1
1
1
1
1
1
1
1
1
1
1
1
1.00003
1
1
1
1
1
1
1
1.00004
1
1
1
1
0.995076
1
1
0.994605
1
1
1
1
1
1
1
1
1
1
1
1
1
1
1
1
1
1
1
1
1
1
1
1
1
1
1
0.999996
0.999952
1
1
0.997658
1
1
1
1
1
1
1
1
1
1
1
0.999994
1
1
1
1
1
1
1
1
1
1
0.998195
1
1
1
1
0.99993
1
0.999777
1
1
1
1
1
0.999971
1
1
1
1
1
1
1
1
1
1
1
1
1
1
0.996004
1
1
1
1
1
1
1
1
1
1
1
1
1
1
0.994527
1
0.999995
1
0.999761
1
0.999943
1
1
1
1
1
1.00009
1
1.00011
1
1
1
0.998918
1
1
1
1
1
1.00003
1
1.00001
1
1
1
1
1
1
1
1
1
1
1
1
1
1
1
1
1
1
1.00004
1
1
1
1
1.00001
0.999371
1
1
1
1
1
1
1
1
1
1
1.00001
1
1
1
1
1
0.999999
1
1
1
1
1
1
1
1
1
1
1
1
1
1
1
1
1
0.999992
0.999992
1
1
1
1
1
1
1.00002
0.999996
1
1
1
1
1
1
1
1
1
1
1
1
1
1
0.999996
1
1
1
1
1.00001
1
1
1
1
1
1
1
1
1
1
1
1
1
1
1
1
1
1
1
1
1
1.00002
1
1
1
1
1
1
1
1
1
1
1
0.999923
0.999774
1
1
1
1
1
1
1
1
1
1
1
1
1
1
0.998844
0.999875
1
1
1
1
1
1
1
1
1
1
1
1
1
1
0.999704
1
1
1
1
1
1
1
0.998288
1
1
0.999998
1.00002
0.999959
1
1
1
1
1
1
1
1
1
1
0.999928
1
1
1
1
1
1
1
0.999993
1
1
1
0.999996
1.00001
1
0.99991
1
1
1
1
1
1
1
1
1
1
1
1
1
1
1
1
1
1
1
1
1
1
1
1
1
1
1
1
1
1
1
1.00003
1
0.997759
1
1
1
1
1
1
1
1
1
0.999999
1
1
1
1
1
1
1
1
1
1.00002
1
1
1
0.999706
1
1
1
1
1
1
1
1
1
1
0.999996
0.999999
0.999998
1
1
1
1
1
1
1
1
1
1
1
1
1
1
0.999984
1
1
1
1
1
1
1
1
1
0.999988
1
1
1
1
1
1
1
1
1
1
1
1
1
0.999919
1
1
1
1
1
1
1
1
1
1
1
1
1
1
1
1
1
1
1
1
1
0.999969
1
1
1
1
1
1
1
1
1
1
1
1
1
1
1
1
1
1
1
1
1
1
1
1
1
1
1
0.999995
1
1
0.997793
1
1
1
1
1
1
1
1
1
1
1
1
0.998358
1
1
1
1
1
1
1
1
1
1
1
1
1
1
1.00035
1
1
1
1
1
0.999998
1
1
1
1
1
1
1
1
1
1
1
1
1
1
1
1
1
1
1
1
1
0.998564
0.999068
1
1
1.00029
1
1
1
1
1
1
1
1
1
1
1
1
1
0.995187
1
1
0.999999
1
1
1
1
1
1
1
1
1
1
1
1
1
1
1
1
1
1
1
1
1
1
1
1
1
1
1
1
1
1
1
1
1
1
1
1
1
1
1
1.00003
1
1
1
1
1
1
1
1
1
1
1
1
1
1
1
1
1
1
1
1
1
1
1
1
1
1
0.999809
1
1
1
1
1
1
1
1
1
1
1
1
1
1
1
1
1
1
1
1
1
1
1
1
1
1
1
1
1
1
1
1
1
1
1
1
1
1
1
1
1
1
1
1
1
1
1
1
1
1
1
1
1
1
1
1
1
1
1
1
0.999924
1
1
1
1
1
1
1
1
1.00018
1
1
1
1
1
1
1
1
1
1
1
1
1
1
1
1
1
1
1
1
1
1
1
1
0.999981
1
1
1
1.00002
1
1
1
1
1
1
0.999999
1
1
1
1
1
1
1
1
1
1
1
1
0.999909
1
1
1
1
1
1
1
1
1
1
1
1
1
1
1
0.99991
1
1
1
1
1
1
1
1
1
1
1
1
1
1
1
1
1
1
1
1
1
1
1
1
1
1
1
1
1
1
1
1
1
1
1
1
1
1
1
1
1
1
1
1
0.99985
1
1
1
1
1
1
1
1
1
1
1
1
1
1
1
1
1
1
1
1
1
1
1
1
1
1
1
1
1
1
1
1
1
1
1
1
1
1
1
1
1
1
1
1
0.999994
1
1
1
1
1.00005
1
1
1
1
1
1
1
1
1
1
1
1
1
1
1
1
1
1
1
1
1
1.00048
1
1
1
1
1
0.996418
1
0.999999
1
1
1
1
1
1
1
1
1
1
1
1
1
1
1
1
1
1
1
1
1
1
1
1
1
1
1
1
1
1
1
1
0.996927
1
1
1
1
1
1
1
1
1
1
1
1
0.999292
1
1
1
1
1
1
1
1
1
1
1
1
1
1
1
1
1
1
1
1
1
1.00001
1
0.99999
1
1
1
1
1
0.998665
1
1
1
1
1
1
1
1
1
1
1
1
1
1
1
1
1
1
1
1.00001
1
1
1
1
1
1
1
1
1
1
1
1
1
1
1
1
1
1
1
1
1
1
1.0003
0.999999
1
1
0.999975
1
1
1
1
1
1
1
1
1
1
1
1
1
1
1
1
1
1
1
1
1
1
1.00024
1
0.99992
1
1
1
1
1
1
1
0.999992
1
1
1
1
1
1
1
1
1
1
1
1
1
1
1
1
1
1
1
1
1
1
1
1
1
1
1
1
1
0.999894
1
1
1
1
1
1
1
1
1
1
1
1
1
1
1
1
1
1
1
1
1
1
1
0.999975
1
1
1
1
1
1
1
1
1
1
0.998873
1
1
1
1
1
1
1
1
1
1
1
1
1
1
1
1
1
1
1
1
1
1
1
1
1
1
1
1.00023
1
1
1
1
1
1
1
1
1
1
1
1
1
1
1
1
1
1
1
1
1
1
1
1
1
1
1
1
1
0.999988
1.00038
1
1
1
1
1
1
1
1.00005
0.99994
1
1
1
0.99999
1
1
1
1
1
1
1
1
1
1
1
1
1
1
1
1
1
1
1
1
1
1
1
1
1
1
1
1
1
1
1
1
1
0.999486
1
0.999999
1
1
1
1
1
1
0.999993
1
1
1
1
1
1
1
1
1
1
1
1
1
1
1
1
1
1
0.999958
1
1
1
1
1
0.999653
1
1
1
1
1
1
1
1
1
1
1
1
0.999836
1
0.999997
1
1
1
0.999979
1
1
1
1
1
1
1
0.999954
1
1
1
1
1.00001
1
1
1
1
0.9988
1
1
1
1
1
1
1
1
1
1
1
1
1
0.99986
1
1
1.00001
0.999999
1
1
1
1
1
1
1
1
0.999989
1
1
1
1
1
1
1
1
1
1
1
0.999999
1
1
0.999843
1
1
1
1
1.00001
1
1
0.999913
1
1
0.999993
1
1
1.00002
1
1
1
1
1
1
1
1
1
1
1
1
1
1
1
1
1
1
1
1
1.00001
0.999999
0.999999
1
1
1
1
1
0.999393
1
1
1
1
1
1
1
0.999994
1
1
1
1
1
1
1
1.00012
1
1
1
1
0.999853
1
0.999698
1
1
1
1
1
1
1
1
1
1
1
1
1
1
1
1
1
1
1
1
1
1
0.99996
1
1
1
1
1
1
1
1
1
1
1
1
1
1
1
1
0.999159
1
0.999918
1
1
1
1
1
1
1
1
1
0.999888
1
1
1
1
1
1
1
1
0.999999
1
1
1
1
1
1
1
1.00001
1
0.999882
1
1
1
1
1
1
1
0.999876
1
0.99998
1
1
1
1
1
1
1
1
1
1
1
1
1
1
1
1
1
1
1
1
1
1
1
1
1
1
0.999998
1
0.99964
1
1
1
1
1
1
1
1
1
1
1
1
1
1
1
1
1
1
1
1
1
1
1
1
1
1
0.999999
1
1
1
1
1
1
0.999934
1
1
1
1
1
1
1
1
1
1
1
1
1
1
1
1
1
0.999875
0.999976
1
1
1
1
1
1
1
1
1
1
1
1
1
1
1
1
1
1
1
1
1
1
1
1
1.00004
1
1
1
1
1
1
0.999998
1
1
1
1
1
1
1
1
1
1
1
1
1
1
1
1
0.992158
1
0.999698
0.999985
1
1
0.999986
1
1
1
1
0.997584
1
1
1
1
1
1
1
1
1
1
1
1
1
1
1
1
0.999994
1
1.00001
1
1
1
1
1
1
1
1
1
1
1
1
1
1
1
1
1
0.999872
1
1
1
1
1
1
1
1
1
1
1
1
1
1
1
1
1
1
1
1
0.999963
1
1
1
1.00004
1
0.999995
1
1
1
0.999975
1
1
1
1
1
1
1
1
1
1
1
0.999842
1
1
1
1
0.999923
1
1
1
1
1
1
1
1
1
1
1
1
1
1
1
1
1
1
1
1
1
1
1
1
1
1
1
1
1
1
1
1
1
1
1
1
1
1
1
1
0.999995
1
1
1
1
1
0.99997
1
1
1
1
1
1
1
1
1.00004
1
1
1
1
1
1
1
1
1
1
1
1
1
1.00012
1
1
1
1
1
1
1
1
1
1
1
1
1
1
1
1
0.999936
1
0.999999
1
1
1
1
1
1
1
1
1
1
1
1
1
1
1
1
1
1
1
1
1
1
0.999955
1
1
1
1
1
0.999988
1
1
1
1.00001
1
0.999801
1
1
1
1
1
1
1
1
1
1
1
1
1
1
1
1
1
1.00002
1
1
1
1
1
1
1
0.999999
1
1
1
1
1
1
0.994286
1
1
1
1
1
1
1
1
1
1
1
1
1
1.00029
1
1
1
1
1
1
1
1
1
1
1
1
1
1
1
1
1
1
1
1
1
1
1
1
1
1
1
1
1
1
1
0.999996
0.998995
1
1
0.999285
1
0.999948
1
1.00002
1
1
1
1
1
1
1
1
1
1
1
0.999928
1
1
1
1
1
1
1
1
1
1
1
1
0.999999
1
1
0.999793
1
1
1
0.999157
1
1
1
0.999931
1
1
1
0.997386
1
1
1
1
1
1
1
1
1
1
1
1
0.999999
0.999856
1
1
0.999894
1
1
1
0.99999
1
1
1
1
1
1
1
1
0.999598
1
1
1
1
0.999834
1
0.999999
1
1
1
0.999402
1
1
1
1
1
1
1
1
1
1
0.999814
1
1
1
0.999989
1
0.999903
1
1
1.00005
1
1
1
1
1
1
1
1
1
1
1
0.998107
1
1
1
1
1
1
1
1
1
0.99605
1
1
1
1
1
1
1
1.00001
1
1
1
1
1
1
0.993974
1
1
1
1
1
1
1
1
0.99416
1
1
1
1
1
0.999941
1
1
1
1
1
1
1
1.00001
1
1
1
1
0.999922
1
1
1
1
1
1
1
1
1
0.99995
1
1
1
1
1
1
1
1
1
1
1
1
1
1
1
1
1
1
1
1
0.999991
1
1
1
1
1
0.999987
1
1
1
1
1
1
1
1
1
1
1
1
1
1
1
1
1
1
1
1
1
1
1
1
1
1
1
1
1
1
1
1
1
1
1
1
1
1
1
0.999993
1
1
1
1
1
1
1
1
1
1
1
1
1
1
1
1
1
0.999999
1
1
1
1
1
1
0.999999
1
1
1
1
1
1
1
1
1
1
1
1
1
0.999999
1
1
1
1
1
1
1
1
1
1
1
1
1
1
1
1
1
1
1
1
1
1
1
1
1
1
1
1
1
0.999941
1
1
1
1
1
1
1
1
1
1
1
1
0.999879
1
1
1
1
1
1
1
1
1
1
1
1
1
1
1
1
1
1
1
1
1
1
1
1
1
1
1
1
1
1
1
1
1
1
0.999999
1
1
0.997339
1
1
1
1
1
1
1
1
1
1
1
1
1
1
1
1
1
1
1
1
1
1
0.995287
1
0.999999
1
1
1
1
1
0.999971
1
1
1
1
1
1
1
1
1
1
1
0.999999
1
1
0.997348
1
1
1
1
1
1
1.00002
1
1
1
1
0.999975
1
1
1
1
1
1
1
0.999999
1
1
1
1
1
1
1
1
0.999999
0.999994
1
1
1
1
1
1
1
1
1
1
1
1
1
1
1
1
1
1
1
1
1
1
1
1
1
1
1
1.00021
1
1
1
1
1
1
1
1
1
1
1
1
1
1
1
1
1
1
1
1
1
1
1
1
1
1
1
1
1
1
1
1
0.999949
1
0.999992
1
1
1
1
1
1
1
0.999999
1
1
1
1
1
1
1
1
1
0.999999
1
1
1
1
1
0.999537
1
1
1
1
1
1
1
1
1.00035
1
1
1
1
1.00023
1
1
1
1
1
1
1
1
1
1
1
1
0.995543
1
1
0.999979
1
1
1
1
1
1
1
1.00003
1
1
1
1
1
1
0.999998
1
1
1
0.999769
1
1
1
1
1
1
1
1
1
1
1
1
1
1
0.993445
1
0.999993
1
1
1
0.999988
1
1
1.00075
1
1
1
1
1
1
1
1
1
1
1
1
1
1
1
1
1
1
0.999948
1
1
1
1
1
1
1
1
1
1
1
1
1
1
1
1
1
1
1
1
1
1
1
1
0.999808
1
1
1
1
1
1
1
1
1
1
1
1
1
1
1
1
1
1
1
1
1
1
1
1
1
0.999872
1
0.996609
1
1
1.00032
1
1
1
1
1
1
1
1
1
1
1
1
1
1
1
1
1
0.999696
1
1
1
1.00062
1
1
1
1
0.999999
1
1
1
1
1
1
1
1
1
1
1.00002
0.99984
1
1
1
1
1
1
1
1
1
1
1
1
1
1
1
1
1
1
1
1
1
1
1
1
1
1
1
1
1
1
1
1
1
1
1
1
1
1
0.999992
1
1
1
1
1
0.999995
1
1
1
1
1
1
1
1
1
0.999874
1
1
1
1
1
1
1
1
1
1
1
1
1
0.999996
1
1
1
1
1
1
1
1
1
1
1
1
1
1
1
0.999999
1
1
1
1.00007
1
1
1
1
1
1
0.999999
1
1
1
1
1
1
1
1
1
1
1
1
1
1
1
1
1
1
1
1
1
1
1
1
1
1
1
1
1
1
1
1
1
1
1
1
1
1
1
1
1
1.00003
1
1
1
1
0.999917
1
1
1
1
1
1
1.00004
1
1
1.00001
1
1
1
1
1
1
1
1
1
1
1
1
1
1
1
1
1
1
1
1
1
1
1
1
1
1
1
1
1
1
1
1
1
1
1
1
1
0.999951
1
1
1
1
1
1
1
1
0.999923
1
1
1
1
1
1
1
1
1
1
1
1
1
1
0.999789
1
1
1
1
1.00001
1
0.999902
1
1
1
1
1
1
1
1
0.999967
1
1
1
1
1
1
1
1
1
1
1
1
1
1
1
0.99926
1
1
1.00001
1
1
1
1
1
1
1
1
1
1
1
0.999998
1
1
1
1
1
1
1
1
1
1
1
1
1
1
1
1.00003
1
1
1
1
1
1
1.00002
1
1
1
1
1
1
1
1
1
1
1
0.999906
1
1
1.00001
1
0.999998
1
1
1
1
1
1
1
1
1
1
1
1
1
1
1
1
1
0.999848
1.00001
1
1
0.999923
1
1
1
1
1.00001
1
1
1
1
1
1
1
1
0.999979
1
1
1
1
1
1
1
1
1
1
1
1
1
1
1
1
1.00047
1
1
1
1
1
1
1
1
1
1
1
1
1
1
1
1
1
1
0.999996
0.999945
1
1
0.999994
1
1
1
1
1
1
1
1
1
1
1
1
1
1.00027
1
1
1.00002
1
0.999991
1
1
1
1
1
1
1
0.999998
1
1
0.999884
1
1
1
1
1
0.999978
1
1
1
1
1
1.00001
1
1
0.999999
1.00005
1
1
1
1
1
1
1
1
0.999994
1
1
1
1
1
0.999999
1
1
1
1
1
1
1
1.00003
1
0.999902
1
1
1
1
1
1
1
1
1
1
1
1
0.999983
1
1
1
1
1
1
1
1
1
1
1
1
0.999997
1
1
1
1
1
1
1
1
1
1
1
1
1
1
1
1
1
0.999997
1
1
1
1
1
1
0.99999
1
1
1
1
1
1
1
1
0.99994
1
1
1.00001
1.00001
1
1
1
1
1
1
1
1.00001
1
1
1
1
1
1
1
1
1
1
1
1
1
1
1
1
1
1
1
1
1
1
1
1
1
1
1
1
1
0.999859
0.999208
1
1
0.999971
1
0.999951
0.999977
0.999965
1
1
1
1
0.999988
1
1
1
1
1
1
1
0.99996
1
1
1
1
1
1
1
1
1
0.999991
1
1
1
0.999984
1
1
1
1
1
1
1
1
1
1.00001
1
1
1
1.00104
0.999999
1
1
1
1.00003
0.999911
1
0.999998
1
1
1
1
1.0001
1
1
1
1
1
1.00107
1
1
1
1
1
1
1
1
1
1
1
1
1
1
1
1
1
1
1
0.999966
1
1
1
1
1.00001
1
1
1
1
1
1
1
1
1
1
1
1
1
1
1
1
1
1
1
1.00001
1
1
1
1
0.999973
1
1
1
1
1
1
1
1
1
1
0.999981
1
1
1
1
1
1
1
1
1
1
1
1
1
1
1
1
1
1
1
1
1
1
1
0.999995
1
1
1
1
0.999993
1
1
0.999999
1
1
1
1
1
1
1.00001
1
1
1
1
1
1
1
1
1
1
1
1
1
1
1
1
1
1
1
1
1
1
1
1
1
1
1
1
1
1
1
1
1
1
1
1
1
1
1
1
0.999999
1
0.999869
1
1
1
0.999998
1
1
1
1
1
1
1
1.00003
1
1
0.999998
1
1
1
1
1
1.00009
1
1
1
1
1
1
0.999942
1
1
1
1
1.00001
1.00001
1
1
1
1
1
0.999984
1
1
1
1
1
1
1
1
1
1.00001
1
1
1
1
1
1
1
1
1
1
1
1
1
1
1
1
1
1
1
1
1
1
1
1
1
1
1
1
1
1.0003
1
1
0.999995
1
1
0.999999
1
1
1
1
1
1
1.00001
1
1
1
1
1
1
1
1
1
1
1
1
0.999555
1
1
1
1
1
1
1
1
1
1
1
1
1
1
0.999881
1
1
1
1
1
1
1
0.999895
1
1
1
1
0.999999
1
1
1
1
1
1
1
1
1
1
1
1
1
1
1
1
1
1
1
1
1
1
1
1.00001
0.999908
1
0.999999
1
1
1
1
1
1
1.00002
1
0.999857
1
1.00001
1
1
1
1
0.999999
1
1
1
1
1
1
1
1
1
1
1
1
1
1
1.00001
1
0.999987
1
0.999993
1
1
1
1
1
1
1
1
1
1
1
1
1
1
1
1
1
1
1.00001
1
1
0.999983
1
1
1
1
1
1
1
1
1
1
1
1
1
1.00001
1
1
1
1
)
;

boundaryField
{
    frontback
    {
        type            empty;
    }
    topbottom
    {
        type            zeroGradient;
    }
    outlet
    {
        type            zeroGradient;
    }
    inlet
    {
        type            fixedValue;
        value           nonuniform List<scalar> 0();
    }
    walls
    {
        type            zeroGradient;
    }
    procBoundary1to0
    {
        type            processor;
        value           nonuniform List<scalar> 
104
(
1
1
1
1
1
1
1
1
1
0.999895
1
1
1
1.00011
1.0008
1
1.00001
1
1.00002
1
1
1
1
1
1
1
1
1
1
1
1
1
1
1
1.00001
1
1
1
1
1
1
1
0.997681
1
1
1
1
1
1
1
1
1
1
1
0.995548
1
1
1
1
1
1
1
1
1
1
1
1
1
1
1
1
1
1
1
1
1
1
1
1
1
1
0.996676
1
1
1
1
1
1
1
1
1
1
0.999998
1
1
1
1
1
1
1
1
1
1
1
)
;
    }
    procBoundary1to3
    {
        type            processor;
        value           nonuniform List<scalar> 
205
(
1
1
1
1
1
1
1
1
1
1
1
1
1
1
1
1
1
1
1
1
1
1
1
1
1
1
1
1
1
1
1
1
1
1
1
1
1
1
1
1
1
1
1
1
1
1
1
1
1
1
1
1
1
1
1
1
1
1
1
1
1
1
1
1
1
1
1
1
1
1
1
1
1
1
1
1
1
1
1
1
1
1
1
1
1
1
1
1
1
1
1
1
1
1
1
1
1
1
1
1
1
1
1
1
1
1
1
1
1
1
1
1
1
1
1
1
1
1
1
1
1
1
1
1
1
1
1
1
1
1
1
1
1
1
1
1
1
1
1
1
1
1
1
1
1
1
1
1
1
1
1
1
1
1
1
1
1
1
1
1
1
1
1
1
1
1
1
1
1
1
1
1
1
1
1
1
1
1
1
1
1
1
1
1
1
1
1
1
1
1
1
1
1
1
1
1
1
1
1
1
1
1
1
1
1
)
;
    }
}


// ************************************************************************* //
