/*--------------------------------*- C++ -*----------------------------------*\
| =========                 |                                                 |
| \\      /  F ield         | OpenFOAM: The Open Source CFD Toolbox           |
|  \\    /   O peration     | Version:  v2012                                 |
|   \\  /    A nd           | Website:  www.openfoam.com                      |
|    \\/     M anipulation  |                                                 |
\*---------------------------------------------------------------------------*/
FoamFile
{
    version     2.0;
    format      ascii;
    class       labelList;
    location    "constant/polyMesh";
    object      cellProcAddressing;
}
// * * * * * * * * * * * * * * * * * * * * * * * * * * * * * * * * * * * * * //


14033
(
5
20
32
34
38
39
44
46
49
50
55
60
61
74
75
86
89
91
93
95
97
100
101
103
104
105
107
110
123
128
130
131
142
162
167
168
176
178
179
180
181
183
184
185
194
197
200
201
204
210
211
212
213
219
222
225
227
228
233
239
242
245
248
254
256
258
259
260
265
267
274
279
290
296
297
300
303
305
313
316
318
321
322
329
330
332
334
339
346
349
351
353
355
359
371
385
386
398
399
400
404
407
409
413
414
420
425
427
431
437
441
443
446
447
464
467
470
475
477
478
479
488
490
493
495
500
502
505
510
512
514
518
534
537
538
539
543
544
548
549
552
555
560
562
563
566
567
568
588
599
600
602
604
611
613
617
623
627
629
632
633
635
636
638
644
649
650
658
665
667
669
673
675
676
688
689
693
702
706
710
711
718
719
720
728
730
732
740
744
747
748
753
758
762
763
767
769
771
773
774
778
780
786
792
795
797
806
807
808
810
813
816
817
821
822
830
831
833
837
839
847
851
855
856
857
858
863
865
871
880
883
900
906
907
909
911
913
919
930
935
954
961
963
966
968
972
974
980
982
984
986
987
988
992
993
996
997
1002
1005
1009
1012
1018
1022
1023
1027
1035
1038
1039
1042
1046
1047
1050
1052
1054
1056
1067
1072
1076
1077
1079
1083
1084
1085
1087
1088
1092
1095
1096
1098
1100
1105
1106
1109
1113
1119
1123
1127
1133
1135
1138
1144
1145
1146
1152
1158
1159
1161
1164
1167
1169
1172
1177
1178
1181
1185
1187
1188
1189
1198
1204
1205
1206
1222
1232
1236
1238
1239
1240
1242
1245
1249
1254
1256
1266
1268
1269
1271
1273
1283
1284
1288
1300
1301
1312
1313
1314
1315
1317
1321
1324
1329
1334
1335
1337
1343
1347
1360
1367
1368
1376
1381
1382
1383
1384
1386
1387
1389
1390
1391
1392
1393
1397
1400
1401
1403
1404
1405
1413
1414
1415
1418
1420
1423
1424
1428
1429
1432
1440
1442
1448
1455
1456
1457
1460
1463
1466
1467
1471
1474
1475
1484
1485
1489
1492
1493
1495
1510
1514
1515
1516
1518
1520
1521
1523
1532
1533
1535
1537
1539
1540
1542
1543
1548
1549
1550
1552
1554
1557
1563
1564
1566
1573
1578
1579
1581
1582
1585
1588
1589
1590
1594
1595
1599
1605
1607
1608
1613
1619
1626
1629
1630
1632
1634
1635
1639
1642
1643
1645
1647
1648
1649
1650
1652
1654
1671
1672
1673
1675
1676
1678
1682
1688
1691
1696
1698
1699
1704
1710
1714
1721
1722
1724
1731
1734
1738
1739
1744
1750
1752
1753
1758
1762
1765
1772
1774
1775
1784
1785
1787
1794
1800
1813
1815
1816
1817
1835
1838
1841
1850
1855
1856
1864
1865
1866
1877
1881
1884
1885
1887
1892
1894
1898
1902
1903
1904
1907
1910
1916
1924
1928
1929
1932
1935
1936
1941
1948
1956
1961
1965
1966
1968
1972
1980
1982
1983
1989
1990
1995
2006
2007
2018
2019
2021
2022
2027
2042
2043
2044
2045
2051
2054
2056
2058
2059
2061
2063
2064
2069
2075
2091
2098
2100
2102
2115
2119
2120
2126
2137
2144
2153
2164
2166
2167
2168
2172
2175
2176
2178
2181
2182
2185
2189
2198
2204
2206
2208
2211
2215
2217
2221
2222
2232
2233
2239
2240
2244
2245
2247
2248
2250
2255
2257
2258
2268
2272
2274
2277
2280
2281
2285
2289
2295
2297
2299
2300
2305
2308
2309
2315
2317
2318
2324
2327
2334
2344
2355
2358
2360
2365
2366
2367
2370
2373
2377
2379
2382
2383
2384
2385
2386
2387
2388
2394
2397
2398
2404
2406
2408
2413
2414
2417
2418
2419
2422
2423
2427
2430
2438
2443
2449
2453
2458
2461
2466
2475
2476
2479
2481
2484
2487
2488
2490
2491
2500
2502
2505
2506
2511
2514
2516
2517
2526
2529
2533
2535
2541
2542
2543
2546
2547
2548
2549
2551
2552
2555
2556
2557
2577
2580
2583
2585
2587
2589
2590
2594
2599
2600
2602
2606
2607
2609
2613
2616
2619
2620
2621
2627
2630
2632
2633
2639
2640
2644
2647
2648
2649
2653
2654
2655
2658
2661
2664
2666
2668
2669
2670
2674
2682
2684
2687
2690
2691
2695
2696
2699
2701
2703
2705
2706
2707
2709
2711
2714
2719
2722
2725
2731
2732
2733
2741
2742
2743
2744
2754
2755
2761
2763
2765
2773
2774
2777
2778
2779
2780
2791
2797
2801
2803
2809
2814
2816
2822
2827
2829
2832
2835
2838
2839
2848
2855
2857
2858
2860
2863
2864
2865
2866
2877
2878
2879
2888
2890
2891
2892
2896
2902
2903
2904
2910
2915
2916
2929
2932
2941
2943
2951
2955
2956
2958
2964
2968
2969
2970
2973
2975
2979
2983
2987
2988
2996
2997
3002
3010
3016
3029
3032
3033
3038
3039
3042
3048
3060
3062
3075
3078
3084
3086
3089
3091
3092
3093
3096
3100
3106
3111
3112
3113
3116
3120
3130
3132
3134
3135
3136
3138
3140
3142
3144
3146
3152
3153
3155
3158
3159
3160
3168
3169
3172
3173
3174
3178
3179
3181
3182
3183
3184
3185
3190
3191
3192
3193
3203
3204
3207
3211
3214
3215
3216
3218
3220
3229
3230
3231
3232
3233
3234
3241
3245
3247
3248
3250
3262
3267
3268
3272
3273
3278
3281
3284
3286
3292
3293
3301
3306
3326
3327
3328
3331
3342
3345
3350
3368
3373
3375
3379
3387
3388
3393
3397
3403
3406
3409
3415
3420
3422
3425
3428
3438
3439
3440
3448
3449
3451
3456
3457
3458
3459
3460
3461
3462
3466
3467
3469
3470
3471
3481
3485
3491
3495
3498
3499
3500
3501
3503
3504
3514
3516
3517
3518
3519
3521
3528
3529
3535
3537
3539
3544
3563
3564
3565
3567
3579
3580
3588
3596
3597
3598
3607
3608
3609
3610
3617
3618
3620
3628
3629
3635
3646
3649
3652
3656
3659
3662
3668
3669
3674
3687
3688
3689
3691
3692
3696
3699
3702
3710
3711
3712
3719
3721
3722
3734
3737
3738
3744
3747
3748
3749
3755
3762
3765
3766
3772
3773
3776
3778
3782
3787
3792
3797
3798
3799
3804
3807
3808
3809
3810
3811
3812
3816
3817
3822
3827
3831
3836
3838
3839
3842
3847
3849
3853
3854
3856
3859
3863
3864
3867
3876
3883
3889
3890
3891
3900
3909
3911
3913
3919
3927
3928
3929
3933
3937
3938
3940
3941
3945
3947
3949
3952
3955
3961
3965
3967
3968
3974
3977
3979
3981
3983
3986
3988
3992
3999
4002
4004
4005
4009
4012
4018
4025
4027
4028
4034
4044
4046
4047
4055
4064
4065
4067
4077
4078
4080
4083
4084
4086
4089
4090
4091
4094
4095
4096
4097
4098
4101
4106
4112
4121
4123
4126
4131
4139
4156
4157
4159
4164
4169
4172
4175
4178
4189
4191
4193
4194
4195
4197
4198
4201
4207
4223
4226
4227
4229
4231
4243
4245
4252
4253
4255
4256
4263
4265
4266
4272
4274
4277
4281
4286
4288
4293
4294
4295
4301
4304
4306
4309
4313
4314
4315
4319
4322
4332
4333
4339
4342
4351
4354
4365
4367
4372
4376
4381
4386
4388
4404
4405
4411
4419
4420
4421
4422
4423
4425
4428
4432
4437
4445
4447
4456
4458
4464
4466
4467
4468
4481
4482
4484
4487
4493
4496
4497
4504
4509
4511
4512
4517
4519
4522
4529
4530
4532
4533
4535
4540
4543
4548
4550
4574
4579
4586
4593
4595
4597
4598
4605
4610
4612
4615
4617
4621
4622
4623
4626
4628
4629
4630
4644
4645
4647
4649
4653
4659
4662
4663
4664
4666
4668
4675
4676
4681
4682
4685
4688
4696
4699
4703
4705
4707
4710
4721
4730
4739
4746
4750
4751
4753
4756
4759
4768
4771
4774
4779
4781
4789
4790
4793
4797
4800
4804
4808
4811
4816
4817
4821
4822
4841
4843
4844
4852
4856
4859
4861
4862
4867
4868
4870
4872
4875
4883
4886
4889
4893
4898
4905
4909
4914
4916
4923
4928
4931
4939
4941
4944
4946
4948
4951
4954
4956
4963
4965
4970
4971
4972
4974
4975
4976
4977
4978
4980
4982
4984
4985
4986
4992
5001
5006
5016
5019
5021
5026
5027
5031
5035
5036
5039
5042
5043
5045
5052
5053
5057
5060
5065
5069
5072
5074
5078
5084
5088
5090
5095
5103
5105
5109
5114
5117
5119
5120
5126
5128
5132
5136
5138
5139
5140
5142
5144
5147
5155
5158
5161
5162
5168
5169
5171
5172
5174
5175
5179
5180
5181
5182
5184
5185
5187
5188
5193
5199
5210
5214
5215
5217
5219
5224
5228
5231
5234
5239
5241
5245
5246
5247
5248
5249
5253
5257
5263
5268
5269
5270
5271
5280
5286
5294
5303
5309
5310
5314
5315
5319
5321
5322
5334
5339
5344
5348
5349
5356
5359
5369
5377
5379
5381
5382
5389
5391
5398
5400
5401
5403
5407
5408
5411
5412
5415
5418
5424
5429
5442
5445
5452
5461
5462
5466
5470
5478
5481
5482
5489
5491
5499
5500
5501
5505
5511
5517
5521
5526
5527
5532
5536
5539
5541
5543
5552
5556
5564
5566
5568
5572
5578
5584
5586
5588
5592
5595
5596
5597
5598
5600
5607
5612
5614
5615
5617
5625
5632
5634
5642
5649
5653
5656
5659
5660
5663
5664
5666
5668
5686
5697
5700
5702
5710
5712
5716
5725
5728
5732
5733
5734
5735
5737
5738
5740
5743
5750
5755
5756
5759
5761
5766
5767
5770
5774
5778
5786
5789
5790
5791
5792
5794
5796
5798
5802
5805
5813
5817
5821
5823
5826
5830
5833
5840
5852
5854
5855
5865
5874
5877
5878
5880
5882
5885
5886
5890
5893
5896
5901
5903
5923
5924
5927
5928
5929
5930
5937
5941
5956
5960
5964
5968
5971
5974
5975
5978
5979
5980
5983
5988
5998
6002
6009
6014
6030
6034
6043
6049
6051
6053
6054
6055
6061
6063
6066
6077
6082
6084
6086
6089
6092
6095
6106
6108
6110
6117
6122
6139
6147
6150
6151
6155
6156
6163
6164
6166
6170
6173
6175
6176
6180
6195
6197
6203
6206
6207
6209
6213
6214
6216
6218
6221
6226
6236
6243
6246
6248
6249
6250
6255
6256
6257
6261
6262
6265
6272
6273
6280
6283
6289
6294
6297
6298
6299
6307
6308
6309
6312
6313
6315
6316
6317
6319
6322
6326
6329
6331
6338
6341
6347
6349
6350
6351
6352
6354
6359
6363
6371
6372
6374
6375
6376
6381
6382
6385
6390
6391
6393
6396
6398
6401
6403
6404
6406
6417
6424
6427
6431
6433
6434
6436
6440
6445
6451
6452
6454
6464
6465
6466
6468
6469
6475
6483
6486
6493
6495
6497
6500
6504
6508
6511
6513
6517
6518
6519
6521
6534
6536
6543
6546
6548
6557
6558
6560
6561
6562
6563
6566
6567
6575
6578
6585
6594
6598
6606
6621
6624
6625
6629
6632
6649
6652
6653
6659
6662
6666
6671
6676
6678
6679
6681
6685
6687
6688
6690
6691
6697
6702
6709
6710
6716
6725
6726
6731
6732
6735
6738
6742
6750
6752
6754
6757
6759
6761
6765
6766
6769
6777
6780
6783
6784
6788
6789
6791
6793
6800
6801
6805
6806
6808
6814
6817
6818
6820
6821
6823
6828
6830
6832
6835
6836
6837
6838
6841
6843
6846
6847
6848
6850
6853
6854
6857
6865
6866
6868
6870
6871
6880
6881
6886
6889
6891
6893
6894
6898
6902
6904
6908
6910
6913
6925
6929
6933
6935
6938
6940
6943
6945
6946
6947
6949
6956
6965
6969
6972
6976
6977
6980
6981
6982
6983
6986
6988
6992
6997
6999
7001
7002
7004
7007
7008
7009
7015
7017
7018
7020
7021
7022
7023
7026
7031
7032
7041
7043
7049
7053
7058
7063
7066
7068
7071
7074
7075
7082
7084
7085
7086
7093
7098
7099
7100
7105
7107
7108
7111
7113
7116
7124
7125
7127
7132
7133
7135
7144
7155
7162
7163
7165
7167
7177
7180
7187
7189
7193
7195
7196
7198
7199
7205
7206
7208
7209
7214
7215
7217
7220
7224
7225
7229
7234
7235
7236
7241
7242
7243
7251
7253
7259
7264
7268
7269
7272
7273
7283
7289
7291
7293
7295
7296
7299
7301
7304
7307
7310
7311
7312
7317
7322
7323
7324
7327
7328
7331
7336
7337
7338
7340
7341
7342
7343
7345
7346
7350
7359
7361
7366
7369
7370
7374
7377
7379
7380
7381
7382
7384
7389
7391
7395
7399
7401
7402
7403
7407
7410
7412
7414
7417
7420
7436
7438
7441
7446
7448
7449
7452
7454
7459
7460
7461
7462
7464
7465
7468
7469
7475
7476
7477
7478
7481
7487
7488
7492
7493
7495
7497
7498
7506
7513
7514
7515
7519
7520
7522
7523
7526
7530
7531
7539
7540
7542
7545
7549
7551
7556
7558
7565
7569
7570
7574
7575
7576
7584
7594
7598
7599
7606
7613
7615
7627
7638
7641
7642
7645
7650
7656
7658
7660
7662
7664
7666
7671
7672
7674
7677
7678
7681
7690
7694
7695
7696
7699
7700
7710
7711
7713
7719
7722
7735
7736
7740
7741
7742
7745
7746
7757
7758
7760
7765
7768
7771
7778
7780
7782
7799
7803
7809
7814
7815
7821
7822
7824
7826
7827
7832
7835
7837
7843
7844
7848
7850
7851
7852
7859
7862
7863
7865
7869
7872
7876
7877
7880
7885
7888
7890
7893
7899
7901
7902
7905
7907
7908
7910
7913
7916
7917
7919
7934
7936
7942
7944
7945
7948
7951
7956
7957
7958
7964
7966
7968
7969
7970
7981
7983
7985
7986
7990
7992
7994
7998
8004
8007
8010
8013
8017
8019
8023
8030
8033
8035
8039
8040
8041
8046
8047
8049
8051
8056
8058
8062
8064
8068
8071
8077
8078
8089
8098
8099
8100
8103
8104
8106
8111
8117
8118
8121
8122
8125
8130
8139
8145
8149
8151
8152
8162
8167
8168
8174
8177
8179
8185
8190
8191
8192
8193
8194
8199
8202
8204
8215
8217
8218
8224
8225
8229
8238
8241
8251
8253
8254
8256
8258
8261
8267
8269
8271
8280
8282
8285
8286
8295
8297
8299
8301
8305
8306
8311
8313
8315
8320
8324
8327
8332
8333
8334
8336
8337
8338
8340
8343
8344
8349
8353
8354
8355
8361
8367
8370
8377
8385
8386
8387
8390
8391
8400
8414
8416
8417
8419
8421
8422
8423
8424
8434
8435
8441
8442
8443
8445
8447
8452
8456
8458
8459
8461
8463
8464
8467
8478
8483
8484
8491
8497
8499
8503
8511
8513
8519
8526
8529
8531
8546
8548
8549
8550
8552
8556
8557
8558
8562
8566
8571
8575
8586
8587
8591
8596
8601
8604
8609
8613
8615
8616
8617
8619
8622
8625
8629
8630
8632
8637
8638
8639
8652
8655
8656
8664
8665
8671
8672
8678
8685
8686
8687
8690
8693
8694
8696
8702
8711
8717
8719
8721
8723
8724
8732
8733
8734
8735
8740
8742
8748
8750
8755
8757
8761
8765
8768
8770
8783
8784
8785
8786
8787
8794
8797
8807
8817
8818
8819
8821
8822
8823
8831
8833
8835
8836
8837
8839
8844
8850
8855
8856
8867
8869
8874
8876
8878
8879
8881
8882
8883
8884
8885
8890
8892
8897
8898
8902
8907
8916
8919
8920
8923
8924
8929
8938
8939
8943
8948
8949
8950
8958
8960
8961
8971
8972
8976
8983
8988
8990
8991
8996
9000
9001
9006
9011
9013
9014
9015
9017
9020
9033
9041
9042
9045
9046
9047
9049
9055
9056
9058
9059
9061
9062
9070
9073
9078
9080
9082
9084
9088
9089
9092
9097
9099
9103
9104
9108
9111
9123
9127
9132
9133
9138
9139
9142
9143
9146
9152
9155
9159
9166
9170
9173
9174
9180
9183
9186
9187
9188
9192
9194
9197
9206
9211
9221
9222
9223
9225
9226
9227
9231
9235
9236
9241
9245
9248
9250
9251
9254
9258
9259
9265
9268
9273
9275
9276
9278
9283
9285
9293
9295
9296
9303
9305
9306
9309
9312
9313
9315
9316
9317
9323
9325
9327
9331
9337
9344
9345
9347
9356
9359
9360
9366
9368
9369
9370
9371
9374
9389
9391
9395
9396
9399
9400
9403
9404
9406
9408
9415
9416
9419
9420
9431
9432
9435
9437
9441
9443
9451
9452
9455
9457
9458
9463
9469
9471
9476
9481
9482
9483
9486
9487
9492
9496
9498
9501
9504
9506
9507
9510
9516
9524
9525
9526
9529
9538
9539
9542
9543
9547
9549
9560
9565
9566
9568
9571
9572
9574
9579
9580
9583
9584
9590
9595
9599
9602
9603
9604
9605
9606
9607
9609
9615
9616
9618
9619
9623
9624
9627
9632
9635
9637
9638
9645
9658
9661
9664
9665
9666
9672
9675
9687
9689
9693
9700
9703
9707
9710
9716
9720
9722
9723
9725
9731
9733
9734
9735
9740
9760
9761
9764
9765
9770
9774
9775
9777
9779
9780
9781
9783
9791
9793
9796
9803
9827
9829
9830
9834
9837
9839
9840
9842
9843
9850
9853
9854
9859
9860
9868
9870
9871
9873
9878
9888
9894
9896
9897
9901
9909
9912
9913
9917
9918
9919
9921
9922
9928
9929
9935
9938
9940
9943
9944
9946
9953
9954
9963
9967
9968
9969
9972
9976
9987
9992
9996
9998
10004
10005
10007
10009
10011
10012
10014
10015
10017
10020
10022
10034
10036
10039
10041
10045
10046
10048
10050
10052
10054
10056
10057
10059
10065
10067
10073
10074
10075
10077
10079
10082
10083
10089
10092
10094
10096
10103
10108
10110
10112
10115
10116
10122
10123
10137
10141
10142
10143
10147
10148
10151
10152
10155
10157
10159
10162
10163
10168
10177
10183
10191
10192
10194
10197
10200
10205
10207
10208
10212
10217
10219
10220
10224
10225
10230
10231
10235
10236
10240
10243
10244
10246
10250
10251
10254
10256
10258
10262
10263
10265
10266
10267
10269
10270
10271
10274
10275
10276
10280
10282
10285
10288
10289
10290
10292
10293
10296
10298
10300
10305
10307
10323
10335
10338
10339
10341
10342
10346
10347
10351
10353
10355
10357
10358
10359
10360
10361
10364
10365
10368
10369
10370
10371
10375
10381
10383
10388
10391
10393
10396
10397
10398
10406
10408
10411
10412
10413
10414
10416
10417
10419
10420
10423
10427
10434
10435
10436
10439
10440
10441
10443
10449
10451
10455
10456
10458
10459
10463
10466
10472
10475
10476
10479
10490
10493
10497
10501
10509
10511
10512
10517
10519
10522
10523
10525
10526
10529
10533
10536
10538
10539
10543
10544
10545
10546
10547
10548
10551
10558
10566
10573
10576
10578
10580
10581
10583
10584
10586
10590
10591
10595
10599
10601
10602
10603
10605
10608
10614
10615
10619
10620
10622
10625
10626
10635
10636
10639
10640
10642
10644
10646
10648
10653
10656
10659
10662
10663
10665
10667
10670
10671
10673
10675
10679
10680
10681
10685
10687
10689
10691
10692
10696
10698
10699
10702
10705
10706
10707
10712
10713
10722
10728
10730
10731
10732
10733
10738
10740
10742
10744
10745
10746
10750
10755
10757
10763
10766
10769
10773
10774
10777
10781
10786
10793
10796
10798
10800
10804
10805
10806
10807
10811
10816
10825
10827
10829
10830
10836
10843
10844
10845
10847
10848
10849
10854
10856
10860
10861
10867
10869
10870
10874
10876
10878
10880
10881
10883
10886
10888
10894
10895
10896
10897
10901
10902
10904
10906
10909
10912
10915
10917
10923
10925
10926
10932
10935
10936
10938
10940
10945
10946
10948
10949
10952
10953
10954
10955
10969
10970
10973
10976
10977
10979
10983
10984
10986
10992
10997
11000
11002
11004
11016
11017
11022
11031
11032
11035
11045
11046
11047
11048
11049
11051
11052
11053
11056
11059
11061
11062
11073
11074
11075
11083
11084
11087
11088
11090
11092
11093
11098
11099
11104
11118
11120
11121
11123
11125
11128
11129
11133
11135
11137
11139
11140
11141
11142
11144
11147
11148
11151
11155
11158
11159
11162
11165
11166
11167
11172
11174
11175
11177
11180
11182
11183
11185
11187
11191
11192
11195
11197
11199
11200
11202
11203
11206
11208
11210
11213
11214
11221
11226
11229
11231
11232
11235
11242
11243
11244
11249
11257
11258
11259
11260
11262
11263
11265
11267
11274
11276
11277
11280
11286
11291
11294
11301
11306
11307
11311
11312
11315
11317
11319
11320
11325
11326
11327
11328
11329
11331
11334
11337
11338
11344
11348
11349
11352
11355
11364
11369
11371
11373
11378
11383
11387
11388
11390
11393
11395
11400
11402
11410
11411
11417
11418
11420
11421
11423
11424
11426
11427
11428
11430
11431
11432
11435
11442
11443
11445
11448
11450
11455
11456
11459
11460
11465
11467
11469
11472
11475
11479
11484
11486
11487
11490
11495
11496
11498
11501
11502
11506
11509
11515
11521
11527
11531
11533
11534
11539
11540
11541
11542
11547
11549
11550
11555
11557
11567
11569
11570
11576
11579
11583
11585
11586
11590
11595
11596
11598
11599
11600
11603
11604
11607
11608
11611
11614
11617
11619
11620
11630
11631
11633
11635
11636
11637
11638
11646
11650
11651
11658
11663
11664
11665
11666
11673
11675
11676
11680
11682
11691
11692
11694
11695
11696
11704
11705
11707
11709
11712
11717
11718
11722
11723
11726
11732
11735
11737
11743
11745
11748
11752
11754
11760
11762
11765
11769
11774
11777
11780
11781
11783
11789
11791
11794
11795
11796
11798
11800
11807
11812
11815
11822
11824
11829
11830
11832
11833
11834
11837
11838
11839
11844
11851
11855
11856
11857
11859
11862
11863
11866
11867
11869
11871
11876
11880
11882
11887
11891
11892
11894
11897
11898
11899
11907
11912
11913
11919
11924
11935
11936
11937
11940
11950
11951
11955
11960
11963
11964
11967
11971
11972
11974
11975
11978
11982
11985
11993
11995
11996
11998
11999
12001
12002
12003
12007
12008
12016
12019
12020
12022
12027
12030
12040
12042
12043
12044
12047
12049
12051
12056
12058
12060
12065
12066
12067
12068
12069
12072
12082
12088
12095
12096
12103
12106
12108
12112
12115
12117
12118
12120
12123
12131
12138
12140
12146
12149
12151
12162
12165
12172
12173
12174
12176
12177
12180
12183
12193
12198
12201
12202
12207
12208
12212
12214
12216
12222
12226
12230
12237
12240
12242
12244
12247
12250
12251
12255
12256
12260
12267
12277
12281
12282
12284
12288
12289
12290
12296
12297
12299
12307
12310
12312
12320
12322
12324
12325
12327
12328
12334
12338
12343
12346
12348
12354
12355
12357
12358
12359
12361
12364
12365
12367
12368
12373
12374
12378
12379
12380
12381
12383
12385
12387
12391
12394
12398
12404
12408
12411
12412
12414
12416
12420
12421
12426
12427
12429
12432
12433
12434
12437
12438
12439
12440
12441
12444
12445
12451
12453
12456
12457
12458
12459
12463
12465
12468
12470
12471
12472
12476
12481
12483
12487
12488
12491
12495
12497
12498
12507
12508
12511
12519
12527
12528
12529
12531
12533
12534
12538
12541
12542
12544
12546
12547
12551
12554
12555
12556
12562
12563
12571
12576
12579
12581
12583
12589
12592
12598
12599
12600
12604
12607
12609
12610
12611
12617
12622
12625
12632
12633
12636
12637
12640
12644
12647
12649
12650
12655
12656
12657
12660
12661
12664
12666
12670
12682
12683
12684
12689
12690
12699
12700
12701
12703
12705
12706
12713
12721
12728
12732
12736
12741
12743
12745
12748
12750
12752
12754
12757
12762
12768
12769
12772
12776
12779
12784
12785
12787
12788
12792
12798
12800
12803
12808
12816
12818
12820
12821
12823
12824
12825
12828
12829
12834
12841
12842
12844
12847
12853
12855
12857
12861
12863
12864
12865
12867
12868
12871
12875
12876
12878
12879
12882
12885
12886
12889
12890
12891
12892
12894
12897
12899
12902
12903
12904
12905
12909
12913
12916
12921
12923
12924
12928
12931
12932
12933
12939
12941
12944
12948
12949
12952
12953
12954
12959
12963
12964
12966
12968
12969
12971
12974
12978
12982
12983
12984
12985
12992
12993
12994
12995
13001
13002
13004
13006
13014
13018
13022
13023
13024
13031
13033
13034
13040
13042
13044
13046
13053
13055
13057
13058
13059
13061
13064
13065
13067
13071
13072
13076
13081
13088
13092
13093
13095
13102
13104
13105
13110
13112
13113
13115
13121
13122
13123
13126
13128
13130
13131
13132
13133
13135
13139
13141
13149
13151
13152
13153
13155
13157
13158
13171
13172
13173
13176
13179
13180
13184
13186
13187
13193
13196
13205
13209
13216
13218
13221
13225
13226
13227
13229
13237
13239
13242
13247
13258
13262
13280
13283
13287
13290
13291
13295
13296
13300
13302
13303
13308
13315
13318
13325
13327
13328
13329
13330
13335
13336
13339
13342
13350
13359
13362
13363
13365
13376
13381
13383
13384
13385
13390
13393
13395
13399
13403
13409
13411
13412
13423
13431
13432
13441
13447
13452
13455
13457
13458
13459
13461
13462
13464
13470
13471
13472
13477
13478
13479
13480
13481
13482
13493
13502
13506
13507
13508
13510
13513
13517
13527
13529
13535
13544
13546
13564
13570
13573
13577
13580
13582
13585
13586
13591
13598
13602
13603
13605
13606
13615
13616
13617
13620
13623
13624
13626
13628
13630
13633
13639
13642
13654
13658
13667
13672
13685
13695
13699
13701
13708
13709
13713
13716
13717
13726
13730
13733
13741
13742
13746
13749
13750
13757
13762
13763
13769
13787
13788
13790
13791
13792
13801
13802
13803
13804
13808
13814
13815
13818
13823
13827
13829
13833
13839
13840
13841
13854
13856
13859
13862
13868
13882
13892
13898
13905
13911
13913
13914
13915
13920
13921
13922
13929
13931
13934
13936
13940
13942
13947
13952
13955
13957
13958
13959
13961
13962
13966
13968
13969
13976
13982
13986
13999
14001
14006
14008
14011
14016
14018
14029
14032
14039
14043
14047
14050
14051
14057
14059
14068
14069
14070
14077
14083
14086
14092
14095
14098
14100
14103
14111
14113
14114
14123
14124
14126
14131
14135
14140
14144
14149
14152
14154
14157
14160
14165
14168
14169
14171
14173
14174
14175
14176
14179
14185
14186
14188
14191
14193
14195
14207
14209
14210
14218
14221
14222
14224
14225
14227
14241
14246
14247
14256
14259
14260
14263
14264
14266
14267
14272
14273
14274
14282
14283
14284
14288
14289
14293
14296
14298
14300
14307
14312
14323
14324
14327
14334
14339
14348
14349
14351
14352
14353
14354
14363
14366
14367
14369
14371
14372
14374
14375
14377
14380
14382
14384
14385
14386
14391
14393
14396
14402
14412
14414
14415
14417
14418
14427
14430
14436
14439
14442
14446
14450
14454
14457
14458
14460
14462
14463
14466
14467
14471
14474
14478
14479
14481
14484
14486
14487
14492
14494
14495
14498
14502
14504
14505
14506
14511
14515
14520
14521
14522
14525
14530
14534
14541
14543
14546
14547
14552
14554
14556
14557
14559
14567
14570
14573
14575
14578
14579
14586
14590
14595
14602
14605
14609
14612
14616
14627
14630
14638
14639
14640
14641
14644
14646
14648
14650
14656
14658
14659
14660
14661
14662
14667
14671
14673
14676
14682
14686
14687
14688
14695
14696
14697
14699
14703
14713
14717
14720
14723
14727
14728
14731
14740
14743
14749
14756
14758
14759
14762
14764
14765
14767
14768
14773
14774
14776
14777
14778
14782
14783
14784
14785
14786
14790
14794
14805
14808
14809
14810
14814
14819
14820
14825
14827
14833
14836
14840
14846
14856
14857
14861
14862
14865
14867
14873
14874
14875
14884
14886
14887
14893
14895
14900
14901
14905
14913
14914
14920
14921
14923
14924
14928
14935
14937
14940
14941
14942
14943
14946
14949
14954
14957
14959
14960
14964
14967
14972
14979
14981
14986
14987
14989
14991
14992
15006
15011
15015
15016
15026
15027
15028
15029
15031
15032
15034
15036
15037
15040
15041
15045
15051
15055
15056
15060
15068
15071
15079
15080
15093
15094
15095
15101
15102
15108
15116
15117
15119
15121
15123
15127
15129
15131
15140
15141
15142
15147
15151
15152
15158
15162
15164
15166
15170
15175
15177
15179
15184
15187
15189
15192
15193
15197
15198
15200
15207
15214
15216
15219
15223
15228
15233
15236
15246
15251
15257
15263
15265
15275
15282
15286
15292
15297
15298
15299
15301
15302
15306
15319
15321
15324
15325
15326
15328
15330
15341
15350
15351
15353
15358
15361
15362
15364
15371
15374
15376
15377
15378
15382
15391
15393
15395
15399
15400
15405
15406
15416
15418
15423
15426
15430
15431
15435
15441
15452
15453
15456
15461
15470
15471
15480
15484
15487
15492
15494
15495
15509
15511
15518
15521
15528
15529
15532
15541
15542
15543
15544
15546
15548
15551
15555
15556
15558
15559
15570
15573
15574
15575
15577
15581
15584
15589
15591
15598
15600
15602
15603
15607
15613
15616
15624
15629
15631
15633
15640
15642
15645
15660
15661
15666
15672
15676
15680
15682
15684
15686
15688
15696
15697
15700
15704
15706
15709
15714
15715
15717
15718
15720
15726
15728
15730
15731
15738
15742
15748
15749
15754
15755
15756
15763
15769
15772
15775
15782
15784
15785
15787
15790
15796
15799
15804
15809
15813
15815
15817
15819
15823
15824
15829
15834
15842
15846
15848
15849
15851
15853
15855
15860
15861
15863
15867
15869
15878
15880
15885
15887
15888
15891
15892
15894
15895
15896
15900
15902
15907
15909
15910
15912
15916
15922
15923
15925
15927
15936
15937
15938
15943
15946
15948
15965
15967
15968
15969
15970
15971
15973
15975
15976
15981
15990
15992
15995
15999
16005
16010
16014
16024
16026
16028
16030
16031
16032
16033
16035
16041
16043
16048
16051
16052
16054
16057
16064
16068
16073
16074
16075
16076
16079
16086
16087
16089
16100
16101
16106
16110
16115
16122
16123
16124
16129
16130
16131
16133
16134
16136
16137
16140
16144
16146
16149
16150
16151
16159
16161
16167
16168
16173
16177
16179
16181
16186
16194
16197
16200
16210
16215
16216
16221
16225
16226
16227
16228
16231
16233
16236
16237
16238
16246
16247
16256
16257
16260
16261
16263
16268
16277
16283
16288
16291
16292
16301
16306
16309
16310
16312
16326
16333
16338
16341
16343
16349
16352
16355
16357
16358
16359
16360
16369
16370
16374
16378
16386
16389
16399
16403
16405
16411
16415
16419
16426
16431
16433
16434
16435
16439
16445
16446
16451
16455
16460
16464
16468
16470
16478
16480
16493
16500
16502
16505
16507
16509
16514
16522
16523
16524
16528
16530
16535
16545
16564
16566
16570
16572
16577
16580
16589
16590
16593
16595
16598
16604
16606
16608
16609
16610
16611
16615
16627
16628
16629
16630
16632
16645
16648
16650
16654
16655
16659
16663
16664
16666
16667
16668
16669
16670
16672
16678
16681
16683
16685
16687
16692
16694
16698
16702
16704
16705
16707
16712
16715
16718
16721
16729
16731
16737
16747
16765
16772
16773
16774
16794
16799
16801
16813
16814
16836
16839
16843
16846
16847
16850
16856
16857
16858
16864
16868
16870
16875
16877
16890
16891
16892
16897
16898
16899
16918
16919
16924
16932
16936
16939
16940
16942
16943
16944
16950
16952
16954
16956
16961
16962
16964
16977
16980
16982
16987
16988
16989
16991
16994
16999
17000
17002
17011
17016
17017
17022
17024
17026
17029
17030
17031
17036
17040
17045
17047
17055
17061
17063
17068
17075
17076
17079
17080
17081
17082
17086
17087
17090
17097
17099
17100
17101
17104
17106
17112
17113
17116
17121
17123
17128
17133
17143
17146
17155
17158
17164
17169
17172
17173
17176
17178
17184
17187
17190
17226
17227
17237
17240
17245
17251
17256
17257
17258
17259
17262
17285
17291
17299
17305
17309
17319
17320
17328
17331
17333
17337
17338
17345
17348
17351
17359
17363
17364
17365
17366
17369
17372
17373
17381
17385
17386
17387
17392
17395
17409
17410
17413
17419
17421
17430
17432
17433
17435
17447
17450
17452
17453
17456
17458
17461
17462
17473
17474
17480
17481
17485
17487
17490
17494
17495
17497
17499
17500
17502
17505
17507
17510
17511
17515
17521
17524
17528
17529
17532
17535
17536
17537
17539
17541
17555
17559
17560
17561
17563
17564
17565
17567
17568
17584
17593
17606
17607
17608
17609
17616
17618
17619
17620
17627
17629
17633
17637
17639
17642
17645
17651
17656
17661
17662
17665
17674
17677
17679
17681
17695
17697
17699
17700
17705
17707
17711
17718
17723
17737
17744
17760
17763
17765
17769
17772
17774
17782
17787
17788
17789
17791
17794
17801
17806
17809
17812
17813
17818
17821
17824
17825
17830
17833
17835
17838
17842
17845
17846
17847
17857
17862
17869
17875
17879
17880
17882
17883
17901
17903
17905
17911
17918
17920
17924
17927
17929
17935
17941
17942
17949
17953
17955
17956
17957
17958
17959
17962
17963
17965
17966
17971
17972
17976
17980
17985
17990
18004
18008
18009
18016
18019
18020
18026
18028
18033
18036
18043
18049
18050
18054
18055
18060
18064
18065
18068
18070
18073
18077
18084
18086
18093
18097
18105
18115
18118
18120
18121
18129
18131
18138
18140
18147
18156
18157
18159
18172
18174
18187
18190
18191
18192
18194
18195
18200
18205
18211
18212
18213
18215
18225
18226
18231
18234
18236
18237
18238
18243
18258
18259
18273
18276
18277
18278
18283
18298
18302
18306
18307
18308
18315
18324
18325
18328
18334
18336
18338
18339
18340
18341
18342
18343
18344
18350
18353
18355
18357
18378
18389
18391
18393
18404
18410
18414
18415
18425
18428
18429
18433
18437
18438
18449
18455
18464
18469
18474
18481
18482
18495
18497
18498
18501
18506
18507
18508
18510
18516
18518
18519
18521
18523
18526
18532
18534
18536
18537
18538
18540
18541
18546
18550
18551
18553
18556
18557
18559
18561
18572
18573
18576
18578
18580
18583
18586
18588
18589
18597
18598
18602
18604
18606
18615
18616
18622
18626
18627
18631
18635
18639
18641
18652
18666
18668
18671
18673
18677
18678
18679
18684
18692
18694
18701
18702
18703
18716
18724
18728
18737
18741
18743
18746
18749
18753
18755
18757
18760
18767
18768
18771
18779
18788
18790
18791
18792
18804
18811
18816
18819
18823
18824
18830
18832
18834
18842
18845
18847
18867
18880
18883
18890
18893
18894
18895
18896
18900
18901
18905
18906
18907
18908
18914
18922
18931
18932
18936
18937
18939
18940
18943
18946
18949
18950
18951
18961
18966
18968
18969
18974
18984
18992
19000
19003
19008
19015
19016
19023
19025
19026
19027
19029
19031
19033
19035
19041
19042
19045
19047
19048
19049
19050
19055
19057
19058
19059
19061
19064
19069
19081
19098
19099
19102
19103
19104
19108
19111
19114
19123
19126
19127
19130
19131
19144
19145
19147
19152
19154
19156
19158
19169
19170
19174
19175
19179
19181
19183
19185
19186
19187
19190
19195
19196
19198
19200
19203
19208
19225
19226
19229
19237
19239
19242
19246
19247
19249
19254
19255
19263
19267
19271
19273
19277
19280
19285
19287
19290
19291
19294
19296
19298
19299
19301
19307
19318
19325
19326
19328
19330
19331
19334
19340
19350
19352
19354
19362
19364
19367
19368
19379
19395
19398
19400
19404
19415
19417
19418
19428
19429
19434
19438
19443
19444
19447
19449
19460
19462
19484
19485
19486
19489
19492
19493
19504
19506
19511
19518
19520
19524
19528
19536
19541
19544
19546
19550
19552
19559
19563
19567
19579
19583
19599
19606
19611
19615
19618
19624
19628
19631
19637
19642
19643
19645
19646
19648
19653
19654
19660
19662
19665
19667
19673
19676
19681
19686
19691
19696
19697
19705
19707
19725
19726
19727
19733
19736
19739
19742
19743
19744
19762
19764
19770
19775
19776
19784
19790
19807
19809
19815
19825
19834
19845
19849
19851
19856
19863
19865
19870
19872
19874
19875
19879
19881
19891
19895
19899
19901
19904
19906
19912
19913
19919
19920
19934
19936
19938
19946
19947
19952
19956
19958
19960
19962
19968
19971
19972
19976
19977
19983
19986
19995
20003
20006
20007
20010
20011
20020
20021
20022
20028
20035
20038
20044
20045
20059
20081
20082
20089
20090
20104
20108
20121
20126
20132
20135
20141
20142
20146
20155
20160
20163
20177
20180
20185
20197
20201
20205
20207
20208
20210
20214
20217
20219
20223
20224
20226
20229
20230
20232
20236
20246
20247
20248
20251
20258
20263
20267
20270
20271
20272
20276
20280
20282
20284
20286
20287
20288
20290
20295
20300
20301
20303
20312
20331
20334
20342
20343
20345
20347
20351
20354
20356
20359
20373
20374
20375
20381
20383
20386
20405
20408
20411
20417
20424
20428
20430
20442
20445
20451
20456
20462
20465
20473
20474
20475
20476
20477
20479
20484
20488
20495
20496
20497
20499
20500
20505
20506
20508
20510
20512
20516
20518
20519
20522
20538
20545
20549
20550
20552
20558
20559
20561
20572
20577
20585
20586
20593
20599
20616
20618
20626
20633
20644
20649
20658
20663
20668
20669
20673
20678
20679
20681
20684
20687
20690
20692
20696
20697
20701
20703
20705
20707
20713
20714
20722
20723
20727
20735
20736
20741
20742
20747
20754
20765
20774
20776
20781
20782
20786
20788
20795
20801
20808
20816
20831
20836
20848
20849
20850
20853
20858
20859
20864
20866
20868
20869
20871
20874
20878
20879
20880
20882
20883
20887
20889
20893
20901
20902
20905
20909
20910
20912
20916
20917
20922
20926
20931
20932
20934
20936
20937
20938
20939
20940
20942
20944
20956
20958
20959
20962
20968
20970
20983
20994
20998
21008
21015
21016
21019
21026
21027
21029
21039
21041
21043
21048
21050
21058
21068
21072
21074
21075
21082
21084
21087
21091
21093
21096
21102
21104
21141
21142
21149
21150
21157
21163
21167
21178
21180
21194
21196
21197
21200
21214
21222
21224
21232
21236
21241
21255
21258
21260
21263
21268
21273
21274
21277
21280
21297
21299
21307
21309
21310
21322
21332
21333
21353
21354
21358
21364
21365
21370
21376
21377
21381
21382
21383
21385
21386
21391
21396
21412
21415
21419
21424
21426
21428
21430
21435
21438
21448
21457
21462
21463
21465
21468
21473
21477
21485
21492
21495
21497
21500
21502
21503
21513
21516
21517
21520
21523
21529
21533
21538
21540
21549
21559
21561
21565
21571
21587
21596
21598
21599
21607
21616
21620
21622
21623
21627
21628
21635
21641
21649
21652
21653
21656
21666
21667
21676
21677
21681
21682
21690
21692
21696
21703
21706
21708
21715
21720
21722
21730
21736
21741
21742
21751
21752
21754
21755
21759
21782
21787
21802
21807
21808
21813
21814
21817
21822
21836
21838
21846
21850
21851
21853
21873
21875
21884
21885
21887
21894
21903
21917
21920
21930
21933
21949
21956
21957
21958
21959
21965
21973
21985
21992
22001
22003
22004
22006
22013
22019
22032
22045
22060
22062
22082
22083
22084
22092
22097
22099
22107
22112
22116
22123
22124
22129
22139
22142
22143
22149
22152
22167
22171
22202
22209
22215
22219
22225
22227
22232
22242
22244
22248
22259
22261
22269
22278
22291
22292
22304
22314
22331
22334
22345
22347
22349
22351
22372
22383
22391
22397
22407
22408
22422
22457
22472
22473
22474
22484
22488
22491
22496
22505
22518
22520
22526
22537
22543
22557
22560
22568
22577
22584
22588
22597
22598
22600
22610
22617
22623
22628
22632
22633
22647
22648
22663
22675
22713
22735
22736
22745
22750
22756
22767
22797
22808
22813
22830
22844
22845
22867
22876
22877
22880
22885
22894
22901
22919
22923
22924
22930
22940
22978
22994
22995
23020
23021
23043
23054
23057
23062
23081
23083
23091
23118
23119
23139
23157
23159
23161
23166
23172
23178
23186
23187
23191
23193
23228
23230
23243
23260
23264
23265
23267
23273
23283
23286
23293
23294
23302
23316
23357
23375
23379
23380
23389
23391
23395
23421
23427
23429
23430
23444
23455
23457
23464
23472
23477
23484
23497
23502
23505
23509
23514
23524
23526
23529
23533
23536
23537
23547
23556
23564
23565
23569
23570
23578
23596
23599
23619
23646
23654
23659
23660
23664
23665
23696
23702
23726
23728
23729
23752
23758
23783
23808
23809
23813
23830
23836
23839
23842
23860
23884
23885
23886
23897
23898
23900
23944
23947
23958
23962
23991
24005
24018
24034
24049
24053
24081
24097
24102
24109
24123
24125
24131
24166
24175
24199
24211
24219
24226
24230
24239
24241
24247
24255
24258
24260
24272
24310
24326
24335
24341
24355
24408
24409
24423
24453
24469
24479
24507
24509
24523
24543
24568
24600
24606
24630
24638
24649
24653
24664
24665
24669
24671
24679
24739
24771
24792
24799
24803
24826
24838
24850
24861
24862
24872
24878
24887
24892
24895
24897
24910
24914
24918
24922
24923
24925
24927
24930
24931
24935
24942
25084
25113
25158
25170
25193
25195
25208
25214
25223
25230
25231
25250
25294
25299
25306
25310
25313
25334
25356
25382
25446
25468
25484
25496
25515
25523
25541
25542
25549
25550
25568
25582
25586
25614
25632
25637
25647
25651
25671
25684
25686
25689
25704
25722
25750
25768
25784
25797
25801
25803
25831
25834
25847
25849
25862
25869
25874
25882
25893
25907
25919
25932
25951
25959
26025
26032
26038
26056
26068
26071
26074
26077
26093
26109
26112
26125
26138
26140
26161
26172
26191
26200
26216
26223
26243
26245
26255
26262
26283
26285
26301
26338
26341
26349
26383
26384
26392
26395
26421
26425
26440
26444
26447
26455
26474
26497
26501
26505
26518
26532
26542
26557
26567
26602
26633
26638
26647
26656
26670
26701
26734
26751
26766
26774
26775
26776
26781
26782
26791
26795
26801
26823
26832
26835
26838
26893
26922
26957
26964
26988
26993
27004
27015
27046
27051
27058
27059
27070
27074
27095
27098
27138
27143
27152
27170
27173
27204
27218
27221
27226
27230
27235
27239
27240
27271
27282
27289
27297
27365
27369
27375
27406
27408
27421
27443
27450
27493
27494
27506
27510
27516
27518
27549
27551
27560
27620
27644
27668
27690
27696
27705
27710
27722
27727
27776
27785
27800
27804
27809
27813
27851
27868
27870
27876
27881
27891
27893
27896
27921
27922
27936
27940
27964
28012
28017
28037
28043
28044
28063
28099
28102
28106
28114
28119
28126
28141
28145
28151
28168
28182
28187
28193
28197
28204
28216
28229
28235
28243
28248
28294
28297
28303
28328
28340
28342
28343
28348
28353
28355
28369
28380
28382
28387
28389
28420
28446
28447
28457
28460
28474
28484
28492
28496
28501
28507
28510
28521
28528
28529
28531
28536
28541
28560
28597
28618
28624
28625
28641
28669
28677
28688
28694
28707
28716
28717
28721
28755
28757
28763
28774
28787
28808
28824
28826
28842
28851
28859
28860
28861
28867
28902
28913
28915
28916
28923
28932
28938
28950
28954
28959
28961
28964
28965
28974
28978
28984
28994
28997
29006
29010
29024
29026
29033
29038
29054
29070
29071
29074
29075
29089
29102
29109
29115
29118
29122
29127
29139
29146
29163
29166
29167
29169
29170
29172
29179
29187
29189
29203
29205
29207
29218
29219
29227
29233
29234
29235
29241
29244
29246
29252
29273
29280
29282
29285
29291
29296
29298
29306
29312
29319
29324
29348
29357
29369
29388
29390
29391
29392
29400
29409
29411
29418
29424
29430
29435
29461
29465
29466
29473
29482
29492
29493
29504
29516
29518
29525
29530
29533
29535
29544
29546
29548
29551
29556
29558
29560
29572
29575
29579
29582
29586
29588
29591
29598
29603
29605
29607
29614
29616
29619
29620
29622
29623
29624
29628
29629
29633
29635
29646
29651
29652
29653
29655
29657
29658
29662
29665
29669
29674
29676
29678
29679
29686
29688
29691
29692
29695
29699
29700
29706
29708
29711
29714
29719
29726
29727
29731
29738
29741
29754
29774
29778
29780
29784
29790
29797
29808
29813
29817
29828
29829
29839
29846
29853
29857
29860
29863
29877
29879
29884
29895
29896
29897
29898
29923
29924
29925
29926
29932
29938
29941
29943
29948
29952
29972
29978
29979
29986
29987
30005
30007
30012
30022
30024
30026
30029
30031
30032
30034
30041
30043
30052
30056
30057
30065
30075
30079
30084
30089
30099
30100
30116
30120
30134
30138
30150
30152
30168
30170
30171
30173
30176
30180
30184
30187
30198
30205
30206
30209
30211
30213
30217
30224
30225
30227
30235
30240
30247
30252
30254
30257
30258
30260
30271
30277
30295
30296
30306
30313
30317
30326
30329
30331
30349
30368
30374
30381
30385
30386
30391
30392
30402
30404
30409
30420
30429
30444
30447
30449
30455
30456
30461
30466
30471
30474
30477
30482
30484
30489
30493
30504
30505
30507
30516
30525
30550
30557
30565
30568
30570
30577
30579
30581
30583
30590
30592
30596
30598
30603
30604
30608
30621
30628
30630
30632
30638
30640
30648
30654
30655
30657
30660
30661
30663
30664
30668
30670
30671
30673
30676
30677
30681
30684
30687
30696
30697
30698
30705
30707
30710
30715
30724
30728
30730
30739
30746
30748
30755
30758
30760
30763
30769
30770
30772
30781
30796
30799
30801
30802
30808
30810
30826
30831
30836
30837
30839
30848
30850
30857
30861
30862
30871
30880
30884
30885
30886
30893
30894
30903
30905
30906
30908
30914
30921
30934
30945
30952
30954
30961
30962
30970
30982
30984
30989
30995
31001
31005
31010
31018
31021
31030
31031
31039
31043
31050
31051
31054
31059
31060
31061
31072
31078
31099
31102
31121
31124
31126
31138
31156
31157
31176
31178
31180
31181
31184
31185
31191
31196
31201
31202
31204
31207
31214
31216
31231
31237
31239
31241
31242
31243
31244
31246
31247
31250
31253
31276
31277
31280
31285
31295
31298
31300
31312
31326
31337
31340
31341
31343
31351
31366
31373
31375
31377
31379
31381
31382
31396
31403
31404
31406
31414
31419
31423
31427
31431
31446
31447
31454
31467
31470
31474
31475
31485
31487
31497
31500
31507
31512
31514
31517
31521
31522
31525
31526
31536
31543
31544
31548
31550
31552
31558
31559
31565
31568
31571
31579
31585
31587
31600
31605
31610
31618
31625
31630
31634
31635
31637
31639
31659
31661
31664
31681
31687
31695
31714
31718
31719
31720
31728
31733
31735
31744
31745
31755
31761
31763
31769
31770
31779
31787
31788
31789
31790
31799
31802
31804
31805
31806
31809
31812
31814
31822
31823
31834
31844
31847
31848
31850
31854
31857
31858
31860
31869
31879
31882
31883
31884
31888
31896
31900
31911
31917
31922
31925
31927
31935
31943
31952
31957
31958
31975
31981
31985
31991
31992
31995
31998
32011
32013
32021
32034
32043
32051
32053
32055
32056
32058
32059
32079
32089
32092
32096
32098
32100
32116
32120
32124
32129
32141
32144
32147
32160
32176
32180
32187
32199
32221
32223
32224
32227
32234
32238
32252
32261
32264
32272
32274
32291
32296
32297
32304
32306
32309
32311
32314
32315
32324
32325
32330
32331
32334
32335
32337
32339
32341
32343
32363
32367
32369
32376
32380
32386
32389
32390
32393
32395
32400
32401
32402
32403
32406
32409
32410
32413
32417
32422
32424
32428
32432
32433
32435
32440
32442
32447
32448
32449
32450
32455
32460
32466
32473
32475
32485
32486
32490
32493
32508
32527
32532
32535
32536
32537
32542
32544
32547
32549
32550
32551
32560
32568
32575
32587
32591
32592
32597
32600
32601
32603
32604
32609
32610
32619
32622
32624
32627
32630
32633
32640
32647
32650
32658
32662
32663
32666
32669
32672
32673
32677
32678
32682
32686
32687
32692
32693
32695
32696
32699
32702
32703
32705
32707
32711
32713
32715
32718
32719
32720
32723
32730
32735
32736
32739
32746
32756
32758
32761
32762
32775
32776
32779
32780
32781
32787
32788
32791
32793
32794
32795
32798
32799
32801
32802
32807
32816
32817
32819
32831
32833
32840
32841
32842
32844
32846
32851
32853
32854
32855
32864
32868
32871
32873
32884
32893
32899
32901
32902
32903
32906
32909
32912
32915
32926
32927
32929
32930
32932
32933
32938
32943
32947
32956
32957
32958
32960
32962
32968
32970
32971
32976
32980
32981
32984
32993
32994
33006
33009
33013
33014
33016
33017
33019
33026
33030
33033
33037
33044
33045
33047
33050
33051
33052
33054
33056
33058
33059
33063
33065
33066
33068
33069
33072
33080
33084
33086
33087
33093
33094
33098
33100
33102
33104
33105
33108
33110
33112
33114
33121
33122
33124
33128
33129
33130
33132
33137
33139
33148
33149
33151
33157
33161
33163
33164
33167
33168
33169
33179
33186
33188
33192
33204
33209
33213
33214
33215
33217
33218
33219
33220
33224
33225
33230
33232
33237
33245
33250
33253
33256
33270
33274
33275
33276
33288
33295
33298
33300
33301
33304
33311
33318
33320
33321
33327
33329
33337
33340
33348
33356
33357
33358
33369
33371
33373
33375
33376
33377
33378
33383
33389
33392
33394
33398
33403
33407
33417
33418
33420
33426
33430
33437
33442
33443
33448
33453
33454
33463
33467
33469
33478
33480
33482
33487
33494
33507
33510
33511
33516
33520
33521
33522
33527
33532
33539
33544
33547
33550
33562
33566
33568
33569
33570
33574
33576
33577
33581
33584
33590
33594
33603
33605
33606
33611
33620
33621
33623
33630
33631
33632
33639
33651
33653
33656
33657
33668
33670
33683
33725
33733
33743
33746
33751
33753
33754
33755
33759
33776
33787
33788
33790
33793
33795
33796
33806
33808
33810
33814
33816
33819
33823
33826
33832
33834
33837
33839
33841
33843
33847
33849
33853
33857
33858
33862
33865
33867
33868
33870
33872
33877
33880
33881
33884
33887
33889
33894
33895
33897
33901
33905
33907
33910
33911
33914
33916
33918
33920
33925
33928
33929
33933
33935
33936
33941
33945
33949
33952
33953
33956
33963
33968
33974
33976
33979
33983
33984
33987
34000
34001
34004
34009
34010
34013
34020
34021
34023
34024
34025
34029
34035
34036
34044
34052
34061
34064
34068
34075
34076
34077
34079
34083
34087
34088
34094
34095
34097
34099
34100
34103
34112
34113
34115
34117
34122
34123
34126
34127
34128
34136
34140
34143
34144
34145
34154
34159
34163
34167
34172
34173
34178
34191
34197
34202
34207
34212
34215
34217
34223
34224
34225
34228
34242
34246
34248
34272
34274
34275
34278
34279
34289
34296
34297
34300
34308
34310
34312
34313
34315
34318
34319
34320
34321
34325
34326
34328
34333
34334
34335
34339
34342
34351
34352
34353
34356
34360
34366
34368
34374
34378
34379
34385
34389
34392
34393
34394
34397
34399
34401
34402
34404
34406
34407
34410
34413
34421
34424
34430
34431
34438
34445
34455
34457
34464
34465
34474
34483
34484
34490
34496
34497
34498
34503
34506
34515
34518
34520
34521
34525
34526
34530
34533
34539
34543
34544
34549
34553
34554
34561
34569
34570
34578
34582
34592
34597
34598
34599
34605
34607
34608
34609
34614
34618
34621
34628
34629
34630
34633
34638
34643
34646
34648
34649
34659
34677
34682
34685
34686
34696
34700
34702
34703
34705
34706
34708
34712
34715
34718
34721
34722
34725
34726
34729
34730
34736
34737
34738
34741
34743
34745
34746
34749
34755
34757
34758
34760
34763
34764
34766
34767
34769
34770
34780
34789
34791
34795
34796
34800
34807
34808
34810
34817
34823
34824
34827
34828
34831
34832
34833
34835
34838
34840
34843
34845
34846
34852
34854
34859
34861
34863
34865
34867
34870
34879
34883
34886
34892
34894
34897
34904
34910
34911
34920
34926
34931
34937
34938
34940
34945
34956
34966
34967
34972
34974
34981
34984
34985
34986
34987
34990
34991
34995
34998
34999
35003
35006
35007
35013
35015
35022
35023
35026
35029
35033
35035
35036
35039
35043
35046
35048
35052
35053
35055
35059
35061
35065
35069
35072
35073
35075
35076
35078
35081
35089
35096
35098
35099
35101
35107
35108
35122
35123
35124
35126
35132
35137
35145
35147
35150
35153
35155
35156
35158
35162
35164
35165
35173
35177
35182
35183
35186
35192
35203
35211
35218
35221
35223
35228
35229
35232
35234
35236
35239
35250
35252
35259
35264
35267
35272
35277
35279
35281
35291
35292
35293
35295
35306
35322
35325
35326
35328
35330
35331
35332
35334
35336
35343
35346
35347
35349
35350
35352
35356
35361
35362
35363
35365
35369
35373
35377
35385
35388
35390
35396
35403
35408
35417
35422
35423
35424
35432
35438
35439
35444
35446
35448
35451
35456
35457
35458
35472
35478
35487
35489
35490
35497
35503
35504
35508
35510
35513
35517
35518
35519
35533
35541
35548
35553
35562
35569
35570
35571
35577
35588
35596
35607
35611
35627
35629
35630
35634
35638
35639
35659
35665
35677
35682
35691
35693
35698
35699
35700
35701
35703
35718
35720
35722
35728
35729
35731
35732
35734
35737
35740
35743
35747
35748
35755
35757
35762
35770
35771
35774
35793
35805
35811
35812
35832
35836
35838
35859
35860
35862
35873
35877
35895
35904
35906
35916
35921
35925
35935
35941
35942
35943
35949
35960
35963
35967
35969
35972
35974
35976
35980
35981
35985
35988
35989
35992
35994
35998
36002
36013
36020
36025
36026
36032
36047
36049
36050
36056
36059
36061
36063
36070
36073
36079
36081
36085
36088
36094
36099
36102
36103
36106
36107
36108
36114
36116
36118
36126
36127
36130
36135
36136
36140
36142
36157
36161
36167
36168
36170
36171
36173
36175
36178
36186
36191
36202
36203
36205
36208
36209
36210
36215
36219
36221
36223
36225
36226
36227
36228
36231
36235
36236
36237
36244
36247
36254
36255
36267
36271
36277
36283
36284
36285
36286
36296
36298
36301
36306
36313
36316
36319
36323
36326
36331
36334
36335
36338
36343
36346
36351
36358
36380
36388
36393
36394
36398
36400
36414
36418
36426
36437
36440
36447
36452
36457
36459
36462
36467
36468
36469
36473
36474
36475
36476
36482
36486
36488
36496
36497
36498
36504
36513
36516
36517
36525
36527
36530
36537
36538
36540
36542
36544
36547
36549
36550
36551
36553
36561
36562
36566
36567
36578
36584
36590
36593
36597
36605
36611
36613
36619
36621
36624
36625
36627
36628
36634
36636
36646
36648
36649
36650
36652
36653
36654
36656
36678
36680
36682
36694
36695
36700
36701
36702
36714
36722
36725
36730
36735
36741
36749
36751
36755
36759
36773
36775
36778
36782
36785
36786
36788
36789
36792
36796
36800
36802
36807
36808
36810
36814
36823
36827
36832
36833
36834
36837
36841
36844
36846
36848
36851
36858
36859
36863
36866
36868
36873
36879
36880
36881
36899
36901
36902
36909
36925
36926
36935
36936
36941
36951
36953
36962
36964
36971
36974
36976
36986
36988
36989
36990
36995
37011
37018
37020
37021
37026
37027
37032
37042
37044
37047
37052
37057
37065
37074
37082
37090
37093
37099
37103
37107
37111
37114
37117
37118
37122
37129
37130
37131
37134
37135
37140
37141
37142
37145
37149
37160
37162
37166
37169
37172
37177
37178
37180
37183
37185
37190
37192
37196
37201
37203
37209
37214
37215
37220
37221
37226
37234
37241
37243
37244
37249
37255
37263
37264
37267
37269
37274
37278
37280
37282
37283
37285
37289
37290
37295
37297
37305
37307
37309
37319
37322
37326
37329
37332
37336
37339
37343
37344
37350
37354
37357
37367
37374
37377
37386
37390
37393
37394
37398
37400
37405
37407
37409
37413
37415
37431
37436
37447
37449
37451
37452
37456
37461
37462
37464
37466
37468
37469
37471
37472
37473
37476
37479
37481
37483
37485
37487
37489
37492
37495
37502
37506
37508
37512
37516
37517
37525
37529
37530
37532
37536
37550
37555
37562
37565
37566
37567
37572
37573
37574
37579
37580
37582
37586
37587
37593
37599
37600
37603
37604
37605
37609
37618
37624
37625
37626
37631
37636
37638
37644
37648
37649
37651
37652
37664
37666
37669
37673
37674
37691
37696
37698
37700
37704
37707
37710
37712
37715
37719
37721
37723
37725
37731
37738
37739
37740
37744
37745
37752
37758
37762
37767
37768
37770
37774
37776
37778
37780
37784
37787
37793
37799
37807
37810
37812
37813
37817
37821
37823
37829
37833
37835
37840
37852
37853
37858
37860
37865
37866
37876
37880
37886
37887
37895
37896
37898
37902
37904
37909
37911
37913
37914
37917
37923
37925
37930
37933
37935
37937
37941
37951
37954
37960
37962
37965
37966
37972
37976
37979
37987
37988
37990
37995
37997
37998
38005
38011
38016
38020
38023
38025
38027
38029
38032
38034
38035
38036
38040
38053
38054
38060
38064
38075
38083
38084
38085
38088
38091
38096
38100
38106
38114
38116
38117
38129
38135
38137
38144
38145
38146
38157
38158
38166
38174
38185
38196
38199
38203
38207
38210
38213
38215
38217
38219
38221
38222
38237
38242
38245
38247
38248
38250
38251
38252
38257
38261
38262
38265
38276
38277
38278
38283
38289
38291
38292
38297
38299
38304
38306
38307
38308
38310
38311
38312
38314
38318
38319
38320
38325
38327
38330
38331
38338
38342
38343
38346
38348
38351
38358
38360
38361
38372
38375
38379
38380
38387
38401
38405
38406
38407
38413
38414
38418
38427
38432
38435
38442
38444
38447
38448
38452
38455
38459
38461
38462
38463
38470
38471
38475
38479
38485
38486
38489
38494
38505
38506
38513
38515
38519
38520
38523
38524
38526
38529
38532
38534
38535
38537
38538
38548
38549
38550
38552
38553
38556
38557
38559
38560
38576
38577
38582
38593
38596
38597
38602
38604
38606
38609
38614
38620
38624
38628
38630
38636
38640
38643
38647
38649
38653
38655
38666
38667
38668
38669
38672
38673
38674
38675
38676
38680
38683
38684
38687
38688
38689
38704
38708
38720
38721
38728
38750
38753
38755
38756
38758
38767
38772
38775
38781
38785
38786
38787
38788
38790
38800
38807
38809
38810
38811
38813
38819
38825
38829
38830
38831
38832
38835
38836
38838
38839
38844
38845
38847
38851
38853
38854
38855
38856
38858
38859
38861
38863
38876
38877
38879
38880
38885
38887
38889
38891
38894
38898
38899
38900
38906
38909
38918
38922
38923
38937
38939
38944
38945
38946
38951
38955
38956
38957
38959
38963
38970
38973
38974
38977
38981
38983
38986
38996
38997
38998
39000
39002
39007
39016
39025
39031
39034
39035
39041
39046
39047
39050
39062
39064
39065
39066
39067
39074
39075
39081
39082
39083
39084
39085
39109
39112
39114
39115
39116
39117
39118
39119
39129
39130
39140
39146
39147
39155
39159
39166
39168
39169
39173
39175
39176
39178
39180
39186
39187
39196
39198
39206
39208
39213
39217
39220
39221
39224
39225
39226
39232
39233
39236
39240
39247
39248
39253
39254
39256
39257
39258
39263
39274
39281
39282
39283
39286
39288
39289
39295
39302
39307
39311
39312
39313
39318
39322
39323
39328
39332
39335
39338
39341
39343
39344
39346
39349
39350
39353
39355
39356
39359
39361
39362
39364
39367
39368
39370
39372
39373
39375
39391
39396
39402
39404
39405
39411
39413
39415
39416
39419
39420
39421
39423
39424
39425
39426
39427
39432
39439
39440
39442
39443
39445
39446
39447
39450
39451
39453
39454
39456
39457
39461
39462
39465
39467
39468
39472
39474
39477
39478
39479
39482
39483
39487
39489
39494
39497
39498
39500
39501
39503
39504
39507
39510
39511
39514
39516
39518
39519
39522
39524
39527
39530
39541
39542
39546
39549
39552
39554
39562
39563
39564
39567
39568
39570
39572
39577
39578
39581
39582
39584
39588
39589
39595
39597
39600
39601
39604
39623
39629
39632
39637
39640
39644
39645
39646
39658
39660
39666
39671
39673
39676
39678
39680
39681
39686
39688
39689
39690
39693
39694
39697
39698
39700
39703
39706
39710
39711
39717
39720
39721
39724
39731
39732
39733
39734
39737
39739
39745
39758
39776
39778
39781
39783
39787
39796
39807
39810
39811
39813
39815
39817
39818
39820
39821
39828
39833
39843
39846
39848
39849
39852
39854
39857
39859
39862
39864
39865
39866
39867
39870
39871
39872
39878
39880
39884
39887
39888
39890
39891
39893
39897
39898
39901
39904
39908
39913
39914
39916
39917
39919
39920
39926
39929
39930
39932
39934
39935
39936
39942
39943
39944
39946
39949
39958
39966
39967
39968
39974
39978
39979
39982
39991
39993
39995
39996
39998
40001
40004
40005
40008
40010
40011
40013
40014
40015
40018
40019
40022
40023
40026
40027
40028
40031
40032
40037
40042
40045
40055
40058
40062
40067
40069
40070
40074
40076
40078
40080
40084
40085
40088
40090
40091
40092
40097
40099
40100
40102
40109
40112
40113
40114
40115
40118
40119
40120
40121
40122
40124
40130
40131
40136
40138
40139
40140
40141
40143
40148
40149
40151
40153
40163
40164
40167
40168
40170
40172
40173
40174
40179
40180
40185
40186
40188
40189
40193
40196
40199
40204
40207
40208
40209
40211
40216
40223
40231
40233
40236
40238
40239
40245
40247
40252
40253
40258
40260
40264
40265
40266
40271
40274
40275
40276
40278
40282
40287
40290
40296
40302
40305
40306
40307
40310
40311
40312
40313
40316
40317
40322
40323
40325
40332
40334
40336
40339
40340
40341
40343
40344
40349
40354
40355
40356
40357
40363
40364
40368
40370
40371
40373
40374
40375
40379
40381
40382
40387
40388
40390
40392
40393
40395
40396
40397
40398
40399
40402
40403
40405
40408
40409
40411
40412
40414
40417
40419
40420
40422
40425
40433
40436
40439
40441
40442
40443
40445
40446
40449
40451
40456
40459
40461
40463
40468
40471
40473
40477
40478
40484
40486
40487
40490
40496
40500
40502
40507
40512
40515
40521
40522
40527
40530
40533
40535
40539
40541
40542
40545
40548
40550
40552
40553
40557
40558
40561
40562
40563
40570
40576
40578
40580
40582
40586
40588
40591
40592
40594
40595
40597
40600
40602
40604
40605
40606
40609
40610
40611
40615
40619
40629
40634
40636
40640
40642
40645
40650
40652
40654
40657
40658
40659
40660
40662
40663
40672
40673
40676
40679
40682
40690
40693
40696
40699
40700
40703
40711
40714
40715
40717
40722
40726
40729
40734
40735
40741
40751
40757
40759
40761
40762
40764
40767
40769
40770
40780
40786
40790
40796
40798
40799
40802
40803
40810
40813
40823
40824
40838
40839
40845
40850
40852
40859
40860
40861
40863
40876
40878
40881
40883
40884
40895
40906
40909
40912
40915
40917
40918
40922
40923
40925
40927
40931
40935
40946
40947
40951
40952
40957
40960
40965
40968
40969
40970
40971
40973
40978
40979
40980
40985
40989
40994
40997
41003
41005
41007
41009
41010
41014
41015
41019
41020
41022
41023
41024
41030
41031
41033
41038
41041
41043
41051
41053
41054
41056
41057
41058
41061
41063
41064
41069
41072
41082
41084
41085
41086
41087
41088
41092
41104
41105
41113
41117
41118
41121
41125
41126
41138
41142
41143
41146
41151
41153
41157
41159
41161
41164
41165
41167
41172
41175
41179
41181
41184
41188
41190
41191
41206
41219
41223
41226
41227
41228
41229
41230
41240
41243
41249
41253
41255
41257
41263
41268
41269
41270
41273
41274
41279
41280
41281
41285
41287
41296
41308
41312
41313
41319
41320
41321
41323
41326
41332
41333
41335
41346
41348
41350
41351
41353
41355
41357
41361
41363
41366
41374
41384
41386
41387
41390
41393
41394
41398
41402
41403
41409
41412
41413
41427
41428
41430
41435
41438
41443
41444
41445
41446
41451
41457
41461
41462
41465
41466
41468
41476
41479
41482
41484
41493
41495
41513
41514
41516
41523
41526
41535
41536
41541
41542
41543
41545
41546
41549
41558
41559
41564
41566
41573
41576
41579
41583
41589
41603
41607
41612
41615
41626
41628
41629
41630
41632
41633
41643
41645
41651
41653
41654
41655
41662
41665
41666
41667
41672
41674
41677
41680
41683
41688
41690
41692
41696
41703
41717
41718
41719
41721
41725
41741
41742
41746
41749
41751
41756
41759
41761
41770
41771
41774
41792
41796
41802
41803
41805
41806
41808
41812
41813
41814
41820
41821
41822
41825
41827
41830
41831
41835
41836
41837
41840
41842
41847
41850
41854
41856
41857
41864
41866
41872
41875
41876
41881
41886
41888
41894
41900
41901
41904
41908
41913
41916
41919
41920
41925
41926
41927
41931
41934
41935
41938
41939
41943
41945
41946
41951
41956
41958
41959
41968
41975
41977
41985
41988
41993
41999
42000
42003
42004
42006
42010
42012
42016
42017
42018
42019
42020
42022
42023
42027
42035
42041
42043
42044
42045
42047
42054
42055
42056
42058
42060
42062
42066
42067
42069
42070
42071
42073
42076
42077
42084
42090
42098
42099
42100
42101
42104
42105
42107
42108
42111
42119
42120
42125
42127
42134
42136
42137
42138
42143
42146
42147
42150
42152
42167
42169
42170
42182
42183
42184
42185
42188
42190
42192
42193
42194
42196
42198
42201
42202
42203
42204
42209
42211
42217
42219
42222
42224
42226
42228
42229
42230
42238
42239
42240
42241
42242
42243
42246
42250
42253
42254
42255
42257
42262
42265
42267
42269
42273
42274
42278
42282
42286
42288
42297
42298
42299
42303
42312
42315
42318
42320
42323
42326
42327
42332
42334
42338
42342
42345
42346
42351
42354
42361
42364
42366
42367
42368
42371
42373
42374
42377
42379
42382
42385
42386
42393
42395
42396
42397
42401
42406
42409
42411
42412
42413
42416
42420
42423
42426
42427
42428
42429
42431
42436
42438
42445
42447
42449
42452
42456
42462
42465
42469
42471
42474
42480
42485
42487
42492
42495
42497
42500
42505
42509
42511
42512
42513
42514
42519
42521
42526
42528
42530
42537
42539
42551
42553
42556
42557
42559
42562
42570
42577
42581
42591
42601
42609
42611
42619
42620
42625
42626
42627
42628
42629
42635
42643
42645
42647
42648
42652
42653
42659
42660
42662
42665
42666
42671
42674
42676
42680
42683
42684
42694
42701
42703
42707
42712
42714
42715
42716
42717
42718
42721
42723
42731
42734
42738
42739
42740
42742
42743
42744
42747
42749
42750
42752
42757
42758
42762
42764
42765
42770
42771
42772
42786
42789
42791
42794
42797
42798
42799
42802
42816
42820
42822
42823
42825
42833
42837
42843
42844
42853
42858
42859
42860
42864
42865
42867
42869
42870
42872
42875
42880
42881
42889
42891
42893
42896
42899
42901
42902
42903
42910
42914
42915
42916
42925
42933
42939
42941
42942
42947
42948
42952
42953
42955
42956
42960
42961
42963
42964
42965
42970
42973
42976
42977
42978
42982
42986
42987
42988
42989
42990
42998
43001
43003
43004
43007
43011
43012
43013
43014
43015
43016
43020
43021
43025
43030
43033
43042
43046
43050
43051
43053
43055
43056
43058
43062
43063
43066
43067
43074
43075
43084
43087
43093
43096
43102
43104
43108
43110
43111
43112
43113
43117
43120
43128
43135
43138
43144
43145
43150
43153
43158
43159
43167
43170
43175
43176
43183
43184
43185
43193
43194
43195
43197
43198
43199
43200
43201
43202
43204
43208
43210
43211
43213
43215
43216
43218
43226
43227
43232
43234
43240
43245
43246
43248
43249
43250
43251
43256
43259
43260
43261
43265
43270
43277
43282
43283
43285
43289
43295
43296
43297
43298
43300
43303
43306
43309
43310
43311
43312
43313
43315
43321
43328
43329
43332
43334
43336
43337
43339
43350
43353
43358
43367
43374
43383
43390
43394
43399
43400
43401
43411
43413
43416
43421
43422
43425
43432
43435
43445
43446
43447
43449
43451
43452
43453
43459
43476
43479
43480
43483
43488
43491
43492
43503
43505
43507
43510
43511
43513
43516
43522
43526
43530
43535
43538
43540
43544
43552
43553
43556
43557
43566
43569
43570
43571
43576
43578
43584
43585
43591
43599
43600
43602
43611
43613
43615
43622
43623
43624
43628
43631
43632
43633
43647
43651
43652
43653
43658
43660
43664
43668
43672
43676
43677
43682
43686
43687
43689
43690
43698
43699
43700
43704
43711
43714
43718
43722
43723
43724
43729
43734
43737
43740
43743
43744
43745
43747
43748
43754
43757
43761
43765
43772
43776
43777
43780
43781
43783
43785
43786
43792
43802
43803
43804
43805
43807
43808
43815
43817
43819
43820
43824
43827
43830
43832
43836
43841
43850
43851
43852
43853
43861
43862
43863
43865
43873
43883
43886
43889
43898
43900
43901
43906
43908
43909
43919
43921
43924
43927
43931
43939
43942
43947
43955
43957
43960
43961
43963
43965
43967
43971
43977
43978
43979
43980
43984
43985
43986
44001
44002
44009
44015
44020
44021
44022
44024
44025
44029
44031
44032
44033
44034
44035
44036
44038
44042
44044
44046
44047
44049
44050
44057
44060
44064
44067
44074
44081
44082
44083
44084
44085
44091
44093
44099
44100
44104
44109
44110
44112
44114
44115
44116
44119
44120
44122
44126
44128
44140
44143
44145
44153
44162
44169
44174
44176
44179
44180
44184
44190
44195
44203
44205
44208
44214
44219
44221
44223
44227
44228
44232
44233
44235
44236
44240
44241
44243
44249
44250
44252
44257
44268
44269
44273
44278
44284
44289
44290
44294
44295
44298
44310
44312
44313
44316
44317
44319
44320
44323
44326
44329
44330
44334
44335
44336
44337
44341
44350
44351
44368
44388
44389
44401
44403
44404
44407
44408
44409
44416
44418
44420
44424
44425
44432
44433
44435
44444
44447
44452
44453
44454
44455
44459
44461
44469
44470
44471
44479
44483
44484
44487
44489
44494
44499
44503
44505
44509
44512
44513
44515
44516
44521
44524
44525
44526
44528
44530
44537
44542
44546
44547
44551
44553
44554
44560
44565
44567
44568
44569
44571
44572
44578
44579
44582
44583
44584
44588
44589
44594
44596
44597
44599
44610
44613
44618
44620
44622
44627
44632
44634
44637
44639
44643
44644
44648
44651
44654
44658
44663
44665
44670
44672
44673
44675
44680
44681
44684
44688
44689
44695
44699
44704
44707
44708
44709
44710
44712
44713
44714
44725
44726
44731
44732
44734
44735
44737
44739
44741
44742
44747
44749
44750
44751
44753
44756
44757
44758
44759
44761
44762
44765
44771
44774
44775
44780
44781
44784
44786
44789
44791
44792
44798
44803
44806
44809
44811
44814
44822
44828
44844
44848
44855
44860
44866
44867
44870
44871
44879
44880
44881
44884
44894
44895
44903
44913
44915
44920
44923
44929
44931
44935
44937
44941
44945
44950
44951
44954
44956
44957
44958
44960
44961
44971
44972
44974
44975
44977
44978
44979
44982
44987
44989
44995
44999
45001
45002
45005
45009
45011
45014
45021
45026
45031
45033
45037
45038
45044
45045
45046
45047
45053
45055
45058
45061
45062
45065
45067
45070
45071
45073
45074
45076
45078
45086
45087
45090
45094
45102
45107
45109
45114
45119
45123
45127
45128
45130
45131
45132
45134
45135
45143
45145
45148
45149
45150
45152
45158
45159
45160
45161
45163
45165
45168
45173
45178
45183
45187
45188
45194
45200
45203
45204
45208
45210
45211
45213
45214
45216
45220
45223
45224
45226
45227
45230
45243
45248
45250
45251
45258
45259
45260
45268
45274
45281
45287
45295
45297
45302
45303
45306
45308
45311
45313
45316
45319
45321
45325
45326
45327
45329
45330
45332
45334
45336
45341
45346
45347
45348
45350
45351
45358
45363
45365
45366
45370
45374
45378
45387
45388
45393
45397
45401
45404
45405
45407
45409
45410
45412
45414
45426
45428
45431
45446
45447
45450
45460
45467
45468
45480
45485
45491
45494
45496
45500
45509
45512
45515
45517
45519
45525
45530
45533
45539
45548
45558
45563
45570
45578
45588
45589
45595
45602
45605
45610
45612
45613
45620
45621
45622
45624
45631
45640
45643
45644
45645
45646
45650
45661
45663
45664
45665
45666
45668
45669
45670
45673
45674
45675
45679
45681
45682
45686
45688
45690
45692
45697
45701
45703
45711
45716
45719
45722
45724
45726
45728
45730
45736
45743
45746
45748
45757
45763
45766
45773
45779
45780
45784
45791
45798
45802
45805
45807
45808
45811
45814
45820
45824
45827
45839
45848
45851
45852
45854
45856
45857
45858
45860
45862
45865
45867
45868
45870
45874
45875
45878
45882
45890
45891
45894
45897
45900
45908
45910
45911
45912
45915
45918
45920
45921
45923
45925
45931
45932
45933
45934
45936
45942
45943
45947
45952
45956
45959
45960
45962
45974
45976
45979
45981
45982
45985
45992
45996
45999
46002
46004
46005
46006
46010
46012
46013
46015
46017
46018
46022
46025
46026
46028
46036
46037
46038
46039
46043
46046
46048
46050
46052
46053
46057
46060
46065
46066
46069
46070
46074
46083
46084
46085
46086
46090
46092
46096
46104
46105
46107
46108
46110
46112
46119
46137
46139
46140
46143
46144
46145
46147
46148
46151
46152
46153
46154
46156
46157
46163
46166
46168
46173
46174
46179
46185
46187
46189
46193
46195
46199
46200
46202
46207
46212
46224
46226
46229
46231
46233
46234
46241
46243
46245
46251
46252
46254
46256
46267
46269
46270
46276
46277
46278
46283
46290
46292
46303
46316
46319
46324
46325
46330
46332
46336
46337
46342
46346
46351
46355
46369
46370
46377
46390
46391
46400
46403
46404
46409
46411
46414
46422
46429
46431
46436
46437
46449
46455
46456
46457
46460
46465
46466
46469
46470
46472
46477
46484
46486
46487
46488
46493
46500
46503
46504
46511
46514
46518
46521
46522
46526
46527
46528
46533
46535
46541
46543
46557
46562
46563
46568
46575
46577
46583
46584
46590
46595
46599
46605
46611
46612
46614
46615
46618
46620
46621
46629
46632
46636
46644
46645
46647
46652
46656
46659
46663
46666
46670
46672
46677
46686
46688
46690
46695
46699
46700
46707
46711
46726
46727
46730
46734
46737
46747
46749
46754
46757
46758
46764
46769
46776
46784
46785
46787
46796
46802
46803
46811
46821
46827
46828
46835
46840
46848
46855
46867
46871
46875
46876
46880
46881
46894
46896
46897
46899
46902
46909
46910
46911
46916
46919
46923
46925
46926
46927
46930
46933
46937
46939
46944
46947
46960
46963
46965
46970
46971
46972
46974
46975
46983
46988
46992
46998
47002
47006
47013
47014
47017
47018
47034
47037
47041
47043
47045
47054
47056
47069
47074
47075
47079
47081
47086
47087
47088
47091
47095
47096
47097
47099
47100
47103
47107
47123
47125
47126
47127
47129
47138
47139
47140
47141
47142
47144
47148
47155
47161
47167
47169
47171
47174
47182
47187
47193
47194
47195
47197
47198
47206
47207
47211
47213
47215
47216
47223
47228
47229
47235
47236
47238
47244
47245
47246
47253
47254
47267
47270
47276
47277
47281
47284
47286
47291
47298
47300
47303
47306
47310
47311
47313
47314
47315
47319
47320
47321
47332
47334
47335
47337
47341
47347
47350
47351
47352
47353
47362
47368
47369
47370
47373
47381
47384
47393
47395
47400
47404
47405
47407
47408
47414
47417
47430
47431
47432
47433
47434
47439
47440
47449
47454
47468
47479
47481
47485
47488
47496
47497
47503
47516
47517
47522
47524
47526
47532
47533
47534
47536
47553
47556
47557
47560
47561
47563
47566
47576
47587
47590
47591
47599
47600
47601
47603
47605
47606
47607
47608
47611
47616
47620
47621
47625
47632
47635
47638
47642
47647
47650
47651
47655
47656
47660
47661
47668
47676
47683
47684
47687
47693
47695
47696
47697
47708
47710
47717
47718
47721
47737
47738
47745
47746
47752
47753
47754
47755
47765
47767
47768
47780
47783
47789
47794
47799
47801
47803
47805
47808
47810
47812
47817
47818
47822
47825
47827
47836
47838
47842
47846
47849
47853
47854
47861
47862
47867
47872
47873
47878
47879
47886
47887
47892
47894
47900
47901
47910
47911
47916
47917
47920
47922
47923
47924
47926
47929
47942
47943
47946
47948
47950
47951
47954
47956
47960
47963
47964
47969
47970
47972
47974
47978
47980
47981
47983
47995
48006
48019
48025
48026
48028
48031
48033
48034
48038
48039
48040
48041
48046
48047
48056
48058
48060
48061
48062
48064
48071
48072
48084
48089
48102
48103
48108
48109
48113
48119
48127
48130
48134
48136
48138
48140
48142
48143
48147
48148
48156
48165
48168
48171
48178
48181
48184
48190
48204
48207
48208
48210
48213
48214
48215
48217
48218
48222
48226
48232
48233
48240
48244
48247
48249
48252
48253
48261
48263
48270
48272
48278
48284
48289
48291
48292
48293
48298
48303
48312
48314
48327
48329
48330
48340
48345
48349
48354
48359
48362
48365
48366
48367
48368
48371
48373
48374
48378
48379
48380
48384
48385
48391
48395
48397
48398
48401
48404
48408
48410
48412
48415
48419
48425
48426
48427
48430
48433
48438
48439
48440
48444
48448
48449
48450
48453
48457
48458
48459
48461
48465
48469
48470
48475
48477
48478
48490
48492
48495
48497
48506
48511
48515
48516
48517
48519
48522
48524
48529
48531
48532
48534
48543
48547
48551
48553
48554
48558
48559
48561
48565
48569
48572
48574
48580
48589
48591
48611
48612
48614
48617
48620
48626
48631
48634
48635
48637
48642
48647
48649
48668
48669
48670
48672
48673
48674
48693
48697
48699
48703
48705
48706
48709
48711
48712
48714
48720
48723
48728
48730
48731
48740
48744
48749
48753
48754
48755
48757
48759
48760
48763
48764
48767
48773
48774
48778
48783
48784
48798
48803
48814
48816
48819
48820
48822
48826
48832
48837
48838
48844
48850
48852
48856
48860
48861
48864
48867
48868
48873
48875
48879
48885
48887
48888
48889
48893
48894
48896
48898
48905
48906
48909
48910
48911
48913
48914
48915
48916
48919
48925
48928
48929
48936
48939
48941
48949
48952
48958
48959
48966
48968
48971
48976
48980
48986
48989
48991
48993
49001
49003
49009
49011
49012
49016
49024
49026
49034
49037
49043
49046
49055
49058
49060
49061
49067
49073
49074
49076
49077
49081
49082
49086
49089
49092
49093
49096
49098
49101
49102
49107
49108
49110
49114
49116
49121
49125
49127
49128
49131
49134
49138
49140
49142
49153
49154
49156
49161
49163
49171
49172
49173
49179
49192
49193
49195
49196
49200
49201
49204
49205
49209
49211
49213
49214
49215
49222
49223
49224
49225
49226
49232
49233
49244
49245
49252
49262
49269
49270
49272
49274
49279
49281
49295
49302
49303
49315
49318
49319
49320
49323
49325
49336
49337
49338
49343
49348
49352
49353
49378
49379
49380
49384
49385
49386
49387
49390
49394
49395
49397
49399
49401
49405
49411
49412
49418
49421
49435
49436
49439
49440
49442
49444
49446
49449
49456
49460
49471
49477
49485
49488
49493
49494
49500
49501
49505
49509
49513
49514
49524
49526
49529
49530
49532
49534
49540
49545
49546
49548
49552
49553
49557
49558
49560
49562
49564
49565
49568
49570
49573
49576
49580
49582
49584
49585
49587
49595
49604
49612
49613
49614
49622
49623
49625
49633
49636
49637
49641
49645
49649
49650
49652
49655
49659
49663
49668
49669
49675
49678
49680
49681
49689
49695
49706
49710
49715
49717
49718
49722
49726
49730
49732
49735
49737
49741
49750
49754
49763
49764
49767
49770
49772
49782
49784
49787
49791
49793
49794
49800
49805
49812
49815
49822
49827
49829
49831
49834
49836
49839
49841
49848
49850
49866
49868
49871
49875
49876
49877
49882
49889
49890
49891
49896
49899
49902
49904
49909
49925
49927
49929
49933
49948
49950
49951
49952
49954
49956
49958
49961
49964
49969
49972
49974
49977
49984
49986
49990
49992
50021
50023
50025
50028
50036
50043
50045
50057
50059
50063
50065
50066
50067
50070
50081
50087
50089
50094
50095
50101
50105
50106
50107
50108
50115
50122
50126
50129
50132
50139
50141
50144
50145
50152
50153
50154
50156
50159
50163
50166
50173
50177
50181
50185
50187
50188
50190
50193
50201
50203
50207
50213
50215
50224
50229
50235
50237
50239
50243
50245
50249
50250
50259
50260
50261
50262
50263
50265
50267
50278
50282
50283
50284
50287
50289
50293
50294
50295
50299
50305
50308
50309
50310
50312
50313
50318
50321
50323
50328
50329
50331
50332
50334
50335
50337
50341
50345
50351
50352
50353
50354
50355
50358
50361
50362
50366
50368
50370
50374
50376
50377
50385
50386
50393
50395
50403
50408
50412
50414
50422
50428
50429
50431
50432
50444
50450
50456
50457
50459
50470
50472
50473
50475
50480
50482
50483
50484
50493
50498
50499
50502
50504
50508
50512
50513
50516
50517
50518
50522
50524
50534
50538
50542
50545
50546
50547
50548
50549
50554
50555
50556
50557
50559
50560
50566
50576
50577
50581
50587
50590
50591
50597
50599
50601
50607
50608
50609
50613
50614
50615
50624
50625
50627
50630
50631
50636
50637
50639
50648
50651
50653
50657
50660
50661
50664
50674
50680
50685
50692
50695
50697
50699
50700
50704
50705
50714
50720
50721
50722
50725
50727
50729
50730
50737
50738
50740
50743
50752
50758
50762
50765
50768
50774
50775
50781
50782
50784
50785
50786
50795
50797
50802
50803
50811
50815
50821
50824
50828
50830
50834
50835
50839
50844
50846
50857
50862
50867
50869
50872
50887
50888
50889
50890
50893
50895
50904
50906
50910
50912
50915
50919
50926
50927
50935
50937
50939
50941
50942
50946
50948
50949
50950
50955
50956
50958
50961
50964
50975
50977
50981
50982
50987
50990
50991
50997
50998
51002
51003
51006
51009
51015
51016
51018
51022
51025
51026
51027
51029
51035
51043
51045
51046
51051
51056
51058
51061
51065
51067
51068
51070
51072
51077
51081
51083
51087
51090
51092
51100
51101
51103
51108
51113
51117
51118
51119
51125
51129
51132
51133
51135
51142
51143
51145
51151
51155
51164
51165
51166
51168
51171
51175
51177
51178
51183
51184
51185
51190
51192
51196
51199
51206
51214
51216
51218
51220
51222
51224
51228
51229
51230
51232
51235
51245
51246
51248
51249
51250
51251
51257
51258
51259
51264
51266
51268
51278
51282
51283
51285
51289
51303
51307
51311
51315
51321
51324
51328
51331
51334
51335
51341
51342
51344
51347
51348
51349
51352
51353
51359
51361
51365
51371
51374
51380
51381
51386
51389
51391
51393
51400
51402
51412
51415
51419
51420
51422
51425
51428
51430
51431
51438
51446
51447
51448
51452
51460
51469
51475
51479
51481
51495
51497
51498
51513
51517
51522
51523
51524
51525
51527
51528
51541
51545
51548
51550
51552
51559
51562
51564
51565
51572
51577
51582
51586
51589
51594
51603
51604
51611
51615
51616
51617
51618
51620
51622
51628
51632
51635
51637
51638
51642
51649
51651
51656
51658
51660
51665
51667
51675
51678
51684
51686
51690
51697
51699
51700
51709
51714
51719
51721
51722
51724
51726
51728
51732
51734
51735
51741
51748
51750
51752
51755
51756
51767
51768
51773
51775
51777
51778
51787
51790
51791
51793
51796
51807
51813
51815
51819
51821
51822
51832
51833
51835
51836
51840
51841
51842
51844
51850
51851
51855
51856
51858
51861
51867
51870
51873
51874
51875
51884
51886
51887
51895
51897
51899
51906
51916
51919
51920
51924
51940
51943
51946
51952
51954
51955
51956
51958
51961
51964
51965
51972
51981
51984
51985
51989
51990
51992
51995
51996
51999
52003
52004
52008
52012
52013
52017
52022
52023
52025
52036
52039
52041
52043
52046
52055
52060
52061
52064
52071
52080
52083
52084
52091
52097
52098
52104
52105
52107
52108
52109
52110
52112
52115
52121
52125
52134
52135
52139
52140
52142
52144
52145
52146
52151
52152
52154
52155
52160
52162
52164
52166
52169
52175
52181
52185
52190
52193
52197
52199
52201
52202
52204
52205
52210
52214
52216
52227
52231
52234
52235
52237
52239
52242
52246
52249
52250
52259
52261
52265
52268
52271
52274
52275
52279
52282
52283
52294
52295
52299
52300
52303
52314
52315
52317
52319
52328
52330
52341
52343
52347
52349
52350
52354
52355
52356
52357
52358
52361
52364
52365
52368
52369
52370
52372
52373
52375
52377
52381
52384
52389
52390
52397
52402
52403
52404
52406
52408
52409
52411
52415
52417
52422
52425
52432
52434
52436
52437
52443
52452
52462
52463
52465
52471
52473
52479
52482
52486
52488
52491
52494
52498
52499
52504
52509
52512
52526
52529
52530
52547
52548
52549
52552
52559
52561
52566
52570
52571
52576
52578
52580
52581
52585
52594
52599
52600
52603
52605
52606
52609
52615
52616
52619
52620
52622
52628
52630
52631
52636
52637
52638
52641
52647
52648
52659
52660
52661
52662
52663
52679
52683
52691
52707
52715
52716
52717
52728
52731
52734
52743
52750
52755
52757
52760
52762
52766
52771
52772
52774
52776
52777
52779
52782
52786
52789
52794
52796
52800
52801
52802
52804
52807
52813
52815
52820
52823
52824
52826
52827
52828
52833
52834
52836
52838
52839
52841
52846
52850
52853
52855
52863
52864
52870
52871
52872
52873
52876
52877
52881
52887
52891
52896
52898
52902
52907
52913
52919
52924
52927
52934
52940
52942
52946
52948
52959
52961
52962
52963
52964
52968
52972
52974
52976
52983
52990
52995
52999
53004
53006
53011
53017
53025
53033
53038
53044
53045
53051
53052
53054
53060
53063
53065
53071
53080
53081
53082
53090
53096
53099
53100
53102
53106
53108
53110
53118
53121
53123
53126
53128
53129
53130
53136
53137
53140
53141
53146
53147
53148
53152
53155
53158
53166
53172
53177
53186
53192
53197
53198
53199
53203
53204
53210
53211
53212
53214
53216
53222
53224
53234
53235
53238
53239
53240
53243
53248
53249
53251
53257
53258
53259
53262
53263
53265
53267
53269
53271
53273
53280
53281
53283
53289
53296
53300
53302
53308
53313
53314
53319
53324
53328
53332
53333
53335
53336
53337
53341
53343
53344
53348
53350
53355
53357
53359
53362
53364
53366
53368
53369
53372
53375
53379
53381
53385
53395
53399
53400
53403
53405
53407
53410
53414
53415
53416
53417
53418
53419
53423
53424
53426
53430
53434
53437
53438
53439
53440
53442
53443
53453
53459
53462
53463
53467
53473
53474
53477
53478
53481
53484
53486
53493
53494
53495
53506
53513
53526
53529
53533
53534
53539
53549
53550
53556
53559
53563
53568
53573
53574
53582
53588
53595
53596
53598
53599
53601
53607
53612
53613
53615
53618
53620
53624
53627
53629
53630
53634
53637
53639
53643
53645
53647
53650
53657
53663
53669
53683
53685
53693
53695
53696
53697
53698
53703
53708
53709
53710
53712
53723
53724
53728
53729
53731
53734
53741
53747
53750
53751
53755
53760
53761
53768
53771
53773
53777
53779
53780
53782
53784
53787
53789
53791
53795
53797
53798
53799
53803
53806
53807
53809
53810
53811
53813
53818
53825
53826
53833
53837
53841
53845
53846
53850
53851
53853
53855
53859
53868
53871
53873
53878
53882
53883
53891
53892
53893
53894
53898
53899
53901
53902
53903
53904
53910
53911
53912
53914
53916
53920
53925
53926
53938
53944
53946
53952
53955
53956
53961
53964
53965
53966
53968
53969
53980
53983
53984
53992
53995
54001
54008
54010
54011
54018
54022
54027
54030
54037
54041
54046
54049
54053
54069
54071
54072
54074
54077
54083
54084
54090
54094
54101
54102
54106
54107
54110
54112
54113
54120
54122
54126
54132
54134
54145
54153
54157
54161
54163
54169
54170
54171
54173
54186
54188
54202
54203
54204
54210
54216
54219
54220
54224
54225
54227
54232
54233
54234
54236
54237
54241
54242
54243
54247
54249
54251
54254
54263
54267
54268
54272
54273
54276
54278
54280
54285
54286
54287
54293
54296
54297
54304
54308
54315
54317
54320
54328
54332
54341
54344
54345
54347
54348
54349
54352
54356
54357
54358
54360
54361
54362
54368
54369
54370
54372
54378
54383
54384
54388
54391
54396
54401
54407
54411
54414
54415
54432
54433
54434
54438
54442
54444
54447
54452
54453
54454
54455
54456
54457
54459
54460
54466
54467
54468
54469
54473
54477
54482
54491
54498
54499
54507
54509
54515
54517
54519
54522
54528
54529
54534
54535
54536
54538
54541
54544
54546
54547
54549
54552
54553
54556
54563
54564
54565
54566
54567
54569
54571
54575
54576
54577
54583
54590
54595
54598
54599
54601
54602
54604
54606
54612
54615
54646
54659
54660
54661
54662
54664
54665
54667
54668
54669
54673
54674
54680
54683
54690
54696
54697
54699
54704
54705
54707
54709
54710
54712
54713
54715
54718
54719
54720
54729
54730
54733
54735
54736
54739
54747
54751
54753
54754
54756
54757
54760
54761
54762
54765
54770
54775
54776
54777
54779
54780
54786
54789
54792
54794
54798
54800
54801
54804
54806
54810
54814
54820
54826
54828
54830
54832
54834
54835
54836
54839
54841
54842
54843
54844
54845
54850
54851
54853
54854
54858
54860
54863
54864
54868
54869
54870
54871
54874
54880
54881
54882
54885
54886
54887
54888
54889
54890
54897
54901
54902
54904
54906
54908
54911
54913
54915
54919
54921
54923
54928
54931
54934
54935
54937
54939
54945
54950
54953
54956
54958
54963
54964
54969
54971
54975
54979
54980
54982
54983
54986
54989
54991
54993
54994
54996
54997
54999
55001
55002
55005
55007
55008
55012
55016
55024
55029
55032
55043
55047
55048
55053
55057
55059
55062
55064
55069
55070
55071
55074
55075
55078
55082
55084
55087
55089
55090
55094
55095
55096
55101
55102
55103
55104
55106
55107
55108
55110
55113
55114
55116
55117
55118
55121
55123
55125
55127
55129
55130
55131
55135
55140
55143
55148
55152
55157
55159
55160
55165
55167
55168
55170
55173
55179
55182
55183
55185
55190
55191
55192
55193
55195
55196
55198
55199
55201
55208
55209
55210
55217
55219
55220
55223
55224
55230
55232
55233
55235
55237
55239
55240
55242
55246
55247
55248
55257
55261
55263
55266
55268
55269
55270
55274
55278
55280
55284
55288
55289
55294
55296
55297
55300
55302
55303
55306
55307
55311
55312
55313
55318
55320
55322
55323
55330
55340
55341
55343
55347
55348
55349
55351
55353
55356
55361
55362
55365
55366
55368
55371
55372
55373
55374
55375
55377
55382
55383
55395
55399
55400
55405
55407
55408
55411
55412
55413
55414
55416
55422
55423
55424
55426
55427
55430
55433
55438
55440
55443
55446
55448
55449
55450
55453
55455
55456
55460
55461
55463
55465
55469
55471
55472
55475
55477
55480
55481
55483
55484
55488
55490
55493
55497
55500
55503
55506
55507
55508
55519
55520
55524
55525
55526
55534
55536
55546
55548
55551
55563
)


// ************************************************************************* //
