/*--------------------------------*- C++ -*----------------------------------*\
| =========                 |                                                 |
| \\      /  F ield         | OpenFOAM: The Open Source CFD Toolbox           |
|  \\    /   O peration     | Version:  v2012                                 |
|   \\  /    A nd           | Website:  www.openfoam.com                      |
|    \\/     M anipulation  |                                                 |
\*---------------------------------------------------------------------------*/
FoamFile
{
    version     2.0;
    format      ascii;
    class       labelList;
    location    "constant/polyMesh";
    object      pointProcAddressing;
}
// * * * * * * * * * * * * * * * * * * * * * * * * * * * * * * * * * * * * * //


14488
(
0
4
8
10
12
14
16
17
18
19
20
21
22
23
24
25
26
27
28
29
30
31
32
33
34
35
36
37
38
39
40
41
42
43
44
45
46
47
48
49
50
51
52
53
380
381
382
383
384
385
386
387
388
389
390
391
392
393
394
395
396
397
398
399
400
401
402
403
404
405
406
407
408
409
410
411
412
413
414
415
416
417
418
419
420
421
422
423
424
425
426
427
428
429
430
431
432
433
434
435
436
437
438
439
440
441
442
443
444
445
446
447
448
449
450
451
452
453
454
455
456
457
458
459
460
461
462
463
464
465
466
467
468
469
470
471
472
473
474
475
476
477
478
479
480
481
482
483
484
485
486
487
488
489
490
491
492
493
494
495
496
497
498
499
500
501
502
503
504
505
506
507
508
509
510
511
512
513
514
515
516
517
518
519
520
521
522
523
524
525
526
527
528
529
530
531
532
533
534
535
536
537
538
539
540
541
542
543
544
545
733
734
735
736
737
738
739
740
741
742
743
744
745
746
747
748
749
750
751
752
753
754
755
756
757
758
759
760
761
762
763
764
765
766
767
768
769
770
771
772
773
774
775
776
777
778
779
780
781
782
783
784
785
786
787
788
789
790
791
792
793
794
795
796
797
798
799
800
801
802
803
804
805
806
807
1134
1135
1136
1137
1138
1139
1140
1141
1142
1143
1144
1145
1146
1147
1148
1149
1150
1151
1152
1153
1154
1155
1156
1157
1158
1159
1160
1161
1162
1163
1164
1165
1166
1167
1168
1169
1170
1171
1172
1173
1174
1175
1176
1177
1178
1179
1180
1181
1182
1183
1184
1185
1186
1187
1188
1189
1190
1191
1192
1193
1194
1195
1196
1197
1198
1199
1200
1201
1202
1203
1204
1205
1206
1207
1208
1209
1210
1211
1212
1213
1214
1215
1216
1217
1218
1219
1220
1221
1222
1223
1224
1225
1226
1227
1228
1229
1230
1231
1232
1233
1234
1235
1236
1237
1238
1239
1240
1241
1242
1243
1244
1245
1246
1247
1248
1249
1250
1251
1252
1253
1254
1255
1256
1257
1258
1259
1260
1261
1262
1263
1264
1265
1266
1267
1268
1269
1270
1271
1272
1273
1274
1275
1276
1277
1278
1279
1280
1281
1282
1283
1284
1285
1286
1287
1288
1289
1290
1291
1292
1293
1294
1295
1296
1297
1298
1299
1487
1488
1489
1490
1491
1492
1493
1494
1495
1496
1497
1498
1499
1500
1501
1502
1503
1504
1505
1506
1507
1508
1509
1510
1511
1512
1513
1514
1515
1516
1517
1518
1519
1520
1521
1522
1523
1528
1538
1548
1549
1550
1551
1552
1553
1554
1555
1557
1558
1559
1560
1561
1562
1563
1566
1567
1578
1585
1589
1594
1595
1600
1604
1608
1613
1615
1617
1622
1627
1630
1631
1636
1637
1639
1641
1644
1646
1647
1649
1651
1654
1656
1658
1660
1662
1665
1670
1675
1679
1686
1689
1703
1705
1708
1715
1716
1717
1719
1720
1721
1729
1730
1735
1737
1762
2292
2293
2294
2295
2296
2297
2298
2299
2300
2301
2302
2303
2304
2305
2306
2307
2308
2309
2310
2311
2312
2313
2314
2315
2316
2317
2318
2319
2320
2321
2322
2323
2324
2325
2326
2327
2328
2329
2330
2331
2332
2333
2334
2335
2336
2337
2338
2339
2340
2343
2344
2345
2346
2347
2348
2349
2350
2351
2352
2353
2354
2355
2356
2357
2358
2359
2360
2361
2362
2363
2364
2365
2366
2367
2368
2369
2370
2371
2372
2373
2374
2375
2376
2377
2378
2379
2380
2381
2382
2383
2384
2385
2386
2388
2389
2393
2394
2397
2398
2400
2404
2405
2406
2409
2410
2411
2417
2419
2424
2429
2431
2432
2442
2487
2488
2540
2541
2542
2543
2544
2545
2546
2547
2548
2549
2550
2573
2574
2662
2663
2664
2665
2666
2667
2668
2669
2670
2676
2677
2678
2679
2686
2687
2688
2689
2694
2695
2696
2698
2699
2706
2707
2709
2710
2711
2712
2713
2718
2719
2720
2721
2722
2723
2724
2725
2726
2727
2728
2729
2730
2731
2732
2733
2734
2735
2736
2737
2738
2739
2740
2741
2742
2743
2744
2745
2746
2747
2748
2757
2765
2766
3053
3054
3112
3113
3114
3115
3116
3117
3118
3119
3120
3121
3122
3123
3124
3125
3126
3127
3128
3129
3130
3131
3132
3133
3134
3135
3136
3137
3138
3139
3140
3141
3142
3143
3146
3147
3148
3149
3150
3151
3152
3153
3154
3155
3156
3157
3158
3159
3160
3161
3162
3163
3164
3165
3166
3167
3168
3169
3170
3171
3172
3173
3174
3175
3176
3177
3178
3179
3180
3181
3182
3183
3184
3185
3186
3187
3188
3189
3190
3191
3192
3193
3194
3195
3196
3197
3198
3199
3200
3201
3202
3203
3204
3205
3206
3207
3208
3209
3210
3211
3212
3213
3214
3215
3216
3217
3218
3219
3220
3221
3222
3223
3224
3225
3226
3227
3228
3229
3230
3231
3232
3233
3234
3235
3236
3237
3238
3239
3240
3241
3242
3243
3244
3245
3246
3247
3249
3250
3251
3252
3254
3255
3256
3257
3258
3259
3260
3261
3262
3263
3264
3266
3267
3284
3285
3286
3287
3397
3398
3405
3406
3411
3412
3413
3414
3415
3416
3417
3418
3419
3420
3421
3422
3423
3424
3425
3426
3427
3428
3429
3430
3431
3432
3433
3434
3456
3457
3458
3459
3460
3461
3462
3463
3464
3465
3466
3467
3474
3475
3476
3477
3489
3490
3494
3495
3548
3549
3562
3563
3605
3606
3625
3626
3627
3628
3629
3630
3633
3634
3644
3645
3650
3651
3652
3653
3654
3655
3665
3669
3670
3671
3672
3673
3674
3675
3676
3677
3678
3679
3680
3681
3682
3683
3684
3685
3686
3687
3688
3689
3690
3691
3692
3693
3694
3695
3696
3697
3698
3699
3700
3701
3702
3703
3704
3705
3706
3707
3708
3709
3710
3711
3712
3713
3714
3715
3716
3717
3718
3719
3720
3721
3722
3723
3734
3757
3764
3776
3777
3778
3783
3784
3833
3834
3836
3837
3838
3839
3841
3842
3843
3851
3852
3853
3854
3863
3864
3865
3866
3867
3868
3869
3870
3877
3882
3885
3886
3891
3892
3893
3894
3895
3896
3909
3913
3914
3921
3922
3931
3934
3935
3939
3940
3941
3942
3943
4023
4024
4025
4120
4130
4131
4140
4141
4142
4143
4144
4394
4412
4416
4424
4427
4434
4435
4439
4440
4489
4491
4554
4555
4583
4584
4585
4586
4616
4680
4681
4698
4699
4837
4846
4888
4889
4896
4897
4898
4899
4900
4901
4902
4918
4919
4937
4938
4941
4942
4943
4944
4945
4946
4947
4948
4949
4950
4951
4952
4953
4954
4955
4956
4957
4958
4959
4960
4961
4962
4963
4964
4965
4966
4967
4968
4969
4970
4971
4972
4973
4974
4975
4976
4977
4978
4979
4980
4981
4982
4983
4984
4985
4986
4987
4988
4989
4990
4991
4992
4993
4994
4995
4996
4997
4998
4999
5000
5001
5002
5003
5004
5005
5006
5007
5008
5009
5010
5011
5012
5013
5014
5015
5016
5017
5018
5019
5020
5021
5022
5023
5024
5025
5026
5027
5028
5029
5030
5031
5032
5033
5034
5035
5036
5037
5038
5039
5040
5041
5042
5043
5044
5045
5046
5047
5048
5049
5050
5051
5052
5053
5054
5055
5056
5057
5058
5059
5065
5072
5073
5074
5077
5078
5080
5087
5088
5090
5091
5093
5094
5134
5135
5178
5179
5180
5181
5182
5183
5184
5185
5186
5187
5188
5189
5190
5191
5192
5193
5194
5195
5196
5197
5198
5199
5200
5201
5202
5203
5204
5205
5206
5207
5208
5209
5210
5211
5212
5213
5214
5215
5216
5217
5218
5219
5220
5221
5222
5223
5224
5225
5226
5227
5228
5229
5230
5231
5232
5233
5234
5235
5236
5237
5238
5239
5240
5241
5242
5243
5244
5245
5246
5247
5248
5249
5250
5251
5252
5253
5254
5255
5256
5257
5258
5259
5260
5261
5262
5263
5264
5265
5266
5267
5268
5269
5270
5271
5272
5273
5274
5275
5276
5277
5278
5279
5280
5281
5282
5283
5284
5285
5286
5287
5288
5289
5290
5291
5292
5293
5294
5295
5296
5297
5298
5299
5300
5301
5302
5303
5304
5305
5306
5307
5308
5309
5310
5311
5312
5313
5314
5315
5316
5317
5318
5319
5320
5321
5322
5323
5324
5325
5326
5327
5328
5329
5330
5331
5332
5333
5334
5335
5336
5337
5338
5339
5340
5341
5342
5343
5344
5345
5346
5347
5348
5349
5350
5351
5352
5353
5354
5355
5356
5357
5358
5359
5360
5361
5362
5363
5364
5365
5366
5368
5369
5370
5374
5375
5376
5377
5378
5379
5380
5381
5382
5383
5384
5385
5386
5387
5388
5389
5390
5391
5392
5393
5394
5395
5396
5397
5398
5399
5400
5402
5403
5404
5405
5406
5407
5408
5409
5410
5411
5412
5413
5416
5417
5452
5456
5457
5460
5461
5463
5600
5601
5610
5612
5720
5723
5724
5727
5728
5731
5757
5765
5776
5777
5778
5782
5783
5784
5787
5790
5814
5816
5817
5818
5843
5845
5862
5866
5868
5872
5892
5893
5894
5899
5900
5906
5907
5908
5909
5910
5911
5912
5913
5950
5951
5964
5965
5983
5988
6012
6013
6014
6015
6016
6017
6025
6026
6027
6028
6029
6030
6031
6032
6052
6053
6058
6061
6062
6070
6071
6072
6073
6116
6118
6119
6136
6137
6144
6145
6147
6148
6154
6155
6156
6157
6159
6160
6161
6181
6182
6183
6184
6204
6205
6206
6221
6222
6223
6227
6228
6249
6250
6261
6262
6263
6364
6365
6366
6367
6368
6369
6370
6371
6372
6373
6374
6375
6376
6389
6408
6416
6417
6418
6419
6430
6431
6452
6461
6462
6463
6464
6465
6466
6467
6468
6469
6518
6519
6556
6586
6592
6597
6598
6599
6617
6624
6625
6626
6627
6628
6629
6630
6631
6632
6652
6653
6654
6655
6656
6657
6658
6659
6660
6661
6662
6697
6698
6699
6700
6701
6702
6703
6704
6705
6706
6707
6708
6709
6710
6711
6712
6713
6714
6715
6716
6717
6718
6719
6720
6721
6722
6723
6724
6725
6726
6727
6728
6729
6730
6731
6732
6733
6741
6742
6743
6745
6746
6747
6748
6782
6785
6809
6810
6811
6812
6827
6871
6872
6873
6874
6875
6879
6886
6914
6915
6934
6960
6961
6962
6963
6984
6988
6989
6990
6991
6992
6993
6994
7002
7003
7005
7006
7009
7035
7036
7050
7057
7066
7093
7101
7102
7110
7111
7112
7113
7114
7115
7116
7117
7118
7119
7120
7121
7122
7123
7124
7125
7126
7127
7128
7129
7130
7131
7132
7133
7134
7135
7136
7137
7138
7139
7140
7141
7142
7143
7144
7159
7160
7161
7162
7163
7168
7177
7178
7191
7483
7485
7488
7490
7501
7509
7511
7512
7513
7520
7521
7524
7525
7526
7527
7539
7544
7545
7554
7558
7559
7560
7561
7562
7563
7564
7565
7567
7568
7570
7573
7576
7579
7583
7584
7589
7592
7593
7594
7600
7602
7621
7624
7625
7626
7627
7628
7634
7635
7641
7657
7660
7663
7684
7690
7691
7693
7699
7714
7717
7725
7736
7742
7743
7763
7764
7768
7774
7776
7777
7828
7829
7830
7838
7868
7869
7870
7871
7872
7873
7874
7875
7876
7877
7878
7879
7880
7881
7882
7883
7884
7885
7886
7887
7888
7889
7890
7891
7892
7893
7922
7939
7940
7941
7942
7943
7944
7945
7946
7947
7957
7959
7960
7961
7962
7963
7973
7985
7986
7987
7988
7989
7990
8072
8073
8083
8101
8181
8186
8187
8188
8237
8238
8246
8247
8250
8267
8279
8280
8281
8282
8283
8285
8298
8330
8338
8343
8356
8385
8386
8387
8388
8391
8427
8428
8429
8430
8431
8432
8433
8440
8444
8450
8452
8453
8454
8455
8456
8457
8460
8473
8474
8475
8487
8488
8489
8490
8491
8496
8497
8498
8499
8500
8502
8503
8504
8505
8527
8541
8547
8549
8551
8573
8574
8583
8586
8587
8590
8592
8593
8596
8606
8612
8613
8619
8621
8622
8628
8631
8632
8643
8644
8646
8650
8657
8661
8662
8663
8664
8665
8666
8667
8668
8669
8670
8671
8672
8673
8674
8675
8676
8677
8678
8679
8680
8681
8682
8683
8684
8685
8686
8687
8688
8689
8690
8692
8693
8694
8696
8698
8699
8700
8708
8709
8722
8723
8725
8726
8735
8736
8780
8782
8791
8804
8807
8822
8823
8824
8825
8826
8827
8828
8829
8830
8831
8832
8833
8834
8835
8836
8837
8838
8839
8840
8841
8842
8843
8844
8845
8846
8847
8848
8849
8850
8851
8852
8853
8854
8855
8856
8857
8858
8859
8860
8861
8862
8863
8864
8865
8866
8867
8868
8869
8870
8871
8872
8873
8874
8875
8876
8877
8878
8879
8880
8881
8882
8883
8884
8885
8886
8891
8925
8926
8934
8938
8939
8940
8943
8954
8955
8974
8975
8976
8979
8992
8997
9003
9039
9051
9052
9053
9054
9084
9086
9087
9088
9089
9090
9091
9092
9093
9094
9095
9098
9099
9100
9109
9110
9121
9137
9138
9144
9145
9146
9147
9148
9149
9150
9151
9152
9153
9154
9155
9156
9159
9169
9171
9182
9183
9184
9185
9186
9187
9188
9189
9190
9191
9222
9229
9230
9234
9239
9260
9264
9267
9285
9288
9290
9291
9338
9353
9354
9364
9365
9368
9382
9398
9409
9410
9422
9425
9426
9428
9429
9464
9485
9486
9492
9494
9498
9515
9518
9526
9527
9528
9529
9530
9535
9537
9538
9539
9547
9548
9549
9550
9551
9552
9555
9565
9569
9575
9583
9584
9591
9602
9603
9604
9605
9606
9607
9608
9609
9610
9611
9612
9613
9614
9615
9616
9617
9618
9619
9620
9621
9622
9623
9624
9625
9626
9627
9628
9629
9630
9631
9632
9640
9641
9642
9643
9652
9653
9663
9664
9665
9666
9682
9683
9694
9696
9697
9700
9708
9709
9710
9711
9712
9713
9714
9715
9716
9717
9718
9719
9720
9721
9722
9723
9724
9725
9726
9727
9728
9729
9730
9735
9736
9834
9835
9836
9837
9838
9839
9840
9841
9842
9843
9844
9845
9846
9847
9848
9849
9850
9851
9852
9853
9854
9855
9856
9857
9858
9859
9860
9861
9862
9863
9864
9865
9866
9867
9868
9869
9870
9871
9872
9873
9874
9875
9876
9877
9878
9879
9880
9881
9882
9883
9884
9885
9886
9887
9888
9889
9890
9891
9892
9893
9894
9895
9896
9897
9898
9899
9900
9901
9902
9903
9904
9905
9906
9907
9908
9909
9910
9911
9912
9913
9914
9915
9916
9917
9918
9919
9920
9921
9922
9923
9924
9925
9926
9927
9928
9929
9930
9931
9932
9933
9934
9935
9936
9937
9938
9939
9940
9941
9942
9943
9944
9945
9946
9947
9948
9949
9950
9951
9952
9953
9954
9955
9956
9957
9958
9959
9960
9961
9962
9963
9964
9965
9966
9967
9968
9969
9970
9971
9972
9973
9974
9975
9976
9977
9978
9979
9980
9981
9982
9983
9984
9985
9986
9987
9988
9989
9990
9991
9992
9993
9994
9995
9996
9997
9998
9999
10000
10001
10002
10003
10004
10005
10006
10007
10008
10009
10010
10011
10012
10013
10014
10015
10016
10017
10018
10019
10020
10021
10022
10023
10024
10025
10026
10028
10054
10055
10066
10068
10069
10070
10076
10077
10078
10079
10080
10083
10085
10086
10087
10088
10089
10090
10092
10100
10101
10102
10103
10104
10105
10106
10107
10108
10109
10110
10111
10112
10113
10114
10115
10116
10117
10118
10119
10120
10121
10122
10123
10124
10125
10126
10127
10128
10129
10130
10131
10132
10133
10134
10135
10136
10137
10138
10139
10140
10141
10142
10143
10144
10145
10146
10147
10148
10149
10150
10151
10152
10153
10154
10155
10156
10157
10158
10159
10160
10161
10162
10163
10164
10165
10166
10167
10168
10169
10170
10171
10172
10173
10174
10175
10176
10177
10178
10179
10180
10181
10182
10183
10184
10185
10186
10187
10197
10198
10202
10203
10204
10205
10206
10209
10210
10214
10236
10270
10271
10292
10293
10309
10310
10311
10340
10341
10355
10360
10381
10382
10383
10401
10402
10403
10404
10405
10406
10407
10408
10409
10410
10411
10412
10413
10414
10415
10416
10417
10418
10419
10420
10421
10422
10423
10424
10425
10426
10427
10428
10429
10430
10435
10441
10443
10463
10464
10469
10548
10550
10606
10607
10608
10609
10611
10612
10620
10621
10622
10627
10630
10631
10632
10633
10634
10637
10638
10639
10640
10641
10642
10643
10644
10645
10646
10647
10648
10650
10663
10667
10677
10679
10680
10696
10706
10708
10713
10714
10733
10743
10754
10755
10760
10761
10766
10767
10768
10769
10806
10807
10819
10820
10827
10828
10829
10832
10833
10834
10836
10848
10849
10857
10858
10874
10875
10876
10877
10883
10884
10887
10888
10889
10890
10891
10892
10893
10894
10895
10896
10898
10905
10906
10907
10908
10909
10910
10911
10912
10916
10917
10918
10921
10936
10938
10945
10946
10947
10949
10951
10962
10966
10972
10977
11026
11036
11039
11040
11047
11048
11049
11055
11056
11060
11063
11068
11069
11070
11071
11072
11073
11074
11075
11076
11077
11078
11079
11080
11081
11082
11083
11084
11085
11086
11087
11088
11089
11090
11091
11092
11093
11094
11095
11096
11097
11098
11099
11100
11101
11102
11103
11104
11105
11106
11107
11108
11109
11110
11111
11112
11113
11114
11115
11116
11117
11118
11119
11120
11121
11122
11123
11124
11125
11126
11127
11128
11129
11130
11131
11132
11133
11134
11135
11136
11137
11138
11139
11140
11141
11142
11143
11144
11145
11146
11147
11148
11149
11150
11151
11152
11153
11154
11155
11156
11157
11158
11159
11160
11161
11162
11163
11164
11165
11166
11167
11168
11169
11170
11171
11172
11173
11174
11175
11176
11177
11178
11179
11180
11181
11182
11183
11184
11185
11186
11187
11188
11189
11190
11191
11192
11193
11194
11195
11196
11197
11198
11199
11200
11201
11202
11203
11204
11205
11206
11207
11208
11209
11210
11211
11212
11213
11214
11215
11216
11217
11218
11219
11220
11221
11222
11223
11224
11225
11226
11227
11228
11229
11230
11231
11232
11233
11234
11235
11236
11237
11238
11239
11240
11241
11242
11243
11244
11245
11246
11247
11248
11249
11250
11251
11252
11253
11254
11255
11256
11257
11285
11287
11288
11289
11290
11291
11292
11295
11296
11297
11298
11299
11300
11301
11306
11307
11308
11309
11310
11311
11330
11363
11367
11368
11369
11372
11373
11378
11384
11386
11387
11390
11391
11392
11402
11431
11432
11433
11436
11437
11440
11442
11443
11445
11446
11458
11459
11460
11466
11467
11468
11473
11474
11475
11476
11477
11478
11479
11677
11688
11689
11690
11695
11696
11697
11702
11704
11720
11721
11722
11723
11724
11737
11757
11758
11761
11762
11763
11765
11766
11769
11773
11775
11797
11804
11807
11808
11812
11813
11814
11815
11816
11817
11818
11819
11820
11821
11831
11832
11834
11837
11838
11839
11840
11842
11843
11844
11845
11846
11847
11858
11859
11867
11869
11873
11874
11883
11884
11886
11887
11892
11894
11895
11914
11915
11916
11946
11948
11962
11963
11967
11968
11969
11970
11974
11976
11977
11985
12002
12015
12016
12017
12033
12034
12035
12036
12037
12038
12039
12040
12041
12042
12043
12049
12059
12060
12062
12069
12074
12077
12078
12083
12084
12085
12089
12095
12096
12097
12098
12106
12112
12116
12127
12128
12132
12133
12156
12158
12159
12160
12161
12176
12177
12179
12180
12181
12182
12183
12185
12187
12199
12208
12209
12218
12233
12244
12245
12254
12265
12270
12272
12285
12318
12319
12333
12341
12343
12344
12359
12366
12367
12374
12375
12376
12377
12379
12381
12390
12391
12402
12403
12418
12419
12420
12427
12472
12473
12485
12489
12500
12506
12507
12508
12509
12521
12524
12528
12529
12535
12536
12541
12542
12546
12547
12558
12559
12563
12566
12571
12572
12576
12577
12583
12584
12593
12594
12611
12612
12624
12632
12646
12647
12648
12650
12651
12653
12654
12655
12659
12660
12661
12666
12667
12673
12693
12695
12703
12705
12706
12709
12717
12718
12738
12739
12740
12741
12742
12743
12744
12745
12746
12749
12750
12752
12756
12757
12758
12767
12768
12769
12770
12778
12785
12786
12787
12788
12789
12790
12791
12792
12793
12794
12799
12800
12801
12802
12803
12804
12805
12806
12807
12808
12809
12810
12811
12812
12813
12814
12815
12816
12817
12818
12819
12820
12821
12822
12823
12824
12825
12826
12827
12828
12829
12830
12832
12859
12860
12861
12862
12869
12870
12875
12883
12884
12885
12892
12895
12896
12899
12900
12901
12902
12910
12917
12918
12933
12942
12944
12972
12979
12980
12983
12986
12987
12990
12992
12993
13001
13002
13006
13010
13011
13012
13013
13018
13019
13023
13025
13026
13027
13028
13031
13032
13033
13034
13035
13036
13037
13038
13039
13046
13047
13049
13054
13056
13061
13065
13069
13072
13075
13077
13078
13083
13087
13088
13093
13160
13161
13163
13164
13166
13170
13179
13184
13187
13189
13192
13208
13209
13210
13212
13216
13217
13224
13229
13233
13234
13253
13255
13256
13257
13258
13259
13260
13261
13262
13263
13264
13266
13272
13290
13291
13292
13293
13294
13295
13296
13297
13298
13299
13300
13301
13302
13303
13304
13305
13308
13325
13328
13347
13348
13349
13350
13351
13355
13356
13361
13368
13374
13376
13381
13382
13383
13384
13386
13387
13396
13410
13414
13417
13418
13420
13433
13439
13440
13441
13442
13443
13444
13445
13446
13447
13462
13465
13466
13467
13484
13485
13488
13490
13491
13492
13498
13499
13500
13507
13508
13536
13537
13538
13546
13564
13565
13566
13577
13578
13579
13581
13582
13584
13600
13624
13625
13628
13640
13643
13644
13656
13657
13658
13659
13660
13662
13663
13664
13667
13668
13669
13670
13671
13672
13673
13674
13675
13676
13677
13678
13681
13682
13683
13713
13741
13743
13751
13752
13774
13780
13802
13930
13931
13936
13939
13943
13944
13945
13950
13951
14060
14064
14070
14071
14072
14073
14074
14075
14110
14122
14123
14129
14157
14158
14159
14160
14161
14162
14163
14173
14174
14175
14176
14189
14199
14202
14203
14204
14205
14209
14212
14214
14233
14234
14242
14243
14244
14248
14249
14250
14251
14254
14256
14257
14258
14261
14262
14265
14266
14267
14268
14272
14273
14275
14276
14277
14278
14279
14280
14281
14282
14283
14284
14285
14286
14287
14288
14289
14290
14291
14292
14293
14294
14309
14314
14315
14319
14326
14327
14328
14329
14336
14337
14347
14348
14349
14357
14358
14367
14368
14369
14370
14371
14373
14377
14378
14379
14380
14381
14384
14385
14393
14399
14400
14401
14438
14440
14446
14447
14453
14454
14455
14456
14457
14458
14459
14460
14466
14468
14470
14471
14472
14473
14474
14475
14487
14489
14494
14504
14505
14506
14508
14509
14511
14515
14516
14531
14533
14538
14539
14540
14541
14542
14543
14550
14556
14557
14558
14559
14560
14561
14562
14563
14564
14572
14576
14582
14585
14590
14591
14592
14596
14601
14603
14604
14605
14606
14616
14617
14618
14626
14627
14628
14640
14641
14642
14643
14644
14654
14656
14660
14661
14663
14664
14665
14666
14667
14688
14689
14690
14691
14692
14693
14703
14704
14706
14709
14710
14711
14717
14718
14719
14726
14727
14728
14733
14734
14735
14736
14737
14738
14739
14741
14743
14744
14745
14746
14747
14748
14749
14750
14751
14752
14753
14754
14755
14756
14758
14759
14760
14761
14774
14775
14782
14783
14786
14803
14804
14814
14818
14819
14820
14821
14822
14823
14824
14825
14831
14834
14835
14836
14847
14848
14849
14850
14851
14852
14866
14868
14869
14870
14872
14876
14877
14880
14883
14887
14888
14889
14890
14891
14905
14906
14908
14909
14910
14911
14912
14913
14914
14923
14926
14927
14928
14929
14930
14931
14942
14943
14946
14947
14948
14954
14957
14965
14966
14968
14969
14976
14986
14987
14988
14989
14991
14992
14994
14995
14999
15010
15011
15012
15013
15014
15016
15028
15034
15044
15045
15046
15047
15050
15051
15057
15063
15064
15074
15078
15087
15088
15089
15090
15101
15103
15125
15148
15149
15150
15151
15152
15156
15166
15170
15171
15176
15182
15183
15186
15205
15225
15233
15234
15242
15246
15256
15257
15264
15265
15268
15280
15288
15289
15302
15304
15305
15306
15315
15316
15325
15347
15348
15373
15380
15381
15388
15389
15408
15418
15430
15431
15432
15433
15444
15497
15506
15526
15528
15533
15536
15543
15545
15563
15564
15565
15566
15567
15568
15569
15570
15571
15572
15573
15574
15575
15576
15577
15592
15593
15594
15595
15596
15597
15598
15599
15600
15601
15602
15603
15605
15617
15620
15624
15627
15637
15646
15651
15652
15653
15654
15655
15662
15668
15683
15684
15694
15701
15702
15703
15704
15725
15735
15736
15737
15738
15750
15770
15778
15782
15783
15784
15785
15786
15792
15798
15804
15807
15809
15810
15820
15821
15825
15828
15829
15830
15831
15832
15833
15834
15835
15842
15843
15844
15845
15851
15868
15869
15873
15874
15880
15881
15882
15891
15917
15918
15921
15924
15927
15928
15929
15931
15937
15945
15946
15952
15953
15954
15955
15956
15957
15958
15959
15960
15963
15966
15997
16002
16005
16007
16010
16015
16018
16033
16034
16037
16039
16045
16046
16050
16051
16053
16062
16063
16064
16089
16090
16091
16093
16095
16096
16097
16099
16100
16104
16105
16106
16133
16135
16142
16144
16145
16146
16147
16148
16149
16152
16153
16154
16155
16157
16163
16193
16198
16199
16204
16227
16232
16233
16234
16235
16236
16237
16242
16246
16247
16248
16251
16252
16253
16256
16257
16260
16261
16262
16263
16268
16269
16275
16276
16277
16278
16279
16280
16281
16282
16283
16289
16292
16296
16297
16298
16299
16305
16312
16313
16314
16315
16316
16317
16318
16320
16321
16330
16331
16332
16336
16337
16344
16345
16346
16347
16349
16350
16351
16353
16354
16357
16359
16360
16362
16364
16365
16374
16375
16380
16381
16382
16383
16385
16386
16387
16388
16389
16394
16396
16398
16405
16406
16407
16410
16411
16412
16413
16414
16421
16422
16425
16426
16427
16432
16433
16441
16442
16443
16444
16445
16446
16451
16452
16454
16460
16461
16462
16463
16464
16465
16466
16467
16468
16475
16497
16498
16500
16518
16529
16530
16536
16537
16538
16543
16544
16547
16549
16557
16577
16578
16579
16581
16584
16601
16604
16606
16607
16609
16610
16611
16612
16615
16621
16626
16631
16643
16645
16653
16657
16661
16666
16672
16675
16676
16677
16682
16691
16703
16707
16710
16711
16712
16718
16719
16721
16724
16727
16728
16729
16735
16736
16737
16738
16744
16745
16746
16758
16759
16766
16767
16768
16769
16789
16792
16796
16798
16799
16800
16802
16803
16813
16820
16830
16838
16839
16841
16842
16852
16853
16854
16855
16859
16860
16867
16872
16873
16876
16915
16916
16918
16919
16927
16928
16950
16952
16959
16969
16970
16972
16983
16995
17000
17002
17006
17009
17010
17011
17012
17015
17016
17018
17024
17029
17035
17038
17039
17049
17051
17056
17058
17059
17060
17061
17067
17068
17069
17076
17078
17113
17118
17119
17125
17126
17135
17136
17148
17157
17158
17173
17174
17175
17176
17180
17184
17186
17187
17188
17189
17197
17199
17201
17210
17211
17212
17213
17214
17215
17216
17217
17218
17219
17223
17238
17239
17240
17241
17252
17253
17254
17258
17263
17264
17272
17308
17311
17312
17313
17314
17315
17316
17325
17352
17354
17356
17357
17379
17380
17381
17382
17393
17394
17398
17401
17406
17417
17418
17419
17426
17438
17443
17446
17447
17449
17450
17456
17473
17486
17496
17497
17500
17501
17503
17505
17510
17511
17512
17514
17515
17530
17532
17541
17549
17550
17551
17552
17553
17554
17555
17560
17566
17567
17568
17581
17582
17583
17586
17587
17588
17589
17590
17591
17593
17594
17595
17596
17597
17598
17599
17600
17601
17602
17611
17612
17613
17614
17615
17616
17617
17618
17619
17620
17621
17622
17627
17628
17629
17631
17633
17634
17635
17636
17637
17638
17639
17640
17641
17642
17643
17644
17645
17646
17647
17648
17649
17650
17651
17652
17653
17654
17655
17656
17657
17658
17659
17660
17661
17662
17663
17664
17665
17666
17667
17668
17669
17670
17671
17672
17673
17674
17675
17676
17678
17679
17680
17681
17682
17683
17684
17685
17686
17687
17688
17689
17690
17691
17692
17693
17694
17695
17701
17702
17706
17721
17722
17723
17725
17742
17743
17744
17751
17752
17760
17761
17774
17775
17776
17777
17778
17779
17780
17781
17782
17783
17784
17785
17788
17790
17791
17792
17793
17809
17810
17811
17812
17822
17920
17921
17928
17929
17930
17931
17933
17934
17935
17941
17942
17948
17958
17960
17965
17966
17967
17968
17969
17984
17988
17989
17990
17991
18010
18017
18032
18041
18042
18044
18045
18046
18047
18048
18049
18050
18051
18052
18053
18054
18055
18056
18057
18058
18059
18060
18061
18062
18063
18064
18065
18066
18067
18068
18069
18070
18071
18074
18075
18076
18084
18085
18088
18090
18098
18100
18102
18103
18104
18105
18106
18107
18108
18109
18110
18123
18125
18152
18166
18168
18171
18172
18196
18197
18198
18201
18203
18204
18206
18207
18208
18209
18210
18213
18217
18218
18219
18220
18236
18237
18238
18239
18240
18241
18245
18246
18247
18248
18249
18250
18251
18252
18253
18254
18255
18256
18257
18258
18265
18266
18285
18286
18287
18288
18294
18295
18296
18297
18302
18303
18304
18305
18306
18307
18308
18311
18312
18313
18314
18319
18320
18321
18322
18323
18324
18325
18326
18327
18328
18329
18330
18337
18346
18347
18350
18351
18352
18354
18355
18356
18368
18369
18390
18391
18392
18393
18394
18395
18396
18400
18401
18402
18403
18404
18405
18406
18407
18415
18421
18422
18423
18424
18425
18426
18427
18429
18433
18443
18444
18445
18446
18447
18448
18449
18450
18451
18452
18453
18454
18455
18456
18457
18459
18460
18469
18470
18471
18472
18473
18474
18475
18476
18477
18482
18483
18484
18487
18489
18490
18491
18498
18499
18500
18501
18502
18503
18508
18509
18510
18511
18512
18513
18514
18515
18516
18517
18518
18519
18520
18521
18522
18523
18524
18525
18526
18536
18537
18538
18539
18540
18541
18542
18543
18544
18545
18546
18550
18551
18552
18557
18558
18559
18560
18561
18562
18563
18566
18567
18568
18569
18570
18571
18572
18573
18574
18575
18576
18577
18578
18579
18583
18588
18589
18594
18595
18596
18597
18598
18599
18600
18601
18602
18606
18608
18612
18613
18614
18626
18646
18647
18648
18649
18676
18699
18700
18701
18702
18703
18704
18705
18707
18708
18709
18710
18711
18712
18713
18719
18728
18729
18730
18741
18742
18743
18744
18745
18750
18751
18752
18753
18754
18756
18757
18758
18759
18760
18761
18762
18763
18764
18765
18766
18769
18770
18771
18772
18773
18774
18778
18779
18788
18791
18792
18793
18794
18795
18796
18797
18798
18799
18800
18801
18802
18803
18804
18815
18816
18817
18818
18819
18820
18821
18822
18823
18824
18825
18826
18827
18828
18829
18830
18831
18832
18843
18848
18849
18850
18884
18885
18886
18887
18888
18889
18890
18891
18892
18893
18926
18927
18942
18943
18944
18945
18946
18947
18948
18949
18950
18951
18952
18953
18954
18955
18956
18957
18958
18959
18960
18961
18963
18974
18975
18976
18977
18980
18981
18986
18996
19007
19008
19009
19014
19015
19016
19017
19018
19019
19020
19021
19023
19026
19027
19028
19029
19030
19031
19032
19033
19034
19035
19048
19054
19055
19059
19063
19064
19065
19066
19068
19069
19072
19074
19087
19092
19093
19094
19095
19096
19097
19098
19099
19104
19107
19108
19109
19110
19111
19112
19113
19114
19115
19116
19117
19118
19119
19120
19121
19122
19123
19127
19128
19129
19130
19131
19132
19133
19134
19135
19136
19137
19138
19139
19140
19141
19142
19147
19148
19149
19150
19151
19152
19153
19154
19155
19158
19197
19209
19210
19213
19224
19225
19238
19241
19245
19249
19250
19251
19252
19253
19254
19255
19256
19261
19268
19290
19291
19292
19293
19294
19295
19296
19297
19298
19299
19300
19301
19302
19303
19309
19311
19312
19313
19314
19315
19316
19317
19318
19319
19320
19321
19322
19323
19324
19325
19326
19327
19329
19339
19340
19346
19355
19358
19359
19362
19363
19364
19379
19380
19385
19386
19387
19389
19390
19394
19395
19396
19399
19400
19401
19402
19403
19410
19411
19413
19431
19432
19433
19440
19441
19442
19443
19444
19445
19446
19447
19448
19449
19450
19465
19470
19471
19472
19473
19474
19475
19476
19477
19478
19479
19480
19481
19482
19483
19484
19486
19491
19497
19507
19515
19516
19517
19518
19520
19541
19542
19544
19545
19546
19561
19562
19563
19564
19570
19571
19580
19581
19582
19583
19596
19604
19605
19606
19609
19610
19615
19631
19632
19633
19634
19647
19648
19650
19653
19676
19677
19678
19679
19680
19681
19682
19683
19684
19685
19686
19687
19688
19689
19690
19691
19692
19693
19694
19695
19698
19699
19700
19701
19708
19713
19714
19716
19720
19729
19732
19733
19734
19737
19738
19742
19743
19744
19745
19746
19747
19748
19749
19750
19751
19752
19756
19757
19788
19808
19809
19813
19823
19831
19832
19833
19834
19835
19836
19840
19841
19842
19843
19846
19847
19849
19850
19853
19856
19860
19861
19862
19868
19873
19874
19875
19876
19889
19895
19896
19897
19898
19899
19900
19907
19908
19910
19925
19926
19927
19928
19929
19937
19938
19939
19954
19955
19959
19965
19976
19977
19983
19984
19991
19992
20014
20015
20016
20017
20018
20019
20020
20021
20025
20026
20027
20028
20029
20030
20031
20032
20034
20040
20041
20042
20043
20055
20071
20098
20102
20107
20108
20113
20114
20117
20136
20140
20143
20144
20149
20151
20153
20155
20156
20179
20184
20210
20223
20226
20228
20229
20230
20231
20242
20248
20252
20257
20258
20259
20260
20261
20267
20271
20272
20273
20277
20281
20285
20287
20289
20290
20291
20305
20306
20307
20308
20309
20310
20311
20312
20313
20329
20330
20331
20332
20333
20341
20342
20343
20344
20345
20346
20347
20349
20350
20351
20352
20353
20354
20355
20356
20357
20358
20359
20360
20369
20374
20383
20388
20389
20393
20394
20395
20396
20397
20399
20405
20406
20407
20421
20431
20432
20433
20436
20443
20464
20466
20472
20479
20482
20490
20492
20493
20496
20510
20511
20512
20513
20514
20533
20544
20547
20548
20550
20569
20571
20587
20598
20599
20600
20601
20602
20603
20606
20607
20608
20620
20627
20628
20634
20638
20640
20645
20652
20653
20654
20656
20659
20669
20670
20674
20684
20711
20712
20713
20714
20719
20726
20751
20752
20753
20758
20765
20766
20767
20768
20773
20776
20777
20778
20779
20793
20800
20801
20802
20814
20817
20819
20820
20824
20825
20826
20827
20841
20851
20852
20890
20894
20895
20896
20897
20904
20910
20918
20919
20935
20936
20937
20946
20952
20954
20956
20960
20961
20972
20978
20981
21006
21013
21015
21017
21021
21052
21057
21058
21077
21078
21079
21080
21081
21082
21083
21093
21118
21121
21137
21141
21146
21157
21158
21159
21174
21186
21187
21190
21191
21192
21213
21225
21244
21254
21255
21259
21277
21296
21302
21304
21353
21355
21356
21371
21374
21375
21408
21445
21447
21461
21484
21491
21509
21511
21547
21551
21558
21569
21599
21622
21637
21638
21693
21718
21722
21728
21729
21747
21813
21814
21815
21816
21817
21818
21819
21820
21821
21822
21823
21824
21825
21826
21827
21828
21829
21830
21831
21832
21833
21834
21835
21836
21840
21841
21842
21843
21844
21845
22041
22042
22061
22074
22088
22118
22135
22144
22149
22161
22169
22191
22223
22224
22229
22255
22256
22282
22287
22310
22323
22329
22334
22350
22359
22362
22388
22397
22403
22405
22416
22427
22431
22441
22456
22469
22471
22476
22482
22492
22496
22497
22513
22514
22515
22525
22526
22550
22551
22561
22563
22571
22578
22596
22608
22615
22639
22642
22643
22654
22667
22669
22677
22678
22693
22702
22707
22715
22727
22728
22747
22783
22784
22786
22798
22799
22801
22802
22806
22809
22814
22819
22842
22849
22860
22861
22870
22871
22878
22886
22893
22894
22897
22900
22914
22918
22924
22926
22928
22933
22935
22937
22939
22940
22941
22943
22944
22945
22946
22947
22948
22950
22953
22956
22957
22958
22960
22961
22962
22964
22966
22967
22970
22988
22999
23016
23037
23038
23039
23048
23050
23051
23060
23064
23070
23075
23078
23079
23080
23081
23085
23086
23089
23090
23098
23099
23101
23104
23106
23107
23110
23112
23113
23115
23117
23118
23124
23132
23135
23138
23142
23144
23147
23151
23153
23155
23156
23157
23160
23161
23162
23171
23173
23174
23176
23177
23179
23183
23184
23185
23188
23191
23192
23193
23199
23213
23216
23234
23236
23242
23243
23244
23245
23247
23257
23258
23263
23264
23270
23271
23273
23274
23276
23278
23283
23284
23288
23289
23293
23299
23304
23309
23315
23317
23319
23324
23333
23336
23341
23342
23343
23345
23352
23353
23364
23366
23371
23374
23383
23386
23387
23388
23406
23409
23413
23418
23420
23421
23422
23423
23427
23435
23437
23439
23443
23446
23453
23454
23459
23460
23463
23468
23474
23480
23482
23483
23484
23486
23487
23493
23497
23498
23499
23503
23504
23506
23516
23517
23520
23526
23530
23533
23536
23541
23545
23550
23555
23560
23562
23564
23572
23573
23578
23583
23584
23588
23596
23611
23618
23625
23645
23647
23660
23664
23669
23674
23677
23683
23686
23692
23708
23710
23716
23718
23720
23724
23725
23731
23732
23735
23740
23744
23748
23750
23751
23755
23756
23759
23765
23775
23777
23780
23782
23785
23790
23798
23800
23804
23805
23806
23808
23813
23814
23815
23817
23826
23829
23834
23836
23837
23838
23843
23844
23845
23848
23849
23851
23857
23864
23868
23870
23872
23874
23888
23895
23910
23914
23924
23934
23939
23941
23944
23950
23951
23952
23958
23959
23960
23970
23971
23982
23984
23999
24003
24008
24009
24014
24025
24030
24031
24032
24042
24046
24049
24053
24059
24060
24061
24062
24063
24066
24069
24071
24073
24075
24079
24080
24082
24085
24090
24092
24100
24110
24116
24117
24122
24126
24128
24129
24130
24133
24139
24147
24149
24152
24160
24163
24167
24175
24178
24183
24184
24187
24188
24189
24195
24196
24199
24201
24203
24205
24206
24207
24208
24216
24224
24227
24228
24232
24236
24237
24238
24239
24243
24244
24250
24252
24253
24255
24256
24258
24259
24260
24261
24263
24264
24267
24270
24271
24275
24282
24285
24290
24292
24299
24300
24305
24306
24308
24310
24315
24316
24320
24321
24322
24326
24327
24328
24331
24333
24334
24335
24341
24342
24345
24351
24354
24355
24356
24359
24362
24365
24368
24371
24372
24376
24377
24378
24381
24384
24385
24387
24397
24402
24403
24410
24411
24412
24417
24418
24422
24425
24426
24428
24430
24431
24434
24438
24440
24441
24445
24446
24449
24451
24453
24454
24461
24463
24464
24465
24466
24467
24472
24475
24480
24487
24490
24491
24494
24496
24497
24500
24502
24504
24519
24520
24521
24526
24529
24531
24532
24538
24541
24542
24544
24545
24548
24551
24556
24557
24559
24563
24569
24571
24573
24575
24576
24581
24583
24589
24590
24591
24594
24596
24604
24606
24607
24608
24609
24612
24614
24617
24618
24623
24625
24629
24630
24635
24636
24644
24648
24654
24656
24661
24664
24665
24666
24681
24683
24686
24688
24689
24692
24695
24697
24702
24703
24706
24715
24723
24724
24726
24727
24728
24730
24736
24740
24741
24744
24752
24753
24756
24760
24762
24765
24767
24768
24770
24771
24774
24775
24781
24787
24799
24803
24804
24808
24814
24815
24820
24828
24836
24837
24849
24850
24852
24857
24859
24860
24862
24863
24865
24866
24867
24870
24875
24887
24892
24893
24894
24895
24903
24909
24913
24915
24916
24920
24926
24931
24933
24934
24935
24938
24939
24943
24968
24971
24978
24979
24981
24990
24992
24998
25000
25001
25003
25010
25017
25018
25019
25021
25026
25034
25035
25037
25042
25045
25050
25058
25059
25064
25065
25067
25068
25069
25071
25076
25077
25079
25082
25087
25091
25092
25095
25096
25101
25104
25105
25110
25115
25116
25117
25130
25131
25137
25144
25149
25151
25152
25156
25164
25166
25171
25172
25175
25181
25182
25185
25191
25192
25194
25195
25196
25197
25198
25199
25203
25205
25209
25211
25215
25219
25220
25221
25223
25232
25234
25238
25250
25252
25260
25261
25266
25269
25270
25271
25272
25273
25275
25277
25278
25280
25285
25286
25288
25289
25290
25291
25294
25296
25298
25302
25310
25312
25315
25316
25317
25319
25321
25327
25329
25330
25339
25340
25341
25344
25345
25347
25348
25353
25359
25362
25363
25371
25374
25379
25384
25386
25390
25391
25393
25399
25400
25403
25404
25408
25416
25419
25421
25425
25427
25432
25433
25444
25445
25448
25451
25452
25459
25460
25464
25474
25476
25489
25493
25496
25497
25498
25504
25505
25511
25516
25519
25521
25524
25525
25529
25531
25533
25535
25537
25541
25542
25544
25545
25549
25552
25559
25564
25567
25571
25576
25583
25586
25588
25592
25593
25596
25602
25604
25605
25606
25607
25609
25610
25616
25617
25628
25629
25631
25641
25650
25651
25660
25669
25680
25681
25688
25692
25695
25698
25700
25710
25711
25714
25722
25723
25724
25727
25735
25737
25739
25742
25745
25756
25768
25772
25779
25783
25789
25791
25801
25807
25808
25809
25810
25811
25812
25813
25819
25824
25831
25832
25833
25834
25837
25846
25847
25849
25850
25851
25864
25867
25871
25877
25881
25882
25883
25886
25887
25890
25897
25900
25902
25905
25906
25907
25911
25914
25916
25917
25918
25920
25923
25925
25927
25929
25930
25937
25940
25942
25948
25949
25954
25959
25965
25968
25970
25974
25979
25980
25984
25995
25998
26000
26001
26005
26009
26010
26013
26016
26018
26030
26032
26035
26042
26043
26047
26050
26052
26057
26064
26067
26072
26075
26078
26085
26091
26095
26103
26109
26110
26120
26121
26123
26127
26130
26132
26135
26136
26137
26138
26149
26151
26153
26155
26159
26162
26167
26170
26178
26180
26185
26187
26201
26210
26216
26218
26219
26220
26230
26233
26237
26240
26241
26242
26249
26251
26252
26253
26261
26265
26269
26271
26276
26285
26290
26294
26295
26303
26304
26306
26308
26309
26312
26318
26319
26320
26325
26327
26328
26330
26332
26335
26338
26339
26340
26341
26351
26355
26356
26360
26363
26367
26369
26370
26371
26373
26380
26381
26392
26394
26395
26406
26408
26414
26425
26427
26428
26429
26441
26446
26451
26456
26463
26466
26472
26473
26475
26477
26478
26479
26482
26483
26489
26491
26493
26498
26499
26503
26507
26508
26509
26511
26513
26517
26518
26519
26521
26528
26533
26537
26547
26548
26549
26551
26552
26553
26561
26564
26570
26571
26574
26576
26578
26582
26594
26595
26599
26601
26602
26606
26608
26609
26612
26627
26634
26636
26640
26641
26642
26645
26648
26649
26654
26657
26666
26677
26678
26684
26685
26708
26711
26712
26713
26718
26720
26722
26724
26725
26726
26729
26735
26740
26743
26749
26756
26768
26770
26771
26775
26790
26794
26797
26810
26812
26817
26821
26823
26824
26833
26835
26840
26844
26850
26855
26858
26859
26861
26863
26864
26867
26868
26871
26877
26882
26883
26898
26914
26920
26925
26930
26932
26935
26947
26950
26953
26954
26955
26957
26961
26965
26969
26972
26975
26978
26979
26980
26991
26995
27003
27006
27008
27011
27014
27018
27019
27020
27025
27027
27035
27046
27047
27048
27049
27051
27052
27056
27059
27060
27061
27062
27068
27071
27076
27078
27080
27084
27086
27088
27089
27102
27103
27104
27111
27113
27114
27118
27119
27129
27131
27134
27135
27137
27139
27141
27142
27153
27155
27171
27173
27177
27178
27183
27185
27190
27193
27200
27202
27204
27207
27208
27222
27226
27227
27228
27229
27232
27239
27240
27245
27246
27256
27257
27266
27268
27271
27275
27276
27280
27282
27283
27288
27294
27296
27298
27299
27304
27308
27309
27322
27326
27334
27337
27338
27340
27343
27345
27346
27348
27361
27365
27366
27369
27371
27372
27375
27380
27385
27388
27398
27399
27401
27403
27405
27407
27415
27418
27419
27429
27432
27434
27436
27439
27441
27443
27444
27449
27453
27462
27465
27468
27474
27480
27481
27485
27486
27491
27493
27497
27499
27505
27511
27512
27514
27518
27524
27531
27532
27539
27542
27553
27554
27556
27569
27571
27573
27580
27585
27596
27600
27602
27604
27607
27610
27618
27620
27623
27624
27625
27628
27630
27636
27638
27639
27640
27642
27657
27662
27667
27675
27677
27681
27683
27686
27690
27691
27692
27696
27698
27702
27704
27715
27720
27721
27729
27730
27735
27740
27744
27747
27748
27750
27751
27752
27762
27765
27766
27767
27769
27771
27772
27774
27779
27780
27783
27786
27787
27790
27797
27799
27800
27802
27803
27804
27808
27813
27815
27817
27825
27826
27827
27828
27831
27838
27840
27843
27844
27850
27852
27853
27854
27855
27868
27869
27871
27873
27874
27876
27877
27881
27886
27888
27890
27894
27901
27902
27903
27905
27908
27909
27910
27912
27919
27923
27924
27927
27928
27937
27938
27940
27941
27943
27944
27947
27951
27956
27957
27959
27960
27965
27968
27969
27980
27982
27984
27985
27990
27994
27998
27999
28003
28007
28013
28022
28025
28027
28033
28034
28039
28040
28043
28048
28049
28052
28055
28057
28063
28069
28076
28077
28078
28080
28081
28086
28088
28089
28090
28091
28093
28097
28098
28102
28104
28106
28109
28114
28135
28141
28143
28144
28145
28149
28151
28152
28156
28162
28164
28165
28166
28169
28172
28175
28181
28182
28193
28194
28200
28207
28211
28214
28216
28217
28221
28227
28228
28231
28244
28245
28247
28251
28253
28255
28258
28259
28264
28265
28275
28279
28282
28286
28291
28300
28312
28315
28317
28318
28321
28322
28330
28333
28337
28340
28342
28348
28350
28352
28353
28354
28357
28360
28364
28367
28374
28375
28376
28383
28388
28393
28405
28406
28410
28411
28412
28414
28416
28418
28422
28424
28428
28430
28432
28437
28445
28448
28457
28458
28459
28460
28462
28466
28468
28470
28473
28477
28478
28488
28490
28491
28492
28495
28496
28500
28505
28506
28511
28514
28515
28518
28519
28521
28529
28531
28534
28535
28537
28539
28541
28544
28549
28554
28557
28561
28563
28568
28572
28573
28576
28578
28580
28581
28582
28585
28586
28593
28595
28598
28599
28601
28610
28612
28613
28619
28620
28621
28626
28627
28628
28630
28631
28636
28639
28640
28641
28642
28646
28647
28654
28656
28658
28659
28662
28663
28672
28676
28681
28687
28688
28689
28694
28695
28700
28709
28717
28726
28735
28737
28738
28739
28743
28744
28749
28750
28753
28759
28768
28769
28770
28772
28776
28781
28785
28786
28793
28794
28797
28799
28800
28803
28807
28810
28811
28812
28815
28816
28821
28825
28829
28832
28835
28839
28840
28848
28853
28859
28865
28866
28869
28874
28875
28882
28886
28889
28892
28893
28900
28902
28903
28910
28921
28922
28923
28929
28939
28949
28950
28951
28952
28953
28954
28955
28956
28958
28959
28960
28961
28962
28963
28964
28967
28968
28979
28986
28990
28995
28996
29001
29005
29009
29014
29016
29018
29023
29028
29031
29032
29037
29038
29040
29042
29045
29047
29048
29050
29052
29055
29057
29059
29061
29063
29066
29071
29076
29080
29087
29090
29104
29106
29109
29116
29117
29118
29120
29121
29122
29130
29131
29136
29138
29163
29693
29694
29695
29696
29697
29698
29699
29700
29701
29702
29703
29704
29705
29706
29707
29708
29709
29710
29711
29712
29713
29714
29715
29716
29717
29718
29719
29720
29721
29722
29723
29724
29725
29726
29727
29728
29729
29730
29731
29732
29733
29734
29735
29736
29737
29738
29739
29740
29741
29744
29745
29746
29747
29748
29749
29750
29751
29752
29753
29754
29755
29756
29757
29758
29759
29760
29761
29762
29763
29764
29765
29766
29767
29768
29769
29770
29771
29772
29773
29774
29775
29776
29777
29778
29779
29780
29781
29782
29783
29784
29785
29786
29787
29789
29790
29794
29795
29798
29799
29801
29805
29806
29807
29810
29811
29812
29818
29820
29825
29830
29832
29833
29843
29888
29889
29941
29942
29943
29944
29945
29946
29947
29948
29949
29950
29951
29974
29975
30063
30064
30065
30066
30067
30068
30069
30070
30071
30077
30078
30079
30080
30087
30088
30089
30090
30095
30096
30097
30099
30100
30107
30108
30110
30111
30112
30113
30114
30119
30120
30121
30122
30123
30124
30125
30126
30127
30128
30129
30130
30131
30132
30133
30134
30135
30136
30137
30138
30139
30140
30141
30142
30143
30144
30145
30146
30147
30148
30149
30158
30166
30167
30454
30455
30513
30514
30515
30516
30517
30518
30519
30520
30521
30522
30523
30524
30525
30526
30527
30528
30529
30530
30531
30532
30533
30534
30535
30536
30537
30538
30539
30540
30541
30542
30543
30544
30547
30548
30549
30550
30551
30552
30553
30554
30555
30556
30557
30558
30559
30560
30561
30562
30563
30564
30565
30566
30567
30568
30569
30570
30571
30572
30573
30574
30575
30576
30577
30578
30579
30580
30581
30582
30583
30584
30585
30586
30587
30588
30589
30590
30591
30592
30593
30594
30595
30596
30597
30598
30599
30600
30601
30602
30603
30604
30605
30606
30607
30608
30609
30610
30611
30612
30613
30614
30615
30616
30617
30618
30619
30620
30621
30622
30623
30624
30625
30626
30627
30628
30629
30630
30631
30632
30633
30634
30635
30636
30637
30638
30639
30640
30641
30642
30643
30644
30645
30646
30647
30648
30650
30651
30652
30653
30655
30656
30657
30658
30659
30660
30661
30662
30663
30664
30665
30667
30668
30685
30686
30687
30688
30798
30799
30806
30807
30812
30813
30814
30815
30816
30817
30818
30819
30820
30821
30822
30823
30824
30825
30826
30827
30828
30829
30830
30831
30832
30833
30834
30835
30857
30858
30859
30860
30861
30862
30863
30864
30865
30866
30867
30868
30875
30876
30877
30878
30890
30891
30895
30896
30949
30950
30963
30964
31006
31007
31026
31027
31028
31029
31030
31031
31034
31035
31045
31046
31051
31052
31053
31054
31055
31056
31066
31070
31071
31072
31073
31074
31075
31076
31077
31078
31079
31080
31081
31082
31083
31084
31085
31086
31087
31088
31089
31090
31091
31092
31093
31094
31095
31096
31097
31098
31099
31100
31101
31102
31103
31104
31105
31106
31107
31108
31109
31110
31111
31112
31113
31114
31115
31116
31117
31118
31119
31120
31121
31122
31123
31124
31135
31158
31165
31177
31178
31179
31184
31185
31234
31235
31237
31238
31239
31240
31242
31243
31244
31252
31253
31254
31255
31264
31265
31266
31267
31268
31269
31270
31271
31278
31283
31286
31287
31292
31293
31294
31295
31296
31297
31310
31314
31315
31322
31323
31332
31335
31336
31340
31341
31342
31343
31344
31424
31425
31426
31521
31531
31532
31541
31542
31543
31544
31545
31795
31813
31817
31825
31828
31835
31836
31840
31841
31890
31892
31955
31956
31984
31985
31986
31987
32017
32081
32082
32099
32100
32238
32247
32289
32290
32297
32298
32299
32300
32301
32302
32303
32319
32320
32338
32339
32342
32343
32344
32345
32346
32347
32348
32349
32350
32351
32352
32353
32354
32355
32356
32357
32358
32359
32360
32361
32362
32363
32364
32365
32366
32367
32368
32369
32370
32371
32372
32373
32374
32375
32376
32377
32378
32379
32380
32381
32382
32383
32384
32385
32386
32387
32388
32389
32390
32391
32392
32393
32394
32395
32396
32397
32398
32399
32400
32401
32402
32403
32404
32405
32406
32407
32408
32409
32410
32411
32412
32413
32414
32415
32416
32417
32418
32419
32420
32421
32422
32423
32424
32425
32426
32427
32428
32429
32430
32431
32432
32433
32434
32435
32436
32437
32438
32439
32440
32441
32442
32443
32444
32445
32446
32447
32448
32449
32450
32451
32452
32453
32454
32455
32456
32457
32458
32459
32460
32466
32473
32474
32475
32478
32479
32481
32488
32489
32491
32492
32494
32495
32535
32536
32579
32580
32581
32582
32583
32584
32585
32586
32587
32588
32589
32590
32591
32592
32593
32594
32595
32596
32597
32598
32599
32600
32601
32602
32603
32604
32605
32606
32607
32608
32609
32610
32611
32612
32613
32614
32615
32616
32617
32618
32619
32620
32621
32622
32623
32624
32625
32626
32627
32628
32629
32630
32631
32632
32633
32634
32635
32636
32637
32638
32639
32640
32641
32642
32643
32644
32645
32646
32647
32648
32649
32650
32651
32652
32653
32654
32655
32656
32657
32658
32659
32660
32661
32662
32663
32664
32665
32666
32667
32668
32669
32670
32671
32672
32673
32674
32675
32676
32677
32678
32679
32680
32681
32682
32683
32684
32685
32686
32687
32688
32689
32690
32691
32692
32693
32694
32695
32696
32697
32698
32699
32700
32701
32702
32703
32704
32705
32706
32707
32708
32709
32710
32711
32712
32713
32714
32715
32716
32717
32718
32719
32720
32721
32722
32723
32724
32725
32726
32727
32728
32729
32730
32731
32732
32733
32734
32735
32736
32737
32738
32739
32740
32741
32742
32743
32744
32745
32746
32747
32748
32749
32750
32751
32752
32753
32754
32755
32756
32757
32758
32759
32760
32761
32762
32763
32764
32765
32766
32767
32769
32770
32771
32775
32776
32777
32778
32779
32780
32781
32782
32783
32784
32785
32786
32787
32788
32789
32790
32791
32792
32793
32794
32795
32796
32797
32798
32799
32800
32801
32803
32804
32805
32806
32807
32808
32809
32810
32811
32812
32813
32814
32817
32818
32853
32857
32858
32861
32862
32864
33001
33002
33011
33013
33121
33124
33125
33128
33129
33132
33158
33166
33177
33178
33179
33183
33184
33185
33188
33191
33215
33217
33218
33219
33244
33246
33263
33267
33269
33273
33293
33294
33295
33300
33301
33307
33308
33309
33310
33311
33312
33313
33314
33351
33352
33365
33366
33384
33389
33413
33414
33415
33416
33417
33418
33426
33427
33428
33429
33430
33431
33432
33433
33453
33454
33459
33462
33463
33471
33472
33473
33474
33517
33519
33520
33537
33538
33545
33546
33548
33549
33555
33556
33557
33558
33560
33561
33562
33582
33583
33584
33585
33605
33606
33607
33622
33623
33624
33628
33629
33650
33651
33662
33663
33664
33765
33766
33767
33768
33769
33770
33771
33772
33773
33774
33775
33776
33777
33790
33809
33817
33818
33819
33820
33831
33832
33853
33862
33863
33864
33865
33866
33867
33868
33869
33870
33919
33920
33957
33987
33993
33998
33999
34000
34018
34025
34026
34027
34028
34029
34030
34031
34032
34033
34053
34054
34055
34056
34057
34058
34059
34060
34061
34062
34063
34098
34099
34100
34101
34102
34103
34104
34105
34106
34107
34108
34109
34110
34111
34112
34113
34114
34115
34116
34117
34118
34119
34120
34121
34122
34123
34124
34125
34126
34127
34128
34129
34130
34131
34132
34133
34134
34142
34143
34144
34146
34147
34148
34149
34183
34186
34210
34211
34212
34213
34228
34272
34273
34274
34275
34276
34280
34287
34315
34316
34335
34361
34362
34363
34364
34385
34389
34390
34391
34392
34393
34394
34395
34403
34404
34406
34407
34410
34436
34437
34451
34458
34467
34494
34502
34503
34511
34512
34513
34514
34515
34516
34517
34518
34519
34520
34521
34522
34523
34524
34525
34526
34527
34528
34529
34530
34531
34532
34533
34534
34535
34536
34537
34538
34539
34540
34541
34542
34543
34544
34545
34560
34561
34562
34563
34564
34569
34578
34579
34592
34884
34886
34889
34891
34902
34910
34912
34913
34914
34921
34922
34925
34926
34927
34928
34940
34945
34946
34955
34959
34960
34961
34962
34963
34964
34965
34966
34968
34969
34971
34974
34977
34980
34984
34985
34990
34993
34994
34995
35001
35003
35022
35025
35026
35027
35028
35029
35035
35036
35042
35058
35061
35064
35085
35091
35092
35094
35100
35115
35118
35126
35137
35143
35144
35164
35165
35169
35175
35177
35178
35229
35230
35231
35239
35269
35270
35271
35272
35273
35274
35275
35276
35277
35278
35279
35280
35281
35282
35283
35284
35285
35286
35287
35288
35289
35290
35291
35292
35293
35294
35323
35340
35341
35342
35343
35344
35345
35346
35347
35348
35358
35360
35361
35362
35363
35364
35374
35386
35387
35388
35389
35390
35391
35473
35474
35484
35502
35582
35587
35588
35589
35638
35639
35647
35648
35651
35668
35680
35681
35682
35683
35684
35686
35699
35731
35739
35744
35757
35786
35787
35788
35789
35792
35828
35829
35830
35831
35832
35833
35834
35841
35845
35851
35853
35854
35855
35856
35857
35858
35861
35874
35875
35876
35888
35889
35890
35891
35892
35897
35898
35899
35900
35901
35903
35904
35905
35906
35928
35942
35948
35950
35952
35974
35975
35984
35987
35988
35991
35993
35994
35997
36007
36013
36014
36020
36022
36023
36029
36032
36033
36044
36045
36047
36051
36058
36062
36063
36064
36065
36066
36067
36068
36069
36070
36071
36072
36073
36074
36075
36076
36077
36078
36079
36080
36081
36082
36083
36084
36085
36086
36087
36088
36089
36090
36091
36093
36094
36095
36097
36099
36100
36101
36109
36110
36123
36124
36126
36127
36136
36137
36181
36183
36192
36205
36208
36223
36224
36225
36226
36227
36228
36229
36230
36231
36232
36233
36234
36235
36236
36237
36238
36239
36240
36241
36242
36243
36244
36245
36246
36247
36248
36249
36250
36251
36252
36253
36254
36255
36256
36257
36258
36259
36260
36261
36262
36263
36264
36265
36266
36267
36268
36269
36270
36271
36272
36273
36274
36275
36276
36277
36278
36279
36280
36281
36282
36283
36284
36285
36286
36287
36292
36326
36327
36335
36339
36340
36341
36344
36355
36356
36375
36376
36377
36380
36393
36398
36404
36440
36452
36453
36454
36455
36485
36487
36488
36489
36490
36491
36492
36493
36494
36495
36496
36499
36500
36501
36510
36511
36522
36538
36539
36545
36546
36547
36548
36549
36550
36551
36552
36553
36554
36555
36556
36557
36560
36570
36572
36583
36584
36585
36586
36587
36588
36589
36590
36591
36592
36623
36630
36631
36635
36640
36661
36665
36668
36686
36689
36691
36692
36739
36754
36755
36765
36766
36769
36783
36799
36810
36811
36823
36826
36827
36829
36830
36865
36886
36887
36893
36895
36899
36916
36919
36927
36928
36929
36930
36931
36936
36938
36939
36940
36948
36949
36950
36951
36952
36953
36956
36966
36970
36976
36984
36985
36992
37003
37004
37005
37006
37007
37008
37009
37010
37011
37012
37013
37014
37015
37016
37017
37018
37019
37020
37021
37022
37023
37024
37025
37026
37027
37028
37029
37030
37031
37032
37033
37041
37042
37043
37044
37053
37054
37064
37065
37066
37067
37083
37084
37095
37097
37098
37101
37109
37110
37111
37112
37113
37114
37115
37116
37117
37118
37119
37120
37121
37122
37123
37124
37125
37126
37127
37128
37129
37130
37131
37136
37137
37235
37236
37237
37238
37239
37240
37241
37242
37243
37244
37245
37246
37247
37248
37249
37250
37251
37252
37253
37254
37255
37256
37257
37258
37259
37260
37261
37262
37263
37264
37265
37266
37267
37268
37269
37270
37271
37272
37273
37274
37275
37276
37277
37278
37279
37280
37281
37282
37283
37284
37285
37286
37287
37288
37289
37290
37291
37292
37293
37294
37295
37296
37297
37298
37299
37300
37301
37302
37303
37304
37305
37306
37307
37308
37309
37310
37311
37312
37313
37314
37315
37316
37317
37318
37319
37320
37321
37322
37323
37324
37325
37326
37327
37328
37329
37330
37331
37332
37333
37334
37335
37336
37337
37338
37339
37340
37341
37342
37343
37344
37345
37346
37347
37348
37349
37350
37351
37352
37353
37354
37355
37356
37357
37358
37359
37360
37361
37362
37363
37364
37365
37366
37367
37368
37369
37370
37371
37372
37373
37374
37375
37376
37377
37378
37379
37380
37381
37382
37383
37384
37385
37386
37387
37388
37389
37390
37391
37392
37393
37394
37395
37396
37397
37398
37399
37400
37401
37402
37403
37404
37405
37406
37407
37408
37409
37410
37411
37412
37413
37414
37415
37416
37417
37418
37419
37420
37421
37422
37423
37424
37425
37426
37427
37429
37455
37456
37467
37469
37470
37471
37477
37478
37479
37480
37481
37484
37486
37487
37488
37489
37490
37491
37493
37501
37502
37503
37504
37505
37506
37507
37508
37509
37510
37511
37512
37513
37514
37515
37516
37517
37518
37519
37520
37521
37522
37523
37524
37525
37526
37527
37528
37529
37530
37531
37532
37533
37534
37535
37536
37537
37538
37539
37540
37541
37542
37543
37544
37545
37546
37547
37548
37549
37550
37551
37552
37553
37554
37555
37556
37557
37558
37559
37560
37561
37562
37563
37564
37565
37566
37567
37568
37569
37570
37571
37572
37573
37574
37575
37576
37577
37578
37579
37580
37581
37582
37583
37584
37585
37586
37587
37588
37598
37599
37603
37604
37605
37606
37607
37610
37611
37615
37637
37671
37672
37693
37694
37710
37711
37712
37741
37742
37756
37761
37782
37783
37784
37802
37803
37804
37805
37806
37807
37808
37809
37810
37811
37812
37813
37814
37815
37816
37817
37818
37819
37820
37821
37822
37823
37824
37825
37826
37827
37828
37829
37830
37831
37836
37842
37844
37864
37865
37870
37949
37951
38007
38008
38009
38010
38012
38013
38021
38022
38023
38028
38031
38032
38033
38034
38035
38038
38039
38040
38041
38042
38043
38044
38045
38046
38047
38048
38049
38051
38064
38068
38078
38080
38081
38097
38107
38109
38114
38115
38134
38144
38155
38156
38161
38162
38167
38168
38169
38170
38207
38208
38220
38221
38228
38229
38230
38233
38234
38235
38237
38249
38250
38258
38259
38275
38276
38277
38278
38284
38285
38288
38289
38290
38291
38292
38293
38294
38295
38296
38297
38299
38306
38307
38308
38309
38310
38311
38312
38313
38317
38318
38319
38322
38337
38339
38346
38347
38348
38350
38352
38363
38367
38373
38378
38427
38437
38440
38441
38448
38449
38450
38456
38457
38461
38464
38469
38470
38471
38472
38473
38474
38475
38476
38477
38478
38479
38480
38481
38482
38483
38484
38485
38486
38487
38488
38489
38490
38491
38492
38493
38494
38495
38496
38497
38498
38499
38500
38501
38502
38503
38504
38505
38506
38507
38508
38509
38510
38511
38512
38513
38514
38515
38516
38517
38518
38519
38520
38521
38522
38523
38524
38525
38526
38527
38528
38529
38530
38531
38532
38533
38534
38535
38536
38537
38538
38539
38540
38541
38542
38543
38544
38545
38546
38547
38548
38549
38550
38551
38552
38553
38554
38555
38556
38557
38558
38559
38560
38561
38562
38563
38564
38565
38566
38567
38568
38569
38570
38571
38572
38573
38574
38575
38576
38577
38578
38579
38580
38581
38582
38583
38584
38585
38586
38587
38588
38589
38590
38591
38592
38593
38594
38595
38596
38597
38598
38599
38600
38601
38602
38603
38604
38605
38606
38607
38608
38609
38610
38611
38612
38613
38614
38615
38616
38617
38618
38619
38620
38621
38622
38623
38624
38625
38626
38627
38628
38629
38630
38631
38632
38633
38634
38635
38636
38637
38638
38639
38640
38641
38642
38643
38644
38645
38646
38647
38648
38649
38650
38651
38652
38653
38654
38655
38656
38657
38658
38686
38688
38689
38690
38691
38692
38693
38696
38697
38698
38699
38700
38701
38702
38707
38708
38709
38710
38711
38712
38731
38764
38768
38769
38770
38773
38774
38779
38785
38787
38788
38791
38792
38793
38803
38832
38833
38834
38837
38838
38841
38843
38844
38846
38847
38859
38860
38861
38867
38868
38869
38874
38875
38876
38877
38878
38879
38880
39078
39089
39090
39091
39096
39097
39098
39103
39105
39121
39122
39123
39124
39125
39138
39158
39159
39162
39163
39164
39166
39167
39170
39174
39176
39198
39205
39208
39209
39213
39214
39215
39216
39217
39218
39219
39220
39221
39222
39232
39233
39235
39238
39239
39240
39241
39243
39244
39245
39246
39247
39248
39259
39260
39268
39270
39274
39275
39284
39285
39287
39288
39293
39295
39296
39315
39316
39317
39347
39349
39363
39364
39368
39369
39370
39371
39375
39377
39378
39386
39403
39416
39417
39418
39434
39435
39436
39437
39438
39439
39440
39441
39442
39443
39444
39450
39460
39461
39463
39470
39475
39478
39479
39484
39485
39486
39490
39496
39497
39498
39499
39507
39513
39517
39528
39529
39533
39534
39557
39559
39560
39561
39562
39577
39578
39580
39581
39582
39583
39584
39586
39588
39600
39609
39610
39619
39634
39645
39646
39655
39666
39671
39673
39686
39719
39720
39734
39742
39744
39745
39760
39767
39768
39775
39776
39777
39778
39780
39782
39791
39792
39803
39804
39819
39820
39821
39828
39873
39874
39886
39890
39901
39907
39908
39909
39910
39922
39925
39929
39930
39936
39937
39942
39943
39947
39948
39959
39960
39964
39967
39972
39973
39977
39978
39984
39985
39994
39995
40012
40013
40025
40033
40047
40048
40049
40051
40052
40054
40055
40056
40060
40061
40062
40067
40068
40074
40094
40096
40104
40106
40107
40110
40118
40119
40139
40140
40141
40142
40143
40144
40145
40146
40147
40150
40151
40153
40157
40158
40159
40168
40169
40170
40171
40179
40186
40187
40188
40189
40190
40191
40192
40193
40194
40195
40200
40201
40202
40203
40204
40205
40206
40207
40208
40209
40210
40211
40212
40213
40214
40215
40216
40217
40218
40219
40220
40221
40222
40223
40224
40225
40226
40227
40228
40229
40230
40231
40233
40260
40261
40262
40263
40270
40271
40276
40284
40285
40286
40293
40296
40297
40300
40301
40302
40303
40311
40318
40319
40334
40343
40345
40373
40380
40381
40384
40387
40388
40391
40393
40394
40402
40403
40407
40411
40412
40413
40414
40419
40420
40424
40426
40427
40428
40429
40432
40433
40434
40435
40436
40437
40438
40439
40440
40447
40448
40450
40455
40457
40462
40466
40470
40473
40476
40478
40479
40484
40488
40489
40494
40561
40562
40564
40565
40567
40571
40580
40585
40588
40590
40593
40609
40610
40611
40613
40617
40618
40625
40630
40634
40635
40654
40656
40657
40658
40659
40660
40661
40662
40663
40664
40665
40667
40673
40691
40692
40693
40694
40695
40696
40697
40698
40699
40700
40701
40702
40703
40704
40705
40706
40709
40726
40729
40748
40749
40750
40751
40752
40756
40757
40762
40769
40775
40777
40782
40783
40784
40785
40787
40788
40797
40811
40815
40818
40819
40821
40834
40840
40841
40842
40843
40844
40845
40846
40847
40848
40863
40866
40867
40868
40885
40886
40889
40891
40892
40893
40899
40900
40901
40908
40909
40937
40938
40939
40947
40965
40966
40967
40978
40979
40980
40982
40983
40985
41001
41025
41026
41029
41041
41044
41045
41057
41058
41059
41060
41061
41063
41064
41065
41068
41069
41070
41071
41072
41073
41074
41075
41076
41077
41078
41079
41082
41083
41084
41114
41142
41144
41152
41153
41175
41181
41203
41331
41332
41337
41340
41344
41345
41346
41351
41352
41461
41465
41471
41472
41473
41474
41475
41476
41511
41523
41524
41530
41558
41559
41560
41561
41562
41563
41564
41574
41575
41576
41577
41590
41600
41603
41604
41605
41606
41610
41613
41615
41634
41635
41643
41644
41645
41649
41650
41651
41652
41655
41657
41658
41659
41662
41663
41666
41667
41668
41669
41673
41674
41676
41677
41678
41679
41680
41681
41682
41683
41684
41685
41686
41687
41688
41689
41690
41691
41692
41693
41694
41695
41710
41715
41716
41720
41727
41728
41729
41730
41737
41738
41748
41749
41750
41758
41759
41768
41769
41770
41771
41772
41774
41778
41779
41780
41781
41782
41785
41786
41794
41800
41801
41802
41839
41841
41847
41848
41854
41855
41856
41857
41858
41859
41860
41861
41867
41869
41871
41872
41873
41874
41875
41876
41888
41890
41895
41905
41906
41907
41909
41910
41912
41916
41917
41932
41934
41939
41940
41941
41942
41943
41944
41951
41957
41958
41959
41960
41961
41962
41963
41964
41965
41973
41977
41983
41986
41991
41992
41993
41997
42002
42004
42005
42006
42007
42017
42018
42019
42027
42028
42029
42041
42042
42043
42044
42045
42055
42057
42061
42062
42064
42065
42066
42067
42068
42089
42090
42091
42092
42093
42094
42104
42105
42107
42110
42111
42112
42118
42119
42120
42127
42128
42129
42134
42135
42136
42137
42138
42139
42140
42142
42144
42145
42146
42147
42148
42149
42150
42151
42152
42153
42154
42155
42156
42157
42159
42160
42161
42162
42175
42176
42183
42184
42187
42204
42205
42215
42219
42220
42221
42222
42223
42224
42225
42226
42232
42235
42236
42237
42248
42249
42250
42251
42252
42253
42267
42269
42270
42271
42273
42277
42278
42281
42284
42288
42289
42290
42291
42292
42306
42307
42309
42310
42311
42312
42313
42314
42315
42324
42327
42328
42329
42330
42331
42332
42343
42344
42347
42348
42349
42355
42358
42366
42367
42369
42370
42377
42387
42388
42389
42390
42392
42393
42395
42396
42400
42411
42412
42413
42414
42415
42417
42429
42435
42445
42446
42447
42448
42451
42452
42458
42464
42465
42475
42479
42488
42489
42490
42491
42502
42504
42526
42549
42550
42551
42552
42553
42557
42567
42571
42572
42577
42583
42584
42587
42606
42626
42634
42635
42643
42647
42657
42658
42665
42666
42669
42681
42689
42690
42703
42705
42706
42707
42716
42717
42726
42748
42749
42774
42781
42782
42789
42790
42809
42819
42831
42832
42833
42834
42845
42898
42907
42927
42929
42934
42937
42944
42946
42964
42965
42966
42967
42968
42969
42970
42971
42972
42973
42974
42975
42976
42977
42978
42993
42994
42995
42996
42997
42998
42999
43000
43001
43002
43003
43004
43006
43018
43021
43025
43028
43038
43047
43052
43053
43054
43055
43056
43063
43069
43084
43085
43095
43102
43103
43104
43105
43126
43136
43137
43138
43139
43151
43171
43179
43183
43184
43185
43186
43187
43193
43199
43205
43208
43210
43211
43221
43222
43226
43229
43230
43231
43232
43233
43234
43235
43236
43243
43244
43245
43246
43252
43269
43270
43274
43275
43281
43282
43283
43292
43318
43319
43322
43325
43328
43329
43330
43332
43338
43346
43347
43353
43354
43355
43356
43357
43358
43359
43360
43361
43364
43367
43398
43403
43406
43408
43411
43416
43419
43434
43435
43438
43440
43446
43447
43451
43452
43454
43463
43464
43465
43490
43491
43492
43494
43496
43497
43498
43500
43501
43505
43506
43507
43534
43536
43543
43545
43546
43547
43548
43549
43550
43553
43554
43555
43556
43558
43564
43594
43599
43600
43605
43628
43633
43634
43635
43636
43637
43638
43643
43647
43648
43649
43652
43653
43654
43657
43658
43661
43662
43663
43664
43669
43670
43676
43677
43678
43679
43680
43681
43682
43683
43684
43690
43693
43697
43698
43699
43700
43706
43713
43714
43715
43716
43717
43718
43719
43721
43722
43731
43732
43733
43737
43738
43745
43746
43747
43748
43750
43751
43752
43754
43755
43758
43760
43761
43763
43765
43766
43775
43776
43781
43782
43783
43784
43786
43787
43788
43789
43790
43795
43797
43799
43806
43807
43808
43811
43812
43813
43814
43815
43822
43823
43826
43827
43828
43833
43834
43842
43843
43844
43845
43846
43847
43852
43853
43855
43861
43862
43863
43864
43865
43866
43867
43868
43869
43876
43898
43899
43901
43919
43930
43931
43937
43938
43939
43944
43945
43948
43950
43958
43978
43979
43980
43982
43985
44002
44005
44007
44008
44010
44011
44012
44013
44016
44022
44027
44032
44044
44046
44054
44058
44062
44067
44073
44076
44077
44078
44083
44092
44104
44108
44111
44112
44113
44119
44120
44122
44125
44128
44129
44130
44136
44137
44138
44139
44145
44146
44147
44159
44160
44167
44168
44169
44170
44190
44193
44197
44199
44200
44201
44203
44204
44214
44221
44231
44239
44240
44242
44243
44253
44254
44255
44256
44260
44261
44268
44273
44274
44277
44316
44317
44319
44320
44328
44329
44351
44353
44360
44370
44371
44373
44384
44396
44401
44403
44407
44410
44411
44412
44413
44416
44417
44419
44425
44430
44436
44439
44440
44450
44452
44457
44459
44460
44461
44462
44468
44469
44470
44477
44479
44514
44519
44520
44526
44527
44536
44537
44549
44558
44559
44574
44575
44576
44577
44581
44585
44587
44588
44589
44590
44598
44600
44602
44611
44612
44613
44614
44615
44616
44617
44618
44619
44620
44624
44639
44640
44641
44642
44653
44654
44655
44659
44664
44665
44673
44709
44712
44713
44714
44715
44716
44717
44726
44753
44755
44757
44758
44780
44781
44782
44783
44794
44795
44799
44802
44807
44818
44819
44820
44827
44839
44844
44847
44848
44850
44851
44857
44874
44887
44897
44898
44901
44902
44904
44906
44911
44912
44913
44915
44916
44931
44933
44942
44950
44951
44952
44953
44954
44955
44956
44961
44967
44968
44969
44982
44983
44984
44987
44988
44989
44990
44991
44992
44994
44995
44996
44997
44998
44999
45000
45001
45002
45003
45012
45013
45014
45015
45016
45017
45018
45019
45020
45021
45022
45023
45028
45029
45030
45032
45034
45035
45036
45037
45038
45039
45040
45041
45042
45043
45044
45045
45046
45047
45048
45049
45050
45051
45052
45053
45054
45055
45056
45057
45058
45059
45060
45061
45062
45063
45064
45065
45066
45067
45068
45069
45070
45071
45072
45073
45074
45075
45076
45077
45079
45080
45081
45082
45083
45084
45085
45086
45087
45088
45089
45090
45091
45092
45093
45094
45095
45096
45102
45103
45107
45122
45123
45124
45126
45143
45144
45145
45152
45153
45161
45162
45175
45176
45177
45178
45179
45180
45181
45182
45183
45184
45185
45186
45189
45191
45192
45193
45194
45210
45211
45212
45213
45223
45321
45322
45329
45330
45331
45332
45334
45335
45336
45342
45343
45349
45359
45361
45366
45367
45368
45369
45370
45385
45389
45390
45391
45392
45411
45418
45433
45442
45443
45445
45446
45447
45448
45449
45450
45451
45452
45453
45454
45455
45456
45457
45458
45459
45460
45461
45462
45463
45464
45465
45466
45467
45468
45469
45470
45471
45472
45475
45476
45477
45485
45486
45489
45491
45499
45501
45503
45504
45505
45506
45507
45508
45509
45510
45511
45524
45526
45553
45567
45569
45572
45573
45597
45598
45599
45602
45604
45605
45607
45608
45609
45610
45611
45614
45618
45619
45620
45621
45637
45638
45639
45640
45641
45642
45646
45647
45648
45649
45650
45651
45652
45653
45654
45655
45656
45657
45658
45659
45666
45667
45686
45687
45688
45689
45695
45696
45697
45698
45703
45704
45705
45706
45707
45708
45709
45712
45713
45714
45715
45720
45721
45722
45723
45724
45725
45726
45727
45728
45729
45730
45731
45738
45747
45748
45751
45752
45753
45755
45756
45757
45769
45770
45791
45792
45793
45794
45795
45796
45797
45801
45802
45803
45804
45805
45806
45807
45808
45816
45822
45823
45824
45825
45826
45827
45828
45830
45834
45844
45845
45846
45847
45848
45849
45850
45851
45852
45853
45854
45855
45856
45857
45858
45860
45861
45870
45871
45872
45873
45874
45875
45876
45877
45878
45883
45884
45885
45888
45890
45891
45892
45899
45900
45901
45902
45903
45904
45909
45910
45911
45912
45913
45914
45915
45916
45917
45918
45919
45920
45921
45922
45923
45924
45925
45926
45927
45937
45938
45939
45940
45941
45942
45943
45944
45945
45946
45947
45951
45952
45953
45958
45959
45960
45961
45962
45963
45964
45967
45968
45969
45970
45971
45972
45973
45974
45975
45976
45977
45978
45979
45980
45984
45989
45990
45995
45996
45997
45998
45999
46000
46001
46002
46003
46007
46009
46013
46014
46015
46027
46047
46048
46049
46050
46077
46100
46101
46102
46103
46104
46105
46106
46108
46109
46110
46111
46112
46113
46114
46120
46129
46130
46131
46142
46143
46144
46145
46146
46151
46152
46153
46154
46155
46157
46158
46159
46160
46161
46162
46163
46164
46165
46166
46167
46170
46171
46172
46173
46174
46175
46179
46180
46189
46192
46193
46194
46195
46196
46197
46198
46199
46200
46201
46202
46203
46204
46205
46216
46217
46218
46219
46220
46221
46222
46223
46224
46225
46226
46227
46228
46229
46230
46231
46232
46233
46244
46249
46250
46251
46285
46286
46287
46288
46289
46290
46291
46292
46293
46294
46327
46328
46343
46344
46345
46346
46347
46348
46349
46350
46351
46352
46353
46354
46355
46356
46357
46358
46359
46360
46361
46362
46364
46375
46376
46377
46378
46381
46382
46387
46397
46408
46409
46410
46415
46416
46417
46418
46419
46420
46421
46422
46424
46427
46428
46429
46430
46431
46432
46433
46434
46435
46436
46449
46455
46456
46460
46464
46465
46466
46467
46469
46470
46473
46475
46488
46493
46494
46495
46496
46497
46498
46499
46500
46505
46508
46509
46510
46511
46512
46513
46514
46515
46516
46517
46518
46519
46520
46521
46522
46523
46524
46528
46529
46530
46531
46532
46533
46534
46535
46536
46537
46538
46539
46540
46541
46542
46543
46548
46549
46550
46551
46552
46553
46554
46555
46556
46559
46598
46610
46611
46614
46625
46626
46639
46642
46646
46650
46651
46652
46653
46654
46655
46656
46657
46662
46669
46691
46692
46693
46694
46695
46696
46697
46698
46699
46700
46701
46702
46703
46704
46710
46712
46713
46714
46715
46716
46717
46718
46719
46720
46721
46722
46723
46724
46725
46726
46727
46728
46730
46740
46741
46747
46756
46759
46760
46763
46764
46765
46780
46781
46786
46787
46788
46790
46791
46795
46796
46797
46800
46801
46802
46803
46804
46811
46812
46814
46832
46833
46834
46841
46842
46843
46844
46845
46846
46847
46848
46849
46850
46851
46866
46871
46872
46873
46874
46875
46876
46877
46878
46879
46880
46881
46882
46883
46884
46885
46887
46892
46898
46908
46916
46917
46918
46919
46921
46942
46943
46945
46946
46947
46962
46963
46964
46965
46971
46972
46981
46982
46983
46984
46997
47005
47006
47007
47010
47011
47016
47032
47033
47034
47035
47048
47049
47051
47054
47077
47078
47079
47080
47081
47082
47083
47084
47085
47086
47087
47088
47089
47090
47091
47092
47093
47094
47095
47096
47099
47100
47101
47102
47109
47114
47115
47117
47121
47130
47133
47134
47135
47138
47139
47143
47144
47145
47146
47147
47148
47149
47150
47151
47152
47153
47157
47158
47189
47209
47210
47214
47224
47232
47233
47234
47235
47236
47237
47241
47242
47243
47244
47247
47248
47250
47251
47254
47257
47261
47262
47263
47269
47274
47275
47276
47277
47290
47296
47297
47298
47299
47300
47301
47308
47309
47311
47326
47327
47328
47329
47330
47338
47339
47340
47355
47356
47360
47366
47377
47378
47384
47385
47392
47393
47415
47416
47417
47418
47419
47420
47421
47422
47426
47427
47428
47429
47430
47431
47432
47433
47435
47441
47442
47443
47444
47456
47472
47499
47503
47508
47509
47514
47515
47518
47537
47541
47544
47545
47550
47552
47554
47556
47557
47580
47585
47611
47624
47627
47629
47630
47631
47632
47643
47649
47653
47658
47659
47660
47661
47662
47668
47672
47673
47674
47678
47682
47686
47688
47690
47691
47692
47706
47707
47708
47709
47710
47711
47712
47713
47714
47730
47731
47732
47733
47734
47742
47743
47744
47745
47746
47747
47748
47750
47751
47752
47753
47754
47755
47756
47757
47758
47759
47760
47761
47770
47775
47784
47789
47790
47794
47795
47796
47797
47798
47800
47806
47807
47808
47822
47832
47833
47834
47837
47844
47865
47867
47873
47880
47883
47891
47893
47894
47897
47911
47912
47913
47914
47915
47934
47945
47948
47949
47951
47970
47972
47988
47999
48000
48001
48002
48003
48004
48007
48008
48009
48021
48028
48029
48035
48039
48041
48046
48053
48054
48055
48057
48060
48070
48071
48075
48085
48112
48113
48114
48115
48120
48127
48152
48153
48154
48159
48166
48167
48168
48169
48174
48177
48178
48179
48180
48194
48201
48202
48203
48215
48218
48220
48221
48225
48226
48227
48228
48242
48252
48253
48291
48295
48296
48297
48298
48305
48311
48319
48320
48336
48337
48338
48347
48353
48355
48357
48361
48362
48373
48379
48382
48407
48414
48416
48418
48422
48453
48458
48459
48478
48479
48480
48481
48482
48483
48484
48494
48519
48522
48538
48542
48547
48558
48559
48560
48575
48587
48588
48591
48592
48593
48614
48626
48645
48655
48656
48660
48678
48697
48703
48705
48754
48756
48757
48772
48775
48776
48809
48846
48848
48862
48885
48892
48910
48912
48948
48952
48959
48970
49000
49023
49038
49039
49094
49119
49123
49129
49130
49148
49214
49215
49216
49217
49218
49219
49220
49221
49222
49223
49224
49225
49226
49227
49228
49229
49230
49231
49232
49233
49234
49235
49236
49237
49241
49242
49243
49244
49245
49246
49442
49443
49462
49475
49489
49519
49536
49545
49550
49562
49570
49592
49624
49625
49630
49656
49657
49683
49688
49711
49724
49730
49735
49751
49760
49763
49789
49798
49804
49806
49817
49828
49832
49842
49857
49870
49872
49877
49883
49893
49897
49898
49914
49915
49916
49926
49927
49951
49952
49962
49964
49972
49979
49997
50009
50016
50040
50043
50044
50055
50068
50070
50078
50079
50094
50103
50108
50116
50128
50129
50148
50184
50185
50187
50199
50200
50202
50203
50207
50210
50215
50220
50243
50250
50261
50262
50271
50272
50279
50287
50294
50295
50298
50301
50315
50319
50325
50327
50329
50334
50336
50338
50340
50341
50342
50344
50345
50346
50347
50348
50349
50351
50354
50357
50358
50359
50361
50362
50363
50365
50367
50368
50371
50389
50400
50417
50438
50439
50440
50449
50451
50452
50461
50465
50471
50476
50479
50480
50481
50482
50486
50487
50490
50491
50499
50500
50502
50505
50507
50508
50511
50513
50514
50516
50518
50519
50525
50533
50536
50539
50543
50545
50548
50552
50554
50556
50557
50558
50561
50562
50563
50572
50574
50575
50577
50578
50580
50584
50585
50586
50589
50592
50593
50594
50600
50614
50617
50635
50637
50643
50644
50645
50646
50648
50658
50659
50664
50665
50671
50672
50674
50675
50677
50679
50684
50685
50689
50690
50694
50700
50705
50710
50716
50718
50720
50725
50734
50737
50742
50743
50744
50746
50753
50754
50765
50767
50772
50775
50784
50787
50788
50789
50807
50810
50814
50819
50821
50822
50823
50824
50828
50836
50838
50840
50844
50847
50854
50855
50860
50861
50864
50869
50875
50881
50883
50884
50885
50887
50888
50894
50898
50899
50900
50904
50905
50907
50917
50918
50921
50927
50931
50934
50937
50942
50946
50951
50956
50961
50963
50965
50973
50974
50979
50984
50985
50989
50997
51012
51019
51026
51046
51048
51061
51065
51070
51075
51078
51084
51087
51093
51109
51111
51117
51119
51121
51125
51126
51132
51133
51136
51141
51145
51149
51151
51152
51156
51157
51160
51166
51176
51178
51181
51183
51186
51191
51199
51201
51205
51206
51207
51209
51214
51215
51216
51218
51227
51230
51235
51237
51238
51239
51244
51245
51246
51249
51250
51252
51258
51265
51269
51271
51273
51275
51289
51296
51311
51315
51325
51335
51340
51342
51345
51351
51352
51353
51359
51360
51361
51371
51372
51383
51385
51400
51404
51409
51410
51415
51426
51431
51432
51433
51443
51447
51450
51454
51460
51461
51462
51463
51464
51467
51470
51472
51474
51476
51480
51481
51483
51486
51491
51493
51501
51511
51517
51518
51523
51527
51529
51530
51531
51534
51540
51548
51550
51553
51561
51564
51568
51576
51579
51584
51585
51588
51589
51590
51596
51597
51600
51602
51604
51606
51607
51608
51609
51617
51625
51628
51629
51633
51637
51638
51639
51640
51644
51645
51651
51653
51654
51656
51657
51659
51660
51661
51662
51664
51665
51668
51671
51672
51676
51683
51686
51691
51693
51700
51701
51706
51707
51709
51711
51716
51717
51721
51722
51723
51727
51728
51729
51732
51734
51735
51736
51742
51743
51746
51752
51755
51756
51757
51760
51763
51766
51769
51772
51773
51777
51778
51779
51782
51785
51786
51788
51798
51803
51804
51811
51812
51813
51818
51819
51823
51826
51827
51829
51831
51832
51835
51839
51841
51842
51846
51847
51850
51852
51854
51855
51862
51864
51865
51866
51867
51868
51873
51876
51881
51888
51891
51892
51895
51897
51898
51901
51903
51905
51920
51921
51922
51927
51930
51932
51933
51939
51942
51943
51945
51946
51949
51952
51957
51958
51960
51964
51970
51972
51974
51976
51977
51982
51984
51990
51991
51992
51995
51997
52005
52007
52008
52009
52010
52013
52015
52018
52019
52024
52026
52030
52031
52036
52037
52045
52049
52055
52057
52062
52065
52066
52067
52082
52084
52087
52089
52090
52093
52096
52098
52103
52104
52107
52116
52124
52125
52127
52128
52129
52131
52137
52141
52142
52145
52153
52154
52157
52161
52163
52166
52168
52169
52171
52172
52175
52176
52182
52188
52200
52204
52205
52209
52215
52216
52221
52229
52237
52238
52250
52251
52253
52258
52260
52261
52263
52264
52266
52267
52268
52271
52276
52288
52293
52294
52295
52296
52304
52310
52314
52316
52317
52321
52327
52332
52334
52335
52336
52339
52340
52344
52369
52372
52379
52380
52382
52391
52393
52399
52401
52402
52404
52411
52418
52419
52420
52422
52427
52435
52436
52438
52443
52446
52451
52459
52460
52465
52466
52468
52469
52470
52472
52477
52478
52480
52483
52488
52492
52493
52496
52497
52502
52505
52506
52511
52516
52517
52518
52531
52532
52538
52545
52550
52552
52553
52557
52565
52567
52572
52573
52576
52582
52583
52586
52592
52593
52595
52596
52597
52598
52599
52600
52604
52606
52610
52612
52616
52620
52621
52622
52624
52633
52635
52639
52651
52653
52661
52662
52667
52670
52671
52672
52673
52674
52676
52678
52679
52681
52686
52687
52689
52690
52691
52692
52695
52697
52699
52703
52711
52713
52716
52717
52718
52720
52722
52728
52730
52731
52740
52741
52742
52745
52746
52748
52749
52754
52760
52763
52764
52772
52775
52780
52785
52787
52791
52792
52794
52800
52801
52804
52805
52809
52817
52820
52822
52826
52828
52833
52834
52845
52846
52849
52852
52853
52860
52861
52865
52875
52877
52890
52894
52897
52898
52899
52905
52906
52912
52917
52920
52922
52925
52926
52930
52932
52934
52936
52938
52942
52943
52945
52946
52950
52953
52960
52965
52968
52972
52977
52984
52987
52989
52993
52994
52997
53003
53005
53006
53007
53008
53010
53011
53017
53018
53029
53030
53032
53042
53051
53052
53061
53070
53081
53082
53089
53093
53096
53099
53101
53111
53112
53115
53123
53124
53125
53128
53136
53138
53140
53143
53146
53157
53169
53173
53180
53184
53190
53192
53202
53208
53209
53210
53211
53212
53213
53214
53220
53225
53232
53233
53234
53235
53238
53247
53248
53250
53251
53252
53265
53268
53272
53278
53282
53283
53284
53287
53288
53291
53298
53301
53303
53306
53307
53308
53312
53315
53317
53318
53319
53321
53324
53326
53328
53330
53331
53338
53341
53343
53349
53350
53355
53360
53366
53369
53371
53375
53380
53381
53385
53396
53399
53401
53402
53406
53410
53411
53414
53417
53419
53431
53433
53436
53443
53444
53448
53451
53453
53458
53465
53468
53473
53476
53479
53486
53492
53496
53504
53510
53511
53521
53522
53524
53528
53531
53533
53536
53537
53538
53539
53550
53552
53554
53556
53560
53563
53568
53571
53579
53581
53586
53588
53602
53611
53617
53619
53620
53621
53631
53634
53638
53641
53642
53643
53650
53652
53653
53654
53662
53666
53670
53672
53677
53686
53691
53695
53696
53704
53705
53707
53709
53710
53713
53719
53720
53721
53726
53728
53729
53731
53733
53736
53739
53740
53741
53742
53752
53756
53757
53761
53764
53768
53770
53771
53772
53774
53781
53782
53793
53795
53796
53807
53809
53815
53826
53828
53829
53830
53842
53847
53852
53857
53864
53867
53873
53874
53876
53878
53879
53880
53883
53884
53890
53892
53894
53899
53900
53904
53908
53909
53910
53912
53914
53918
53919
53920
53922
53929
53934
53938
53948
53949
53950
53952
53953
53954
53962
53965
53971
53972
53975
53977
53979
53983
53995
53996
54000
54002
54003
54007
54009
54010
54013
54028
54035
54037
54041
54042
54043
54046
54049
54050
54055
54058
54067
54078
54079
54085
54086
54109
54112
54113
54114
54119
54121
54123
54125
54126
54127
54130
54136
54141
54144
54150
54157
54169
54171
54172
54176
54191
54195
54198
54211
54213
54218
54222
54224
54225
54234
54236
54241
54245
54251
54256
54259
54260
54262
54264
54265
54268
54269
54272
54278
54283
54284
54299
54315
54321
54326
54331
54333
54336
54348
54351
54354
54355
54356
54358
54362
54366
54370
54373
54376
54379
54380
54381
54392
54396
54404
54407
54409
54412
54415
54419
54420
54421
54426
54428
54436
54447
54448
54449
54450
54452
54453
54457
54460
54461
54462
54463
54469
54472
54477
54479
54481
54485
54487
54489
54490
54503
54504
54505
54512
54514
54515
54519
54520
54530
54532
54535
54536
54538
54540
54542
54543
54554
54556
54572
54574
54578
54579
54584
54586
54591
54594
54601
54603
54605
54608
54609
54623
54627
54628
54629
54630
54633
54640
54641
54646
54647
54657
54658
54667
54669
54672
54676
54677
54681
54683
54684
54689
54695
54697
54699
54700
54705
54709
54710
54723
54727
54735
54738
54739
54741
54744
54746
54747
54749
54762
54766
54767
54770
54772
54773
54776
54781
54786
54789
54799
54800
54802
54804
54806
54808
54816
54819
54820
54830
54833
54835
54837
54840
54842
54844
54845
54850
54854
54863
54866
54869
54875
54881
54882
54886
54887
54892
54894
54898
54900
54906
54912
54913
54915
54919
54925
54932
54933
54940
54943
54954
54955
54957
54970
54972
54974
54981
54986
54997
55001
55003
55005
55008
55011
55019
55021
55024
55025
55026
55029
55031
55037
55039
55040
55041
55043
55058
55063
55068
55076
55078
55082
55084
55087
55091
55092
55093
55097
55099
55103
55105
55116
55121
55122
55130
55131
55136
55141
55145
55148
55149
55151
55152
55153
55163
55166
55167
55168
55170
55172
55173
55175
55180
55181
55184
55187
55188
55191
55198
55200
55201
55203
55204
55205
55209
55214
55216
55218
55226
55227
55228
55229
55232
55239
55241
55244
55245
55251
55253
55254
55255
55256
55269
55270
55272
55274
55275
55277
55278
55282
55287
55289
55291
55295
55302
55303
55304
55306
55309
55310
55311
55313
55320
55324
55325
55328
55329
55338
55339
55341
55342
55344
55345
55348
55352
55357
55358
55360
55361
55366
55369
55370
55381
55383
55385
55386
55391
55395
55399
55400
55404
55408
55414
55423
55426
55428
55434
55435
55440
55441
55444
55449
55450
55453
55456
55458
55464
55470
55477
55478
55479
55481
55482
55487
55489
55490
55491
55492
55494
55498
55499
55503
55505
55507
55510
55515
55536
55542
55544
55545
55546
55550
55552
55553
55557
55563
55565
55566
55567
55570
55573
55576
55582
55583
55594
55595
55601
55608
55612
55615
55617
55618
55622
55628
55629
55632
55645
55646
55648
55652
55654
55656
55659
55660
55665
55666
55676
55680
55683
55687
55692
55701
55713
55716
55718
55719
55722
55723
55731
55734
55738
55741
55743
55749
55751
55753
55754
55755
55758
55761
55765
55768
55775
55776
55777
55784
55789
55794
55806
55807
55811
55812
55813
55815
55817
55819
55823
55825
55829
55831
55833
55838
55846
55849
55858
55859
55860
55861
55863
55867
55869
55871
55874
55878
55879
55889
55891
55892
55893
55896
55897
55901
55906
55907
55912
55915
55916
55919
55920
55922
55930
55932
55935
55936
55938
55940
55942
55945
55950
55955
55958
55962
55964
55969
55973
55974
55977
55979
55981
55982
55983
55986
55987
55994
55996
55999
56000
56002
56011
56013
56014
56020
56021
56022
56027
56028
56029
56031
56032
56037
56040
56041
56042
56043
56047
56048
56055
56057
56059
56060
56063
56064
56073
56077
56082
56088
56089
56090
56095
56096
56101
56110
56118
56127
56136
56138
56139
56140
56144
56145
56150
56151
56154
56160
56169
56170
56171
56173
56177
56182
56186
56187
56194
56195
56198
56200
56201
56204
56208
56211
56212
56213
56216
56217
56222
56226
56230
56233
56236
56240
56241
56249
56254
56260
56266
56267
56270
56275
56276
56283
56287
56290
56293
56294
56301
56303
56304
56311
56322
56323
56324
)


// ************************************************************************* //
