/*--------------------------------*- C++ -*----------------------------------*\
| =========                 |                                                 |
| \\      /  F ield         | OpenFOAM: The Open Source CFD Toolbox           |
|  \\    /   O peration     | Version:  v2012                                 |
|   \\  /    A nd           | Website:  www.openfoam.com                      |
|    \\/     M anipulation  |                                                 |
\*---------------------------------------------------------------------------*/
FoamFile
{
    version     2.0;
    format      ascii;
    class       labelList;
    location    "constant/polyMesh";
    object      pointProcAddressing;
}
// * * * * * * * * * * * * * * * * * * * * * * * * * * * * * * * * * * * * * //


14386
(
1
4
9
13
53
54
55
56
57
58
59
60
61
62
63
64
65
66
67
68
69
70
71
72
73
74
75
76
77
78
79
80
81
82
83
84
85
86
87
88
89
90
91
92
93
94
95
96
97
98
99
100
101
102
103
104
105
106
107
108
109
110
111
112
113
114
115
116
117
118
119
120
121
122
123
124
125
126
127
128
129
130
131
132
133
134
135
136
137
138
139
140
141
142
143
144
145
146
147
148
149
150
151
152
153
154
155
156
157
158
159
160
161
162
163
164
165
166
167
168
169
170
171
172
173
174
175
176
177
178
179
180
181
546
547
548
549
550
551
552
553
554
555
556
557
558
559
560
561
562
563
564
565
566
567
568
569
570
571
572
573
574
807
808
809
810
811
812
813
814
815
816
817
818
819
820
821
822
823
824
825
826
827
828
829
830
831
832
833
834
835
836
837
838
839
840
841
842
843
844
845
846
847
848
849
850
851
852
853
854
855
856
857
858
859
860
861
862
863
864
865
866
867
868
869
870
871
872
873
874
875
876
877
878
879
880
881
882
883
884
885
886
887
888
889
890
891
892
893
894
895
896
897
898
899
900
901
902
903
904
905
906
907
908
909
910
911
912
913
914
915
916
917
918
919
920
921
922
923
924
925
926
927
928
929
930
931
932
933
934
935
1300
1301
1302
1303
1304
1305
1306
1307
1308
1309
1310
1311
1312
1313
1314
1315
1316
1317
1318
1319
1320
1321
1322
1323
1324
1325
1326
1327
1328
1525
1527
1528
1536
1561
1567
1568
1570
1572
1578
1579
1582
1585
1592
1596
1600
1602
1606
1609
1617
1619
1622
1624
1626
1635
1641
1666
1668
1675
1676
1678
1682
1684
1691
1692
1694
1696
1697
1702
1706
1710
1719
1725
1728
1730
1731
1742
1743
1746
1747
1748
1753
1757
1758
1759
1760
1761
1762
1765
1924
1925
1926
1927
1928
1929
1930
1931
1932
1933
1934
1935
1936
1937
1938
1939
1940
1941
1942
1943
1944
1945
1946
1947
1948
1949
1950
1951
1952
1953
1954
1955
1956
1957
1958
1959
1960
1961
1962
1963
1964
1965
1966
1967
1968
1969
1970
1971
1972
1973
1974
1975
1976
1977
1978
1979
1980
1981
1982
1983
1984
1985
1986
1987
1988
1989
1990
1991
1992
1993
1994
1995
1996
1997
1998
1999
2000
2001
2002
2003
2004
2005
2006
2007
2008
2009
2010
2011
2012
2013
2014
2015
2016
2017
2018
2019
2020
2021
2022
2023
2024
2025
2026
2027
2028
2029
2030
2031
2032
2033
2034
2035
2036
2037
2038
2039
2040
2041
2042
2043
2044
2045
2046
2047
2048
2049
2050
2051
2052
2053
2054
2055
2056
2057
2058
2059
2060
2061
2062
2063
2064
2065
2066
2067
2068
2069
2070
2071
2072
2073
2074
2075
2076
2077
2078
2079
2080
2081
2082
2083
2084
2085
2086
2087
2088
2089
2090
2091
2092
2093
2094
2095
2096
2097
2098
2099
2100
2101
2102
2103
2104
2105
2106
2107
2108
2109
2110
2111
2112
2113
2114
2115
2116
2117
2118
2119
2120
2121
2122
2123
2124
2125
2126
2127
2128
2129
2130
2131
2132
2133
2134
2135
2136
2137
2138
2139
2140
2141
2142
2143
2144
2145
2146
2147
2148
2149
2150
2151
2152
2153
2154
2155
2156
2157
2158
2159
2160
2161
2162
2198
2199
2200
2201
2202
2203
2204
2207
2208
2209
2214
2215
2216
2225
2226
2243
2633
2760
2761
2762
2763
2764
2765
2766
2767
2768
2769
2771
2772
2773
2776
2777
2779
2780
2783
2784
2785
2786
2787
2788
2789
2790
2791
2792
2793
2799
2800
2804
2805
2806
2811
2812
2813
2814
2815
2816
2817
2818
2819
2820
2821
2822
2823
2824
2825
2826
2827
2828
2829
2830
2831
2832
2833
2834
2835
2836
2837
2838
2839
2840
2841
2842
2843
2844
2845
2846
2847
2848
2849
2850
2851
2852
2853
2854
2855
2856
2857
2858
2859
2860
2864
2867
2868
2887
2899
2920
2955
2974
3212
3303
3304
3305
3306
3307
3308
3309
3310
3311
3338
3339
3340
3383
3384
3465
3466
3502
3503
3587
3588
3629
3630
3631
3637
3646
3671
3674
3689
3693
3694
3695
3696
3697
3700
3701
3702
3722
3732
3733
3734
3735
3736
3737
3738
3739
3740
3741
3742
3743
3744
3745
3746
3747
3748
3749
3750
3751
3752
3753
3754
3755
3756
3757
3758
3759
3760
3761
3762
3763
3764
3765
3766
3767
3768
3769
3770
3771
3772
3773
3774
3775
3776
3777
3778
3779
3780
3781
3782
3783
3784
3785
3786
3787
3788
3789
3790
3791
3792
3793
3794
3795
3796
3797
3798
3799
3800
3801
3802
3803
3804
3805
3806
3807
3808
3809
3810
3811
3812
3813
3814
3815
3816
3817
3818
3819
3820
3821
3822
3823
3824
3825
3826
3827
3828
3829
3830
3831
3832
3833
3834
3835
3836
3837
3838
3839
3840
3841
3842
3843
3844
3845
3846
3847
3848
3849
3850
3851
3852
3853
3854
3855
3856
3857
3858
3859
3860
3861
3862
3863
3864
3865
3866
3867
3868
3869
3870
3871
3872
3873
3874
3875
3876
3877
3878
3879
3880
3881
3882
3883
3884
3885
3886
3887
3888
3889
3890
3891
3892
3893
3894
3895
3896
3897
3898
3899
3900
3901
3902
3903
3904
3905
3906
3907
3908
3909
3910
3911
3912
3913
3914
3915
3916
3917
3918
3919
3920
3921
3922
3923
3924
3925
3926
3927
3928
3929
3930
3931
3932
3933
3934
3935
3936
3937
3938
3939
3940
3941
3942
3943
3944
3945
3946
3947
3948
3949
3950
3951
3952
3953
3954
3955
3956
3957
3958
3959
3960
3961
3962
3963
3964
3965
3966
3967
3968
3969
3970
3971
3972
3973
3974
3975
3976
3977
3978
3979
3980
3981
3982
3983
3984
3985
3986
3987
3988
3989
3990
3991
3992
3993
3994
3995
3996
3997
3998
3999
4000
4001
4002
4003
4004
4005
4006
4007
4035
4036
4037
4038
4039
4088
4089
4092
4093
4094
4095
4099
4100
4102
4103
4104
4106
4113
4115
4116
4122
4125
4130
4131
4132
4133
4139
4142
4147
4150
4151
4156
4157
4162
4163
4164
4165
4166
4167
4168
4169
4170
4171
4172
4173
4174
4175
4176
4177
4178
4179
4180
4181
4182
4183
4184
4185
4186
4187
4188
4189
4190
4191
4192
4193
4194
4195
4196
4282
4283
4284
4296
4297
4312
4313
4329
4330
4353
4354
4355
4365
4366
4370
4371
4378
4379
4385
4386
4388
4389
4390
4392
4395
4425
4426
4427
4428
4429
4430
4431
4432
4433
4434
4435
4436
4437
4438
4439
4440
4441
4442
4443
4444
4449
4450
4451
4452
4453
4454
4455
4456
4457
4458
4461
4462
4463
4464
4465
4467
4468
4469
4486
4487
4488
4493
4496
4497
4498
4499
4500
4501
4502
4503
4504
4505
4506
4622
4623
4643
4644
4674
4675
4677
4678
4679
4680
4681
4682
4683
4684
4685
4686
4687
4688
4689
4690
4691
4692
4693
4717
4718
4719
4720
4721
4722
4736
4739
4748
4749
4750
4751
4752
4753
4754
4755
4756
4757
4758
4759
4760
4761
4762
4763
4764
4765
4766
4767
4768
4769
4770
4771
4772
4773
4774
4775
4776
4777
4778
4779
4780
4781
4782
4783
4784
4785
4786
4787
4788
4789
4790
4791
4792
4793
4795
4796
4797
4799
4805
4806
4807
4808
4809
4810
4811
4812
4813
4814
4815
4816
4817
4818
4819
4820
4821
4822
4823
4824
4825
4826
4827
4861
4862
4864
4871
4872
4873
4874
4875
4876
4877
4878
4879
4880
4881
4882
4883
4884
4885
4886
4887
4888
4889
4890
4891
4892
4893
4894
4895
4896
4897
4898
4899
4904
4905
4906
4907
4908
4909
4910
4911
4912
4913
4914
4916
4917
4926
4927
4937
4938
4945
4957
4976
4977
4978
4979
4980
4981
4982
4983
4984
4985
4986
4987
4988
4989
4990
4991
4992
4993
4994
4995
4996
4998
5004
5005
5006
5007
5008
5022
5082
5083
5090
5091
5092
5098
5099
5100
5101
5102
5103
5104
5105
5171
5172
5177
5178
5182
5189
5190
5194
5214
5215
5223
5234
5235
5247
5248
5249
5525
5528
5559
5563
5572
5573
5581
5582
5584
5585
5591
5595
5598
5606
5609
5610
5612
5623
5624
5625
5626
5633
5634
5635
5636
5637
5638
5647
5648
5649
5651
5652
5660
5661
5673
5674
5691
5708
5709
5710
5711
5712
5713
5714
5715
5716
5717
5718
5719
5720
5721
5722
5723
5760
5761
5762
5763
5764
5765
5766
5767
5768
5769
5770
5771
5772
5773
5774
5775
5776
5777
5778
5779
5780
5781
5782
5783
5784
5785
5786
5787
5788
5789
5790
5791
5792
5793
5794
5795
5796
5797
5800
5801
5804
5820
5824
5826
5838
5844
5845
5846
5847
5849
5866
5867
5868
5880
5881
5886
5887
5889
5891
5892
5898
5899
5900
5901
5902
5906
5907
5908
5909
5918
5921
5924
5930
5931
5932
5935
5936
5961
5962
5963
5964
5965
5966
5967
5968
5969
5970
5971
5972
5973
5974
5975
5976
5977
5978
5979
5980
5981
5982
5983
5984
5985
5986
5987
5988
5989
5990
5991
5992
5993
5994
5995
5996
5997
5998
5999
6000
6001
6002
6003
6004
6005
6006
6007
6008
6009
6010
6011
6012
6013
6014
6015
6016
6017
6018
6019
6020
6021
6022
6023
6024
6025
6026
6027
6028
6029
6030
6031
6032
6033
6034
6035
6036
6037
6038
6039
6040
6041
6042
6043
6044
6045
6046
6047
6048
6049
6050
6051
6052
6053
6054
6055
6056
6057
6058
6059
6060
6061
6062
6063
6064
6065
6066
6067
6068
6069
6070
6071
6072
6073
6074
6075
6076
6077
6078
6079
6080
6081
6082
6083
6086
6093
6094
6095
6096
6097
6098
6099
6100
6101
6102
6103
6104
6105
6106
6107
6108
6109
6110
6111
6112
6113
6114
6115
6116
6117
6118
6119
6120
6121
6122
6123
6124
6125
6126
6127
6128
6129
6130
6131
6132
6133
6134
6135
6138
6139
6163
6166
6167
6169
6170
6171
6172
6173
6225
6226
6227
6234
6235
6236
6237
6238
6239
6240
6241
6242
6243
6244
6245
6246
6247
6248
6249
6251
6252
6257
6258
6283
6284
6285
6286
6287
6288
6295
6297
6298
6299
6307
6309
6321
6322
6323
6324
6325
6326
6327
6328
6329
6330
6331
6332
6333
6334
6335
6336
6337
6339
6345
6346
6349
6352
6353
6354
6412
6413
6414
6415
6418
6427
6428
6429
6430
6434
6435
6463
6464
6465
6467
6468
6469
6470
6480
6481
6482
6483
6484
6485
6486
6487
6488
6489
6490
6491
6492
6493
6495
6496
6497
6498
6499
6500
6501
6502
6503
6504
6505
6506
6507
6508
6509
6510
6511
6512
6513
6514
6515
6516
6517
6518
6519
6520
6521
6522
6523
6524
6525
6526
6527
6528
6529
6530
6531
6532
6533
6534
6535
6536
6537
6538
6539
6540
6541
6542
6543
6544
6545
6546
6547
6548
6549
6550
6551
6552
6553
6554
6555
6556
6557
6558
6559
6560
6561
6562
6563
6564
6565
6566
6567
6568
6569
6570
6571
6572
6573
6574
6575
6576
6577
6578
6579
6580
6581
6582
6583
6584
6585
6586
6587
6588
6589
6590
6591
6592
6593
6594
6595
6596
6597
6598
6599
6600
6601
6602
6604
6605
6606
6616
6617
6670
6671
6672
6676
6678
6679
6680
6687
6688
6689
6690
6691
6692
6693
6712
6714
6715
6722
6723
6745
6746
6747
6748
6749
6750
6752
6754
6755
6756
6757
6782
6783
6784
6819
6820
6827
6829
6994
6995
7110
7112
7115
7130
7131
7135
7141
7142
7143
7144
7145
7146
7152
7154
7161
7164
7166
7167
7168
7169
7170
7171
7175
7176
7177
7178
7179
7180
7181
7182
7183
7184
7194
7198
7199
7204
7210
7211
7213
7214
7216
7217
7218
7226
7227
7232
7233
7239
7244
7257
7258
7259
7260
7263
7264
7270
7271
7301
7302
7303
7304
7316
7328
7341
7342
7347
7348
7349
7350
7351
7358
7364
7365
7366
7370
7371
7372
7373
7380
7381
7383
7384
7385
7386
7402
7407
7408
7409
7415
7416
7433
7434
7437
7447
7449
7450
7458
7459
7463
7469
7470
7483
7484
7489
7494
7496
7512
7524
7525
7531
7532
7544
7555
7556
7589
7595
7596
7599
7600
7613
7614
7615
7616
7619
7632
7652
7663
7664
7669
7683
7689
7705
7752
7753
7759
7765
7771
7795
7796
7819
7820
7821
7822
7844
7847
7849
7850
7851
7852
7856
7866
7867
7871
7872
7873
7877
7878
7881
7889
7890
7891
7892
7893
7894
7895
7940
7941
7942
7943
7944
7945
7946
7954
7978
7979
7983
7985
8094
8096
8099
8100
8102
8105
8106
8107
8108
8109
8111
8112
8113
8115
8116
8117
8118
8120
8121
8126
8127
8129
8131
8133
8134
8136
8137
8138
8141
8142
8143
8144
8145
8148
8149
8150
8151
8152
8153
8154
8155
8156
8157
8158
8159
8160
8161
8162
8163
8164
8165
8172
8173
8177
8178
8179
8180
8182
8183
8184
8185
8186
8187
8188
8189
8197
8199
8202
8203
8204
8205
8206
8207
8208
8209
8210
8211
8212
8213
8214
8215
8216
8217
8218
8219
8220
8221
8222
8223
8224
8225
8226
8227
8228
8229
8230
8231
8232
8233
8234
8235
8236
8237
8238
8239
8240
8241
8242
8243
8246
8248
8249
8250
8251
8252
8253
8258
8259
8265
8271
8291
8292
8293
8294
8295
8296
8297
8298
8299
8301
8302
8303
8309
8310
8311
8312
8313
8314
8327
8328
8329
8330
8331
8332
8333
8334
8335
8336
8337
8338
8341
8342
8344
8345
8346
8351
8352
8353
8363
8381
8385
8386
8387
8388
8389
8393
8398
8399
8401
8402
8403
8431
8435
8440
8451
8465
8467
8468
8469
8479
8480
8481
8482
8496
8512
8513
8514
8640
8641
8642
8643
8645
8649
8650
8651
8668
8673
8676
8685
8691
8699
8700
8702
8710
8713
8714
8715
8716
8717
8718
8719
8721
8728
8729
8730
8731
8732
8733
8734
8735
8736
8739
8820
8826
8829
8831
8834
8849
8864
8865
8866
8869
8870
8892
8902
8906
8908
8909
8912
8913
8917
8920
8927
8931
8932
8933
8934
8936
8959
8965
8994
8995
8999
9000
9007
9008
9025
9029
9036
9039
9040
9041
9042
9043
9044
9045
9046
9047
9091
9092
9093
9094
9095
9204
9205
9207
9210
9220
9221
9225
9226
9227
9229
9230
9237
9238
9243
9244
9247
9248
9249
9261
9267
9268
9270
9271
9284
9285
9286
9287
9290
9315
9318
9323
9324
9325
9332
9333
9353
9363
9364
9366
9381
9382
9387
9388
9389
9391
9392
9393
9394
9406
9407
9410
9412
9430
9438
9439
9468
9469
9470
9471
9472
9475
9487
9491
9492
9496
9526
9559
9561
9562
9563
9565
9566
9588
9597
9599
9600
9603
9604
9605
9613
9616
9621
9622
9623
9628
9629
9631
9649
9681
9682
9686
9688
9689
9690
9691
9695
9696
9703
9706
9707
9716
9717
9718
9721
9722
9723
9724
9728
9731
9737
9739
9762
9779
9780
9785
9786
9787
9788
9789
9790
9791
9792
9793
9794
9795
9796
9797
9798
9802
9803
9811
9812
9813
9817
9818
9823
9824
9825
9829
9831
9838
9841
9849
9856
9861
9862
9863
9864
9880
9902
9903
9911
9937
9938
9939
9940
9941
9942
9943
9944
9945
9946
9948
9958
9959
9960
9961
9964
9965
9969
9970
9974
9975
9977
9981
9982
9983
9985
9986
9987
9988
9989
9990
9991
9993
9996
9998
9999
10003
10004
10005
10006
10007
10008
10010
10011
10013
10014
10015
10019
10039
10040
10041
10042
10046
10049
10053
10054
10055
10056
10060
10082
10088
10090
10091
10092
10094
10097
10103
10108
10125
10126
10127
10131
10132
10133
10138
10139
10151
10154
10155
10159
10160
10162
10169
10170
10171
10182
10198
10199
10200
10201
10203
10205
10244
10249
10252
10256
10257
10258
10398
10428
10433
10502
10512
10514
10515
10521
10522
10526
10527
10531
10532
10533
10534
10535
10536
10537
10538
10539
10540
10541
10542
10543
10544
10545
10546
10547
10548
10549
10550
10551
10552
10553
10554
10555
10556
10557
10559
10560
10563
10567
10568
10569
10595
10596
10606
10607
10630
10631
10662
10663
10664
10670
10671
10672
10673
10674
10675
10676
10677
10678
10679
10680
10681
10682
10683
10684
10685
10686
10687
10688
10689
10690
10691
10692
10693
10694
10695
10696
10697
10698
10699
10700
10701
10702
10703
10704
10705
10706
10707
10708
10724
10725
10726
10727
10728
10730
10731
10737
10739
10740
10741
10742
10743
10744
10745
10746
10750
10751
10752
10753
10754
10759
10762
10763
10779
10786
10787
10788
10789
10793
10796
10797
10798
10799
10800
10801
10802
10812
10819
10820
10821
10822
10823
10824
10825
10826
10840
10841
10842
10849
10865
10871
10872
10876
10887
10889
10891
10897
10900
10901
10904
10905
10906
10907
10908
10909
10910
10911
10913
10914
10915
10916
10921
10922
10923
10925
10926
10927
10928
10929
10930
10931
10932
10933
10934
10935
10936
10937
10938
10939
10940
10941
10942
10943
10944
10979
10980
10989
10990
10992
10993
10994
10995
10996
10997
10998
10999
11000
11001
11002
11003
11004
11005
11006
11007
11008
11009
11010
11011
11012
11013
11014
11015
11016
11017
11018
11019
11020
11021
11022
11023
11024
11025
11030
11031
11032
11049
11050
11052
11053
11054
11055
11058
11059
11064
11068
11103
11112
11113
11116
11119
11126
11128
11130
11135
11139
11141
11142
11159
11178
11179
11180
11181
11182
11183
11184
11191
11192
11193
11194
11195
11196
11197
11198
11199
11200
11201
11202
11203
11204
11205
11206
11207
11208
11230
11231
11232
11233
11234
11247
11248
11249
11250
11251
11253
11254
11255
11267
11270
11276
11277
11278
11279
11280
11295
11296
11297
11298
11301
11302
11304
11305
11306
11309
11312
11313
11338
11339
11340
11341
11356
11367
11368
11369
11370
11371
11373
11374
11375
11377
11378
11379
11380
11390
11396
11397
11398
11399
11400
11408
11411
11412
11421
11424
11425
11426
11427
11428
11429
11430
11431
11433
11438
11452
11457
11462
11463
11471
11476
11484
11485
11486
11502
11503
11521
11522
11542
11543
11544
11570
11574
11578
11579
11581
11588
11589
11602
11609
11612
11613
11614
11628
11629
11635
11643
11659
11660
11661
11667
11668
11672
11673
11674
11675
11676
11677
11678
11679
11680
11681
11682
11683
11684
11685
11686
11687
11688
11689
11690
11691
11692
11693
11694
11699
11704
11712
11713
11717
11718
11719
11720
11736
11737
11740
11743
11747
11755
11756
11757
11758
11759
11762
11772
11787
11804
11805
11806
11807
11821
11822
11850
11858
11859
11860
11863
11865
11867
11893
11894
11896
11897
11898
11902
11912
11913
11914
11918
11925
11931
11932
11933
11934
11935
11936
11937
11938
11939
11940
11941
11958
11964
11968
11969
11974
11975
12000
12001
12010
12012
12013
12043
12044
12055
12077
12084
12094
12095
12096
12109
12115
12116
12118
12121
12122
12123
12125
12126
12127
12138
12139
12140
12153
12165
12177
12178
12182
12183
12184
12185
12186
12189
12190
12197
12198
12207
12208
12209
12210
12211
12214
12216
12217
12218
12219
12228
12229
12230
12231
12232
12233
12234
12236
12238
12239
12252
12254
12255
12256
12261
12263
12264
12269
12277
12278
12279
12283
12286
12287
12289
12290
12291
12292
12293
12294
12295
12296
12297
12298
12309
12310
12312
12315
12318
12327
12330
12334
12335
12336
12337
12338
12342
12343
12344
12345
12351
12358
12365
12375
12381
12382
12390
12391
12392
12394
12402
12403
12404
12405
12406
12407
12408
12412
12422
12425
12436
12437
12438
12439
12441
12446
12447
12462
12463
12466
12470
12475
12479
12485
12486
12489
12500
12504
12505
12508
12509
12510
12511
12520
12522
12524
12531
12532
12533
12534
12541
12544
12546
12547
12551
12552
12553
12554
12555
12570
12571
12572
12573
12574
12575
12576
12577
12578
12611
12612
12616
12618
12619
12620
12625
12636
12637
12639
12646
12647
12650
12653
12660
12662
12667
12672
12673
12679
12680
12681
12682
12684
12686
12692
12697
12699
12700
12777
12782
12801
12802
12805
12806
12808
12817
12818
12825
12827
12830
12834
12837
12848
12855
12857
12858
12863
12869
12879
12880
12881
12882
12884
12885
12886
12891
12892
12893
12900
12903
12904
12912
12913
12914
12915
12917
12923
12924
12925
12926
12936
12942
12943
12944
12945
12950
12960
12961
12962
12963
12964
12965
12972
12973
12974
12982
12990
12994
12996
12997
13005
13006
13008
13009
13023
13043
13049
13050
13067
13070
13073
13092
13093
13094
13095
13096
13097
13098
13099
13100
13101
13102
13103
13104
13105
13106
13188
13193
13197
13199
13201
13202
13213
13216
13221
13222
13225
13229
13230
13242
13270
13289
13292
13293
13294
13295
13296
13297
13298
13299
13300
13301
13302
13303
13304
13305
13309
13310
13311
13320
13321
13322
13327
13330
13334
13335
13376
13377
13378
13379
13380
13381
13386
13387
13388
13389
13390
13391
13393
13394
13395
13408
13419
13424
13425
13430
13431
13432
13433
13434
13435
13436
13437
13438
13439
13440
13441
13442
13443
13444
13445
13446
13447
13448
13449
13450
13451
13452
13453
13458
13459
13460
13463
13471
13496
13501
13502
13504
13505
13512
13513
13515
13518
13522
13524
13525
13530
13531
13533
13538
13539
13540
13541
13542
13543
13544
13545
13546
13547
13548
13549
13550
13551
13552
13553
13554
13555
13556
13557
13558
13559
13560
13561
13565
13570
13576
13577
13578
13584
13587
13588
13593
13598
13599
13600
13606
13615
13620
13628
13629
13630
13631
13632
13635
13636
13637
13638
13646
13656
13658
13662
13663
13668
13669
13670
13671
13672
13673
13674
13681
13682
13687
13688
13689
13690
13691
13692
13693
13694
13699
13700
13701
13702
13703
13704
13712
13713
13723
13728
13730
13731
13732
13733
13741
13769
13771
13772
13773
13774
13775
13779
13780
13781
13787
13788
13789
13790
13791
13792
13793
13794
13795
13800
13801
13802
13811
13817
13818
13821
13822
13824
13825
13826
13827
13828
13829
13830
13831
13832
13834
13839
13861
13866
13868
13869
13870
13875
13876
13877
13878
13879
13880
13881
13882
13883
13884
13885
13886
13887
13888
13889
13890
13891
13892
13893
13894
13895
13896
13897
13898
13899
13900
13917
13918
13919
13920
13921
13922
13930
13931
13938
13941
13949
13950
13951
13953
13963
13964
13972
13978
13979
13983
13984
13985
13996
13997
14000
14001
14008
14009
14010
14011
14013
14014
14016
14021
14022
14023
14024
14025
14026
14027
14034
14037
14038
14040
14042
14047
14050
14051
14052
14053
14054
14055
14056
14057
14058
14063
14070
14071
14072
14073
14074
14082
14083
14084
14085
14086
14087
14088
14089
14090
14091
14092
14093
14094
14095
14099
14100
14101
14117
14129
14134
14146
14147
14154
14155
14166
14178
14180
14183
14184
14185
14186
14187
14188
14189
14193
14194
14197
14203
14207
14215
14223
14225
14227
14229
14235
14249
14250
14254
14255
14260
14265
14293
14294
14295
14296
14297
14298
14301
14313
14317
14318
14319
14321
14322
14326
14327
14370
14371
14372
14373
14374
14382
14383
14384
14385
14386
14387
14388
14389
14390
14391
14397
14398
14399
14409
14410
14413
14426
14437
14438
14446
14453
14456
14459
14460
14463
14464
14465
14467
14468
14494
14495
14501
14506
14507
14509
14513
14530
14535
14538
14540
14565
14566
14574
14575
14585
14586
14593
14595
14597
14599
14624
14640
14642
14643
14649
14650
14651
14655
14693
14701
14702
14708
14718
14774
14776
14784
14787
14792
14809
14810
14829
14832
14834
14835
14836
14866
14884
14885
14886
14887
14888
14891
14899
14924
14928
14930
14931
14932
14941
14942
14943
14944
14947
14950
14959
14971
14972
14973
14974
14982
14983
14984
14985
14998
15005
15006
15009
15013
15015
15016
15036
15037
15039
15042
15043
15044
15045
15046
15047
15057
15061
15062
15063
15085
15086
15089
15097
15100
15114
15117
15121
15128
15129
15130
15131
15132
15133
15134
15139
15143
15144
15145
15146
15147
15149
15156
15157
15159
15160
15165
15166
15181
15182
15183
15186
15233
15235
15246
15247
15252
15253
15254
15258
15272
15273
15274
15279
15280
15281
15283
15295
15316
15317
15321
15333
15334
15335
15347
15363
15364
15372
15375
15376
15377
15381
15383
15394
15398
15401
15402
15405
15406
15411
15425
15429
15436
15440
15445
15447
15460
15462
15463
15464
15465
15471
15472
15479
15484
15485
15486
15488
15489
15501
15502
15503
15504
15505
15506
15507
15508
15509
15517
15518
15519
15521
15522
15523
15524
15525
15527
15528
15535
15537
15544
15545
15549
15551
15557
15564
15567
15568
15569
15570
15571
15572
15581
15585
15586
15587
15591
15592
15595
15600
15601
15608
15609
15610
15611
15612
15613
15614
15615
15616
15617
15618
15620
15625
15628
15634
15637
15648
15654
15655
15660
15663
15668
15669
15670
15671
15674
15675
15676
15677
15678
15679
15683
15684
15685
15695
15699
15700
15701
15703
15709
15711
15712
15713
15715
15720
15721
15729
15730
15731
15732
15733
15734
15759
15760
15762
15763
15770
15771
15772
15775
15776
15783
15794
15799
15802
15803
15810
15813
15817
15819
15824
15842
15843
15846
15850
15853
15854
15869
15876
15882
15883
15886
15889
15894
15895
15896
15897
15898
15901
15902
15903
15904
15905
15911
15912
15925
15926
15927
15928
15929
15931
15944
15959
15968
15969
15970
15971
15980
15981
16008
16012
16019
16020
16021
16022
16023
16037
16042
16052
16065
16078
16080
16084
16088
16089
16090
16103
16105
16111
16112
16116
16118
16123
16124
16129
16130
16132
16137
16138
16142
16145
16164
16174
16178
16179
16181
16182
16183
16189
16194
16195
16199
16204
16206
16208
16209
16214
16215
16218
16219
16241
16242
16245
16246
16247
16248
16249
16252
16253
16254
16276
16277
16291
16293
16296
16298
16299
16300
16301
16302
16303
16304
16305
16306
16311
16327
16328
16329
16330
16331
16333
16343
16344
16345
16363
16365
16369
16370
16371
16372
16373
16385
16386
16390
16399
16407
16412
16413
16414
16420
16421
16422
16433
16440
16446
16456
16468
16469
16470
16471
16472
16473
16474
16491
16494
16499
16500
16501
16512
16514
16515
16521
16522
16526
16527
16529
16530
16531
16532
16533
16534
16535
16538
16539
16540
16553
16554
16566
16567
16568
16569
16571
16574
16580
16581
16585
16586
16596
16621
16625
16628
16629
16630
16631
16634
16635
16640
16641
16654
16659
16660
16667
16685
16686
16687
16697
16698
16699
16708
16709
16710
16711
16712
16715
16719
16720
16734
16735
16740
16744
16750
16751
16757
16758
16773
16787
16788
16789
16794
16797
16800
16807
16842
16844
16845
16860
16879
16884
16894
16895
16898
16901
16902
16912
16913
16925
16926
16927
16940
16946
16949
16950
16951
16952
16973
16978
16984
16985
16987
16989
16990
16996
16997
16998
17005
17007
17010
17011
17012
17016
17019
17034
17036
17037
17052
17058
17068
17083
17090
17092
17097
17098
17099
17100
17101
17115
17118
17119
17120
17121
17128
17129
17133
17148
17149
17155
17156
17157
17159
17197
17204
17205
17206
17207
17215
17218
17223
17224
17232
17235
17237
17253
17259
17262
17263
17267
17268
17280
17283
17284
17292
17293
17305
17307
17311
17327
17328
17339
17354
17365
17370
17372
17382
17384
17388
17390
17391
17392
17400
17402
17403
17404
17405
17410
17421
17422
17423
17424
17425
17427
17440
17444
17445
17446
17449
17476
17497
17517
17525
17526
17530
17531
17532
17533
17534
17535
17536
17560
17561
17562
17571
17591
17594
17595
17596
17597
17599
17600
17604
17605
17614
17629
17630
17631
17634
17637
17643
17651
17652
17675
17681
17684
17707
17708
17709
17710
17711
17713
17714
17740
17755
17759
17760
17761
17762
17767
17775
17795
17796
17797
17798
17799
17800
17808
17824
17840
17852
17874
17887
17888
17894
17923
17932
17934
17936
17937
17938
17939
17940
17941
17942
17943
17972
17981
17988
17989
17990
17991
17992
17993
17994
17998
18020
18027
18028
18030
18031
18032
18033
18034
18035
18036
18056
18057
18141
18158
18159
18170
18178
18179
18180
18188
18190
18199
18200
18201
18202
18203
18204
18205
18206
18207
18210
18211
18224
18225
18226
18228
18229
18230
18231
18232
18260
18261
18292
18293
18294
18295
18296
18340
18341
18342
18353
18361
18370
18372
18392
18393
18394
18398
18403
18404
18405
18442
18445
18466
18467
18471
18498
18506
18507
18512
18530
18597
18633
18634
18635
18636
18637
18638
18639
18640
18641
18652
18661
18663
18664
18673
18700
18706
18709
18710
18711
18712
18713
18714
18715
18716
18717
18718
18719
18736
18737
18738
18739
18740
18763
18777
18778
18779
18780
18781
18782
18806
18807
18827
18828
18846
18847
18848
18849
18850
18851
18852
18853
18878
18879
18880
18912
18964
18965
18966
18970
18971
18972
18973
18974
18975
18991
19019
19027
19035
19036
19037
19038
19052
19053
19055
19056
19057
19058
19059
19060
19061
19062
19063
19064
19085
19091
19137
19143
19148
19184
19185
19186
19190
19191
19192
19193
19194
19195
19196
19197
19200
19229
19235
19243
19244
19262
19263
19271
19272
19273
19274
19275
19276
19277
19278
19300
19360
19361
19362
19363
19364
19365
19366
19367
19368
19421
19422
19423
19434
19435
19437
19468
19471
19472
19475
19476
19477
19485
19487
19488
19489
19490
19491
19492
19493
19494
19500
19513
19518
19532
19533
19563
19565
19566
19567
19568
19573
19574
19576
19577
19578
19587
19606
19607
19644
19680
19681
19682
19683
19684
19685
19701
19702
19705
19717
19721
19752
19753
19754
19755
19756
19757
19758
19764
19779
19780
19781
19782
19783
19784
19785
19794
19796
19814
19821
19822
19833
19834
19835
19845
19846
19847
19848
19849
19851
19861
19862
19863
19864
19865
19866
19867
19868
19869
19870
19871
19872
19874
19875
19880
19882
19885
19886
19902
19903
19904
19905
19911
19912
19913
19914
19915
19916
19917
19918
19919
19925
19926
19941
19942
19943
19951
19961
19962
19963
19964
19965
19966
19967
19968
19969
19970
19971
19972
19973
19974
19976
19977
19983
19989
19991
19992
19995
19999
20012
20013
20014
20034
20035
20036
20038
20039
20045
20046
20061
20062
20063
20064
20065
20066
20069
20070
20071
20072
20073
20086
20087
20108
20128
20132
20148
20149
20163
20164
20166
20167
20182
20183
20191
20192
20217
20218
20219
20233
20247
20262
20264
20265
20267
20268
20269
20272
20274
20278
20279
20286
20291
20292
20293
20294
20295
20305
20306
20307
20308
20309
20310
20311
20312
20333
20354
20355
20356
20357
20358
20359
20360
20366
20367
20378
20381
20399
20400
20402
20403
20404
20405
20406
20407
20415
20423
20426
20427
20428
20429
20431
20432
20433
20434
20437
20438
20439
20446
20447
20448
20474
20479
20480
20481
20482
20483
20484
20485
20486
20487
20488
20489
20490
20491
20492
20493
20494
20495
20496
20497
20498
20499
20500
20501
20502
20503
20504
20505
20506
20507
20508
20509
20510
20511
20512
20514
20516
20520
20521
20523
20525
20526
20527
20528
20529
20531
20533
20537
20538
20539
20540
20543
20598
20599
20607
20608
20610
20612
20615
20616
20617
20618
20619
20620
20621
20622
20623
20624
20625
20626
20627
20628
20629
20630
20631
20636
20642
20643
20644
20646
20648
20649
20658
20659
20666
20669
20670
20671
20672
20676
20679
20687
20688
20689
20690
20693
20694
20695
20712
20713
20722
20723
20724
20725
20726
20727
20728
20729
20730
20733
20736
20737
20743
20749
20753
20754
20755
20756
20758
20766
20774
20779
20786
20787
20788
20789
20790
20792
20793
20794
20804
20805
20806
20807
20811
20819
20820
20821
20825
20826
20827
20832
20836
20839
20842
20856
20857
20858
20859
20860
20861
20862
20866
20867
20868
20869
20871
20872
20873
20874
20875
20876
20877
20878
20879
20880
20881
20882
20901
20902
20907
20908
20909
20910
20911
20912
20913
20914
20915
20917
20918
20921
20924
20925
20933
20937
20947
20964
20965
20966
20967
20968
20969
20970
20977
20987
20989
20990
20999
21011
21012
21013
21014
21015
21016
21025
21026
21031
21032
21033
21040
21041
21042
21050
21064
21065
21069
21070
21071
21072
21076
21077
21078
21080
21081
21085
21086
21088
21089
21091
21092
21096
21110
21111
21112
21113
21114
21119
21123
21124
21125
21126
21127
21128
21130
21131
21132
21134
21135
21136
21137
21138
21145
21147
21148
21149
21150
21151
21152
21153
21154
21155
21156
21157
21159
21164
21165
21169
21172
21173
21174
21177
21178
21179
21180
21181
21184
21185
21186
21187
21188
21189
21190
21191
21195
21196
21200
21205
21208
21209
21215
21216
21217
21218
21219
21220
21221
21222
21223
21224
21225
21228
21229
21233
21235
21243
21244
21245
21253
21254
21270
21271
21273
21275
21276
21277
21278
21279
21280
21291
21292
21293
21294
21295
21296
21303
21304
21306
21307
21313
21318
21319
21320
21321
21323
21324
21325
21326
21327
21328
21330
21331
21332
21333
21334
21335
21336
21337
21338
21339
21340
21341
21342
21343
21344
21345
21346
21352
21361
21365
21366
21369
21371
21372
21386
21388
21389
21390
21391
21392
21395
21397
21398
21401
21402
21405
21406
21407
21414
21416
21417
21418
21419
21420
21421
21422
21423
21424
21425
21426
21427
21430
21431
21432
21433
21437
21438
21439
21445
21446
21448
21449
21451
21452
21453
21461
21462
21471
21481
21486
21487
21488
21490
21501
21502
21509
21510
21511
21513
21515
21519
21520
21521
21522
21523
21524
21525
21526
21527
21535
21536
21538
21542
21543
21544
21547
21557
21558
21562
21568
21569
21570
21571
21572
21573
21574
21575
21576
21577
21578
21582
21583
21584
21585
21586
21588
21594
21596
21597
21598
21599
21600
21601
21602
21603
21607
21611
21637
21641
21648
21650
21651
21655
21656
21664
21680
21681
21685
21687
21691
21694
21695
21707
21708
21709
21710
21711
21712
21713
21714
21721
21722
21723
21724
21725
21728
21731
21733
21735
21738
21739
21740
21741
21742
21743
21746
21747
21752
21756
21757
21776
21777
21778
21779
21780
21781
21785
21786
21787
21788
21790
21791
21796
21797
21799
21804
21805
21808
21817
21819
21820
21821
21832
21836
21855
21856
21858
21859
21860
21861
21862
21863
21864
21867
21868
21869
21870
21871
21877
21880
21881
21882
21884
21886
21887
21888
21889
21890
21891
21892
21896
21897
21898
21899
21900
21901
21902
21903
21904
21905
21906
21907
21908
21909
21910
21911
21913
21914
21915
21916
21917
21918
21920
21921
21922
21927
21928
21931
21935
21938
21941
21942
21946
21949
21951
21954
21955
21960
21961
21962
21963
21964
21965
21967
21968
21971
21972
21973
21974
21979
21980
21981
21983
21986
21987
21988
21994
21995
21998
21999
22001
22002
22005
22010
22014
22018
22019
22020
22029
22031
22033
22034
22038
22039
22041
22044
22045
22046
22049
22053
22054
22058
22061
22066
22067
22068
22069
22071
22074
22084
22085
22086
22087
22089
22091
22093
22094
22096
22097
22098
22099
22100
22101
22104
22106
22107
22108
22110
22111
22114
22115
22116
22118
22121
22123
22127
22131
22133
22134
22136
22141
22142
22144
22146
22154
22155
22158
22159
22164
22166
22167
22168
22175
22176
22180
22181
22182
22186
22190
22193
22194
22195
22196
22202
22203
22204
22211
22212
22214
22216
22219
22221
22222
22223
22224
22226
22228
22238
22240
22243
22246
22247
22248
22249
22250
22254
22257
22258
22259
22260
22263
22266
22267
22272
22273
22278
22282
22284
22287
22288
22289
22291
22292
22297
22299
22301
22303
22304
22311
22313
22318
22320
22321
22322
22323
22324
22329
22334
22335
22337
22340
22341
22342
22343
22344
22345
22346
22347
22348
22349
22350
22351
22355
22358
22359
22363
22365
22367
22368
22373
22374
22376
22377
22378
22384
22389
22390
22392
22394
22396
22397
22398
22401
22405
22408
22416
22419
22420
22422
22425
22426
22434
22437
22439
22441
22442
22447
22448
22450
22452
22453
22454
22465
22468
22472
22473
22475
22477
22479
22480
22488
22494
22498
22501
22504
22506
22510
22511
22512
22516
22518
22519
22520
22521
22522
22523
22524
22525
22526
22527
22528
22529
22532
22533
22537
22542
22545
22546
22547
22548
22549
22551
22556
22557
22558
22559
22560
22563
22570
22574
22576
22580
22584
22585
22586
22596
22599
22601
22602
22604
22609
22613
22616
22618
22626
22627
22630
22632
22637
22639
22643
22644
22650
22651
22652
22653
22656
22659
22661
22662
22665
22671
22677
22678
22680
22681
22683
22686
22689
22690
22692
22707
22711
22712
22715
22720
22724
22729
22731
22732
22733
22736
22739
22740
22742
22746
22747
22753
22761
22762
22765
22766
22767
22769
22771
22772
22775
22777
22780
22784
22788
22794
22797
22802
22805
22809
22812
22813
22814
22815
22819
22822
22825
22827
22828
22831
22834
22835
22836
22843
22845
22846
22847
22857
22873
22890
22892
22896
22899
22900
22901
22903
22904
22906
22907
22910
22911
22912
22913
22914
22916
22919
22922
22924
22925
22931
22932
22933
22936
22941
22942
22944
22945
22948
22949
22953
22954
22956
22961
22962
22963
22964
22966
22972
22973
22981
22982
22984
22985
22993
22996
23006
23007
23011
23013
23018
23021
23027
23034
23037
23038
23039
23040
23042
23047
23056
23057
23058
23059
23062
23065
23066
23080
23085
23086
23092
23093
23098
23103
23107
23108
23111
23121
23127
23129
23130
23132
23133
23135
23136
23137
23139
23146
23147
23149
23152
23154
23155
23158
23162
23165
23166
23167
23169
23170
23171
23174
23177
23182
23183
23186
23190
23201
23202
23210
23220
23222
23227
23228
23230
23242
23244
23250
23256
23259
23263
23267
23271
23276
23277
23278
23279
23280
23285
23292
23294
23296
23299
23307
23308
23309
23318
23319
23322
23323
23324
23328
23329
23331
23333
23334
23337
23338
23339
23340
23341
23351
23352
23355
23358
23360
23365
23371
23376
23378
23382
23385
23386
23391
23393
23394
23395
23401
23404
23411
23418
23420
23425
23426
23430
23433
23435
23436
23441
23446
23453
23458
23459
23465
23473
23479
23482
23485
23491
23492
23495
23496
23498
23505
23507
23509
23510
23511
23513
23515
23521
23526
23528
23536
23544
23547
23552
23556
23557
23560
23562
23563
23568
23572
23573
23577
23579
23582
23583
23587
23591
23592
23595
23604
23610
23611
23615
23616
23623
23626
23632
23636
23637
23638
23640
23643
23644
23645
23648
23649
23650
23651
23652
23663
23668
23669
23671
23672
23673
23676
23677
23687
23703
23707
23708
23713
23715
23716
23719
23724
23725
23726
23736
23737
23738
23740
23742
23743
23744
23749
23751
23755
23756
23763
23767
23769
23770
23774
23780
23781
23785
23789
23791
23792
23793
23796
23797
23799
23801
23805
23807
23809
23810
23811
23814
23822
23826
23828
23838
23842
23843
23846
23847
23852
23862
23864
23866
23870
23871
23874
23876
23879
23880
23894
23895
23902
23906
23908
23909
23916
23919
23932
23935
23944
23947
23948
23949
23956
23959
23963
23968
23979
23990
23994
24015
24019
24022
24029
24041
24053
24054
24076
24088
24090
24099
24101
24108
24110
24113
24116
24127
24138
24143
24159
24162
24168
24177
24180
24187
24190
24194
24200
24205
24211
24223
24224
24233
24236
24248
24256
24257
24258
24259
24261
24265
24268
24273
24280
24286
24288
24300
24301
24304
24306
24313
24318
24321
24322
24323
24327
24331
24333
24342
24343
24348
24350
24356
24366
24388
24390
24403
24412
24432
24436
24438
24444
24449
24453
24454
24460
24461
24462
24465
24473
24474
24475
24476
24482
24489
24506
24509
24521
24522
24528
24533
24537
24545
24548
24553
24558
24562
24563
24564
24567
24571
24577
24578
24582
24586
24588
24593
24595
24600
24604
24605
24608
24611
24618
24622
24629
24640
24653
24659
24662
24667
24669
24677
24678
24680
24681
24689
24697
24699
24703
24705
24706
24710
24712
24721
24724
24728
24731
24732
24734
24741
24747
24748
24750
24751
24755
24757
24765
24768
24777
24783
24785
24786
24788
24790
24792
24793
24797
24799
24806
24807
24810
24811
24813
24828
24832
24834
24838
24839
24851
24855
24870
24874
24879
24881
24883
24884
24889
24893
24894
24895
24914
24921
24936
24940
24943
24944
24945
24946
24947
24952
24957
24959
24966
24968
24972
24973
24975
24978
24979
24983
24988
24989
25006
25007
25012
25017
25021
25025
25029
25040
25041
25043
25047
25049
25061
25067
25069
25070
25073
25078
25094
25095
25109
25117
25118
25120
25127
25129
25130
25134
25139
25141
25142
25144
25146
25148
25149
25155
25161
25162
25166
25173
25177
25178
25181
25183
25186
25190
25198
25207
25213
25217
25232
25236
25244
25249
25252
25253
25258
25262
25267
25276
25277
25278
25284
25291
25296
25297
25311
25313
25320
25333
25334
25341
25343
25357
25362
25365
25368
25372
25380
25388
25395
25401
25404
25412
25418
25420
25424
25426
25438
25439
25440
25445
25454
25455
25465
25468
25472
25477
25482
25488
25489
25495
25497
25503
25504
25508
25512
25513
25514
25517
25518
25521
25524
25526
25533
25542
25545
25546
25548
25549
25553
25563
25565
25566
25568
25570
25571
25572
25573
25580
25589
25591
25592
25593
25603
25611
25615
25619
25620
25621
25627
25636
25648
25651
25652
25658
25663
25665
25667
25674
25675
25681
25690
25693
25694
25695
25704
25706
25709
25715
25717
25718
25719
25720
25727
25736
25738
25739
25743
25747
25748
25769
25775
25780
25781
25785
25787
25800
25804
25805
25808
25810
25816
25819
25828
25829
25832
25837
25840
25841
25842
25847
25851
25856
25858
25861
25865
25866
25872
25875
25879
25883
25885
25900
25913
25914
25916
25919
25935
25938
25943
25945
25946
25950
25954
25955
25958
25960
25961
25963
25974
25989
25992
26006
26007
26008
26010
26015
26023
26025
26028
26040
26044
26047
26049
26054
26061
26064
26069
26074
26080
26081
26082
26083
26087
26094
26097
26104
26113
26115
26116
26119
26121
26124
26125
26129
26134
26140
26142
26145
26154
26160
26164
26167
26168
26173
26175
26178
26182
26183
26191
26195
26197
26210
26212
26214
26216
26225
26227
26232
26237
26246
26248
26255
26257
26260
26265
26268
26271
26288
26289
26291
26296
26305
26306
26307
26308
26309
26314
26320
26333
26335
26337
26341
26346
26361
26362
26365
26367
26370
26373
26385
26387
26389
26390
26396
26402
26404
26409
26410
26427
26428
26433
26434
26442
26444
26445
26449
26455
26456
26457
26458
26464
26465
26470
26474
26483
26489
26490
26494
26496
26498
26507
26513
26516
26520
26521
26535
26546
26547
26551
26552
26559
26562
26566
26568
26569
26577
26579
26598
26601
26602
26606
26608
26610
26613
26617
26625
26629
26631
26638
26648
26651
26654
26663
26665
26671
26672
26676
26678
26696
26698
26702
26708
26713
26715
26721
26728
26729
26737
26741
26747
26750
26757
26760
26764
26765
26770
26780
26781
26782
26784
26790
26795
26804
26811
26813
26818
26822
26823
26824
26826
26828
26831
26836
26838
26845
26852
26854
26855
26858
26868
26870
26873
26882
26886
26887
26888
26890
26891
26896
26901
26917
26920
26923
26930
26936
26937
26941
26942
26943
26956
26957
26959
26966
26969
26970
26972
26987
26991
26999
27001
27002
27005
27019
27020
27023
27030
27033
27037
27042
27047
27051
27056
27060
27072
27078
27083
27088
27089
27091
27103
27108
27109
27110
27113
27114
27116
27117
27118
27120
27121
27125
27137
27139
27147
27152
27163
27168
27171
27172
27176
27178
27182
27188
27189
27202
27208
27211
27221
27228
27232
27244
27257
27263
27266
27275
27279
27284
27286
27292
27294
27296
27298
27304
27312
27313
27323
27324
27326
27327
27329
27330
27340
27347
27349
27358
27365
27368
27382
27386
27387
27389
27394
27395
27396
27405
27409
27411
27423
27431
27438
27439
27443
27445
27453
27461
27465
27469
27474
27484
27488
27495
27497
27504
27505
27506
27507
27508
27518
27519
27521
27525
27527
27528
27529
27531
27533
27535
27550
27551
27554
27555
27557
27559
27567
27575
27578
27580
27583
27587
27590
27593
27596
27597
27600
27604
27613
27622
27627
27630
27631
27634
27640
27648
27651
27668
27669
27673
27675
27677
27678
27685
27692
27696
27697
27700
27708
27725
27726
27729
27737
27738
27739
27744
27746
27748
27752
27754
27761
27769
27775
27776
27786
27787
27790
27791
27796
27801
27802
27803
27806
27807
27811
27815
27817
27821
27822
27826
27830
27835
27841
27846
27847
27848
27850
27854
27859
27860
27865
27866
27867
27868
27870
27875
27877
27884
27887
27891
27896
27899
27900
27907
27911
27913
27916
27927
27933
27936
27940
27942
27955
27958
27963
27964
27965
27968
27969
27977
27983
27986
27998
28006
28009
28016
28018
28020
28023
28027
28030
28033
28035
28046
28047
28053
28054
28060
28063
28065
28091
28097
28100
28101
28104
28116
28125
28136
28141
28142
28153
28154
28161
28169
28177
28190
28192
28194
28195
28202
28205
28209
28214
28217
28221
28227
28231
28245
28247
28249
28252
28266
28273
28275
28288
28290
28292
28297
28298
28300
28304
28315
28320
28322
28324
28331
28340
28341
28343
28353
28359
28361
28362
28363
28371
28374
28381
28383
28384
28386
28387
28394
28398
28399
28407
28408
28419
28420
28435
28436
28439
28441
28442
28444
28445
28463
28465
28466
28472
28474
28476
28479
28481
28485
28486
28492
28497
28503
28510
28512
28513
28517
28522
28525
28529
28531
28534
28539
28554
28559
28569
28570
28571
28580
28585
28593
28596
28600
28601
28605
28613
28614
28617
28619
28620
28626
28627
28633
28644
28649
28652
28661
28669
28671
28674
28685
28690
28693
28700
28701
28707
28711
28712
28717
28719
28725
28728
28733
28734
28742
28744
28746
28747
28749
28753
28754
28760
28765
28771
28772
28775
28778
28784
28788
28789
28799
28802
28809
28814
28815
28819
28825
28835
28851
28853
28863
28870
28877
28883
28884
28886
28903
28909
28912
28914
28915
28923
28948
28954
28955
28957
28959
28965
28966
28969
28972
28979
28983
28987
28989
28993
28996
29004
29006
29009
29011
29013
29022
29028
29053
29055
29062
29063
29065
29069
29071
29078
29079
29081
29083
29084
29089
29093
29097
29106
29112
29115
29117
29118
29129
29130
29133
29134
29135
29140
29144
29145
29146
29147
29148
29149
29152
29311
29312
29313
29314
29315
29316
29317
29318
29319
29320
29321
29322
29323
29324
29325
29326
29327
29328
29329
29330
29331
29332
29333
29334
29335
29336
29337
29338
29339
29340
29341
29342
29343
29344
29345
29346
29347
29348
29349
29350
29351
29352
29353
29354
29355
29356
29357
29358
29359
29360
29361
29362
29363
29364
29365
29366
29367
29368
29369
29370
29371
29372
29373
29374
29375
29376
29377
29378
29379
29380
29381
29382
29383
29384
29385
29386
29387
29388
29389
29390
29391
29392
29393
29394
29395
29396
29397
29398
29399
29400
29401
29402
29403
29404
29405
29406
29407
29408
29409
29410
29411
29412
29413
29414
29415
29416
29417
29418
29419
29420
29421
29422
29423
29424
29425
29426
29427
29428
29429
29430
29431
29432
29433
29434
29435
29436
29437
29438
29439
29440
29441
29442
29443
29444
29445
29446
29447
29448
29449
29450
29451
29452
29453
29454
29455
29456
29457
29458
29459
29460
29461
29462
29463
29464
29465
29466
29467
29468
29469
29470
29471
29472
29473
29474
29475
29476
29477
29478
29479
29480
29481
29482
29483
29484
29485
29486
29487
29488
29489
29490
29491
29492
29493
29494
29495
29496
29497
29498
29499
29500
29501
29502
29503
29504
29505
29506
29507
29508
29509
29510
29511
29512
29513
29514
29515
29516
29517
29518
29519
29520
29521
29522
29523
29524
29525
29526
29527
29528
29529
29530
29531
29532
29533
29534
29535
29536
29537
29538
29539
29540
29541
29542
29543
29544
29545
29546
29547
29548
29549
29585
29586
29587
29588
29589
29590
29591
29594
29595
29596
29601
29602
29603
29612
29613
29630
30020
30147
30148
30149
30150
30151
30152
30153
30154
30155
30156
30158
30159
30160
30163
30164
30166
30167
30170
30171
30172
30173
30174
30175
30176
30177
30178
30179
30180
30186
30187
30191
30192
30193
30198
30199
30200
30201
30202
30203
30204
30205
30206
30207
30208
30209
30210
30211
30212
30213
30214
30215
30216
30217
30218
30219
30220
30221
30222
30223
30224
30225
30226
30227
30228
30229
30230
30231
30232
30233
30234
30235
30236
30237
30238
30239
30240
30241
30242
30243
30244
30245
30246
30247
30251
30254
30255
30274
30286
30307
30342
30361
30599
30690
30691
30692
30693
30694
30695
30696
30697
30698
30725
30726
30727
30770
30771
30852
30853
30889
30890
30974
30975
31016
31017
31018
31024
31033
31058
31061
31076
31080
31081
31082
31083
31084
31087
31088
31089
31109
31119
31120
31121
31122
31123
31124
31125
31126
31127
31128
31129
31130
31131
31132
31133
31134
31135
31136
31137
31138
31139
31140
31141
31142
31143
31144
31145
31146
31147
31148
31149
31150
31151
31152
31153
31154
31155
31156
31157
31158
31159
31160
31161
31162
31163
31164
31165
31166
31167
31168
31169
31170
31171
31172
31173
31174
31175
31176
31177
31178
31179
31180
31181
31182
31183
31184
31185
31186
31187
31188
31189
31190
31191
31192
31193
31194
31195
31196
31197
31198
31199
31200
31201
31202
31203
31204
31205
31206
31207
31208
31209
31210
31211
31212
31213
31214
31215
31216
31217
31218
31219
31220
31221
31222
31223
31224
31225
31226
31227
31228
31229
31230
31231
31232
31233
31234
31235
31236
31237
31238
31239
31240
31241
31242
31243
31244
31245
31246
31247
31248
31249
31250
31251
31252
31253
31254
31255
31256
31257
31258
31259
31260
31261
31262
31263
31264
31265
31266
31267
31268
31269
31270
31271
31272
31273
31274
31275
31276
31277
31278
31279
31280
31281
31282
31283
31284
31285
31286
31287
31288
31289
31290
31291
31292
31293
31294
31295
31296
31297
31298
31299
31300
31301
31302
31303
31304
31305
31306
31307
31308
31309
31310
31311
31312
31313
31314
31315
31316
31317
31318
31319
31320
31321
31322
31323
31324
31325
31326
31327
31328
31329
31330
31331
31332
31333
31334
31335
31336
31337
31338
31339
31340
31341
31342
31343
31344
31345
31346
31347
31348
31349
31350
31351
31352
31353
31354
31355
31356
31357
31358
31359
31360
31361
31362
31363
31364
31365
31366
31367
31368
31369
31370
31371
31372
31373
31374
31375
31376
31377
31378
31379
31380
31381
31382
31383
31384
31385
31386
31387
31388
31389
31390
31391
31392
31393
31394
31422
31423
31424
31425
31426
31475
31476
31479
31480
31481
31482
31486
31487
31489
31490
31491
31493
31500
31502
31503
31509
31512
31517
31518
31519
31520
31526
31529
31534
31537
31538
31543
31544
31549
31550
31551
31552
31553
31554
31555
31556
31557
31558
31559
31560
31561
31562
31563
31564
31565
31566
31567
31568
31569
31570
31571
31572
31573
31574
31575
31576
31577
31578
31579
31580
31581
31582
31583
31669
31670
31671
31683
31684
31699
31700
31716
31717
31740
31741
31742
31752
31753
31757
31758
31765
31766
31772
31773
31775
31776
31777
31779
31782
31812
31813
31814
31815
31816
31817
31818
31819
31820
31821
31822
31823
31824
31825
31826
31827
31828
31829
31830
31831
31836
31837
31838
31839
31840
31841
31842
31843
31844
31845
31848
31849
31850
31851
31852
31854
31855
31856
31873
31874
31875
31880
31883
31884
31885
31886
31887
31888
31889
31890
31891
31892
31893
32009
32010
32030
32031
32061
32062
32064
32065
32066
32067
32068
32069
32070
32071
32072
32073
32074
32075
32076
32077
32078
32079
32080
32104
32105
32106
32107
32108
32109
32123
32126
32135
32136
32137
32138
32139
32140
32141
32142
32143
32144
32145
32146
32147
32148
32149
32150
32151
32152
32153
32154
32155
32156
32157
32158
32159
32160
32161
32162
32163
32164
32165
32166
32167
32168
32169
32170
32171
32172
32173
32174
32175
32176
32177
32178
32179
32180
32182
32183
32184
32186
32192
32193
32194
32195
32196
32197
32198
32199
32200
32201
32202
32203
32204
32205
32206
32207
32208
32209
32210
32211
32212
32213
32214
32248
32249
32251
32258
32259
32260
32261
32262
32263
32264
32265
32266
32267
32268
32269
32270
32271
32272
32273
32274
32275
32276
32277
32278
32279
32280
32281
32282
32283
32284
32285
32286
32291
32292
32293
32294
32295
32296
32297
32298
32299
32300
32301
32303
32304
32313
32314
32324
32325
32332
32344
32363
32364
32365
32366
32367
32368
32369
32370
32371
32372
32373
32374
32375
32376
32377
32378
32379
32380
32381
32382
32383
32385
32391
32392
32393
32394
32395
32409
32469
32470
32477
32478
32479
32485
32486
32487
32488
32489
32490
32491
32492
32558
32559
32564
32565
32569
32576
32577
32581
32601
32602
32610
32621
32622
32634
32635
32636
32912
32915
32946
32950
32959
32960
32968
32969
32971
32972
32978
32982
32985
32993
32996
32997
32999
33010
33011
33012
33013
33020
33021
33022
33023
33024
33025
33034
33035
33036
33038
33039
33047
33048
33060
33061
33078
33095
33096
33097
33098
33099
33100
33101
33102
33103
33104
33105
33106
33107
33108
33109
33110
33147
33148
33149
33150
33151
33152
33153
33154
33155
33156
33157
33158
33159
33160
33161
33162
33163
33164
33165
33166
33167
33168
33169
33170
33171
33172
33173
33174
33175
33176
33177
33178
33179
33180
33181
33182
33183
33184
33187
33188
33191
33207
33211
33213
33225
33231
33232
33233
33234
33236
33253
33254
33255
33267
33268
33273
33274
33276
33278
33279
33285
33286
33287
33288
33289
33293
33294
33295
33296
33305
33308
33311
33317
33318
33319
33322
33323
33348
33349
33350
33351
33352
33353
33354
33355
33356
33357
33358
33359
33360
33361
33362
33363
33364
33365
33366
33367
33368
33369
33370
33371
33372
33373
33374
33375
33376
33377
33378
33379
33380
33381
33382
33383
33384
33385
33386
33387
33388
33389
33390
33391
33392
33393
33394
33395
33396
33397
33398
33399
33400
33401
33402
33403
33404
33405
33406
33407
33408
33409
33410
33411
33412
33413
33414
33415
33416
33417
33418
33419
33420
33421
33422
33423
33424
33425
33426
33427
33428
33429
33430
33431
33432
33433
33434
33435
33436
33437
33438
33439
33440
33441
33442
33443
33444
33445
33446
33447
33448
33449
33450
33451
33452
33453
33454
33455
33456
33457
33458
33459
33460
33461
33462
33463
33464
33465
33466
33467
33468
33469
33470
33473
33480
33481
33482
33483
33484
33485
33486
33487
33488
33489
33490
33491
33492
33493
33494
33495
33496
33497
33498
33499
33500
33501
33502
33503
33504
33505
33506
33507
33508
33509
33510
33511
33512
33513
33514
33515
33516
33517
33518
33519
33520
33521
33522
33525
33526
33550
33553
33554
33556
33557
33558
33559
33560
33612
33613
33614
33621
33622
33623
33624
33625
33626
33627
33628
33629
33630
33631
33632
33633
33634
33635
33636
33638
33639
33644
33645
33670
33671
33672
33673
33674
33675
33682
33684
33685
33686
33694
33696
33708
33709
33710
33711
33712
33713
33714
33715
33716
33717
33718
33719
33720
33721
33722
33723
33724
33726
33732
33733
33736
33739
33740
33741
33799
33800
33801
33802
33805
33814
33815
33816
33817
33821
33822
33850
33851
33852
33854
33855
33856
33857
33867
33868
33869
33870
33871
33872
33873
33874
33875
33876
33877
33878
33879
33880
33882
33883
33884
33885
33886
33887
33888
33889
33890
33891
33892
33893
33894
33895
33896
33897
33898
33899
33900
33901
33902
33903
33904
33905
33906
33907
33908
33909
33910
33911
33912
33913
33914
33915
33916
33917
33918
33919
33920
33921
33922
33923
33924
33925
33926
33927
33928
33929
33930
33931
33932
33933
33934
33935
33936
33937
33938
33939
33940
33941
33942
33943
33944
33945
33946
33947
33948
33949
33950
33951
33952
33953
33954
33955
33956
33957
33958
33959
33960
33961
33962
33963
33964
33965
33966
33967
33968
33969
33970
33971
33972
33973
33974
33975
33976
33977
33978
33979
33980
33981
33982
33983
33984
33985
33986
33987
33988
33989
33991
33992
33993
34003
34004
34057
34058
34059
34063
34065
34066
34067
34074
34075
34076
34077
34078
34079
34080
34099
34101
34102
34109
34110
34132
34133
34134
34135
34136
34137
34139
34141
34142
34143
34144
34169
34170
34171
34206
34207
34214
34216
34381
34382
34497
34499
34502
34517
34518
34522
34528
34529
34530
34531
34532
34533
34539
34541
34548
34551
34553
34554
34555
34556
34557
34558
34562
34563
34564
34565
34566
34567
34568
34569
34570
34571
34581
34585
34586
34591
34597
34598
34600
34601
34603
34604
34605
34613
34614
34619
34620
34626
34631
34644
34645
34646
34647
34650
34651
34657
34658
34688
34689
34690
34691
34703
34715
34728
34729
34734
34735
34736
34737
34738
34745
34751
34752
34753
34757
34758
34759
34760
34767
34768
34770
34771
34772
34773
34789
34794
34795
34796
34802
34803
34820
34821
34824
34834
34836
34837
34845
34846
34850
34856
34857
34870
34871
34876
34881
34883
34899
34911
34912
34918
34919
34931
34942
34943
34976
34982
34983
34986
34987
35000
35001
35002
35003
35006
35019
35039
35050
35051
35056
35070
35076
35092
35139
35140
35146
35152
35158
35182
35183
35206
35207
35208
35209
35231
35234
35236
35237
35238
35239
35243
35253
35254
35258
35259
35260
35264
35265
35268
35276
35277
35278
35279
35280
35281
35282
35327
35328
35329
35330
35331
35332
35333
35341
35365
35366
35370
35372
35481
35483
35486
35487
35489
35492
35493
35494
35495
35496
35498
35499
35500
35502
35503
35504
35505
35507
35508
35513
35514
35516
35518
35520
35521
35523
35524
35525
35528
35529
35530
35531
35532
35535
35536
35537
35538
35539
35540
35541
35542
35543
35544
35545
35546
35547
35548
35549
35550
35551
35552
35559
35560
35564
35565
35566
35567
35569
35570
35571
35572
35573
35574
35575
35576
35584
35586
35589
35590
35591
35592
35593
35594
35595
35596
35597
35598
35599
35600
35601
35602
35603
35604
35605
35606
35607
35608
35609
35610
35611
35612
35613
35614
35615
35616
35617
35618
35619
35620
35621
35622
35623
35624
35625
35626
35627
35628
35629
35630
35633
35635
35636
35637
35638
35639
35640
35645
35646
35652
35658
35678
35679
35680
35681
35682
35683
35684
35685
35686
35688
35689
35690
35696
35697
35698
35699
35700
35701
35714
35715
35716
35717
35718
35719
35720
35721
35722
35723
35724
35725
35728
35729
35731
35732
35733
35738
35739
35740
35750
35768
35772
35773
35774
35775
35776
35780
35785
35786
35788
35789
35790
35818
35822
35827
35838
35852
35854
35855
35856
35866
35867
35868
35869
35883
35899
35900
35901
36027
36028
36029
36030
36032
36036
36037
36038
36055
36060
36063
36072
36078
36086
36087
36089
36097
36100
36101
36102
36103
36104
36105
36106
36108
36115
36116
36117
36118
36119
36120
36121
36122
36123
36126
36207
36213
36216
36218
36221
36236
36251
36252
36253
36256
36257
36279
36289
36293
36295
36296
36299
36300
36304
36307
36314
36318
36319
36320
36321
36323
36346
36352
36381
36382
36386
36387
36394
36395
36412
36416
36423
36426
36427
36428
36429
36430
36431
36432
36433
36434
36478
36479
36480
36481
36482
36591
36592
36594
36597
36607
36608
36612
36613
36614
36616
36617
36624
36625
36630
36631
36634
36635
36636
36648
36654
36655
36657
36658
36671
36672
36673
36674
36677
36702
36705
36710
36711
36712
36719
36720
36740
36750
36751
36753
36768
36769
36774
36775
36776
36778
36779
36780
36781
36793
36794
36797
36799
36817
36825
36826
36855
36856
36857
36858
36859
36862
36874
36878
36879
36883
36913
36946
36948
36949
36950
36952
36953
36975
36984
36986
36987
36990
36991
36992
37000
37003
37008
37009
37010
37015
37016
37018
37036
37068
37069
37073
37075
37076
37077
37078
37082
37083
37090
37093
37094
37103
37104
37105
37108
37109
37110
37111
37115
37118
37124
37126
37149
37166
37167
37172
37173
37174
37175
37176
37177
37178
37179
37180
37181
37182
37183
37184
37185
37189
37190
37198
37199
37200
37204
37205
37210
37211
37212
37216
37218
37225
37228
37236
37243
37248
37249
37250
37251
37267
37289
37290
37298
37324
37325
37326
37327
37328
37329
37330
37331
37332
37333
37335
37345
37346
37347
37348
37351
37352
37356
37357
37361
37362
37364
37368
37369
37370
37372
37373
37374
37375
37376
37377
37378
37380
37383
37385
37386
37390
37391
37392
37393
37394
37395
37397
37398
37400
37401
37402
37406
37426
37427
37428
37429
37433
37436
37440
37441
37442
37443
37447
37469
37475
37477
37478
37479
37481
37484
37490
37495
37512
37513
37514
37518
37519
37520
37525
37526
37538
37541
37542
37546
37547
37549
37556
37557
37558
37569
37585
37586
37587
37588
37590
37592
37631
37636
37639
37643
37644
37645
37785
37815
37820
37889
37899
37901
37902
37908
37909
37913
37914
37918
37919
37920
37921
37922
37923
37924
37925
37926
37927
37928
37929
37930
37931
37932
37933
37934
37935
37936
37937
37938
37939
37940
37941
37942
37943
37944
37946
37947
37950
37954
37955
37956
37982
37983
37993
37994
38017
38018
38049
38050
38051
38057
38058
38059
38060
38061
38062
38063
38064
38065
38066
38067
38068
38069
38070
38071
38072
38073
38074
38075
38076
38077
38078
38079
38080
38081
38082
38083
38084
38085
38086
38087
38088
38089
38090
38091
38092
38093
38094
38095
38111
38112
38113
38114
38115
38117
38118
38124
38126
38127
38128
38129
38130
38131
38132
38133
38137
38138
38139
38140
38141
38146
38149
38150
38166
38173
38174
38175
38176
38180
38183
38184
38185
38186
38187
38188
38189
38199
38206
38207
38208
38209
38210
38211
38212
38213
38227
38228
38229
38236
38252
38258
38259
38263
38274
38276
38278
38284
38287
38288
38291
38292
38293
38294
38295
38296
38297
38298
38300
38301
38302
38303
38308
38309
38310
38312
38313
38314
38315
38316
38317
38318
38319
38320
38321
38322
38323
38324
38325
38326
38327
38328
38329
38330
38331
38366
38367
38376
38377
38379
38380
38381
38382
38383
38384
38385
38386
38387
38388
38389
38390
38391
38392
38393
38394
38395
38396
38397
38398
38399
38400
38401
38402
38403
38404
38405
38406
38407
38408
38409
38410
38411
38412
38417
38418
38419
38436
38437
38439
38440
38441
38442
38445
38446
38451
38455
38490
38499
38500
38503
38506
38513
38515
38517
38522
38526
38528
38529
38546
38565
38566
38567
38568
38569
38570
38571
38578
38579
38580
38581
38582
38583
38584
38585
38586
38587
38588
38589
38590
38591
38592
38593
38594
38595
38617
38618
38619
38620
38621
38634
38635
38636
38637
38638
38640
38641
38642
38654
38657
38663
38664
38665
38666
38667
38682
38683
38684
38685
38688
38689
38691
38692
38693
38696
38699
38700
38725
38726
38727
38728
38743
38754
38755
38756
38757
38758
38760
38761
38762
38764
38765
38766
38767
38777
38783
38784
38785
38786
38787
38795
38798
38799
38808
38811
38812
38813
38814
38815
38816
38817
38818
38820
38825
38839
38844
38849
38850
38858
38863
38871
38872
38873
38889
38890
38908
38909
38929
38930
38931
38957
38961
38965
38966
38968
38975
38976
38989
38996
38999
39000
39001
39015
39016
39022
39030
39046
39047
39048
39054
39055
39059
39060
39061
39062
39063
39064
39065
39066
39067
39068
39069
39070
39071
39072
39073
39074
39075
39076
39077
39078
39079
39080
39081
39086
39091
39099
39100
39104
39105
39106
39107
39123
39124
39127
39130
39134
39142
39143
39144
39145
39146
39149
39159
39174
39191
39192
39193
39194
39208
39209
39237
39245
39246
39247
39250
39252
39254
39280
39281
39283
39284
39285
39289
39299
39300
39301
39305
39312
39318
39319
39320
39321
39322
39323
39324
39325
39326
39327
39328
39345
39351
39355
39356
39361
39362
39387
39388
39397
39399
39400
39430
39431
39442
39464
39471
39481
39482
39483
39496
39502
39503
39505
39508
39509
39510
39512
39513
39514
39525
39526
39527
39540
39552
39564
39565
39569
39570
39571
39572
39573
39576
39577
39584
39585
39594
39595
39596
39597
39598
39601
39603
39604
39605
39606
39615
39616
39617
39618
39619
39620
39621
39623
39625
39626
39639
39641
39642
39643
39648
39650
39651
39656
39664
39665
39666
39670
39673
39674
39676
39677
39678
39679
39680
39681
39682
39683
39684
39685
39696
39697
39699
39702
39705
39714
39717
39721
39722
39723
39724
39725
39729
39730
39731
39732
39738
39745
39752
39762
39768
39769
39777
39778
39779
39781
39789
39790
39791
39792
39793
39794
39795
39799
39809
39812
39823
39824
39825
39826
39828
39833
39834
39849
39850
39853
39857
39862
39866
39872
39873
39876
39887
39891
39892
39895
39896
39897
39898
39907
39909
39911
39918
39919
39920
39921
39928
39931
39933
39934
39938
39939
39940
39941
39942
39957
39958
39959
39960
39961
39962
39963
39964
39965
39998
39999
40003
40005
40006
40007
40012
40023
40024
40026
40033
40034
40037
40040
40047
40049
40054
40059
40060
40066
40067
40068
40069
40071
40073
40079
40084
40086
40087
40164
40169
40188
40189
40192
40193
40195
40204
40205
40212
40214
40217
40221
40224
40235
40242
40244
40245
40250
40256
40266
40267
40268
40269
40271
40272
40273
40278
40279
40280
40287
40290
40291
40299
40300
40301
40302
40304
40310
40311
40312
40313
40323
40329
40330
40331
40332
40337
40347
40348
40349
40350
40351
40352
40359
40360
40361
40369
40377
40381
40383
40384
40392
40393
40395
40396
40410
40430
40436
40437
40454
40457
40460
40479
40480
40481
40482
40483
40484
40485
40486
40487
40488
40489
40490
40491
40492
40493
40575
40580
40584
40586
40588
40589
40600
40603
40608
40609
40612
40616
40617
40629
40657
40676
40679
40680
40681
40682
40683
40684
40685
40686
40687
40688
40689
40690
40691
40692
40696
40697
40698
40707
40708
40709
40714
40717
40721
40722
40763
40764
40765
40766
40767
40768
40773
40774
40775
40776
40777
40778
40780
40781
40782
40795
40806
40811
40812
40817
40818
40819
40820
40821
40822
40823
40824
40825
40826
40827
40828
40829
40830
40831
40832
40833
40834
40835
40836
40837
40838
40839
40840
40845
40846
40847
40850
40858
40883
40888
40889
40891
40892
40899
40900
40902
40905
40909
40911
40912
40917
40918
40920
40925
40926
40927
40928
40929
40930
40931
40932
40933
40934
40935
40936
40937
40938
40939
40940
40941
40942
40943
40944
40945
40946
40947
40948
40952
40957
40963
40964
40965
40971
40974
40975
40980
40985
40986
40987
40993
41002
41007
41015
41016
41017
41018
41019
41022
41023
41024
41025
41033
41043
41045
41049
41050
41055
41056
41057
41058
41059
41060
41061
41068
41069
41074
41075
41076
41077
41078
41079
41080
41081
41086
41087
41088
41089
41090
41091
41099
41100
41110
41115
41117
41118
41119
41120
41128
41156
41158
41159
41160
41161
41162
41166
41167
41168
41174
41175
41176
41177
41178
41179
41180
41181
41182
41187
41188
41189
41198
41204
41205
41208
41209
41211
41212
41213
41214
41215
41216
41217
41218
41219
41221
41226
41248
41253
41255
41256
41257
41262
41263
41264
41265
41266
41267
41268
41269
41270
41271
41272
41273
41274
41275
41276
41277
41278
41279
41280
41281
41282
41283
41284
41285
41286
41287
41304
41305
41306
41307
41308
41309
41317
41318
41325
41328
41336
41337
41338
41340
41350
41351
41359
41365
41366
41370
41371
41372
41383
41384
41387
41388
41395
41396
41397
41398
41400
41401
41403
41408
41409
41410
41411
41412
41413
41414
41421
41424
41425
41427
41429
41434
41437
41438
41439
41440
41441
41442
41443
41444
41445
41450
41457
41458
41459
41460
41461
41469
41470
41471
41472
41473
41474
41475
41476
41477
41478
41479
41480
41481
41482
41486
41487
41488
41504
41516
41521
41533
41534
41541
41542
41553
41565
41567
41570
41571
41572
41573
41574
41575
41576
41580
41581
41584
41590
41594
41602
41610
41612
41614
41616
41622
41636
41637
41641
41642
41647
41652
41680
41681
41682
41683
41684
41685
41688
41700
41704
41705
41706
41708
41709
41713
41714
41757
41758
41759
41760
41761
41769
41770
41771
41772
41773
41774
41775
41776
41777
41778
41784
41785
41786
41796
41797
41800
41813
41824
41825
41833
41840
41843
41846
41847
41850
41851
41852
41854
41855
41881
41882
41888
41893
41894
41896
41900
41917
41922
41925
41927
41952
41953
41961
41962
41972
41973
41980
41982
41984
41986
42011
42027
42029
42030
42036
42037
42038
42042
42080
42088
42089
42095
42105
42161
42163
42171
42174
42179
42196
42197
42216
42219
42221
42222
42223
42253
42271
42272
42273
42274
42275
42278
42286
42311
42315
42317
42318
42319
42328
42329
42330
42331
42334
42337
42346
42358
42359
42360
42361
42369
42370
42371
42372
42385
42392
42393
42396
42400
42402
42403
42423
42424
42426
42429
42430
42431
42432
42433
42434
42444
42448
42449
42450
42472
42473
42476
42484
42487
42501
42504
42508
42515
42516
42517
42518
42519
42520
42521
42526
42530
42531
42532
42533
42534
42536
42543
42544
42546
42547
42552
42553
42568
42569
42570
42573
42620
42622
42633
42634
42639
42640
42641
42645
42659
42660
42661
42666
42667
42668
42670
42682
42703
42704
42708
42720
42721
42722
42734
42750
42751
42759
42762
42763
42764
42768
42770
42781
42785
42788
42789
42792
42793
42798
42812
42816
42823
42827
42832
42834
42847
42849
42850
42851
42852
42858
42859
42866
42871
42872
42873
42875
42876
42888
42889
42890
42891
42892
42893
42894
42895
42896
42904
42905
42906
42908
42909
42910
42911
42912
42914
42915
42922
42924
42931
42932
42936
42938
42944
42951
42954
42955
42956
42957
42958
42959
42968
42972
42973
42974
42978
42979
42982
42987
42988
42995
42996
42997
42998
42999
43000
43001
43002
43003
43004
43005
43007
43012
43015
43021
43024
43035
43041
43042
43047
43050
43055
43056
43057
43058
43061
43062
43063
43064
43065
43066
43070
43071
43072
43082
43086
43087
43088
43090
43096
43098
43099
43100
43102
43107
43108
43116
43117
43118
43119
43120
43121
43146
43147
43149
43150
43157
43158
43159
43162
43163
43170
43181
43186
43189
43190
43197
43200
43204
43206
43211
43229
43230
43233
43237
43240
43241
43256
43263
43269
43270
43273
43276
43281
43282
43283
43284
43285
43288
43289
43290
43291
43292
43298
43299
43312
43313
43314
43315
43316
43318
43331
43346
43355
43356
43357
43358
43367
43368
43395
43399
43406
43407
43408
43409
43410
43424
43429
43439
43452
43465
43467
43471
43475
43476
43477
43490
43492
43498
43499
43503
43505
43510
43511
43516
43517
43519
43524
43525
43529
43532
43551
43561
43565
43566
43568
43569
43570
43576
43581
43582
43586
43591
43593
43595
43596
43601
43602
43605
43606
43628
43629
43632
43633
43634
43635
43636
43639
43640
43641
43663
43664
43678
43680
43683
43685
43686
43687
43688
43689
43690
43691
43692
43693
43698
43714
43715
43716
43717
43718
43720
43730
43731
43732
43750
43752
43756
43757
43758
43759
43760
43772
43773
43777
43786
43794
43799
43800
43801
43807
43808
43809
43820
43827
43833
43843
43855
43856
43857
43858
43859
43860
43861
43878
43881
43886
43887
43888
43899
43901
43902
43908
43909
43913
43914
43916
43917
43918
43919
43920
43921
43922
43925
43926
43927
43940
43941
43953
43954
43955
43956
43958
43961
43967
43968
43972
43973
43983
44008
44012
44015
44016
44017
44018
44021
44022
44027
44028
44041
44046
44047
44054
44072
44073
44074
44084
44085
44086
44095
44096
44097
44098
44099
44102
44106
44107
44121
44122
44127
44131
44137
44138
44144
44145
44160
44174
44175
44176
44181
44184
44187
44194
44229
44231
44232
44247
44266
44271
44281
44282
44285
44288
44289
44299
44300
44312
44313
44314
44327
44333
44336
44337
44338
44339
44360
44365
44371
44372
44374
44376
44377
44383
44384
44385
44392
44394
44397
44398
44399
44403
44406
44421
44423
44424
44439
44445
44455
44470
44477
44479
44484
44485
44486
44487
44488
44502
44505
44506
44507
44508
44515
44516
44520
44535
44536
44542
44543
44544
44546
44584
44591
44592
44593
44594
44602
44605
44610
44611
44619
44622
44624
44640
44646
44649
44650
44654
44655
44667
44670
44671
44679
44680
44692
44694
44698
44714
44715
44726
44741
44752
44757
44759
44769
44771
44775
44777
44778
44779
44787
44789
44790
44791
44792
44797
44808
44809
44810
44811
44812
44814
44827
44831
44832
44833
44836
44863
44884
44904
44912
44913
44917
44918
44919
44920
44921
44922
44923
44947
44948
44949
44958
44978
44981
44982
44983
44984
44986
44987
44991
44992
45001
45016
45017
45018
45021
45024
45030
45038
45039
45062
45068
45071
45094
45095
45096
45097
45098
45100
45101
45127
45142
45146
45147
45148
45149
45154
45162
45182
45183
45184
45185
45186
45187
45195
45211
45227
45239
45261
45274
45275
45281
45310
45319
45321
45323
45324
45325
45326
45327
45328
45329
45330
45359
45368
45375
45376
45377
45378
45379
45380
45381
45385
45407
45414
45415
45417
45418
45419
45420
45421
45422
45423
45443
45444
45528
45545
45546
45557
45565
45566
45567
45575
45577
45586
45587
45588
45589
45590
45591
45592
45593
45594
45597
45598
45611
45612
45613
45615
45616
45617
45618
45619
45647
45648
45679
45680
45681
45682
45683
45727
45728
45729
45740
45748
45757
45759
45779
45780
45781
45785
45790
45791
45792
45829
45832
45853
45854
45858
45885
45893
45894
45899
45917
45984
46020
46021
46022
46023
46024
46025
46026
46027
46028
46039
46048
46050
46051
46060
46087
46093
46096
46097
46098
46099
46100
46101
46102
46103
46104
46105
46106
46123
46124
46125
46126
46127
46150
46164
46165
46166
46167
46168
46169
46193
46194
46214
46215
46233
46234
46235
46236
46237
46238
46239
46240
46265
46266
46267
46299
46351
46352
46353
46357
46358
46359
46360
46361
46362
46378
46406
46414
46422
46423
46424
46425
46439
46440
46442
46443
46444
46445
46446
46447
46448
46449
46450
46451
46472
46478
46524
46530
46535
46571
46572
46573
46577
46578
46579
46580
46581
46582
46583
46584
46587
46616
46622
46630
46631
46649
46650
46658
46659
46660
46661
46662
46663
46664
46665
46687
46747
46748
46749
46750
46751
46752
46753
46754
46755
46808
46809
46810
46821
46822
46824
46855
46858
46859
46862
46863
46864
46872
46874
46875
46876
46877
46878
46879
46880
46881
46887
46900
46905
46919
46920
46950
46952
46953
46954
46955
46960
46961
46963
46964
46965
46974
46993
46994
47031
47067
47068
47069
47070
47071
47072
47088
47089
47092
47104
47108
47139
47140
47141
47142
47143
47144
47145
47151
47166
47167
47168
47169
47170
47171
47172
47181
47183
47201
47208
47209
47220
47221
47222
47232
47233
47234
47235
47236
47238
47248
47249
47250
47251
47252
47253
47254
47255
47256
47257
47258
47259
47261
47262
47267
47269
47272
47273
47289
47290
47291
47292
47298
47299
47300
47301
47302
47303
47304
47305
47306
47312
47313
47328
47329
47330
47338
47348
47349
47350
47351
47352
47353
47354
47355
47356
47357
47358
47359
47360
47361
47363
47364
47370
47376
47378
47379
47382
47386
47399
47400
47401
47421
47422
47423
47425
47426
47432
47433
47448
47449
47450
47451
47452
47453
47456
47457
47458
47459
47460
47473
47474
47495
47515
47519
47535
47536
47550
47551
47553
47554
47569
47570
47578
47579
47604
47605
47606
47620
47634
47649
47651
47652
47654
47655
47656
47659
47661
47665
47666
47673
47678
47679
47680
47681
47682
47692
47693
47694
47695
47696
47697
47698
47699
47720
47741
47742
47743
47744
47745
47746
47747
47753
47754
47765
47768
47786
47787
47789
47790
47791
47792
47793
47794
47802
47810
47813
47814
47815
47816
47818
47819
47820
47821
47824
47825
47826
47833
47834
47835
47861
47866
47867
47868
47869
47870
47871
47872
47873
47874
47875
47876
47877
47878
47879
47880
47881
47882
47883
47884
47885
47886
47887
47888
47889
47890
47891
47892
47893
47894
47895
47896
47897
47898
47899
47901
47903
47907
47908
47910
47912
47913
47914
47915
47916
47918
47920
47924
47925
47926
47927
47930
47985
47986
47994
47995
47997
47999
48002
48003
48004
48005
48006
48007
48008
48009
48010
48011
48012
48013
48014
48015
48016
48017
48018
48023
48029
48030
48031
48033
48035
48036
48045
48046
48053
48056
48057
48058
48059
48063
48066
48074
48075
48076
48077
48080
48081
48082
48099
48100
48109
48110
48111
48112
48113
48114
48115
48116
48117
48120
48123
48124
48130
48136
48140
48141
48142
48143
48145
48153
48161
48166
48173
48174
48175
48176
48177
48179
48180
48181
48191
48192
48193
48194
48198
48206
48207
48208
48212
48213
48214
48219
48223
48226
48229
48243
48244
48245
48246
48247
48248
48249
48253
48254
48255
48256
48258
48259
48260
48261
48262
48263
48264
48265
48266
48267
48268
48269
48288
48289
48294
48295
48296
48297
48298
48299
48300
48301
48302
48304
48305
48308
48311
48312
48320
48324
48334
48351
48352
48353
48354
48355
48356
48357
48364
48374
48376
48377
48386
48398
48399
48400
48401
48402
48403
48412
48413
48418
48419
48420
48427
48428
48429
48437
48451
48452
48456
48457
48458
48459
48463
48464
48465
48467
48468
48472
48473
48475
48476
48478
48479
48483
48497
48498
48499
48500
48501
48506
48510
48511
48512
48513
48514
48515
48517
48518
48519
48521
48522
48523
48524
48525
48532
48534
48535
48536
48537
48538
48539
48540
48541
48542
48543
48544
48546
48551
48552
48556
48559
48560
48561
48564
48565
48566
48567
48568
48571
48572
48573
48574
48575
48576
48577
48578
48582
48583
48587
48592
48595
48596
48602
48603
48604
48605
48606
48607
48608
48609
48610
48611
48612
48615
48616
48620
48622
48630
48631
48632
48640
48641
48657
48658
48660
48662
48663
48664
48665
48666
48667
48678
48679
48680
48681
48682
48683
48690
48691
48693
48694
48700
48705
48706
48707
48708
48710
48711
48712
48713
48714
48715
48717
48718
48719
48720
48721
48722
48723
48724
48725
48726
48727
48728
48729
48730
48731
48732
48733
48739
48748
48752
48753
48756
48758
48759
48773
48775
48776
48777
48778
48779
48782
48784
48785
48788
48789
48792
48793
48794
48801
48803
48804
48805
48806
48807
48808
48809
48810
48811
48812
48813
48814
48817
48818
48819
48820
48824
48825
48826
48832
48833
48835
48836
48838
48839
48840
48848
48849
48858
48868
48873
48874
48875
48877
48888
48889
48896
48897
48898
48900
48902
48906
48907
48908
48909
48910
48911
48912
48913
48914
48922
48923
48925
48929
48930
48931
48934
48944
48945
48949
48955
48956
48957
48958
48959
48960
48961
48962
48963
48964
48965
48969
48970
48971
48972
48973
48975
48981
48983
48984
48985
48986
48987
48988
48989
48990
48994
48998
49024
49028
49035
49037
49038
49042
49043
49051
49067
49068
49072
49074
49078
49081
49082
49094
49095
49096
49097
49098
49099
49100
49101
49108
49109
49110
49111
49112
49115
49118
49120
49122
49125
49126
49127
49128
49129
49130
49133
49134
49139
49143
49144
49163
49164
49165
49166
49167
49168
49172
49173
49174
49175
49177
49178
49183
49184
49186
49191
49192
49195
49204
49206
49207
49208
49219
49223
49242
49243
49245
49246
49247
49248
49249
49250
49251
49254
49255
49256
49257
49258
49264
49267
49268
49269
49271
49273
49274
49275
49276
49277
49278
49279
49283
49284
49285
49286
49287
49288
49289
49290
49291
49292
49293
49294
49295
49296
49297
49298
49300
49301
49302
49303
49304
49305
49307
49308
49309
49314
49315
49318
49322
49325
49328
49329
49333
49336
49338
49341
49342
49347
49348
49349
49350
49351
49352
49354
49355
49358
49359
49360
49361
49366
49367
49368
49370
49373
49374
49375
49381
49382
49385
49386
49388
49389
49392
49397
49401
49405
49406
49407
49416
49418
49420
49421
49425
49426
49428
49431
49432
49433
49436
49440
49441
49445
49448
49453
49454
49455
49456
49458
49461
49471
49472
49473
49474
49476
49478
49480
49481
49483
49484
49485
49486
49487
49488
49491
49493
49494
49495
49497
49498
49501
49502
49503
49505
49508
49510
49514
49518
49520
49521
49523
49528
49529
49531
49533
49541
49542
49545
49546
49551
49553
49554
49555
49562
49563
49567
49568
49569
49573
49577
49580
49581
49582
49583
49589
49590
49591
49598
49599
49601
49603
49606
49608
49609
49610
49611
49613
49615
49625
49627
49630
49633
49634
49635
49636
49637
49641
49644
49645
49646
49647
49650
49653
49654
49659
49660
49665
49669
49671
49674
49675
49676
49678
49679
49684
49686
49688
49690
49691
49698
49700
49705
49707
49708
49709
49710
49711
49716
49721
49722
49724
49727
49728
49729
49730
49731
49732
49733
49734
49735
49736
49737
49738
49742
49745
49746
49750
49752
49754
49755
49760
49761
49763
49764
49765
49771
49776
49777
49779
49781
49783
49784
49785
49788
49792
49795
49803
49806
49807
49809
49812
49813
49821
49824
49826
49828
49829
49834
49835
49837
49839
49840
49841
49852
49855
49859
49860
49862
49864
49866
49867
49875
49881
49885
49888
49891
49893
49897
49898
49899
49903
49905
49906
49907
49908
49909
49910
49911
49912
49913
49914
49915
49916
49919
49920
49924
49929
49932
49933
49934
49935
49936
49938
49943
49944
49945
49946
49947
49950
49957
49961
49963
49967
49971
49972
49973
49983
49986
49988
49989
49991
49996
50000
50003
50005
50013
50014
50017
50019
50024
50026
50030
50031
50037
50038
50039
50040
50043
50046
50048
50049
50052
50058
50064
50065
50067
50068
50070
50073
50076
50077
50079
50094
50098
50099
50102
50107
50111
50116
50118
50119
50120
50123
50126
50127
50129
50133
50134
50140
50148
50149
50152
50153
50154
50156
50158
50159
50162
50164
50167
50171
50175
50181
50184
50189
50192
50196
50199
50200
50201
50202
50206
50209
50212
50214
50215
50218
50221
50222
50223
50230
50232
50233
50234
50244
50260
50277
50279
50283
50286
50287
50288
50290
50291
50293
50294
50297
50298
50299
50300
50301
50303
50306
50309
50311
50312
50318
50319
50320
50323
50328
50329
50331
50332
50335
50336
50340
50341
50343
50348
50349
50350
50351
50353
50359
50360
50368
50369
50371
50372
50380
50383
50393
50394
50398
50400
50405
50408
50414
50421
50424
50425
50426
50427
50429
50434
50443
50444
50445
50446
50449
50452
50453
50467
50472
50473
50479
50480
50485
50490
50494
50495
50498
50508
50514
50516
50517
50519
50520
50522
50523
50524
50526
50533
50534
50536
50539
50541
50542
50545
50549
50552
50553
50554
50556
50557
50558
50561
50564
50569
50570
50573
50577
50588
50589
50597
50607
50609
50614
50615
50617
50629
50631
50637
50643
50646
50650
50654
50658
50663
50664
50665
50666
50667
50672
50679
50681
50683
50686
50694
50695
50696
50705
50706
50709
50710
50711
50715
50716
50718
50720
50721
50724
50725
50726
50727
50728
50738
50739
50742
50745
50747
50752
50758
50763
50765
50769
50772
50773
50778
50780
50781
50782
50788
50791
50798
50805
50807
50812
50813
50817
50820
50822
50823
50828
50833
50840
50845
50846
50852
50860
50866
50869
50872
50878
50879
50882
50883
50885
50892
50894
50896
50897
50898
50900
50902
50908
50913
50915
50923
50931
50934
50939
50943
50944
50947
50949
50950
50955
50959
50960
50964
50966
50969
50970
50974
50978
50979
50982
50991
50997
50998
51002
51003
51010
51013
51019
51023
51024
51025
51027
51030
51031
51032
51035
51036
51037
51038
51039
51050
51055
51056
51058
51059
51060
51063
51064
51074
51090
51094
51095
51100
51102
51103
51106
51111
51112
51113
51123
51124
51125
51127
51129
51130
51131
51136
51138
51142
51143
51150
51154
51156
51157
51161
51167
51168
51172
51176
51178
51179
51180
51183
51184
51186
51188
51192
51194
51196
51197
51198
51201
51209
51213
51215
51225
51229
51230
51233
51234
51239
51249
51251
51253
51257
51258
51261
51263
51266
51267
51281
51282
51289
51293
51295
51296
51303
51306
51319
51322
51331
51334
51335
51336
51343
51346
51350
51355
51366
51377
51381
51402
51406
51409
51416
51428
51440
51441
51463
51475
51477
51486
51488
51495
51497
51500
51503
51514
51525
51530
51546
51549
51555
51564
51567
51574
51577
51581
51587
51592
51598
51610
51611
51620
51623
51635
51643
51644
51645
51646
51648
51652
51655
51660
51667
51673
51675
51687
51688
51691
51693
51700
51705
51708
51709
51710
51714
51718
51720
51729
51730
51735
51737
51743
51753
51775
51777
51790
51799
51819
51823
51825
51831
51836
51840
51841
51847
51848
51849
51852
51860
51861
51862
51863
51869
51876
51893
51896
51908
51909
51915
51920
51924
51932
51935
51940
51945
51949
51950
51951
51954
51958
51964
51965
51969
51973
51975
51980
51982
51987
51991
51992
51995
51998
52005
52009
52016
52027
52040
52046
52049
52054
52056
52064
52065
52067
52068
52076
52084
52086
52090
52092
52093
52097
52099
52108
52111
52115
52118
52119
52121
52128
52134
52135
52137
52138
52142
52144
52152
52155
52164
52170
52172
52173
52175
52177
52179
52180
52184
52186
52193
52194
52197
52198
52200
52215
52219
52221
52225
52226
52238
52242
52257
52261
52266
52268
52270
52271
52276
52280
52281
52282
52301
52308
52323
52327
52330
52331
52332
52333
52334
52339
52344
52346
52353
52355
52359
52360
52362
52365
52366
52370
52375
52376
52393
52394
52399
52404
52408
52412
52416
52427
52428
52430
52434
52436
52448
52454
52456
52457
52460
52465
52481
52482
52496
52504
52505
52507
52514
52516
52517
52521
52526
52528
52529
52531
52533
52535
52536
52542
52548
52549
52553
52560
52564
52565
52568
52570
52573
52577
52585
52594
52600
52604
52619
52623
52631
52636
52639
52640
52645
52649
52654
52663
52664
52665
52671
52678
52683
52684
52698
52700
52707
52720
52721
52728
52730
52744
52749
52752
52755
52759
52767
52775
52782
52788
52791
52799
52805
52807
52811
52813
52825
52826
52827
52832
52841
52842
52852
52855
52859
52864
52869
52875
52876
52882
52884
52890
52891
52895
52899
52900
52901
52904
52905
52908
52911
52913
52920
52929
52932
52933
52935
52936
52940
52950
52952
52953
52955
52957
52958
52959
52960
52967
52976
52978
52979
52980
52990
52998
53002
53006
53007
53008
53014
53023
53035
53038
53039
53045
53050
53052
53054
53061
53062
53068
53077
53080
53081
53082
53091
53093
53096
53102
53104
53105
53106
53107
53114
53123
53125
53126
53130
53134
53135
53156
53162
53167
53168
53172
53174
53187
53191
53192
53195
53197
53203
53206
53215
53216
53219
53224
53227
53228
53229
53234
53238
53243
53245
53248
53252
53253
53259
53262
53266
53270
53272
53287
53300
53301
53303
53306
53322
53325
53330
53332
53333
53337
53341
53342
53345
53347
53348
53350
53361
53376
53379
53393
53394
53395
53397
53402
53410
53412
53415
53427
53431
53434
53436
53441
53448
53451
53456
53461
53467
53468
53469
53470
53474
53481
53484
53491
53500
53502
53503
53506
53508
53511
53512
53516
53521
53527
53529
53532
53541
53547
53551
53554
53555
53560
53562
53565
53569
53570
53578
53582
53584
53597
53599
53601
53603
53612
53614
53619
53624
53633
53635
53642
53644
53647
53652
53655
53658
53675
53676
53678
53683
53692
53693
53694
53695
53696
53701
53707
53720
53722
53724
53728
53733
53748
53749
53752
53754
53757
53760
53772
53774
53776
53777
53783
53789
53791
53796
53797
53814
53815
53820
53821
53829
53831
53832
53836
53842
53843
53844
53845
53851
53852
53857
53861
53870
53876
53877
53881
53883
53885
53894
53900
53903
53907
53908
53922
53933
53934
53938
53939
53946
53949
53953
53955
53956
53964
53966
53985
53988
53989
53993
53995
53997
54000
54004
54012
54016
54018
54025
54035
54038
54041
54050
54052
54058
54059
54063
54065
54083
54085
54089
54095
54100
54102
54108
54115
54116
54124
54128
54134
54137
54144
54147
54151
54152
54157
54167
54168
54169
54171
54177
54182
54191
54198
54200
54205
54209
54210
54211
54213
54215
54218
54223
54225
54232
54239
54241
54242
54245
54255
54257
54260
54269
54273
54274
54275
54277
54278
54283
54288
54304
54307
54310
54317
54323
54324
54328
54329
54330
54343
54344
54346
54353
54356
54357
54359
54374
54378
54386
54388
54389
54392
54406
54407
54410
54417
54420
54424
54429
54434
54438
54443
54447
54459
54465
54470
54475
54476
54478
54490
54495
54496
54497
54500
54501
54503
54504
54505
54507
54508
54512
54524
54526
54534
54539
54550
54555
54558
54559
54563
54565
54569
54575
54576
54589
54595
54598
54608
54615
54619
54631
54644
54650
54653
54662
54666
54671
54673
54679
54681
54683
54685
54691
54699
54700
54710
54711
54713
54714
54716
54717
54727
54734
54736
54745
54752
54755
54769
54773
54774
54776
54781
54782
54783
54792
54796
54798
54810
54818
54825
54826
54830
54832
54840
54848
54852
54856
54861
54871
54875
54882
54884
54891
54892
54893
54894
54895
54905
54906
54908
54912
54914
54915
54916
54918
54920
54922
54937
54938
54941
54942
54944
54946
54954
54962
54965
54967
54970
54974
54977
54980
54983
54984
54987
54991
55000
55009
55014
55017
55018
55021
55027
55035
55038
55055
55056
55060
55062
55064
55065
55072
55079
55083
55084
55087
55095
55112
55113
55116
55124
55125
55126
55131
55133
55135
55139
55141
55148
55156
55162
55163
55173
55174
55177
55178
55183
55188
55189
55190
55193
55194
55198
55202
55204
55208
55209
55213
55217
55222
55228
55233
55234
55235
55237
55241
55246
55247
55252
55253
55254
55255
55257
55262
55264
55271
55274
55278
55283
55286
55287
55294
55298
55300
55303
55314
55320
55323
55327
55329
55342
55345
55350
55351
55352
55355
55356
55364
55370
55373
55385
55393
55396
55403
55405
55407
55410
55414
55417
55420
55422
55433
55434
55440
55441
55447
55450
55452
55478
55484
55487
55488
55491
55503
55512
55523
55528
55529
55540
55541
55548
55556
55564
55577
55579
55581
55582
55589
55592
55596
55601
55604
55608
55614
55618
55632
55634
55636
55639
55653
55660
55662
55675
55677
55679
55684
55685
55687
55691
55702
55707
55709
55711
55718
55727
55728
55730
55740
55746
55748
55749
55750
55758
55761
55768
55770
55771
55773
55774
55781
55785
55786
55794
55795
55806
55807
55822
55823
55826
55828
55829
55831
55832
55850
55852
55853
55859
55861
55863
55866
55868
55872
55873
55879
55884
55890
55897
55899
55900
55904
55909
55912
55916
55918
55921
55926
55941
55946
55956
55957
55958
55967
55972
55980
55983
55987
55988
55992
56000
56001
56004
56006
56007
56013
56014
56020
56031
56036
56039
56048
56056
56058
56061
56072
56077
56080
56087
56088
56094
56098
56099
56104
56106
56112
56115
56120
56121
56129
56131
56133
56134
56136
56140
56141
56147
56152
56158
56159
56162
56165
56171
56175
56176
56186
56189
56196
56201
56202
56206
56212
56222
56238
56240
56250
56257
56264
56270
56271
56273
56290
56296
)


// ************************************************************************* //
