/*--------------------------------*- C++ -*----------------------------------*\
| =========                 |                                                 |
| \\      /  F ield         | OpenFOAM: The Open Source CFD Toolbox           |
|  \\    /   O peration     | Version:  v2012                                 |
|   \\  /    A nd           | Website:  www.openfoam.com                      |
|    \\/     M anipulation  |                                                 |
\*---------------------------------------------------------------------------*/
FoamFile
{
    version     2.0;
    format      ascii;
    class       volScalarField;
    location    "50";
    object      gammaInt;
}
// * * * * * * * * * * * * * * * * * * * * * * * * * * * * * * * * * * * * * //

dimensions      [0 0 0 0 0 0 0];


internalField   nonuniform List<scalar> 
13851
(
1
1
1
1
1
1
1
1
1
1
1
1
1
1
1
0.999997
1
1
0.999978
1
1
1
1.00001
1
0.999397
1
0.999789
0.999724
1
1
1
1
1
1
1
1
1
0.999966
1
1
1
1
1
0.999895
1
1
1
1
1
1
1
1
0.999998
1
1
1
1
1
0.994124
1
1
1.00127
1
1
1
1
1
1
1
1
1
1
1
1
1
1
1
1
1.0001
1
1
1.00005
1
1
1
1
1
1
1
1
1
1
1
1
1
1.00003
1
0.999995
1
1
0.999994
1
1
1
1
1
1
1
1
1
1
1
0.999999
1
1
1
1
1
1
1
1
1
1
1
1
1
1
1
1
1
1
1
0.99597
1
1
1
1
1
1
1
0.99998
1
1
1
0.999974
1
1
1
1
1
0.999994
0.999998
1
1.00001
1
1
1
1
1
1
1
1
1
1
1
1
1
1
1
1
1
1
1
1
1
1.00049
1
1
1
1
1
0.999865
1
1
1
1
1
1
1
1
0.999812
1
1
1
1
0.999997
1
1
1
1
0.99993
1
1
1
1.00057
1
1
1
1
1
0.999998
1
0.999913
1
1
1
1
0.999999
1
0.999998
1
1
1
1
1
1
1
1
1
1
1
1
1
1
1
1
0.99831
1
1
1
0.9983
1
1
1
1
1
1
1
1.00002
1
1
1
1
1
0.999994
1
1
1
1
1
1
1
1
1
1
1
1
1
0.989268
1
1
1
1
1
1
1
1
1
1
1
1
1
1
1
0.999892
1
1
1
1
1
1
1
1
1
1
1
1
1
1
1
1
1
1
1
1
1
1
1
1
1
1
1
1
1
0.994741
1
0.999802
0.998016
1
0.999999
1
1
1
0.998928
1
1
1
1
1
1
1
1
1
1
1
1
1
1
1
1
1
1
1
1
1
0.999999
0.999995
1
1
1
1
1
1
1
1
1
1
1
0.999998
1
0.990437
1
1
1
1
1
0.997749
1
1
1
1
1.00162
1.0001
1
1
1
1.00016
1
1
1
1
1
1
1
1
0.99999
1
1
1
1
1
1
1
1
1
1
1
0.999984
1
1
1
1
1.00003
1
1
1
1
0.999958
1
1
1
1
1
1
1
1.00003
1
1
1.00122
1
1
1
0.999969
1
1
0.997891
1
1
1
1.00073
1
1
1
1
1
1
1
1
1
1
0.999614
1
1
1
1
1
1.00037
1
1
1
1
1
1
1
1
1
1
1
1
1
1
1
1
1
1
1.00007
1
1
1
1
1
1
1.0018
1
1
1
1
0.996059
1
1
1
1
1
1.00058
0.999824
1
0.999998
1
1
1
1
1
1
1
1
1
1
1
1
1
1
1
1
1
1
1.00065
1
1
1
1
1
1
1
1
1
1
1
1
1.00011
1
1
1.00002
0.991284
1
1
1.00017
1
1
0.999985
1
1
1
1
1
1.00001
1
1
1
1
1
1
1
1
1
1
1
1
1
1
1
1
1
1
1
0.999994
1
1
1
1
1
1
1
1
1
1
1
1
1
1
1
1
1
1
1
1
1
1.00009
1
1.00261
1
1
1
1
1
1
0.999996
1
1
0.993779
0.998797
1
1
1
1
1
1
1
1
1
1
1
1
1
1
1
1
1
1
1
1
1
1
1
1
1
1
1
1
1
1
1
1
1
0.994633
1
1
1
1
1
1
1
1
1
0.999998
1
1
1
1
1
1
0.998496
1
1
1
1
1
1
1
1
1
1
1
1
1
1
1
1
1
0.996059
1
1
1
1
1
1
1
1
1
1
1
1
1
1
0.989373
0.999974
1
0.999995
0.999998
1
1
1
1
1
1
1
1
1
1
1
1
1
1
1
1
1
1
1
1
1
1
1
1
1.00073
1
0.987318
1
0.999999
1
0.999939
1
1
1
1
1
1
0.997095
1
1
1
1
1
1.00001
1
1
1
1
1
1
1
1
1
1.00628
1
1
1
1
1
1
1
1
1
1
1
1
1
1
1
1
1
0.994675
1
1
1
1
1
1
1
1
1
1
1
1
1
1
1
1
0.996486
1
1
1
1
1
1
1
1
1
1
0.999986
1
0.999988
0.987555
1
1
1
1
1
1
1
1
1
1
1
1
1
1
1
1
1
0.999997
1
1
1
1
1
1
0.999124
1
1
1
1
1
1
1
1
1
1
1
1
1
1
1
1
1
1
1
1
1
1
1
0.997506
1
1
1
1.00003
1
1
1
1
1
1
1
1
1
1
1.00001
1
1
1
1
1
1
1
0.999868
1
1
1
1
1
1
1
1
1
1
1
1
1
1
1
1
1
1
1
1
1
1
1
1
1
0.997342
1
1
1
1
1
1
1
1
1
0.999792
1
1
1
1
1
0.999464
1
1
1
1
0.998976
1
1
1
1
1
1
1
1
1.00001
1
1
1
1
1
1
1
1
1
1.00196
1
1
1
1
1.0001
1
1
1
1
1
1
1
1
1
1
1
1
1
1
1
1
1
1
1
1
1
1
1
1
1
0.999252
1
1
1
1
1
1
1
1
1
1
1
1
1
1
0.999992
1
1
0.998761
1
0.999998
1
1
1
1
1
1
1
1
1
0.998154
1
1
1
1
0.998933
1
1
1
1
1
1
1
1
1
1
1
1
1
1
1
1
1
1
1
1
1
1
1
1
1
1
1
1
1
1
1
1
1
0.99877
1
1
1
1
1
1
0.999587
1
1
1
1
1
1.0002
1
1
1
1.00003
1.00115
1
1
1
1
1
1
1
1
0.999183
1
1
1
1
1
1
1
1
1
1
1
1
0.988914
1
1.00013
1
1
1
1
1
1
1
1
1
1
1
0.999989
1
1
1
1
0.999928
1
1
1
1.00005
1
1
1
1
1
1
1
1
1
1
1
1
1
1
1
1
1
1
1
1
1
0.999768
1
1
1
1
1
1
1
1
1
1
1
1
1
1
1
0.999999
1
1
1
1
1
1
1
1.00002
1
1
1
1
1
1
0.999794
1
1
1
1
1
1
1
1
1
1
0.999699
1
1
1
1
1
1
1
0.999999
1
1
1
1
1
1
1
1
1
1
0.999581
1
1
1
1
1
1
1
0.99964
1
1
1
1
1
0.997883
1
0.999985
1
1
1
1.00034
1
0.998255
1
1
1
1
1
1
1
1
1
1
1
1
1
1
1
1
1
1
0.996723
1
1
1
1
1
1.00001
1
1
1
1
1
1.00012
1
1
1
1
1
1
1
1
1
1
1
1
1
1
1
0.999719
1
1
1
1
1
1
1
1
1
1
1
1
1
1
1
1
1
1
1
1
1
1
1
1
1
0.997456
1
1
1.00036
1
1
1
1
1
1
1
1
1
0.988993
1
0.999999
1
1
1
1
1
1
1
1
1
1
1
1
1
0.996835
1
1
1
1
1
1
1.00001
1
1
0.974637
1
1
1
1
1.00002
1
1
0.999025
1
1
1
1
0.99964
1
1
1
1
1
1
0.991032
1
1
1
1
1
1
1
1
1
1
1
1
1
1
1
0.999895
1
1
0.999679
1
0.99865
1
1
1
1
1
1
0.998214
1
1
1
1
1
1
1
1
1
1
1
1
1
1
1
1
1
1
1
1
1
0.996441
1
1
1
1
0.999945
1
0.999856
1
1
1
1
1
1
1
1
1
1
1
1
1
1
0.999196
1
1
1
1
1
1
1
1
1
1
1
1
1.00013
0.999584
1
1.00199
1
1
1
1
0.999643
1
0.999967
0.996352
1
1
1
1
1
1
1
1
1
0.999991
1
1
1
1
1
1
1
1
1
1
1
1
1
1
1
1
1
1
1.00102
1
1
1
1
1
1
1
1
1
1
1
1
1
1
0.9983
1
1
1
1
1
1
1
1
1
1
1
1
1
1
1
1
1
1
1
1
1
1
1
1
1
0.999998
1
1.00137
1
1
1
1
1
1
1.00002
1
1.00047
1
1
1
1
1
1.00077
1
1
1
1
1
1
1
1
1
1
1
1
1.00007
1
1
1
1
1
1
1
1
1
1
1
1
1
1
1
1
0.999988
1
1
1
1
1
1
1
1
1
1
1
1
1
1
1
1
1
1
1
0.999548
0.998983
1
1
1
1
1
1
1
1
1
1
1
1
1
1
1
1
1
1
1
1
0.999999
1
1
1
1
1
1
1
1
1
1
1
1
1
1
1
1
1
1
1
1
1
1
1
1
1
1
1
1
1
1
1
1
1
1
1
1
1
1
1
1
1
1
1
1
1
1
1
1.00001
0.99974
1
1
1
1
1
1
0.999997
1
1
1
0.983365
1
1
1
1
1
1
1
1
1.00006
1
1
1
1
1
1
0.999999
1
0.999366
1
1
1
1
1
1
1
0.999453
0.999953
1
1
1
1
1
1
0.999021
1
1
1
1
1
1
1
0.998937
1
1
1
1
1.00003
1
1
1
1
1
1
1
1
1
1
1
1
1
1
1
0.997203
1
1
1
1
1
1
0.999997
1
1
1
1
1
1
1
1
1
1
1
1.00028
1
1
1
1
1
1
1
1
1
1
1
1
1
0.979912
1
1
1
1
1
1
1
1
1
1
1
1
1
1
1
1
1
1
1
1
1
1
1
1
0.999786
1
0.999983
0.999769
1
1
1
1
1.00007
0.991534
1
1
1
0.999135
1.00001
1
1.00101
1
1
1
1
1
1
1
1
1
1
1
1
1
1
1
1
1
1
1
1
1
1
1
1
1
1
1
1
1
1
1
1
1
1
1
1
1
1
1
1
1
1
1
0.999534
1
1
1
1
1
1
1
1
1
1
1
1.00157
1
1
1
0.999985
1
1
1
1
1
1
1.00001
1
1
1
1
1
1
1
0.999964
1
1
1
1
1
1
1
1
0.997948
0.999988
1
1
1
1
1
1
1
1
1
1
1
1
1
1
1
1
1
1
1
1
0.99802
1
1
1
1
1
1
1
1
1
1
1
1
1
1
1
1
1
1
1
1
1.00042
1
1
1
1
1
1
1
1
0.999115
1
1
1
1.00002
1
1
1
1.00234
0.999999
1
1.00099
1
1
1
1
0.999639
1
1
1
1
1
1
1
1
1
1
1
1
1
0.999943
0.999918
1
1
0.98918
1
1
1
1
1
1
1
1
1
1
1
1
1
1
1
1
1
1
1
1
1
1
1
1
1
1
1
1
0.999969
1
1
1
1
1
1
1
1
1.0005
1
1
1
1
1
1
1
1
1
1
1
1
1
1
1
1
1
1
1
1
1
1
1
1
1
1
1
1
0.999992
1
1
1
1
1.00002
1
1
1
1.00062
1
1
1
0.999498
1.00108
1
1
0.999943
0.999966
1
1
1
1
1
1
1
1
1
1
0.999588
1
1
1
1
0.999802
1
1
1
1
1
1
1
1
1
1
1
1
1
0.999999
1
1
1
1
1
0.999905
1
1
1
1
1
1
1
1
1
1
1.0004
1
1
1
1
1
1
1
1
1
1
1
1
1
1
1
1
1
1
1
1
1
1
1
1
1
1
0.99889
1
1
1
1
1
1
0.99997
1
1
1
1
1
1
0.999821
1
1
1
1.00029
1
1
1
1
1
1
1
1
1.00065
1
1
1
1
1
1
1
1
1
1
1
1
1
1.00059
1
1
1
0.999998
1
1
1
1
0.999996
1
1
1
1
1.00016
1
1
1
1
1
1
1
1
1
1
1
1
1
1
1
1
1
0.997974
1
1
1
1.00003
1
1
1
1.00005
1
1
1
1
1
1.00011
1
1.00031
0.999971
1
1
1
1
1
1.00007
1
1
1
1
1
1
0.999909
1
1
1
1
1
1
1
1
0.999752
0.998402
1
1
1
1
1
1
1
1
1
0.999926
1
1
1.00016
1
0.999839
1
0.999932
0.999887
1
1
0.99999
1
1
1.00002
1
1
1
1
1
1
1
1
1
0.999836
1
1
1
1
0.995831
1
1
1
1
1
1
1
0.99982
1
1
1
1
1
0.999999
1
1
1
0.999999
1
1
0.994954
1
1
1
1
1
1
1
1
1
1
1
1.00011
1
1
1
1
1
1
1
1
0.999872
1
1
1
1
1
1
0.974118
1
1
1
1
1
1
1
1
1
1
0.997327
1
1
1
1
1
1
1
1
1
1
1
1
1
1
1
1
1
1
1
1
1
0.998629
1
1
1
1
1
1
1
1
1
1
1
1
1
1
0.999997
1
1
1
1
1
1
1.00003
1
1
1
1
1
1
1
1
1
1
1
1
1
0.999803
1.00001
0.99999
1
1
1
1
1
1
1
1
0.999956
1
1
1
1
1
1
1
1
1
1.0003
1
1
0.999054
1
1
1
1
1
1
1
1
1
1
1
1
1
1
1
1
1
1
1
1
1
1
1
1
1
1
1.00036
1
1
1
1
1
1
0.997499
1
1
1
1
1
1
0.999999
1
1
1
1
1
1
0.990984
1
1
1
1
1
1
1
1
1
1
1
0.998493
1
1
1
1
1
1
1
1
1
1
1
1
1
1
1
1
1
1
1
1
1
1
1
1
1
1
1
1
1
1
1
1
1
1
1
1
0.998641
1
1
1
1
0.99875
1
1
1
1
1
1
0.997419
1
1
1
1.00002
1
1
1
1
1
1
1
1
1
1
1
1
1
1
1
1
1
1
1
1
1
1
1.0001
1
1
1
1
1
1
1
1
1
1
0.999981
1
1
1
1
0.999999
1
1
0.999999
0.999999
1
1
0.996459
1
1
1
0.998671
1
1
1
1
1
1
1
1
1
1
1
1
1
1
1
1
1
1
1
1
1
1
1
1
1
1
1
1
1
1
0.999749
1.00322
1
1
1
1
1
1.00001
1
1
1
1
1
1
1
1
1
0.999998
1
1
1
1
1
1
1
1
1
1.001
1
1
1
1
1
1.00002
1
1
1
1
1
1
1
1
1
0.999996
1
1
1
0.999443
1
1
1
1
1.00001
1
1
1
1
1
1
1
1
1
1
1
1
1
1
1
1
1
1
1
1
0.999368
1
1
1
1
1
1
1
1
1
1
1
1
1
1
1.00017
1
1
1
1
1
1
1
1
1
1
1
1
1
1
1
1
0.999999
1
1
1
1
1
1.00023
1
1
1
1
1
1
1
1
1
1
1
1
0.999951
1
0.999999
1
1
1
1
1
1
1
1
1
1
1
1
1
1
1
1
1
1
1
1
1
1
1
1
1
1
1
1
1
1
1
1
1
1
1
1
1
1
1
1
1
1
1
1
1
1
1
1
1
1
1
1
1
1
1
1
1.00124
0.962936
1
1
1
1
1
1
1
1
1
1
1
1
1
1
1
1
1
1
1
1
1
1
1
1
1
1
1
1
1
1
1
1
1
1
1
1
1
1
1
1
1
1
1
1
1
1
1
1
1
1
1
1
1
1
1
1
0.999647
1
1
1
1
1
1
1
1
1
1
1
1
1
1
1
1
1
0.999999
1.00055
1
1
1
1
1
1
1
1
1
1
1
1
1
1
1
1
1
0.999896
1
1
1
1
1
1
1
1
1
1
1
1
1
1
1
1
1
1
1
1
1
1
1
1
1
1
1
1
1
1
1
1
1
1
1
1
1
1
0.999935
1
0.987861
1
1
1
1
1
1
1
1
0.999999
1
1
1
1
1
0.985523
1
1
1
1
1
0.999996
1
1
1
1
1
0.999997
1
1
1
0.999997
1
1
1
1
1
1
1
1
1
1
1
0.999831
1
1
1
1
1
1
1
1
1
1
1
0.999995
1
1
1
1
1
1
1.00047
1
1
1
1
1
1
1
1
1
1
1.00299
1
1
1
1
1
1
1
1
1
1
1
1
1
1
0.999726
1
1
1
1
1
1.00016
0.999833
1
1
0.999112
1
1
1
1
1
1
1
1
1
1
1
1
1.00057
1
0.99661
1
1
1
1.00145
1.00002
1
1
1
1
1
1
1
1
0.999504
1
1
1
0.999689
1
0.999923
1
1
1
1
1
1
1
1
1
1
1
1
1
1
1
1
1
1
1
1
1
1
1
1
1
1
1
1
1
1
1
1
1
1
1
1
1
1
0.999428
1
1
1
1
1
1
1.00161
1
1
1
1
1
1
1
1
1
1
0.9982
1
0.998603
1
1
1
1
1
1
1
0.999998
1
1
1
1
1
1
1
1
1
1
1
1
1
1
1
1
1
1
1
1
1
1
0.999999
1
1
1
1
1
1
1
1
1
1
1
1.00046
1
1
0.999999
1
1
1
1
1
1
1
1
1
1
1
1
1
1
1.00001
1
1
1
1
1
1
1
1
1
0.999999
1
1
1
0.998504
1
1
1
1
0.999089
1
1
1
1
1
1
1
1
1
1
1
1
1.00011
0.998297
1
1
1
1
1
1
1
1
1
1
1
1
1
1
1
1
1
1
1
1
1
1
1
1
1
1
0.999424
1
1
1
1
1
1
1
1
1
1
1
1
1
1
1
1
1
0.999994
1
1
1
1
1
1
1.0003
1
1
1
1
1
1
1
1
1
1
1
1
1
1
1
1
1
1
1
1
1
0.999999
1
1
1
1
1
1
1
1
1
1
1
1.00067
1
1
1
1.00001
1
0.999913
1
0.99973
1
1
1
1
1
1
1
1
1
1
1
1.00009
1
1
1
1
1.00055
1
1
0.993429
1
1
1
0.997088
1
1
1
1
1
1
1
0.999985
1
1
1
1
1
1
1
1
1
1
1
1
1
1
1
1
1
1
1
1
1
1
1
1
1
1
1
1
1
1
1
1
1
1
1
1
1
1
0.999143
1
0.999722
1
1
1
1
1
1.0001
1
1
1
1
1
1
1
1
1
1
1
1
1
1
1
1
1
1
1
1
1
1
1
1
1
1
0.999356
1
1
1
1
1
1
1
0.999973
1
1
1
1
1
1
1
1
1
1
1
1.00025
1
1
1
0.999901
1
1
1
1
1
1
1
1
1
1
1
1.00139
1.00002
1
1
1
1
1
1
1
1
1
1
1
1
1
0.999999
1.00096
1
1
1
1
1
1
0.999997
1
1
1
1.00019
1
1
1
1
1
1
1
1
1
1.0003
1
1
1
1
0.999996
1
1.0007
1
1
1
1
1
1
1
1
1
1
1
0.99988
1
1
1.00083
1
1
1
1
1
1
1
1.0005
1
1
1
1
1
1
1
1
0.999907
1.0002
1
1.00014
1
1
1
0.999849
1
1
1
1
1
1
1
0.999999
0.999969
1
1
1
1
0.999686
1
1.00021
1
1
1
1
1
1
1
1
1
1
1
1
1
1
1
1
1
1
1
1
1
1
1
1
1
1
1
1
1
1.00011
1
1
1
1
1
1
1
1
1
1
0.999753
1
1
1
1
1
1
1
1
1
1
0.999976
1
1
1
1
0.998474
0.999999
1
1
1
1
1
1
1
1
0.999946
1
1
1
1
1
1
1
1
1
1
1
0.999893
1
1
1
1
1
1
1
0.999988
1
0.999774
1
1
1
1
0.999955
1
1
1
1
1
1
1
1
1.00002
1
1
1
1
0.999998
1
1
1
1
1
1
1
1
1
1
1
1
1.00002
1
1
0.999961
1
1
1
1
0.999968
1.00001
0.999941
1
1
1
1
1
1
1
1
1
1
1
1
1
1
1
1
1
1
1
0.999722
1
1
1
1
0.999841
1
0.999751
0.999581
1
1
0.999651
1
1
1
1
1
1
1
1
1
1
1
1
1
1
1
1
1
1
1
1
1
1
1
1
1
1
1
1
1
1
1
1
1
1
1
1
1
1
1
1
1
1
1
1
1
1
1
1
1
0.999997
1
1
1
1
1
1
1
1
1
1
1
1
1
1
1
0.999999
1
1
1
1
1
1
1
1
1
1
1
1
1
1
1
1
1
1
1
1
1
1
1
1
1
1
1
1
1
1
1
1
1
1
1
1
1
1
1
1
1
1
1
1
1
1
1
1
1
1
1
1
1
1
1
1
1
1
1
1
1
1
1
1
1
1
1
1
1
1
1
1
1
1
1
1
1
1
1
1
1
1
1
0.999999
1
1
1
1
0.99967
1
1
1
1
1
1
1
1
1
1
1
1
1
1
1
1
1
1
1
1
1
1
1
1
1
1
1
1
1
1
1
0.995702
1
1
1
0.999999
1
1
1
1
1
1
1
1
1
1
1.00029
1
1
1
1
1
1
1
1
1
1
1
1
1
1
1
1
1
1
1
1
1
1
1
1
1
1
1
1
1
1
1
1
1
1
1.00001
1
1
1
1
1
1
1
1
1.00001
1
1
1
1
1
1
1
1
1
1
1.0001
1
1
1
1
1
1
1
1
1
1
1
1
1
1
1
1
1
1
1
1
1
1
1
1
1
1
1
1
1
1
1
1
1
1
1
1
1
1
1
1
1
1
1
1
0.999809
1
1
1
1
0.99995
0.999766
1
1
1
1
1
1
1
1
1
1
1
1
1
1
1
1
1
1
1
1
1
1
1
1
1.00005
1
1
1
1
1
1
1
1
1
1
1
1.00025
1
1
1
1
1
1
1
1
1
1
0.999992
1
1
0.999999
1
1
1
1
1
1
1
0.998652
1
1
1
1
1
1
1
1
1
1
1
1
1
1
1
1
1
1
1
1
1
0.999894
0.999979
1
1
1
1
1
1.00003
1
1
1
1
1.00076
1
1
1
1
1
1
1
1
1
1
1
1
1
1.0001
1
1
1
1
1
1
1
1
1
1
1
1
1
1
1
1
1
1
1
1
1
1
1
1
1
1
0.999999
0.999985
1
1
1
1
1
1
0.999998
1
1
1
1
1
1
1
1
1
1
1
1
1
1
0.999832
1
1
1
1
1
1
1
1
1
1
1
1
1
1
1
1
1
1
1
1
1
0.999974
1
0.999892
1
1
1
1
1
1
1
1
1
1
1
1
1
1
1
1
1
1
1
0.999739
1
1
1
1
1
1
1.00001
1
1
1
1
1.00006
1
1
1
1
1
1
0.999995
1
1.00025
1
1
1
0.999756
1
1
1
1
1
1
1
1
1
1
1
1
1
1
1
1
1
1
1
1
1
1
1
1
1
1
1
1
1
1
1
1
1
1
1
1
1
1
1
1
1
1
1
1
1
1
1
1
1
1
1
1
1
1
1
1
1
1
1
1
1
1
1
1
1
1.00003
1
1
1
1
1
1
1
1
1
1
1
1
1
1
1
1
1
1
1
1
1
1
1
1
1
1
1
1
1
1
1
1
1
1
1
1
1
1
1
1
1
1
1
1
1
1
0.999777
1
1
0.999818
0.999999
1
1
1
1
1
1
1
1
1
1
1
1
1
1
1
1
1
1
1
1
1
1
1
1
1
1
0.999999
1
1
1
1
1
1
1
1
1
1
1
1
1
1
1
1
1
1
1
1
1
1
1
1
1
1
1
1
1
1
1
1
1.00001
1
1
1
1
1
1
1
1
1
1
1
1
1
1
1
1
1
1
1
1
1
1
1
1
1
1
1
1
1
1
1
1
1
1
1
1
1
1
1
1
1
1
1
1
1
1
1
1
1
1
0.999384
1
1
1
1
1
1
1
1
1
1
1
1
1
1
1
1
1
1
1
1
1
1
1
1
1
1
1
1
1
1
1
1
1
1
1
1.00011
1
1
1
1
1.00049
1
1.00078
1
1
1
1
1
1
1
1
1
1
1
1
1
1
1
1
1
1
1
1
1
0.99872
1
1
1
1
1
1
1
1
1
1.00046
1
1
1
1
1
1
1
1
1
0.999997
1
1
1
1
1
1
1
1
1
1
1
0.999853
1
1
1
1
1
1
1
1
1
1
1
1
1
1
1
1
1
1
1
1
1
1
1
1
1
1
1
1
1
1
1
1
1
1
1
1
1
1
0.999958
1
1
1
1
1
1
1
1
1
1.00082
1.00001
1
1
1
1
1
1
1
1
1
1
1
1
1
1
1
1
1
1
1
0.997434
1
1
1
1
1
1
1
1
1
1
1
1
1
1
1
1
1
1
1
1
1
1
1
1
1
1
1
1
1
1
1
1
1
1
1
1
1
1
1
1
1
1
1
1
1
1
1
1
1
1
1
1
1
1
1
1
1
1
1
1
1
1
1
1
1
1
1
1
1
1
0.99622
1
1
1
1
1
0.999839
1
1
1
1
1
1
1
1
1
1
1
1
1
1
1
1
1
1
1
1
1
1
1
1.00032
1
1
1
1
1
1
1
1
0.999759
1
1
1
1
1
1
1
1
1
1
1
1
0.999845
1
1
1
1
1
1
1
1
1
1
1
1
1
1
1
1
1
1
1
1
1
1
1
1
1
1
1
1
1
0.998956
1
1
0.999776
1
1
1
1
1
1
1
1
1
1
1
1
1
1
1
1
1
1
1
1
1
1
1
1
1
1
0.999775
1
1
1
1
1.00059
1
1
1
1
0.987889
1
1
1
1
1
1
1
1
1
1
1
1
1
1
1
1
1
1
1
1
1
1
1
1
0.998495
1
1
1
1
1
1
1
1
1
1
1
1
1
1
1
1
1
1
1
1
1
1
1
1
1
1
1
1
1
1
1
1
1
1
1
1
1
1
1
1
1
1
1
1
1
1
1
1
1
1
1
1
1.00003
1
1
1
1
1
1
1
1
1
1
1
1
1
1
1
1
1
1
1
1
1
1
1
1
1
1
1
1
1
0.999676
1
1
1
1
1
1
1
1
1
1
1
1
1
1
1
1
1
1
0.999999
1
1
1
1
1
1
1
1
1
1
1
1
1
1
1
1
1
1
0.999794
1
1
1
1
0.999987
1
1
1
1
1
1
1
1
1
1
1
1
1
1
1
1
1
1
1
1
1
1
1
1
1
1
1
1
1
1
1
1
1
1
1
1
1
1
1
1
1
1
1
1
1
1
1
1
1
1
1
1
1
1
1
1
1
1
1
1
1
1
1
1
1
1
1
1
1
1
1
1
1
1
1
1
1
1
1
1
1
1
1
1
1
1
1
1
1
1
1
1
1
1
1
1
1
1
1
1
1
1
1
1
1
1
1
1
1
1
1
1
1
1
1
1
1
1
1
1
1
1
1
1
1
1
1
1
1
1
1
1
1
1
1
1
1
1
1
1
1
1
1
1
1
1
1
1
1
1
1
1
1
1
1
1
1
1
1
1
1
1
1
1
1
1
1
1
1
1
1
1
1
1
1
1
1
1
1
1.00003
1
1.00204
1
1
1
1
1
1
1
1
1
1
1
1
1
1
1
1
1
1
1
1
0.991137
1
1
1
1.00003
1
1
1
1
1
1
1
1
1
1
1
1
1
1
1
1
1
0.979524
1
1
1
1
1
1
1
1
1
1
1
1
1
1
1
1
1
1
1
1
0.995937
1
1
1
1
1
1
1
0.998491
1.00005
1
1
0.989899
1
1
1.00107
1
1
1
1
1
1
1
1
1
1
1
1
1
1
1
1
1
1
1
0.999372
1
1
1
1
1.00005
1
1
1
1
1
1
1
1
1
1
1
1
1
1
1
1
1
1
1
1
1
0.999995
1
1
0.999632
1
1
1
1
1
1
1
1.00004
1
1
0.996435
1
0.999271
1
1
1
1
1
1
1
1
1
0.999964
1
1
1
1
1
1
1
1
1
1
1
1
1.00015
1
1
1
1
1
1
1
1
1
1
1
1
0.999901
1
1
1
1
1
1
1
1
1
1
1
1
1
1
1
1
1
1.00009
1
1
1
1
1
1
1
1
1.00006
1
1
1
1
1
1
1
1
1.00003
0.999998
1
0.997633
1.00002
1
1
1.00009
1
1
1.00005
1
1
1
0.999993
1
1
1
1
1
1
1
1
1.00008
0.999977
1
1
1
1
1.00003
1
1
1
1
1
1
1
1
1
1.00006
1.00011
1
1
1
1
1
1
1
1
1
1.00006
1
1
1
1
0.9988
1
1
1
1
0.999413
1
1
1
1
0.99999
1
1
1
1
1
0.999812
1
1
1
1
0.998936
1
1.00002
1.00005
1
1.00009
0.999638
1
1
1.00089
1.00022
1
1.0001
1
1
0.999933
1
0.998142
1
1.00006
1.00036
1.00011
0.999058
1
1
0.999634
1.00009
1
1
1
1.00003
1
0.999994
1
1.00001
1.00025
1
1
1
1
1
1
1.00108
1
1
1
1
0.999961
1.00003
1
0.999987
1
1.00022
0.999981
0.999998
1
0.999992
1
0.999999
0.999987
0.999929
0.999995
1.00001
0.999977
1
1.00008
1
1
1.00001
0.99996
1
1
1.00014
1.00046
1
0.999994
0.999997
1
0.999997
1
1
0.999972
1
1
1.00004
1.00013
1
1
1
1
0.99964
1.00058
1
1
1.00014
1
0.999982
1
0.999983
0.999994
1
1
1.0001
1
1
1
1
1
1
1
1
1
1
1
1
1.00024
0.999999
1
1
1.00001
1
1
1
1
1
1
1
1
1
1
1
1
1
1
1
1
1
1
1
1
1
1
1
1
1
1
1
1
1
1
0.999996
1
1
1
1
1
1.00001
1
1
1
1
1
1
1
1
1
1
1
1
1
1
1
1
1
1
1
1
1
1
1
1
1
1
1
1
1
1
1
1
1
1
1
1
1
1
1
1
1
1
1
1
1
1
1
1
1
1
1
1
1
1
1
1
1
1
0.995893
1
1
1
1
1
1
1
1
1
1
1
1
1
1
1
1
1
1
1
1
1
1
1
1
1
1
1
1
1
1
1
1
1
1
1
1
1
1
1
1
1
1
1
1
1
1
1
1
1
1
1
1
1
1
1
1
1
1
1
1
1
1
1
1
1
1
1
1
1
1
1
1
1
1
1
1
1
1
1
1
1
1
1
1
1
1
1
1
1
1
1
1
1
1
1
1
1
1
1
1
1
1
1
1
1.00001
1
0.996082
1
1
1
1
1
1
1.00002
1
1
1
1
1
1
1
1
1
1
1
1
1
1
1
1
1
1
1
1
1
1
1
1
1
1
1
1
1
1
1
1
1
1.00005
1
1
1
1
1
1.00025
1
1
1
1
1
1
1
1
0.986453
1
1
1
1
1
1
1
1
1
1
1
1
1
0.992234
1
1
1
1.00079
1
1
1
1
1
1
1
1
1
1
1
1
1
1
1
1
1
1
1
1
1
1
1
1
1
1
1
1
1
1
0.999845
1
1
1
1
1
1
1
1
1
1
1
1
1
1
1
1
1
1
1
1
1
1
1
1
1
1
1
1
1
1
1
1
1
1
1
1
1
1
1
1
1
1
1
1
1
1
1
1
1
1
1
1
1
1
1
1
1
1
1
1
1
1
1
1
1
1
1
1
0.998692
1
1
1
1
1
1
1
1
1
1
0.999959
1
1
1
1
1
1
1
1
1
1
0.99966
1
1
1
1
1
1
1
1
1
1
1
1
1
1
1
1
1
1
1
1
1
0.999727
1
1
1
1
1
1
1
1
1
1
1
1
1
1
1
1
1
1
1
1
1
1
1
1
0.999994
1
1.00001
1
0.999996
1
1
1
1
1.00005
1
1
1
1
1
1
1
1
1
1
1
1
1
1
1
1
1
1
1
1
1
1
1
1
1
1
1
1
1
1
1
1
1
1
1
1
1
1
0.999759
1
1
1
1
1
1
1
1
1
1
1
1
1
1
1
1
1
1
1
1
1
1
1
1
1
1
1
1
0.999999
1
1
1
1
1
1
1
1
1
1
1
1
1.00001
1
1
1
1
1
1.00003
1
1
1
1
1
1
1
1
1
1
1
1
1
1
1
1
1
1
1
1
1
1
1
1
1
1
0.999999
1
1
1
1
1
1
1
1
1
1
1
1
1
1
1
1
1
1
1
1
1
1
1
1
1
1
1
1
0.999987
1
1
1
1
1
1
1
1
1
1
1
0.999598
1
1
1
1
1
1
1
1
1
1
1
1
1
1
1
1
1
1
1
1
1
1
1
1
1
1
1
1
1
1
1
1
1
1
1
1
1
1
1
1
1
1
1
1
1
1
1
1
1
1
1
1
1
1
1
1
1
1
1
1
1
1
1
1
1
1
1
1
1
1
1
1
1
1
1.00017
1
1.00145
1
1
1
1.00002
1
1
1
1
1
1
1
1
1
1
1
1
1
1
1
1
1
1
1
1
1
1
1
1
1
1
1
1
1
1
1.00019
1
1
1.00039
1
1
1
1
1
1
1
0.999848
1
1
1
1
1
1
1
1
1
1
1
1
1
1
0.999998
1
1
1
1
1
1
1
1
1
1
1
1
1
1
1
1
1.00009
1
1
1
1
0.997967
1
1
1
1
1
1
1
1
1
1
1
1
1
1
1
1
1
1
1
1
1
1
1
1
1
1
1
1
1
1
1
1
1
1
1
1
1
1
0.999939
1
0.999761
1
1
1
1
1
1
1
1
1
1
1
1
1
1
1
1
1
1
1
1
1
1
1
1
1
1
1
1
1
1
1
1
1
1.00001
1
1
1
1
1
1
1
1
1
1.00008
1
1
1
1
1
1
1
1
1
1
1
1
1
1
1
1
1
1
1
1
1
1
1
1
1
1
1
1
1
1
1
1
1
1
1
1
1
1
1
1
1
1
1
1
1
1
1
1
1
1
1
1
1
1
1
1
1
1
1
1
1
1
1
1
1
1
1
1
0.998082
1
1
1
1
1
1
1
1
1
1
1
1
1
1
1
1
1
1
1
1
1
1
1
1
1
1
1
1
1
1
1
0.999342
1
1
1
1
1
1
1
1
1
1
1
1
1
1
1
0.999676
1
1
1
1
1
1
1
1
1
1
1
1
1
1
1
1
1
1
1
1
1
1
1
1
1
1
1
1
1
1
1
1
1
1
1
1
1
1
1
1
1
1
1
1
1
0.999981
1
1
1
1
1
1
1
1
1
1
1
1
1
1
1
1
1
1
1
1
1
1
1
1
1
1
1
1
0.999913
1
1
1
1
1
1
1
1
1
1
1
1
1
1
1
1
1
1
1
1
1
1
1
1
1
1
1
1
1
1
1
1
1
1
1
1
1
1
1
1
1
1
1
1
1
1
1
1
1
1
1
1
1
1
1
1
1
1
1
1
1
1
1
1
1
1
1
1
1
1
1
1
1
1
0.997872
1
1
1
1
1
1
0.987247
1
1.00003
1
1
1
1
1
1
1
1
0.998323
1
1
1
1
1
1
1
1
1
1
1
1
1
1
0.998241
1
1
1
1
1
1
1
1
1
1.00004
1
1
1
1
1
1
1
1
1
1
1
1
1
1
1
0.99704
1
1
1
1
1
1
1
1
1
1
1
1
1
1
1
1
1
1
1
1
1
1
1.00004
1
1
1
1
1
1
1
1
1
1
1
1
1
1
1
1
1
1
1
1
1
1
0.997821
1
1
1
1
1
1
1
1
1
1
1
1
1
1
1
1
0.997162
1
1
1
1
1
1
1
0.997097
1
1
1
1
1
1
1
1
1
1
1
1
1
1
1
1
1
1
1
1
1
1
1
1
0.999454
1
1
1
1.00004
1
1
1
1
1
1
1
1
0.999248
1
1
1
1
1
1
1
1
1
1
1
1
1
1
1
1
0.999151
1
1
1
1
1
1
1
1
1
1
1
1
1
1
1
1
1
1
1
1
1
0.999886
1
1
1
1
1
1
1
1.00003
1
1.00008
0.999999
0.998949
1
0.999951
1
1
1
1.0001
1.00006
1
1
1
1
1
1
1
1
1
0.999971
1
1
1
1
1
1
1
1
1
1
1.00002
1
1
1
1
1
1
1
1
1
1
1
1
1
1
1
1
1.00002
1
1
1
1
1
1
1
1
0.999999
1
1
1
1
1
1
1
1
1
1
1
1
1
1
1.00007
0.999997
1
1
1
1
1
1
1
1
1
1
1
1
1
1
1
1
1
1
1
1
1
1
1.00009
1
1
1
1
1
1
1
1
1
1
1
1
1
1
0.999977
1
1
1
1
1
1.00005
1
1
1.0001
1.00008
1
1
1
1
1.00503
1
1.00013
1
1
1
1
1
1
1
1
1.00012
0.999968
1
1
1
1
1
1
1
1
1
1
1
1
1
1
1.00005
1
1
1
1
1
1
1
1
1
1.00002
1.00002
0.999971
1
1
1
1
0.999974
1
1
1
1
1
1
1
1
1
1
1
1
1
1
1
1
1
1
1
1
1
0.999999
1
1
1
1
1
1
1
1
1
1
1
1
1
1
1
1
1
1
1
1
1
1
1
1
1
1
1
1
1.00001
1
1
1
1
0.999997
1
1
1
1
1
1
1
1.00114
1
1
1
1
1
1
1
1
1
1
1
1
1
1
1
1
1
1
1
1
1
0.987244
1
1
1
0.999985
1
1
1
1
0.999959
1
0.99998
1
1
1
1
1
0.999898
0.999967
1
1
1
1
1
1
0.999999
1
1
1
1
1
1
0.999999
0.999974
1
1
1
1
1
1
1
1
1
1
1
1
1
1
1
1
1
1
1
1
1
1
1
1
1
1
1
0.999995
1
1
1
0.999766
0.999996
1
1
1
1
1
1
1.00011
1
1
1
1
1
1
1
1
1
1
1
1
1
1
1
1
1
1.00001
1
1
1
1
0.999961
1
1.00009
0.999994
1
1
1
1
1
1
1
1
1.00004
1
1
0.999964
1
1
1
1
1
1
1
1
1
1
1
1.00001
1
1
1
1
1
0.999983
1
1
1.00039
1
1
1
1
1.00019
1
1
1
1
0.999998
1
1
1
1
1
1
1
1
1
1
1
1
1
1
1
1
1
1.00074
1
1
1
1
1
1
1
1
1.00023
1
1
1
1
1.00148
1
1
1
1
1
1
1.00019
1
1.00027
1
1
1
1
1
0.999921
1
1
1
1
1
1
0.999525
1
1
1
1
1
1.00067
1
1
1
1
1
1
1
1
1
1
1
1
1
1
1
1
1
1
1
1
1
1
1
1
1
1
1
1
1
1
1
1
1
1
1
1
1
1
1
1
0.999832
0.999797
1
1
1
1
1
1
1
1.001
1
1
1
1
0.999989
1
1
1
1
1
1
1
0.999152
1
1
1
1
1
1
1
1
1
1
1
1
1
1.00084
1
0.99965
1
1
1
1
0.997952
1
1
1
1
1
1
1
1
1
1
1
1
1
1
1
1
1
1
1.00053
1
1
1
1
1
1
1
1
1
1
1
1
1
1
1
1
1
1
1
1
1
1
1
1
1
1
1
1.00015
1
1
1
1
1
1.00019
1
1
1
1
1
1
1
1
1
1
1
1
1.00024
1
1
1
1
1
1
1
1
1
1
0.999847
1
1
1
1
1
1
1.00004
1.00068
1
1
1
1
1
1
1
1
1
1
1
1
1
1
1
1
1
1
1
1
1
1
1
1
1
1
1.00014
1
1
1
1
1
1
1
1
1
1
1
1
1
1
1
1
1
1
1
1
1
1
1
0.998239
1
0.999999
1
1
1
1
1
1
1
1.00002
1
1
1
1
1
1
1
1
1
1
1
1
1
1
1
1
1
1
1
1
1
1
1
1
1
1
1
1
1
1
1
1
1
1
1
1
1
1
1
0.999564
0.999502
1
1
1
0.999242
1
1
1
1
0.998169
1
1
1.00003
1
1.00001
1
1.00002
1
1
1.00005
0.999839
1
1.00001
0.991388
1
1
0.999999
1
1
1
1.00001
1
1
1.00003
1
1
1
1
1.00001
1
1
1
1
1
1
1
1
0.999992
1
1
0.99861
1
1
1
1
1
1
1
1
1
1
1
1
1
1.00008
1
1
1
1
1
1
1
1
1
1
1
1
1.00033
1
1
1
1
1
1
1
1
1
1
1
1
1
1
1
1
1
1
1
1
1
1
1
1
0.999998
1
0.999982
1
1
1
1
1
1
1
1
1
1
1
1
1
1
1
1
1
1
1
1
1
1
1
0.999995
1
1
0.999999
1
1
1
1
1
1
1
1
1
1
1
1
1
1
1
1
1
1
1
1
1.00001
1
1
1
1
1
1
1
1
1
1
1
1
1
1
1
1
1
1
1
1
1
1
1
1
1
1
1
0.999999
1
1
1
1
1
1
1
1
1
1
1
1
1
1
1
1
1
1
1
1
1
1
1
1
0.958967
1
1
1
1
1
1
1
1
1
1
1
1
1
1
1
1
1
1
1
1
1
1
1
1
1
1
1
1
1
1
1
1
1
1
1
1
1
1
1
1
0.999999
1
1
1
1
1
1
1
1
1
1
1
1
1
1
1
1
1
1
1
1
1
1
1
1
1
1
1
1
1
1.00003
1
1
1
1
1
1
1
1
1
1
1
1
1
1
1
1
1
1
1
1
1
1
1
1
1
1
1
1
1
1
1
1
1
1
1
1
1.00012
1
1
1
1
1
1
1
1
1
1
1
1
1
1
1
1
1
1
1
1
1
1
1
1
1
1
1
1
1
1
1
1
1
1
1
1
1
1
1
1
1
1
1
1
1
1
1
1
1
1
1
1
1
1
1
1
1
1
1
1
1
1
1
1
1
1
1
1
1
1
1
1
1
1
1
1
1
1
1
1
1
1
1
1
1
1
1
1
1
1
1
1
0.999971
1
0.997982
1
1
1
1
1
1
1
1
1
1
1
1
1
1
1
1
1
1
1
1
1
1
1
1
1
1
1
1
1
1
1
1
1
1
1
1
1
1
1
1
1
1
1
1
1
1
1
1
1
1
1
1
1
1
1
1
1
1
1
1
1
1
1
1
1
1
1
1
1
1
1
1
1
1
1
1
1
1
1
1
1
1
1
1
1
1
1
1
1
1
1
0.989771
1
1
1
1
1
1
1
1
1
1
1
0.994209
1
1
1
1
1
1
1
1
1
1
1
1
1
1
1
1
1
1
1
1
1
1
1
1
1
1
1
1
1
1
1
1
1
1
1
1
1
1
1.00029
1
1
1
1
1
1
1
1
1
1
1
1
1
1
1
1
1
1
1
1
1
1
1
1
1
1
1
1
1
1
1
1
1
1
1
1
1
1
1
1
1
1
1
1
1
1
1
1
1
1
1
1
1
1
1
1
1
1
1
1
1
1
1
1
1
1
0.998983
1
1
1
1
1
1
1
1
1
1
1
1
1
1
1
1
1
1
1
1
1
1
1
1
1
1
1
1
1
1
1
1
0.99903
1
1
1
1
1
1
1
1
1
1
0.999993
1
1
1
1
1
1
1
1
1
1
1
1
1
1
1
1.00001
1
1
1
1
1
1
1
1
1
1
1
1
1
1
1
1
1
1
1
1
1
1
1
1
1
1
1
1
1
1
1
1
1.00011
1
1
1
1
1
1
0.997147
1
1
1
1
1
1
1
1
1
1
1
1
1
1
1
1
1
1
1
1
1
1
0.998046
1
1
1
1
1
1
1
1
1
1
1
1
1
1
1
0.999021
1
1
1
1
1
1
1
1
1
1
1
1
1
1
1
1
1
0.998247
1
1
1
1
1
1
1
1
1
1
1
1
1
1
1
1
1
1
1
1
1
0.999997
1
1
1
1
1.00073
1
1
1
1
1
1
1
1
1
1
1
1
1
1
1
1
1
1
1
1
1
1
1
1
1
1
1
1
1
1.00008
1
1
1
1
1
1
1
1
1
1
0.999613
1
1
1
1
1
1
1
1
1
1
1
1
1
0.980818
1
1
1
1
1
1
1
1
1
1
1
1
1
1
1
1
1
1
1
1
1
1
1
1
1
1
1
0.998281
1
1
1
1
1
1
1
1
1
1
1
1
1
1
0.99769
1
1
1
1
1
1
1
1
1
1
1
1
0.998713
1
1
1
0.998577
1
1
1
1.00001
1
1
1
1
1
0.999865
1
1
1
1
1
1
1
1
1
0.999996
1
1
1
1
1
1
1
1
1
1
1
1
1
1
1
1
1
1
1
1
1
1
1
1
1
1
1
1
1
1
1
1
1
1
1
1
1
1
1
1
1
1
1
1
1
1.00003
1
1
1
1
1
1
1
1
1
1
1
1
1
0.999924
1
1
1
1
1
1
1
1.00002
1
1
1
1
1
1
1
1
1
1
1
1
1
1
1
1
1
1
1
1
1
1
1
1
1
1
1
0.999887
1
1
1
1
1
1
1
1
1
1
1
1
1
1
1
1
1
1
1
1
1
1
1
1
1
1
1
1
1
1
1
1
1
1
1
1
1
1
1
1
1
1
1
1
1
1
1
1
1
1
1
1
1
1
1
1
1
1
1
1
1
1
1
1
1
1
1
1
0.998193
1
0.999451
1
1
1
1
1
1
1
1
1
1
1
1
1
1
1
1
1
1
1
1
1
1
1
1
1
1
1
1
1
0.999988
1
1
1
1
1
1
1
1
1
1
1
1
1
1
1
1
1
1
1
1
1
0.994686
1
1
1
1
1
1
1
1
1
1
1
1
1
1
1
1
1
1
1
1
0.999067
1
1
1
1
1
1
1
1
1
1
1
1
1
1
1
0.999998
1
1
1
1
1
1
1
1
1
1
1
1
1
1
1
1
1
1
1
1
1
1
0.993906
1
1
0.99999
1
1.00003
1
1
1
0.999998
1
1
1
1
1
1
1
1
1
1
1
1
1
1
1.00002
1
0.985784
1
1
1
1
1
1
1
1
1
1
0.996578
1
1
1
1
1.00002
1
1
1
1
1
1
1
1
1
1
1
1
1
1
1.00002
1
1
1
1
1
1
1
1
1
0.992905
1
1
1
1
1
1
1
1
1
1
1
1
1
1
1
1
1
1
1
1
0.993201
1
1
1
1
1
1
1
1
0.999425
1
1
1
1
0.999999
1
1
1
1
1
1
1
1
1
1
1
1
1
0.998617
1
1
1
1.00003
1
0.999133
1
1
1
1
1
1
1
1
1
1
1
1
1
1
1
1
1
1
1
1
1
1
1
1
1
1
1
1
1
1
1
0.999994
1
1
1
1
0.997957
1
1
1
1
1
1
1
0.999999
1
1
1
1
1
1
1
1
1
1
1
1
1
1
1
1
1
1
1
1
1
1
1
1
0.99999
1
1
1
1
1
1
1
0.998713
1
1
1
1
1
1
1
1
1
1
1
1
1
1
1
1
1
1
0.999638
1
1
1
1
1
0.999982
1
1
1
1
1
1
1
1
1
1.0001
1
1
1
1
1
1
1
1
1
1
1
1
1
1
1
1
1
1
1
0.999998
1
1
1
1
1
1
1
1
1
1
1
1
1
1
1
1.00002
1
1
1
1
1
1
1
1
1
1
1
1
1
1
1
1
1
1
1
1
1
1
1
1
1
1
0.999999
1
1
1
1
1
1
1
1
1
1
1
1
1
1
1
1
1
1
1
1
1
1
1
1
1
1
1
1
1
1
1
1
1
1
1
1
1
1
1
1
1
1
1
1
1
1
1
1
1
1
1
1
0.97338
1
1
1.00006
1.00003
1
1
1
1
1
1
1
1
1
1
1
1
1
1
1
1
1
1
1
1
1
1
1
1
1
1
1
0.993623
1
1
1
1
1
1
1
1
1
1
1
1
1
1
1
1
1
1
1.00007
1
1
1
1
1
1
1
1
1
1
1
1
1
1
1
1
1
1
1
1
1
1
1
1
1
1
1
1
1
1
1
1
1
1
1
1
1
1
1
1
1
1
1
1
1
1
1
1
1
1
1
1
1
1
1
1
1
1
1
1
1
1
1
1.00001
1
1
1
0.994754
1
1
1
1
1
1
1
1
1
1
1
1
1
1
1
1
1
1
1
1
1
1
1
1
1
1
1
1
1
1
1
1
1
1
1
1
1
1
1
1
1
1
1.00049
1
1
1
0.996047
1
1
1
1
1
1
1
1
0.99998
1
1
1
1
0.999979
1
1
1.00001
1
1
0.999996
1
1
1
1
0.995275
1
1
1
1
1
1
1
1
1
1
1
0.999974
1
1
1
1
1
1
1
1
1
1
1.00019
0.999981
1
1
1
1
0.999994
0.993688
1
1
1
0.999997
1
1
1
1
1
1
1
1
1
1
1
1
1
1
1
1
1
1
1
1
1
1
1
1
1.00085
1
1
0.999999
1
1
1
1
1
1
1
1
1
1
1
1
1
1
1.00003
1
1
1
1
1
1
0.999949
1
1
1
1
1
1
1
1
1
1
1
1
1
1
1
1
1
1
1
1
1
1
1
1
1
0.998187
1
1
1
1
1
1
1
1
1
1
1
1
1
1
1
1
1
1
1
0.981253
1
1
1
1
1
1
1
1
1
1
1
1
1
1
1
1
1
1
1
1
1
1
1
1
1
1
1
1
0.999881
1
1
1
1
1
1
1
1
1
1
1
1
1
1
1
1
1
1
1
1
1
1
1
1
1
1
1
1
1
1
1
1
1
1
1
1
1
1.00016
1
1
1
1
1
1
1
1
1
1
1
1.00021
1
1
1
1
0.997983
0.998101
1
1
1.00011
1
1
1
1
1
1
1
1
1
1
1
0.992576
1
0.999978
1
1
1
1
1
1
1
1
1
1
1
1
1
1
1
1
1
1
1
1
1
1
0.997683
0.998652
1
1
1
0.999763
1.00008
1
1
1
1
1
1.00041
1
1
1
0.999985
1
1
1
1
1
1
1
1
1
1
1
1
1
1
1.00108
1
1
1
1
1
1
1
1
1
1
1
1
1
1
1
1
1
1
1
0.999998
1
1
1
1
1
1
1
1
1
1
1
1
1
1
1
1
1
1
1
1
1
1
1
1
1
0.999557
1
1.00018
1
1
1
1
1
1
1
1
1
1
1
1
1
1
1
1
1
1
1
1.00001
1
1
1
1
1
1
1
1
1
1
1
1
0.999705
1
1
1
1
1
1
1
1
1
1
1
1
1
0.999994
1
1
1
1
1
1
1
1
1
1
1
1
1
1
1
0.999985
1
1
1
1
1
1
1
1
1
1
1
1
1
1.00121
1
1
1
1
1
1
1
1
1
1
1
0.998212
1.00014
1
1
1
1
1
1
1
1
1
1.00002
1
1
1
1
1
1
1
1
1
1
1
1
1
1
1
1
1
1
1
1
1
1
0.988129
1
1
1
1
1
1
1
1
1.00005
1
1
1
1
1
1
1
1
1
1
1
1
1
1
1
1
1
1
1
1
1
1
0.999998
1
0.999982
1
1
1
1
1
1
1
1
1
1.00006
1
1
1
1
1
1
1
1
1
1
1
1
1
1
1
1
1
1
1
1
1
1
1
1
1
1
1
1
1
1
1
1
1
0.997933
1
1
1
1
1
1
1
1
1.00001
1
1
1
1
1
1
1
1
1
1
1
1
1
1
1
1
1.00001
1
1
1
1
1
1
1
0.982161
1
1
1
1
1
1
1
1
1
0.999995
1
1
1.00002
1
1
1
1
1
1
1
1
1
1
1
1
0.980494
1
1
1
1
1
1
1
1
1
1
1
1
1
1
1
1
1
1
0.999993
1
0.999993
1
1
1
1
1
0.999999
1
1
1
1
1
0.998636
1
1
1
1
1
1
1
0.998043
1
1
1
1
1
1
1
1
1
1
1
1
0.999768
1
1
1
1
1
1
1
1
1
1
1
1
1
0.999331
1
1
1
1
1
1
1
0.999985
1
1
1
1
1
1
1
1
1
1
0.999998
1
1
1
1
0.999999
1
1
1
1
1
1
1.00009
1
1
1
1
1
1
1
1
1
0.999981
0.999572
1
1
0.999999
1
1
0.999996
1
1
1
1
1
1
1
1
1
1
1
1
1
1
1
1
1
1
1
1
1.00104
1
1.0025
1
1
1
1.00001
1
1
1
1
1
1
1
1
1
1
1
1
1
1
1
0.99999
1
1
1
0.999919
1
1.00002
1
1
1
1
1
1
1
1
1.00001
1
1
1
1
1
1
1
1
0.997997
1
1
1
1
1
1
1
1.0001
1
1
1
1
1
1
1
1
0.999997
1
1
1
1
1
1
1
1
1
0.999358
1
1
1
1
0.989378
1
1
1
1
1
1
1
1
1
0.999991
1
1
1
1
1
1
1.00006
1
1
1
1
1.00001
1
1
1
1
1
1
1
1
1
1
1.00015
0.999174
1
1
1
1
1
1
1
1
1
1
1
1.00001
1
0.999989
1
1
1
1
1
1
1
1
1
1
1
1
1
1
1
1
1
1
1
1
1
1
1
1
1
1
1
1
1
0.99624
1
1
1
1
1
1
1
1
1
1
1
0.999987
1
1
1
1
1
1
0.999999
1
1
1
1
1
1
1
1
1
1
1
1
1
1
1
0.998922
1
1
1
1
1
1
1
1
0.999991
1
1
1
1
1
1
1
1
1
1
1
1
1
1
1
1
1
1
1
1
1
1
1
0.995386
0.997268
0.998825
1
1
1
1
1.00003
0.991874
1
0.999999
1
1
1
1
1
1
1
1
1
1
1
1
1
1
1
1
1
1
0.999992
1
1
1
1
1
1
1
0.999992
0.999987
1
1
1
1
1
1
0.999989
1
1
1
1
1
0.999988
1
1
1.00001
1
1
1
1
0.9999
1
1
1
1
1.00001
1
1.00136
1
1
1
1
1
1
1
0.999995
1
1
0.999992
1
1
1
1
1
1
1
0.999974
1
1
1
1
1
1
1
1
1
1
1.00001
1
1
1
1
1
1
1
1
1
1
1
1
1
0.999983
1
1
1
1
1
1
1
1
1
1
1
1
0.9995
1
1
1
1
1.00002
1
1
1
0.999988
1
0.999105
0.996622
1
1
1
1
1
1
1
1
1
1
0.999994
1
1
1
1
1
1
1
1
1
1
1
1
1
1
1
1
1
0.999984
1
1
1
1
1
1
1
1
1
1
0.996053
1
1
1
1
1
1
1
1
1
1
1
1
1
1
1
1
1
1
1
1
1
1
1
1
1
1
0.999971
1
1
1
1
0.997553
1
1
1
1
1
1
1
1
1
1
1
1
1
1
1
1
1
1
1
1
1
1
1
1
1
1
1
0.990396
1
1
1
1
1
0.999363
1
1
1
1
1
1
1
1
1
1
1
1
1
1
1
1
1
1
1
0.999637
1
1
1
1
1
1
1.00011
1
1
1
1
1
1
0.999997
1
1
1
1
1
1
1
1
1
1
1
1
1
1
1
1
1
1
1
1
1
1
1
1
1
1
1
1
1
1
1
1
1
1
1
0.998922
1
1
1
1
1
1
1
1
1
1
1
1
1
1
1.00007
1
1
0.99908
0.998781
1
1
1
1
1
1
1
0.999657
1
1
1
0.999999
1
1.00011
1
1
1
1
1
1
1
1
1
1
1
1
1
1
1
1
0.999996
1
1
1
0.999999
1
1
1
1
1
1
1
0.999992
1
1
1
1
1
1
1
1
1
1
1
1
1
1
1
1
1
1
1
1
1
1
1
0.999792
1
1
1
1
1
1
1
1
1
1
1
1
1
1
1
1
1
1
1
1
1.00004
1.00003
0.999948
1
1.0001
1
1
1
1
1
1.00002
0.997188
1
1
1
0.999975
1
1
1
1
1
1
1
1
1
1
1
1
1
1
1.00005
1
1
1
0.995439
1
1
1
1
0.99978
1
1
1
1
1
1.00026
1
1
1
1
1
1
1
1
1
1
1
1
1
1
1
1
1
1
1
1
1
1
1
1
1.00002
1
1
1
1
1
1
1.00002
1
1
1
1
1
1
1
1
1
1
1
1
1
1
0.996892
1
1
1
1
1
1
1
1
1
1
1.00125
1
1
1
1
1
1
1
1
1
1
1
1
1
1
1
1
1
1
1
1
1
1
1
1
1
1
1
1
1
1
1
1.00205
1
1
1
1
1
1
1
1
0.999612
1
1
1
1
1
1
1
0.99999
1
1
1
1
1
1
1
1
0.999997
1
1
1
1
0.999752
1
1
1
1
1
1
0.999937
1
1
1
1
1
1
1
1
1
1
1
1
1
1
1
1
1
1
1
1
1
1
1
1
1
1
1
1
1
1
1
1
1
1
1
1
1
1
1
1
1
1
1
1
1
1
0.996203
1.00002
1
1
1
1
1
1
1
1
1
1.00262
1
1
1
1
1
1
1
1
1
1
1
1
1
1
1
1
1
1
1
1
1
1
1
0.999956
1
1
1
1
1
1
1
1
1
1
1
1
1
1
1
1
0.997313
1
1
1
1
1
1
0.999999
1
1
1
1
1
0.999801
1
1
1
1
1
1
1
0.999998
1
1
1
1
1
1
1
1
1
1
1
0.999999
1
1
1
1
0.997866
1
1
0.994023
1.00009
1
1
1.00057
1
1
1
1
1
1.00013
1
0.999828
1.00003
1
1
1
1
1
1
1
1
1
1
1
1
1
1
1.00003
0.997102
1
1
1
1
1
1
1
1
1
1
1
1
1
0.999518
1
1
1
1
0.999993
1
1
0.999847
1
1.00043
0.999964
1
1
1
1
1
1
1
1
1
1
0.999934
1
1
1
1
1.00001
1
1
1
1
1
1
1
1
1
1
1
1
1
1
1
1
1
1
1
1
1
1
1
1
1
1
1
1
1
1
1
1
1
1
1
1
1
1
1
1
1
1
1
1.00004
1
1
1
1
1
1
1
1
1
0.995601
1
1
1
1
1
1
1
1
1
1
1
1
1
1
1
1
1
1.00001
1
1
1.0006
1
1
1
1
1
1
1.00001
1
1
1
0.994343
1
1
1
1
1
1
1
1
1
1
1
1
1.00051
1
1
0.996685
1
1
1
1
1
1
1
0.999823
1
1
1
1
1
1
1
1
1
1
1
1
1
1.00001
1
1
1
1
1
1
1
1
1
1
0.999966
1.0003
0.999982
1
1
1
1
1
0.999877
1
1
0.999903
1
1
1
1.00006
1
0.992729
1.00001
1
1
1
1
1
1
1
1
1
1
1
1
1
0.999775
1.00001
0.999978
1
1
1
0.999384
1
0.998642
1
1
1
1
1
1
1
1
1
1
0.999064
1
1
1
1
1
1
1.00001
1
1
1
1
1
1
1
1
1
1
1
1
1
0.999996
1
1
1
0.999993
1
1
1
1
1
0.996839
1
1
1
1
0.998114
1
1
1
1
1
1
1
1.00036
1
1
1
1
1
1
1
1
1
0.99998
1
1
1
1
1
1
1
1
1
1
1
1
1
1
1
1
1
1
1
1
1
1
1
1
1
0.99762
1
1
1
1
1
1
1
1
1
1
1
1
1
1
1
1
1
1
1
1
0.994901
0.99628
1
1
1
1
1
0.999999
1
1
1.00002
1
1
1
1
1
1
1
1
1
0.999975
1
1
1
0.999976
1
1.00015
1
1
1
1
1
1
1
1
1
1
1
1
1
1
1
1
1
1
1
1
1
1
0.999982
1
1
1
1
1
1
1
1
1
1
0.99702
0.999606
1
1
1
1
1
1
1
1
1
1
1
1
1
1
1
1
1
1
1
1
0.999968
1
1
1
1
1
1
1
1
1.00004
1
1
1
1
1
1
1
1
1
1
0.999996
1
1
1
1
1
1
1
0.999997
1
1
1
1
1
1
1
1
1
1
1
1
1
1
1
1.00018
1
1
1
1
1
1
1
1
1
1
1
1
1
1
1
1
1
1
0.999336
1
1
1
1
1
1
1
1
1
0.98555
1
1
1
1
1
1
1
1
1
1
1
0.999999
1
1
1
1
1
1
1
1
1
1
1
1
1
1
1
1
1
1
1
1.00006
0.999998
1
1
1
1
0.996132
1
1
1
1
1
1
1
1
1
1
1
1
1
1
1
1
1
1
1
1
1
1.00004
1
0.991723
1
1
1
1
1
1
1
1
0.999723
1
1
1
1
1
1
1
1
1
1
1
1
1
1
1
1.00003
1
1
1
1
1
1
1
1
1
1
1
1
1
1
1
1
1
1
0.998126
1
1
0.999861
1
0.995826
1
1
1
1
1
1
1
1
1
0.992727
1
1
1
1
1
1
1
1
1
1
1
1
1
1
0.997883
1
1
1
0.991864
1
1
1
1
0.999984
1
0.999745
1
1
1
1
1
1.00001
1
1
1
1
1
1
1
1
0.999999
0.990758
1
1
1
1
1
1
1
1
1
1
1
1
1
1
1
1
1
1
0.999037
1
0.999927
1
1
1
1
1
1
1
1
1
1
0.999089
1
1
1
1
1
1
1
1
1
1.00001
1
1
1
1
1
0.999998
1
1
1
1
1
1
1
1
1
1
1
1
1
1
1
1
1
1
1
1
1
1
1
1
1
1
1
1
1
1
1
1
1
1
0.999976
1
1
1
1
1
1
1
1
1
1
1
1
1
1
1
1
1
0.999751
1.00001
1
1
1
1
0.995894
1
1
1
1
1
1
0.999976
1
1
1
1
1
1
1
1
1
1
1
1
0.999999
1
1
1.00091
1
0.999993
1
1
1
1
1
1
0.999469
1
1
1
1
1
0.998569
1
1
0.994393
1
1
1
1
1
1
1
1
1
1
1
1
1
1
1
1
1
1
1
1
1
1
1
1
1
0.996278
1
1
1
1
1
1
1
1
1
1
1
0.999992
1
1
1
1
1
1
1
1
1
1
1
1
1
1
1
1.00083
1
1
1
1
1
1
1
1
1
1
1
1
1
1
1
1
1
1
1
1
1
1
1
1
1
1
0.999994
1
1
1
1
1
1
1
1
1
1
1
1
1.00008
1
1
1
1
1
1
1.00002
1
1
1
1
1
1
1
1
1
1
1
1
1
1
1
1
1
1
1
0.996787
1
0.999993
1
1
1
1
0.999998
1
1
1
1
1
1
1
1
1
1
1
1
1
1
1
1
1
1
0.993238
0.996002
1
1
1
1
0.99659
1
1
1
1
1.00001
1
1
1
1
1
1
0.999957
0.999966
1
1
1
1
1
1
1
1.00039
1
1
0.997774
1
1
1
1
1
1
1.00069
0.999999
1
1
1
1
1.00002
1
1
1.00003
1
1
1
1
1
1
1
1
1
1
1
1
1
1
1
1
1
1
1
1
1
1
1
1
1
1
1
0.998517
1
1
1
1
1
1
1
1
1
1
1
1
1
1
1
1
1
1
1
1
1
1
1
1
1
1
1
1
1
1
1
1
1
1
1
1
1
1
1
1
1
0.994108
1
1
1
0.997458
1
1
1
1
1
1
1
1
1
1
1.00005
1
1.00063
1
1
0.998798
0.999985
1.00001
1
1
1
1
1
1
1
1
1
1
1
1
1
1
1
1
1
1
1
1
1
0.999999
0.999706
1
1
1
1
1
1
1
1
1
1
1
0.999998
1
1
1
1
1
1
1
1.00006
1
1
1
1
0.999999
1
1
1
1
1
1
1
1
1
1
0.999908
1
0.999375
1
0.999999
1
1
1
1
1
1
1
1
1
1
1
1
1
1
1
1
1
1
1
1
1
1
1
1
1
1
1
1
1
1
1
1
1
1
1
1
1
0.997417
1
1
1
1
1
1
1
1
1.00012
1
1
1
1
1
1
1
1
1
1
1
1
1
1
1
0.999998
1
1
1
1
1
1
1
1
1
1
1
1
1
1
1
1
1
1
1
0.998547
1
1
1
1.00181
1
1
1
1
1
1
1
1
1
1
1
1
0.996116
1
1
1.00053
1
1
1
1
1
1
1
1
1
1
1
1
1
1
1
1
1
1
1
1
1
1
1
1
1
1
1
1
1
1
1
1
1
1
1
1
1
1
1
1
1
1
1
1
1
1
1
1
1
1
1
1
0.999864
1
1
1
1
1
1
1
1
1
1
1
1
1
1
0.999998
1
1
1
1
1
1
1
1
1
1
1
1
1
1
1
1
1
1
1
1
1
1
1
1
1
1
1
1
1
1
1
1
1
1
1
1
1
1
1
1
1
1
1
1
1
1
1
1
1
1
1
1
1
1
1
1
1
1
1
1
1
1
0.998382
1
1
1
1
1
1
0.999614
1
1
1
1
1
1
1
1
1
1
1
1
1
1
1
1
1
1
1
1
1
0.999995
1
1
1
1
1
1
1
1
1
1
1
1
1
1
1
1
1
1
1
1
1
1
1
1
1
1
1
1
1
1
1
1
1
0.999998
1
1
1
1
1
1
1
1
1
0.998418
1
1
0.995622
1
1
1
1
1
1
1
1
1
1
1
1
1
1
0.999999
1
1
1
1
1
1
1
1
1
1
1
1
1
1
1
1
1
1
1
1
1
1
1
1
1
1
0.999999
1
1
1
1
1
1
1
1
0.999272
1
1
1
1
1
1
1
1
1
1
1
1
1
1
1
1
0.999999
1
1
1
1
1
1
1
1
1
0.999404
1
1
1
1
1
1
1
1
1
1
1
1
1
1
1
1
1
1
1
1
1
1
1
1
1
1
1
1
1
1
1
1
1
1
1
1.00005
1
1
1
0.998418
1
1
1
1
1
1
1
1
1
1
1
1
1
1
1
1
1
1
1.00002
1
1
1
1
1
1
1
1
1
1
1
1
1
1
1
1
1
0.99999
1
1
1
1
1
1
1
1
1
1
1
1
1
0.988753
1
1
1
1
1
1.00001
1
1
1
1
1
1
1
1
1
1
1
1
1
1
1
1
1
1
0.999998
1
1
1
1.00001
1
1
1
1
1
1
1
1
1
1
1
1
1
1
1
1
1
1.00005
1
1
1
1
1
1.00001
1
1
1
1
1
1
1
1.00014
1
1
1
1
0.999998
1
1
1
0.996374
1
1
1
1
1
0.999999
1
1
1
1
1
1
1
1
1
1
1
1
1
1
1
1
1
1
1
1
1
1.00001
1
1
1
1
1
1
1
1
1
1
1
1
1
1
1
1
1
1
1
1
1
1
1
1.00001
1
1
1
1
1
0.998944
1
1
1
1
1
0.999999
1
1
1
1
1
1
1
1
1
1
1
1
0.992825
1
1
1
1
1.00011
1
1
0.99999
1
1
1
1
1
1
1
1
1
1
1
1
1
1
1
1
1
1
1
1
1
0.999998
0.997366
1
1
1
1
1
1
1
1
1
1
1
1
1
1
1.00013
1
1
1
0.971339
0.999938
1
1
1
1
1
1
1
1
1
1
1
0.999998
1
1
1
1
1
1
1
1
1
1
1
1
1
1
1
1
1
1
0.996363
1
1
1
1
1
1
1
1
1
1
1
1
1
1
1
1
1
1
1
1
1
1
1
1
1
1
1
1
1
1
1
1
1
1
1
1
1
1
1
1
1
1
0.999999
1
1
1
1
0.999999
1
1
1
1
1
1
1
1
1
1
1
1
1
1
0.992318
1
1
1
1
1
1
1
1
0.99998
1
1
1
1
0.999996
1
1
1
1.00035
1
1
1
1
1
1
1
1
1
1
1
1
1
1
1
1
1
1
1
1
1
1
1
1
1
1
1
1
1
0.993195
1
1
1
0.999989
1
1
0.999787
1
1
1
1
0.999999
1
1
1
1.00001
1
1
1
1
1
1
1
1
1
1
1
1.00111
1
1
1
1
1
1
1
1
1
1
0.999997
1
1
1
1
1
1
1
1
1
1
1
1
1
1
1
1
1
1
1
1
1
1
1
0.99991
1
1
1
0.998934
1
1
1.0002
1.0012
1
1
1.00036
1
1
1
0.999999
1
0.999859
1
1
1
1
1
0.999842
1
1
1
1
1.00004
1
1
1
1
1.00046
1
1
1
1
1
1
1
1
1
1
1
1.00017
1
1
1
1
1
1
1
1
1
1
1
1.00002
1
1
1
1
1
1.00004
1
1
1
1
1
1
1
1
1
1
1
1
1
1
1
1
1
1
1
1
1
1
1
1
1
1
1
1
1
1
1
1
1
1
1
1
1
1
1.00004
1
1
1
1
1
1
1
1
1
0.998942
1
1
1
1
1
1
1
0.999999
1
1
1
1
1
1
1
1
1
1
1
1
1
1
1
1
1
0.999546
1
1
1
1
1
1
1
1
1
1
1
1
0.999954
1
1
1
1
1
1
1
0.996346
1
1
1
1
1
1
1
1
1
1
1
1
1
1
1
1
1
0.999994
1
1
1
1
1
1
1
1
1
1
1
1
1
1
1
0.999954
1
1
1
1
1
1
1
1
1
1
1
1
1
1
1
1
1
1
1
1
1
1
0.996463
1
1
1
1
1
1
1
1
1
1
1
1
1
1
0.999231
1
1.00002
0.997899
1
1
1
1
1
1
1
1
1
1
1
1
1
1
1
1
1
1
1
1
1
1
1
1
1.00115
1
1
1
1
1
1
1
1
1
1
1
1
1
1
0.99949
1
1
1
1
1
1
1
1
1
1
1
1
1
1
1
1
1
1
1
1
1
1
1
1
0.999999
1
1
1
1
1
1
1
1
1
1
1
1
1
1
1
1
1
1
1
1
1
1
0.997897
1
1
1
1
1
1
1
1
1
1
1
1
1
1
1
1
1
1
1
1
1
0.999985
1
1
1
1
1
1
1
1
1
1
1
1
1
1
1
1
1
1
1
1
1
1
1
1
1
1
1
0.998124
1
1
1
1
1
1
1
1
1
1
1
1
1
1
1
1
1
1
1
1
1
1
1
0.99961
1
1
1
1
1
1
1
1
1
1
1
1
1
1
1
1
1
1
1
1
1
1
1.00001
1
1
0.999999
1
1
1
1
1
1
1
1
1
1
1.00037
1
1
1
1
1
1
1
1
1
1
1
1
1
1
1
1
1
1
1
1
1
1
1
1
1
1
1
0.999409
1
1
1
1
1
1
1
1
1
1
1
1
1
1
1
1
1
1
1.002
1
1
1
1
1
1
0.999785
1
0.999998
1
1
1
1
1
1
1
1
1
1
1
1
1
1
1
1
1
1
0.999892
1.00001
1
1
1
1.00006
1
1
1
1
1
1
1
1
1
1
1.00171
1
1
1
1
1
1
1
1
1
1
1
1
1
0.995483
1
1
1
1.00003
1
1
1
1
1.00001
1
1
1
0.997337
1
1
1
1
1
1.0001
1
1
1
1
1
1
1
1
1
1
1
1
1
1
1
0.999999
1
1
1
1
1
1
1
1
1
1
1
1
1
1
1
1
1
0.999993
1
1
1
1
1
1
1
1
1
1
1
1
1
1
1
1
1
1
1
1
1
1
1
0.999923
1
1.00286
1
1
1
1
1
1
1
1
1
1
1
1
1
1
1
1
1.00003
0.999988
0.999991
1
1
1
1
1
0.999997
1
1
1
1
1
1
1
1
1
1
1
1
1
1
1.00012
1
1
1
1
1
0.999989
1
1
1
1
1
0.998157
0.999997
1
1
0.99999
0.956288
1
1
1
1
1
1
1
1
1
1
1
1
1
1
1
1
1
1
1
1
1
1
1
0.997051
1
1
1
1
1
1
1
1
1
1
1
1
1
1
1
1
1
1
1
1
1.00002
1
1
1
1
1
1
1
1
1
0.999999
1
1
0.999999
)
;

boundaryField
{
    frontback
    {
        type            empty;
    }
    topbottom
    {
        type            zeroGradient;
    }
    outlet
    {
        type            zeroGradient;
    }
    inlet
    {
        type            fixedValue;
        value           uniform 1;
    }
    walls
    {
        type            zeroGradient;
    }
    procBoundary0to1
    {
        type            processor;
        value           nonuniform List<scalar> 
104
(
1
1
1
1
1
1
1
1
1
0.999814
1
1
1
1.00001
1.00078
1
1
1
1.00003
1
1
1
1
1
1
1
1
1
1
1
1
1
1
1
1.00001
1
1
1
1
1
1
1
0.999979
1
1
1
1
1
1
1
1
1
1
1
0.993691
1
1.00002
1
1
1
1
1
1
1
1
1
1
1
1
1
1
1
1
1
1
1
1
1
1
1
1
0.996041
1
1
1
1
1
1
1
1
1
1
0.999995
1
1
1
1
1
1
1
1
1
0.999999
1
)
;
    }
    procBoundary0to2
    {
        type            processor;
        value           nonuniform List<scalar> 
83
(
1
1
1
1
1
1
1
1
1
1
1
1
1
1
1
1
1
1
1
1
1
1
1
1
1
1
1
1
1
1
1
1
1
1
1
1
1
1
1
1
1
1
1
1
1
1
1
1
1
1
1
1
1
1
1
1
1
1
1
1
1
1
0.998089
1
1
1
1
1
1
1
1
1
1
1
1
1
1
1
1
1
1
1
1
)
;
    }
}


// ************************************************************************* //
