/*--------------------------------*- C++ -*----------------------------------*\
| =========                 |                                                 |
| \\      /  F ield         | OpenFOAM: The Open Source CFD Toolbox           |
|  \\    /   O peration     | Version:  v2012                                 |
|   \\  /    A nd           | Website:  www.openfoam.com                      |
|    \\/     M anipulation  |                                                 |
\*---------------------------------------------------------------------------*/
FoamFile
{
    version     2.0;
    format      ascii;
    class       labelList;
    location    "constant/polyMesh";
    object      pointProcAddressing;
}
// * * * * * * * * * * * * * * * * * * * * * * * * * * * * * * * * * * * * * //


14150
(
3
7
215
216
217
218
219
220
221
222
223
224
225
226
227
228
229
230
231
232
233
234
235
236
237
238
239
240
241
242
243
244
245
246
247
248
249
250
251
252
348
349
350
351
352
353
354
355
356
357
358
359
360
361
362
363
364
365
366
367
368
369
370
371
372
373
374
375
376
377
378
379
380
618
619
620
621
622
623
624
625
626
627
628
629
630
631
632
633
634
635
636
637
638
639
640
641
642
643
644
645
646
647
648
649
650
651
652
653
654
655
656
657
658
659
660
661
662
663
664
665
666
667
668
669
670
671
672
673
674
675
676
677
678
679
680
681
682
683
684
685
686
687
688
689
690
691
692
693
694
695
696
697
698
699
700
701
702
703
704
705
706
707
708
709
710
711
712
713
714
715
716
717
718
719
720
721
722
723
724
725
726
727
728
729
730
731
732
733
734
735
736
737
738
739
969
970
971
972
973
974
975
976
977
978
979
980
981
982
983
984
985
986
987
988
989
990
991
992
993
994
995
996
997
998
999
1000
1001
1002
1003
1004
1005
1006
1102
1103
1104
1105
1106
1107
1108
1109
1110
1111
1112
1113
1114
1115
1116
1117
1118
1119
1120
1121
1122
1123
1124
1125
1126
1127
1128
1129
1130
1131
1132
1133
1134
1372
1373
1374
1375
1376
1377
1378
1379
1380
1381
1382
1383
1384
1385
1386
1387
1388
1389
1390
1391
1392
1393
1394
1395
1396
1397
1398
1399
1400
1401
1402
1403
1404
1405
1406
1407
1408
1409
1410
1411
1412
1413
1414
1415
1416
1417
1418
1419
1420
1421
1422
1423
1424
1425
1426
1427
1428
1429
1430
1431
1432
1433
1434
1435
1436
1437
1438
1439
1440
1441
1442
1443
1444
1445
1446
1447
1448
1449
1450
1451
1452
1453
1454
1455
1456
1457
1458
1459
1460
1461
1462
1463
1464
1465
1466
1467
1468
1469
1470
1471
1472
1473
1474
1475
1476
1477
1478
1479
1480
1481
1482
1483
1484
1485
1486
1487
1488
1489
1490
1491
1492
1493
1528
1529
1530
1531
1532
1533
1534
1535
1538
1539
1540
1541
1542
1543
1544
1584
1586
1591
1593
1596
1598
1603
1614
1618
1628
1630
1631
1633
1635
1638
1640
1642
1643
1645
1648
1650
1652
1653
1655
1657
1664
1669
1676
1677
1680
1687
1690
1709
1712
1713
1714
1723
1731
1733
1734
1738
1763
1764
1765
1766
1767
1768
1769
1770
1771
1772
1773
1774
1775
1776
1777
1778
1779
1780
1781
1782
1783
1784
1785
1786
1787
1788
1789
1790
1791
1792
1793
1794
1795
1796
1797
1798
1799
1800
1801
1802
1803
1804
1805
1806
1807
1808
1809
1810
1811
1812
1813
1814
1815
1816
1817
1818
1819
1820
1821
1822
1823
1824
1825
1826
1827
1828
1829
1830
1831
1832
1833
1834
1835
1836
1837
1838
1839
1840
1841
1842
1843
1844
1845
1846
1847
1848
1849
1850
1851
1852
1853
1854
1855
1856
1857
1858
1859
1860
1861
1862
1863
1864
1865
1866
1867
1868
1869
1870
1871
1872
1873
1874
1875
1876
1877
1878
1879
1880
1881
1882
1883
1884
1885
1886
1887
1888
1889
1890
1891
1892
1893
1894
1895
1896
1897
1898
1899
1900
1901
1902
1903
1904
1905
1906
1907
1908
1909
1910
1911
1912
1913
1914
1915
1916
1917
1918
1919
1920
1921
1923
2229
2232
2435
2439
2440
2454
2455
2465
2466
2467
2514
2515
2583
2584
2585
2681
2746
2747
2748
2749
2750
2751
2752
2753
2754
2755
2756
2758
2759
2760
2761
2762
2763
2764
2767
2768
2769
2770
2771
2772
2773
2774
2775
2776
2777
2778
2779
2780
2781
2782
2783
2784
2785
2786
2787
2788
2789
2790
2791
2792
2793
2794
2795
2796
2797
2798
2799
2800
2801
2802
2803
2804
2805
2806
2807
2808
2809
2810
2811
2812
2813
2814
2815
2816
2817
2818
2819
2820
2821
2822
2823
2824
2825
2826
2827
2828
2829
2830
2831
2832
2833
2834
2835
2836
2837
2838
2839
2840
2841
2842
2843
2844
2845
2846
2847
2848
2849
2850
2851
2852
2853
2854
2855
2856
2857
2858
2859
2860
2861
2862
2863
2864
2865
2866
2867
2868
2869
2870
2871
2872
2873
2874
2875
2876
2877
2878
2879
2880
2881
2882
2883
2884
2885
2886
2887
2888
2889
2890
2891
2892
2893
2894
2895
2896
2898
2899
2902
2905
2908
2922
2923
2924
2925
2926
2927
2928
2929
2932
2933
2936
2937
2938
2939
2940
3022
3024
3027
3030
3034
3035
3036
3037
3067
3505
3506
3507
3508
3509
3518
3519
3520
3521
3522
3523
3524
3525
3526
3527
3528
3529
3530
3531
3532
3533
3534
3535
3536
3537
3538
3539
3540
3541
3542
3543
3544
3545
3546
3547
3551
3552
3553
3554
3555
3556
3557
3558
3559
3560
3567
3568
3569
3570
3571
3572
3573
3574
3575
3576
3577
3578
3579
3580
3581
3582
3583
3584
3585
3586
3587
3588
3589
3590
3591
3592
3593
3594
3595
3608
3609
3610
3611
3614
3615
3616
3620
3621
3622
3623
3638
3641
3642
3643
3666
3667
3769
3779
3780
3781
3782
3819
3822
3823
3824
3830
3831
3840
3844
3861
3862
3879
3880
3881
3884
3887
3888
3889
3890
3891
3906
3907
3910
3911
3912
3928
3937
3938
3942
3943
3944
3945
3946
3947
3948
3949
3950
3951
3952
3953
3954
3955
3956
3957
3958
3960
3962
3969
3970
3971
3972
3973
3974
3975
3976
3977
3979
3988
3989
4056
4100
4104
4105
4115
4116
4119
4122
4136
4137
4175
4176
4177
4178
4179
4180
4181
4182
4183
4184
4185
4186
4187
4188
4189
4190
4191
4192
4193
4194
4195
4196
4197
4198
4199
4200
4201
4202
4203
4204
4205
4206
4207
4208
4209
4210
4211
4212
4213
4214
4215
4216
4217
4218
4219
4220
4221
4222
4223
4224
4225
4226
4227
4228
4229
4230
4231
4232
4233
4234
4235
4236
4237
4238
4239
4240
4241
4242
4243
4244
4245
4246
4247
4248
4249
4250
4251
4252
4253
4254
4255
4258
4259
4260
4261
4262
4263
4264
4265
4266
4267
4268
4271
4272
4273
4274
4275
4276
4277
4278
4279
4280
4281
4282
4283
4284
4285
4286
4287
4288
4289
4290
4291
4294
4295
4296
4297
4298
4299
4300
4301
4302
4303
4304
4305
4306
4307
4308
4309
4310
4311
4312
4313
4314
4315
4321
4322
4323
4324
4325
4326
4327
4328
4329
4330
4331
4332
4333
4334
4335
4336
4337
4338
4339
4340
4341
4342
4346
4347
4348
4349
4350
4351
4352
4353
4354
4355
4356
4357
4358
4359
4360
4363
4364
4365
4366
4367
4368
4382
4383
4384
4385
4388
4405
4409
4410
4411
4413
4414
4418
4419
4421
4431
4432
4448
4449
4527
4528
4531
4573
4574
4578
4579
4580
4621
4622
4623
4645
4658
4659
4660
4664
4682
4683
4722
4723
4724
4725
4726
4727
4728
4729
4730
4731
4732
4733
4734
4735
4736
4737
4738
4739
4740
4741
4742
4743
4744
4745
4746
4747
4748
4749
4750
4751
4752
4753
4754
4755
4756
4757
4758
4759
4760
4761
4762
4763
4764
4765
4766
4767
4768
4769
4770
4771
4772
4773
4774
4775
4776
4777
4778
4779
4780
4781
4782
4783
4784
4785
4786
4787
4788
4789
4790
4791
4792
4793
4794
4795
4796
4797
4798
4799
4800
4801
4802
4803
4804
4805
4806
4807
4808
4809
4810
4811
4812
4813
4814
4815
4816
4817
4818
4819
4820
4821
4822
4823
4824
4825
4826
4827
4828
4829
4830
4831
4832
4847
4851
4852
4855
4856
4857
4858
4859
4860
4861
4862
4863
4864
4865
4866
4885
4886
4887
4890
4891
4892
4893
4894
4895
4907
4915
4935
4936
4937
4938
5092
5105
5415
5433
5439
5453
5454
5462
5592
5598
5602
5603
5611
5715
5719
5724
5725
5735
5745
5746
5763
5764
5779
5802
5804
5808
5822
5833
5834
5857
5858
5865
5866
5867
5871
5874
5883
5884
5889
5895
5915
5923
5928
5972
5982
5989
5990
5999
6000
6001
6002
6003
6004
6010
6020
6021
6033
6034
6035
6036
6074
6075
6076
6077
6078
6122
6123
6172
6173
6179
6180
6199
6233
6234
6238
6239
6240
6241
6242
6246
6247
6248
6251
6252
6264
6265
6314
6315
6316
6317
6318
6319
6320
6321
6322
6323
6324
6325
6326
6327
6328
6329
6330
6331
6332
6333
6334
6335
6336
6337
6338
6339
6340
6341
6342
6343
6344
6345
6346
6347
6348
6349
6350
6351
6352
6353
6354
6355
6356
6357
6358
6359
6360
6361
6362
6363
6377
6378
6379
6380
6387
6402
6404
6405
6406
6407
6414
6432
6454
6455
6456
6457
6478
6479
6480
6481
6482
6483
6484
6485
6486
6487
6506
6507
6520
6525
6526
6527
6528
6529
6530
6531
6532
6533
6534
6535
6543
6545
6546
6594
6595
6596
6607
6608
6609
6610
6611
6612
6613
6614
6618
6619
6620
6633
6634
6635
6636
6637
6639
6640
6641
6642
6643
6644
6645
6646
6647
6670
6671
6672
6673
6674
6675
6676
6677
6678
6679
6680
6681
6682
6683
6684
6750
6751
6752
6753
6754
6755
6756
6757
6758
6759
6760
6761
6778
6781
6791
6794
6795
6796
6797
6798
6799
6800
6821
6823
6824
6825
6826
6838
6839
6840
6841
6842
6843
6844
6845
6846
6847
6848
6849
6850
6855
6860
6861
6862
6870
6882
6883
6895
6896
6898
6899
6900
6903
6904
6905
6906
6907
6916
6917
6918
6937
6944
6945
6951
6952
6953
6954
6955
6956
6957
6959
6999
7007
7008
7012
7027
7037
7038
7043
7044
7045
7046
7048
7049
7054
7055
7065
7085
7103
7104
7107
7108
7147
7148
7149
7150
7151
7172
7173
7192
7193
7194
7195
7196
7197
7198
7199
7200
7201
7243
7244
7246
7247
7248
7249
7250
7251
7252
7253
7254
7255
7256
7257
7258
7259
7260
7261
7262
7263
7264
7265
7266
7267
7268
7269
7270
7271
7272
7273
7274
7275
7276
7277
7278
7279
7280
7281
7282
7283
7284
7285
7286
7287
7288
7289
7290
7291
7292
7293
7294
7295
7296
7297
7298
7299
7300
7301
7302
7303
7304
7305
7306
7307
7308
7309
7310
7311
7312
7313
7314
7315
7316
7317
7318
7319
7320
7321
7322
7323
7324
7325
7327
7328
7329
7330
7331
7332
7333
7334
7335
7336
7337
7338
7339
7340
7341
7342
7343
7344
7345
7346
7347
7348
7349
7350
7351
7352
7353
7354
7355
7356
7357
7358
7359
7360
7361
7362
7363
7364
7365
7366
7367
7368
7369
7370
7371
7372
7373
7374
7375
7376
7379
7383
7384
7385
7386
7387
7388
7389
7390
7391
7392
7393
7394
7395
7396
7397
7398
7399
7400
7401
7402
7403
7404
7405
7406
7407
7408
7409
7410
7411
7412
7413
7414
7415
7416
7417
7418
7419
7420
7421
7422
7423
7424
7425
7426
7427
7428
7429
7430
7431
7432
7433
7434
7435
7436
7437
7438
7439
7440
7441
7442
7443
7444
7449
7450
7451
7452
7453
7454
7455
7456
7457
7458
7459
7460
7461
7462
7463
7464
7465
7466
7467
7468
7469
7470
7471
7472
7473
7474
7475
7476
7477
7478
7482
7487
7489
7495
7496
7499
7507
7514
7515
7516
7517
7518
7528
7532
7533
7534
7535
7536
7537
7543
7547
7548
7549
7550
7552
7553
7556
7557
7571
7580
7581
7582
7585
7586
7587
7588
7590
7591
7595
7596
7597
7598
7599
7601
7605
7620
7623
7625
7627
7632
7633
7652
7653
7656
7659
7664
7666
7667
7668
7669
7670
7671
7672
7673
7674
7675
7676
7677
7678
7679
7680
7682
7683
7687
7688
7689
7694
7695
7697
7718
7719
7720
7721
7727
7737
7739
7741
7744
7745
7767
7768
7770
7771
7772
7773
7778
7779
7781
7782
7783
7785
7804
7807
7816
7821
7836
7837
7897
7899
7948
7949
7950
7951
7952
7953
7954
7955
7956
7957
7958
7959
7962
7964
7992
8000
8001
8002
8003
8004
8005
8006
8007
8008
8009
8010
8011
8012
8013
8014
8015
8104
8105
8106
8107
8108
8109
8110
8111
8112
8113
8114
8115
8116
8117
8118
8119
8215
8223
8225
8231
8232
8240
8245
8251
8252
8264
8272
8273
8278
8297
8300
8304
8305
8306
8307
8308
8311
8323
8325
8326
8327
8328
8329
8333
8334
8335
8336
8342
8348
8349
8350
8351
8366
8367
8368
8382
8383
8389
8393
8394
8402
8431
8433
8434
8443
8445
8451
8495
8508
8509
8530
8531
8532
8533
8534
8535
8536
8537
8538
8539
8542
8545
8546
8547
8548
8549
8550
8557
8558
8559
8561
8564
8565
8568
8570
8571
8572
8577
8578
8579
8580
8584
8585
8591
8595
8605
8607
8608
8609
8611
8614
8616
8617
8624
8635
8637
8639
8645
8647
8648
8649
8653
8695
8720
8727
8728
8732
8733
8734
8775
8789
8790
8805
8806
8807
8814
8815
8889
8890
8918
8930
8935
8936
8937
8942
8945
8949
8951
8959
8960
8962
8964
8973
8982
8983
8984
8998
8999
9014
9015
9016
9032
9039
9040
9045
9058
9059
9060
9061
9062
9063
9064
9065
9066
9067
9068
9069
9070
9071
9072
9073
9074
9075
9076
9077
9078
9079
9096
9097
9103
9105
9106
9112
9118
9120
9122
9124
9128
9134
9146
9162
9163
9170
9176
9177
9192
9198
9201
9209
9210
9211
9212
9215
9216
9221
9228
9231
9232
9233
9239
9240
9246
9247
9248
9249
9250
9261
9262
9265
9266
9274
9278
9279
9298
9299
9300
9301
9302
9303
9309
9310
9311
9312
9313
9314
9315
9316
9317
9318
9319
9320
9321
9322
9323
9324
9325
9326
9327
9328
9329
9330
9331
9332
9340
9341
9342
9355
9400
9411
9425
9426
9444
9445
9446
9447
9450
9459
9462
9463
9467
9468
9473
9474
9477
9482
9483
9484
9486
9497
9502
9503
9504
9506
9507
9516
9517
9522
9523
9555
9561
9562
9573
9574
9576
9577
9582
9588
9590
9591
9637
9638
9647
9654
9671
9672
9678
9695
9701
9706
9739
9740
9741
9744
9745
9746
9748
9749
9750
9751
9752
9753
9754
9755
9756
9757
9758
9759
9760
9761
9762
9763
9764
9765
9766
9767
9768
9769
9770
9771
9772
9773
9774
9775
9776
9777
9778
9779
9780
9781
9782
9783
9784
9785
9786
9787
9788
9789
9790
9791
9792
9793
9794
9795
9796
9797
9798
9799
9800
9801
9802
9803
9804
9805
9806
9807
9808
9809
9810
9811
9812
9813
9814
9815
9816
9817
9818
9819
9820
9821
9822
9823
9824
9825
9826
9827
9828
9829
9831
9832
10220
10221
10222
10238
10239
10240
10241
10242
10243
10244
10245
10246
10249
10252
10253
10254
10255
10256
10257
10258
10259
10260
10261
10262
10263
10264
10265
10266
10267
10268
10269
10277
10278
10286
10290
10291
10297
10326
10327
10329
10330
10333
10338
10343
10344
10345
10356
10357
10358
10364
10378
10379
10389
10390
10400
10442
10461
10468
10517
10530
10531
10549
10614
10615
10620
10636
10653
10669
10670
10671
10672
10686
10705
10711
10726
10734
10741
10743
10750
10751
10752
10753
10762
10763
10764
10792
10798
10799
10800
10801
10804
10814
10821
10825
10838
10839
10840
10844
10847
10850
10851
10852
10853
10854
10863
10865
10866
10871
10880
10881
10914
10915
10920
10923
10924
10925
10926
10927
10935
10939
10940
10943
10944
10972
11022
11027
11029
11030
11031
11033
11035
11036
11037
11045
11061
11062
11065
11066
11067
11325
11326
11327
11328
11329
11335
11336
11337
11338
11339
11340
11341
11342
11343
11344
11345
11346
11347
11361
11362
11366
11377
11381
11382
11383
11393
11394
11397
11398
11399
11404
11408
11412
11413
11414
11415
11417
11418
11419
11438
11439
11447
11455
11456
11461
11480
11481
11482
11483
11484
11485
11486
11487
11488
11489
11490
11491
11492
11493
11494
11495
11496
11497
11498
11499
11500
11501
11502
11503
11504
11505
11506
11507
11508
11509
11510
11511
11512
11513
11514
11515
11516
11517
11518
11519
11520
11521
11522
11523
11524
11525
11526
11527
11528
11529
11530
11531
11532
11533
11534
11535
11536
11537
11538
11539
11540
11541
11542
11543
11544
11545
11546
11547
11548
11549
11550
11551
11552
11553
11554
11555
11556
11557
11558
11559
11560
11561
11562
11563
11564
11565
11566
11567
11568
11569
11570
11571
11572
11573
11574
11575
11576
11577
11578
11579
11580
11581
11582
11583
11584
11585
11586
11587
11588
11589
11590
11591
11592
11593
11594
11595
11596
11597
11598
11599
11600
11601
11602
11603
11604
11605
11606
11607
11608
11609
11610
11611
11612
11613
11614
11615
11616
11617
11618
11619
11620
11621
11622
11623
11624
11625
11626
11627
11628
11629
11630
11631
11632
11633
11634
11635
11636
11637
11638
11639
11640
11641
11642
11643
11644
11645
11646
11647
11648
11649
11650
11651
11654
11655
11657
11658
11659
11662
11663
11670
11673
11674
11675
11676
11678
11679
11680
11683
11692
11693
11707
11708
11709
11710
11725
11728
11729
11730
11731
11732
11737
11748
11749
11750
11751
11752
11761
11764
11779
11780
11784
11794
11809
11810
11811
11825
11828
11829
11833
11841
11853
11854
11855
11862
11863
11885
11893
11896
11899
11900
11901
11902
11920
11921
11922
11927
11928
11930
11933
11934
11939
11940
11946
11947
11951
11958
11965
11966
11981
11982
11983
11987
11988
11989
11995
11996
11997
12030
12044
12049
12050
12051
12055
12056
12057
12061
12076
12079
12080
12081
12082
12086
12087
12113
12129
12130
12132
12137
12138
12139
12140
12141
12142
12143
12144
12145
12146
12147
12148
12149
12150
12155
12166
12189
12192
12193
12194
12195
12197
12201
12212
12217
12221
12222
12223
12228
12229
12240
12257
12258
12259
12263
12281
12286
12304
12305
12306
12307
12320
12321
12324
12325
12326
12344
12345
12350
12351
12371
12372
12415
12417
12422
12434
12441
12443
12444
12462
12463
12475
12477
12478
12479
12480
12481
12482
12483
12484
12486
12491
12492
12510
12511
12512
12513
12515
12518
12537
12543
12544
12545
12562
12574
12575
12579
12587
12588
12589
12590
12592
12599
12601
12602
12603
12604
12605
12606
12619
12625
12626
12639
12641
12642
12643
12662
12663
12667
12670
12675
12676
12678
12681
12687
12688
12689
12690
12691
12692
12696
12697
12699
12700
12701
12702
12704
12707
12708
12713
12714
12723
12724
12725
12726
12727
12728
12729
12730
12731
12732
12733
12734
12735
12736
12737
12751
12753
12760
12761
12762
12763
12771
12783
12784
12795
12872
12873
12874
12882
12886
12887
12920
12921
12922
12927
12930
12931
12934
12935
12936
12937
12938
12939
12940
12941
12943
12946
12947
12948
12951
12952
12960
12961
12962
12970
12976
12984
12985
12991
12998
12999
13000
13005
13015
13017
13021
13022
13042
13043
13044
13048
13057
13058
13066
13068
13070
13071
13073
13074
13079
13089
13090
13092
13095
13096
13097
13098
13099
13100
13101
13102
13103
13104
13105
13106
13107
13108
13109
13110
13111
13112
13113
13114
13115
13116
13117
13118
13119
13120
13123
13124
13125
13126
13129
13130
13131
13132
13133
13134
13135
13136
13137
13138
13139
13140
13141
13142
13143
13144
13145
13146
13153
13154
13155
13156
13158
13159
13171
13172
13173
13174
13175
13176
13177
13178
13183
13188
13191
13206
13207
13218
13219
13220
13221
13222
13223
13232
13246
13247
13249
13250
13251
13252
13271
13275
13276
13277
13278
13279
13280
13281
13285
13286
13309
13310
13311
13312
13313
13314
13315
13316
13317
13318
13319
13320
13321
13322
13323
13326
13327
13351
13352
13362
13363
13364
13365
13369
13370
13377
13378
13379
13380
13385
13388
13389
13390
13392
13393
13398
13399
13400
13401
13402
13403
13404
13405
13407
13408
13409
13413
13415
13423
13424
13425
13426
13427
13428
13429
13433
13452
13460
13461
13463
13464
13469
13470
13471
13472
13487
13488
13494
13495
13497
13505
13506
13511
13512
13521
13522
13545
13548
13549
13552
13553
13554
13560
13573
13574
13575
13576
13595
13596
13597
13614
13626
13638
13646
13653
13654
13692
13693
13694
13697
13698
13705
13714
13742
13744
13745
13753
13754
13763
13764
13765
13771
13776
13782
13787
13830
13831
13832
13833
13834
13835
13836
13837
13838
13839
13840
13842
13843
13844
13845
13850
13851
13852
13853
13854
13855
13856
13857
13858
13859
13860
13861
13862
13863
13864
13865
13866
13867
13868
13869
13870
13871
13872
13873
13874
13875
13876
13877
13878
13879
13880
13881
13882
13883
13884
13885
13886
13887
13888
13889
13890
13891
13892
13893
13894
13895
13896
13897
13898
13899
13900
13901
13902
13903
13904
13905
13906
13907
13908
13909
13912
13918
13940
13947
13948
13949
13953
13956
13964
13967
13968
13969
13970
13971
13972
13973
13974
13975
13976
13977
13978
13979
13980
13981
13982
13983
13984
13985
13986
13987
13988
13989
13990
13991
13992
13993
13994
13995
13996
13997
13998
13999
14000
14001
14002
14003
14004
14005
14006
14007
14008
14009
14010
14011
14012
14013
14014
14015
14016
14017
14018
14019
14020
14021
14022
14023
14024
14025
14026
14027
14028
14029
14030
14031
14032
14033
14034
14035
14036
14037
14038
14039
14040
14041
14042
14043
14044
14045
14046
14047
14048
14049
14050
14051
14052
14053
14054
14055
14056
14057
14058
14059
14061
14062
14078
14079
14080
14081
14082
14083
14084
14085
14086
14087
14088
14089
14090
14091
14092
14093
14094
14095
14096
14097
14098
14099
14100
14101
14102
14105
14106
14107
14108
14114
14125
14133
14134
14136
14137
14140
14141
14142
14151
14152
14153
14154
14155
14165
14166
14190
14191
14192
14195
14200
14207
14220
14224
14235
14247
14299
14300
14308
14309
14310
14313
14320
14330
14350
14352
14359
14360
14361
14362
14372
14391
14395
14408
14409
14411
14412
14426
14427
14428
14429
14430
14431
14432
14433
14434
14435
14436
14437
14439
14448
14462
14469
14477
14485
14486
14488
14490
14491
14492
14493
14497
14499
14510
14512
14513
14517
14527
14544
14551
14573
14574
14575
14577
14578
14579
14583
14584
14586
14593
14594
14595
14596
14602
14609
14610
14611
14612
14620
14621
14622
14623
14629
14630
14631
14632
14633
14634
14635
14636
14637
14639
14646
14647
14648
14649
14650
14651
14652
14653
14655
14670
14671
14672
14673
14674
14675
14676
14677
14678
14679
14680
14681
14682
14683
14696
14697
14701
14702
14723
14724
14725
14731
14757
14776
14779
14787
14788
14794
14801
14802
14811
14842
14843
14845
14854
14855
14860
14878
14882
14885
14886
14904
14907
14916
14932
14933
14936
14937
14940
14949
14952
14953
14958
14959
14960
14961
14962
14963
14970
14972
14973
14974
14975
14985
14996
15002
15003
15004
15005
15006
15007
15008
15020
15021
15022
15023
15024
15025
15026
15029
15032
15033
15036
15037
15038
15040
15056
15065
15066
15069
15070
15071
15072
15075
15092
15093
15094
15106
15111
15114
15115
15117
15120
15121
15126
15127
15128
15146
15159
15160
15164
15165
15174
15179
15191
15198
15199
15200
15201
15203
15204
15213
15214
15215
15216
15217
15218
15219
15221
15232
15266
15269
15270
15271
15272
15285
15318
15319
15321
15324
15325
15326
15327
15328
15330
15331
15332
15333
15338
15339
15340
15341
15352
15353
15354
15355
15356
15357
15358
15359
15360
15361
15362
15363
15364
15365
15366
15367
15368
15371
15372
15382
15386
15387
15409
15410
15412
15413
15417
15429
15436
15437
15442
15457
15458
15459
15460
15461
15462
15463
15464
15465
15466
15467
15468
15469
15470
15471
15472
15473
15474
15475
15476
15477
15478
15479
15480
15481
15482
15483
15484
15485
15486
15487
15488
15505
15507
15508
15509
15510
15511
15512
15513
15514
15515
15520
15521
15522
15534
15547
15548
15549
15550
15551
15552
15555
15559
15560
15561
15578
15579
15580
15585
15587
15615
15617
15625
15626
15639
15642
15656
15657
15669
15677
15678
15685
15686
15695
15696
15710
15714
15729
15730
15731
15740
15741
15742
15758
15760
15761
15765
15766
15767
15768
15771
15772
15773
15774
15775
15776
15792
15793
15796
15799
15805
15806
15808
15827
15828
15836
15837
15838
15839
15853
15862
15863
15865
15866
15867
15876
15883
15899
15901
15902
15903
15905
15906
15907
15908
15909
15910
15911
15912
15913
15916
15922
15925
15932
15935
15936
15938
15939
15940
15951
15961
15964
15965
15971
15972
15973
15974
15975
15976
15977
15978
15979
15980
15981
15982
15983
15984
15985
15986
15987
15988
15989
15990
15991
15992
15993
15994
15995
15996
16011
16012
16013
16014
16020
16025
16026
16027
16029
16036
16038
16040
16047
16054
16055
16056
16057
16058
16066
16068
16069
16074
16075
16078
16098
16101
16102
16108
16116
16117
16118
16119
16120
16121
16125
16126
16127
16131
16132
16136
16139
16140
16150
16158
16159
16160
16161
16164
16168
16169
16170
16171
16172
16173
16174
16175
16176
16177
16178
16179
16180
16181
16182
16183
16184
16185
16186
16187
16188
16189
16190
16191
16192
16194
16197
16200
16205
16208
16209
16210
16211
16212
16213
16214
16215
16216
16217
16218
16219
16221
16222
16223
16224
16228
16229
16244
16249
16255
16259
16265
16266
16267
16271
16272
16285
16286
16287
16293
16295
16300
16301
16319
16322
16323
16324
16334
16340
16341
16342
16343
16351
16352
16363
16366
16378
16390
16391
16400
16402
16403
16404
16408
16424
16430
16434
16439
16440
16458
16459
16469
16476
16477
16478
16479
16480
16481
16482
16483
16484
16485
16486
16487
16488
16489
16490
16491
16492
16501
16507
16508
16510
16523
16527
16528
16534
16535
16541
16545
16546
16548
16553
16554
16558
16563
16564
16565
16568
16569
16582
16586
16587
16592
16595
16608
16617
16618
16619
16620
16624
16625
16630
16641
16654
16655
16656
16662
16663
16664
16667
16668
16669
16670
16674
16678
16679
16680
16683
16684
16685
16686
16692
16698
16704
16706
16708
16713
16714
16715
16716
16717
16720
16726
16730
16734
16748
16753
16755
16756
16757
16770
16771
16772
16773
16774
16790
16794
16795
16801
16804
16805
16806
16809
16811
16812
16814
16818
16819
16834
16840
16846
16847
16848
16849
16857
16865
16866
16867
16870
16871
16880
16881
16884
16885
16908
16912
16913
16914
16917
16922
16929
16930
16931
16932
16933
16934
16935
16940
16943
16944
16945
16946
16948
16951
16954
16955
16956
16957
16960
16971
16976
16982
16984
16985
16986
16987
16991
16992
16993
16996
16997
16999
17008
17017
17019
17020
17021
17025
17026
17027
17032
17033
17041
17042
17043
17050
17062
17064
17065
17070
17071
17079
17085
17086
17091
17093
17094
17098
17099
17101
17102
17103
17104
17105
17111
17112
17115
17116
17117
17120
17121
17123
17124
17147
17150
17166
17181
17185
17194
17195
17196
17198
17202
17203
17208
17209
17224
17225
17230
17231
17232
17234
17235
17237
17243
17256
17257
17259
17261
17262
17265
17266
17296
17297
17298
17301
17302
17303
17306
17307
17317
17318
17319
17322
17329
17330
17331
17341
17343
17344
17351
17373
17376
17377
17378
17389
17391
17392
17402
17403
17404
17407
17413
17414
17425
17437
17451
17452
17453
17457
17459
17460
17467
17468
17469
17470
17471
17472
17474
17475
17476
17477
17478
17479
17484
17490
17491
17497
17498
17502
17504
17506
17508
17513
17518
17519
17520
17521
17522
17523
17526
17542
17543
17544
17545
17546
17547
17548
17562
17563
17564
17565
17579
17580
17584
17585
17603
17604
17624
17625
17626
17630
17700
17704
17705
17708
17709
17710
17711
17712
17713
17714
17715
17718
17720
17724
17741
17745
17755
17756
17757
17758
17763
17786
17787
17789
17794
17795
17796
17797
17798
17799
17800
17801
17802
17803
17804
17813
17814
17815
17817
17823
17824
17825
17826
17827
17828
17829
17830
17831
17832
17833
17834
17835
17836
17837
17838
17839
17840
17841
17842
17843
17844
17845
17846
17847
17848
17849
17850
17851
17852
17853
17854
17855
17856
17857
17858
17859
17860
17861
17862
17863
17864
17865
17866
17867
17868
17869
17870
17871
17872
17873
17874
17875
17876
17877
17878
17879
17880
17881
17882
17883
17884
17885
17886
17887
17888
17889
17890
17891
17892
17893
17894
17895
17896
17897
17898
17899
17900
17901
17902
17903
17904
17905
17906
17907
17908
17909
17910
17911
17912
17913
17914
17915
17916
17917
17918
17924
17925
17944
17946
17947
17955
17956
17957
17961
17981
17982
17983
17984
17995
17996
18015
18016
18017
18018
18019
18020
18021
18022
18023
18024
18025
18026
18027
18028
18029
18030
18036
18037
18038
18071
18089
18092
18097
18099
18101
18102
18103
18116
18117
18118
18121
18122
18142
18145
18146
18147
18148
18149
18150
18161
18162
18167
18169
18170
18190
18191
18192
18193
18194
18195
18199
18200
18202
18244
18260
18261
18271
18289
18290
18291
18292
18293
18300
18301
18309
18315
18316
18317
18318
18330
18338
18348
18349
18361
18362
18380
18381
18382
18383
18384
18385
18386
18411
18414
18417
18432
18458
18481
18485
18494
18497
18504
18505
18506
18507
18527
18534
18535
18548
18549
18554
18555
18556
18564
18565
18584
18585
18586
18587
18593
18603
18604
18605
18615
18617
18618
18619
18620
18621
18622
18623
18624
18644
18645
18650
18651
18652
18653
18654
18655
18656
18657
18658
18659
18660
18661
18662
18663
18664
18665
18666
18667
18668
18669
18670
18671
18672
18673
18674
18675
18697
18698
18706
18716
18722
18723
18724
18725
18726
18727
18731
18732
18733
18734
18735
18746
18747
18748
18749
18755
18780
18781
18782
18783
18784
18785
18786
18787
18789
18790
18805
18806
18807
18808
18809
18810
18814
18833
18834
18835
18836
18838
18839
18840
18841
18842
18844
18845
18846
18847
18852
18853
18854
18855
18859
18860
18861
18862
18863
18864
18865
18866
18867
18868
18869
18870
18871
18872
18873
18874
18875
18876
18877
18878
18879
18880
18894
18895
18898
18899
18900
18901
18902
18903
18904
18905
18906
18907
18914
18916
18917
18918
18919
18920
18921
18922
18923
18924
18925
18928
18929
18930
18931
18932
18933
18934
18935
18936
18937
18938
18939
18940
18941
18962
18964
18965
18966
18967
18968
18969
18970
18971
18972
18973
18982
18984
18993
19003
19004
19005
19006
19010
19011
19022
19036
19037
19038
19039
19040
19041
19042
19043
19044
19045
19046
19047
19049
19050
19051
19052
19053
19060
19061
19073
19075
19076
19077
19078
19079
19080
19081
19082
19083
19084
19085
19100
19101
19102
19103
19105
19106
19124
19125
19126
19143
19146
19165
19166
19167
19168
19169
19170
19171
19172
19173
19174
19175
19176
19177
19178
19179
19180
19181
19182
19183
19188
19190
19191
19192
19194
19195
19196
19205
19206
19207
19208
19217
19231
19232
19233
19234
19235
19239
19245
19247
19248
19260
19263
19264
19265
19266
19267
19269
19270
19274
19277
19278
19279
19280
19281
19304
19305
19306
19307
19335
19336
19348
19349
19350
19356
19357
19360
19361
19365
19404
19408
19409
19414
19415
19416
19417
19418
19419
19420
19421
19422
19423
19424
19425
19426
19427
19428
19452
19453
19466
19467
19487
19488
19490
19492
19498
19499
19500
19501
19502
19503
19504
19505
19506
19508
19509
19510
19512
19513
19514
19522
19523
19524
19525
19543
19547
19565
19566
19567
19568
19569
19572
19573
19574
19575
19576
19577
19578
19579
19585
19586
19587
19588
19589
19590
19591
19592
19593
19594
19595
19597
19598
19599
19600
19601
19602
19603
19612
19613
19621
19622
19623
19624
19625
19626
19627
19629
19630
19637
19638
19639
19640
19641
19642
19643
19644
19645
19646
19656
19657
19658
19659
19660
19661
19675
19697
19699
19702
19703
19706
19707
19711
19712
19721
19722
19723
19724
19725
19726
19727
19728
19731
19735
19736
19737
19739
19740
19741
19754
19755
19758
19764
19765
19766
19767
19768
19769
19770
19771
19772
19773
19774
19775
19776
19777
19778
19779
19790
19791
19792
19793
19794
19795
19796
19803
19804
19805
19806
19811
19812
19815
19816
19817
19818
19819
19821
19822
19824
19829
19838
19844
19845
19848
19855
19863
19864
19865
19866
19867
19870
19871
19872
19881
19882
19883
19884
19885
19886
19887
19888
19901
19902
19904
19905
19906
19911
19912
19913
19914
19915
19916
19917
19918
19919
19920
19921
19922
19923
19924
19930
19931
19932
19933
19934
19935
19942
19974
19975
19979
19980
19981
19982
19985
19986
19987
19989
19993
19995
19996
19999
20000
20001
20002
20003
20011
20012
20013
20022
20023
20024
20025
20033
20036
20037
20038
20039
20044
20056
20057
20058
20059
20060
20061
20062
20063
20064
20065
20066
20067
20068
20069
20070
20072
20073
20074
20075
20076
20077
20078
20079
20080
20081
20082
20083
20095
20096
20097
20099
20110
20118
20119
20134
20135
20141
20142
20150
20152
20154
20160
20161
20186
20188
20189
20192
20200
20201
20202
20211
20212
20213
20214
20237
20238
20239
20240
20241
20243
20244
20253
20254
20255
20256
20270
20274
20276
20280
20288
20292
20293
20294
20295
20299
20300
20338
20339
20340
20362
20366
20367
20368
20370
20371
20372
20373
20376
20377
20378
20379
20380
20381
20382
20384
20385
20386
20387
20392
20404
20420
20434
20444
20454
20461
20462
20463
20470
20471
20475
20478
20480
20481
20483
20484
20488
20489
20499
20500
20501
20502
20503
20504
20505
20506
20507
20508
20509
20518
20526
20527
20528
20534
20541
20542
20543
20546
20551
20555
20556
20557
20558
20559
20604
20605
20609
20613
20623
20624
20636
20647
20648
20649
20650
20651
20661
20667
20678
20680
20685
20707
20708
20709
20718
20728
20731
20732
20733
20734
20735
20736
20737
20738
20739
20740
20741
20742
20756
20757
20770
20774
20815
20823
20842
20845
20846
20847
20848
20855
20856
20857
20858
20859
20860
20861
20862
20863
20868
20869
20898
20931
20934
20941
20943
20950
20958
20962
20964
20987
21005
21009
21011
21012
21018
21022
21027
21033
21034
21035
21036
21037
21039
21042
21048
21053
21061
21062
21065
21067
21068
21071
21072
21074
21075
21076
21090
21091
21105
21114
21124
21125
21126
21128
21149
21163
21164
21165
21167
21168
21169
21170
21215
21216
21217
21218
21237
21238
21258
21285
21289
21291
21294
21297
21298
21307
21308
21333
21342
21373
21403
21404
21423
21443
21452
21464
21475
21489
21494
21504
21558
21592
21594
21600
21609
21627
21635
21636
21692
21703
21704
21705
21706
21710
21732
21749
21750
21751
21752
21753
21758
21768
21771
21781
21807
21808
21809
22050
22054
22073
22075
22076
22084
22095
22099
22115
22121
22125
22153
22167
22200
22203
22208
22216
22231
22239
22241
22274
22278
22284
22306
22307
22308
22313
22320
22358
22368
22406
22413
22435
22438
22443
22447
22460
22461
22475
22480
22506
22507
22517
22524
22535
22539
22562
22565
22567
22570
22580
22581
22588
22598
22603
22613
22636
22649
22652
22653
22662
22682
22686
22692
22694
22699
22708
22717
22718
22725
22736
22738
22751
22753
22762
22763
22765
22766
22775
22789
22794
22795
22797
22804
22813
22820
22829
22831
22837
22844
22847
22856
22858
22865
22879
22880
22881
22882
22883
22884
22887
22890
22895
22896
22901
22903
22909
22924
22926
22928
22929
22930
22932
22934
22938
22942
22949
22951
22952
22954
22969
22971
22973
22977
22979
22987
23000
23002
23004
23005
23007
23008
23010
23020
23021
23024
23029
23031
23032
23034
23035
23040
23041
23042
23045
23046
23047
23053
23054
23055
23056
23057
23058
23059
23066
23068
23071
23072
23073
23074
23076
23077
23082
23088
23092
23096
23105
23108
23111
23114
23121
23122
23136
23140
23143
23146
23149
23150
23164
23167
23175
23186
23190
23204
23220
23224
23240
23244
23250
23251
23252
23253
23263
23265
23279
23285
23312
23313
23314
23322
23328
23331
23332
23341
23344
23346
23348
23350
23358
23361
23363
23365
23368
23372
23373
23376
23377
23382
23384
23392
23393
23394
23396
23397
23398
23401
23403
23405
23416
23417
23428
23429
23444
23449
23465
23471
23475
23476
23477
23478
23479
23489
23510
23513
23514
23518
23531
23539
23540
23542
23545
23547
23549
23551
23552
23553
23559
23563
23567
23568
23575
23580
23585
23590
23598
23602
23605
23606
23615
23616
23620
23621
23627
23630
23634
23637
23639
23640
23646
23656
23657
23659
23661
23667
23668
23676
23679
23684
23685
23696
23700
23701
23707
23714
23719
23721
23726
23733
23737
23738
23746
23754
23757
23758
23760
23762
23763
23764
23773
23778
23781
23784
23792
23793
23796
23803
23809
23812
23823
23827
23828
23831
23833
23835
23839
23840
23842
23846
23852
23855
23858
23861
23863
23865
23866
23867
23869
23875
23876
23879
23880
23881
23882
23885
23889
23890
23891
23897
23898
23900
23901
23902
23903
23904
23905
23906
23913
23915
23916
23917
23921
23927
23928
23930
23931
23936
23937
23940
23942
23943
23947
23948
23949
23953
23955
23956
23962
23963
23964
23965
23969
23972
23973
23974
23975
23976
23977
23978
23979
23980
23981
23985
23986
23987
23988
23990
23991
23992
23994
23995
23996
23998
24000
24001
24002
24005
24006
24010
24012
24016
24017
24018
24019
24021
24024
24026
24028
24029
24031
24034
24038
24040
24045
24047
24048
24050
24052
24054
24055
24056
24058
24065
24067
24068
24070
24072
24077
24081
24083
24087
24088
24089
24091
24094
24095
24096
24097
24098
24100
24101
24102
24104
24105
24106
24109
24113
24114
24119
24120
24123
24124
24125
24127
24131
24136
24138
24140
24141
24144
24145
24146
24148
24150
24157
24158
24159
24165
24166
24168
24169
24174
24176
24182
24185
24191
24193
24197
24198
24209
24210
24213
24214
24217
24219
24220
24222
24223
24226
24229
24233
24245
24246
24249
24255
24269
24273
24274
24277
24280
24294
24312
24313
24317
24319
24325
24330
24339
24350
24351
24352
24361
24363
24367
24369
24370
24373
24375
24386
24390
24391
24393
24394
24400
24409
24414
24420
24423
24424
24436
24442
24444
24447
24450
24452
24470
24473
24481
24482
24492
24493
24495
24503
24507
24509
24512
24515
24517
24524
24528
24530
24536
24539
24543
24546
24550
24552
24555
24561
24564
24566
24570
24585
24586
24600
24610
24611
24612
24620
24621
24624
24626
24632
24637
24647
24649
24652
24655
24660
24668
24674
24678
24682
24684
24686
24694
24698
24701
24709
24716
24731
24732
24735
24738
24748
24749
24754
24759
24764
24766
24767
24773
24776
24777
24779
24782
24783
24784
24786
24802
24809
24819
24822
24832
24834
24835
24839
24840
24844
24848
24851
24854
24855
24864
24868
24878
24879
24888
24890
24896
24899
24900
24902
24905
24910
24912
24917
24922
24928
24932
24936
24944
24948
24950
24951
24956
24958
24965
24966
24967
24973
24976
24985
24988
24989
24995
24999
25002
25005
25007
25016
25020
25023
25027
25028
25031
25036
25040
25046
25049
25051
25052
25066
25072
25074
25083
25084
25087
25088
25090
25094
25098
25099
25106
25108
25109
25111
25118
25119
25121
25122
25128
25132
25136
25138
25139
25140
25141
25148
25150
25157
25163
25167
25174
25180
25186
25188
25189
25190
25208
25215
25218
25226
25230
25231
25243
25244
25245
25248
25249
25253
25255
25259
25262
25267
25268
25276
25281
25283
25287
25301
25303
25305
25311
25326
25331
25338
25346
25354
25355
25356
25364
25367
25368
25370
25373
25375
25377
25378
25383
25385
25392
25394
25397
25398
25401
25402
25405
25412
25414
25416
25417
25418
25420
25422
25424
25426
25429
25430
25434
25438
25439
25440
25445
25446
25447
25450
25469
25481
25487
25488
25492
25500
25509
25512
25517
25526
25527
25532
25540
25543
25551
25557
25558
25568
25572
25573
25575
25577
25585
25589
25590
25594
25598
25599
25611
25615
25618
25623
25627
25630
25633
25635
25642
25643
25645
25646
25652
25653
25665
25668
25673
25675
25678
25679
25682
25685
25686
25687
25689
25690
25693
25696
25705
25706
25717
25720
25721
25725
25726
25729
25730
25733
25740
25741
25745
25747
25751
25752
25755
25757
25759
25761
25762
25765
25769
25775
25776
25777
25790
25795
25796
25799
25800
25802
25814
25816
25820
25823
25830
25836
25842
25844
25848
25853
25854
25859
25860
25861
25862
25863
25870
25874
25875
25879
25884
25889
25893
25898
25899
25913
25915
25919
25931
25932
25934
25935
25943
25947
25950
25952
25953
25954
25961
25967
25969
25972
25973
25975
25978
25983
25988
25990
25992
25997
26003
26006
26012
26014
26019
26020
26024
26027
26029
26036
26038
26044
26049
26053
26054
26055
26058
26059
26061
26070
26071
26080
26084
26087
26090
26101
26105
26111
26112
26115
26116
26119
26126
26128
26134
26140
26144
26147
26150
26152
26166
26168
26169
26173
26177
26179
26183
26188
26190
26192
26197
26199
26200
26203
26206
26211
26228
26232
26234
26235
26244
26246
26247
26256
26257
26258
26263
26267
26275
26279
26286
26287
26291
26297
26300
26301
26310
26313
26314
26323
26324
26327
26333
26336
26342
26352
26353
26359
26365
26366
26368
26376
26378
26379
26382
26385
26386
26399
26409
26410
26412
26415
26416
26417
26422
26431
26435
26442
26448
26449
26459
26460
26492
26494
26495
26497
26500
26505
26510
26512
26514
26516
26523
26530
26534
26538
26544
26556
26566
26567
26580
26581
26585
26588
26590
26591
26598
26603
26605
26616
26618
26621
26623
26625
26626
26628
26631
26635
26639
26644
26647
26650
26652
26653
26661
26662
26671
26673
26676
26681
26682
26683
26684
26687
26688
26693
26696
26698
26699
26703
26705
26706
26714
26716
26719
26723
26728
26734
26739
26742
26750
26751
26754
26758
26760
26763
26764
26765
26769
26772
26778
26780
26781
26783
26786
26788
26792
26795
26800
26803
26804
26809
26813
26825
26827
26828
26829
26834
26837
26839
26841
26843
26848
26851
26856
26857
26862
26865
26869
26870
26875
26878
26884
26887
26888
26889
26890
26891
26895
26904
26905
26908
26916
26917
26923
26926
26927
26934
26937
26939
26942
26945
26948
26951
26959
26960
26967
26968
26976
26977
26981
26985
26986
26988
26990
26992
26998
27000
27004
27017
27021
27023
27036
27037
27038
27041
27050
27053
27054
27058
27063
27064
27069
27070
27077
27083
27087
27090
27098
27099
27101
27106
27107
27109
27110
27114
27116
27120
27124
27132
27136
27139
27143
27144
27145
27151
27154
27156
27157
27159
27164
27165
27168
27169
27170
27172
27174
27176
27182
27188
27205
27206
27210
27214
27216
27217
27221
27223
27224
27230
27235
27238
27242
27248
27251
27252
27255
27258
27259
27262
27269
27270
27272
27274
27278
27287
27291
27292
27297
27300
27301
27307
27310
27315
27316
27317
27320
27321
27323
27325
27330
27333
27335
27341
27347
27357
27359
27367
27378
27384
27386
27390
27394
27395
27396
27400
27408
27409
27410
27411
27413
27420
27423
27424
27425
27427
27433
27435
27437
27442
27447
27448
27450
27456
27458
27459
27460
27463
27469
27470
27471
27475
27479
27483
27484
27488
27489
27496
27500
27501
27502
27507
27520
27521
27522
27523
27528
27533
27536
27538
27540
27543
27546
27547
27548
27555
27557
27558
27562
27565
27575
27577
27578
27581
27593
27594
27598
27605
27606
27615
27622
27637
27641
27645
27648
27649
27650
27656
27660
27661
27663
27664
27665
27668
27682
27685
27688
27693
27697
27699
27701
27703
27705
27708
27709
27711
27712
27716
27719
27722
27725
27727
27732
27736
27742
27749
27753
27754
27757
27758
27761
27768
27773
27776
27778
27784
27785
27791
27793
27796
27801
27805
27807
27810
27811
27812
27818
27820
27822
27823
27832
27834
27841
27843
27845
27846
27848
27859
27860
27866
27872
27876
27877
27878
27879
27891
27895
27899
27906
27907
27911
27912
27942
27946
27950
27954
27955
27961
27964
27967
27970
27971
27972
27974
27975
27979
27983
27987
27988
27993
28005
28006
28009
28011
28012
28013
28014
28019
28021
28026
28031
28032
28036
28042
28045
28047
28053
28054
28058
28062
28064
28067
28070
28072
28074
28082
28084
28094
28100
28101
28108
28111
28116
28119
28120
28124
28129
28132
28133
28134
28137
28139
28140
28153
28154
28157
28159
28160
28170
28171
28173
28176
28180
28183
28185
28190
28196
28199
28201
28203
28208
28209
28212
28220
28223
28226
28229
28232
28237
28241
28243
28246
28248
28250
28252
28261
28268
28270
28271
28272
28273
28287
28293
28295
28298
28299
28302
28306
28307
28308
28309
28311
28320
28323
28324
28331
28332
28335
28336
28343
28345
28363
28369
28379
28380
28381
28385
28389
28390
28391
28392
28394
28398
28400
28401
28402
28407
28415
28417
28420
28421
28426
28431
28434
28439
28440
28444
28449
28450
28452
28454
28455
28461
28463
28467
28469
28472
28474
28476
28480
28482
28489
28493
28494
28498
28501
28502
28507
28508
28510
28512
28513
28516
28517
28525
28526
28546
28548
28552
28553
28555
28556
28559
28560
28562
28566
28569
28570
28575
28583
28584
28589
28590
28596
28597
28602
28606
28607
28611
28616
28617
28618
28623
28625
28635
28637
28645
28649
28650
28651
28653
28661
28665
28668
28675
28678
28685
28686
28691
28692
28696
28699
28704
28705
28708
28713
28716
28719
28721
28722
28723
28724
28727
28729
28731
28732
28736
28743
28745
28746
28747
28748
28756
28757
28760
28761
28762
28765
28767
28773
28774
28779
28781
28783
28789
28801
28804
28805
28809
28813
28814
28817
28819
28824
28828
28831
28836
28837
28844
28850
28854
28858
28860
28867
28876
28877
28880
28881
28883
28885
28891
28898
28899
28901
28904
28905
28908
28909
28911
28915
28916
28919
28924
28929
28930
28931
28932
28933
28934
28935
28936
28939
28940
28941
28942
28943
28944
28945
28985
28987
28992
28994
28997
28999
29004
29015
29019
29029
29031
29032
29034
29036
29039
29041
29043
29044
29046
29049
29051
29053
29054
29056
29058
29065
29070
29077
29078
29081
29088
29091
29110
29113
29114
29115
29124
29132
29134
29135
29139
29164
29165
29166
29167
29168
29169
29170
29171
29172
29173
29174
29175
29176
29177
29178
29179
29180
29181
29182
29183
29184
29185
29186
29187
29188
29189
29190
29191
29192
29193
29194
29195
29196
29197
29198
29199
29200
29201
29202
29203
29204
29205
29206
29207
29208
29209
29210
29211
29212
29213
29214
29215
29216
29217
29218
29219
29220
29221
29222
29223
29224
29225
29226
29227
29228
29229
29230
29231
29232
29233
29234
29235
29236
29237
29238
29239
29240
29241
29242
29243
29244
29245
29246
29247
29248
29249
29250
29251
29252
29253
29254
29255
29256
29257
29258
29259
29260
29261
29262
29263
29264
29265
29266
29267
29268
29269
29270
29271
29272
29273
29274
29275
29276
29277
29278
29279
29280
29281
29282
29283
29284
29285
29286
29287
29288
29289
29290
29291
29292
29293
29294
29295
29296
29297
29298
29299
29300
29301
29302
29303
29304
29305
29306
29307
29308
29309
29310
29311
29312
29313
29314
29315
29316
29317
29318
29319
29320
29321
29322
29324
29630
29633
29836
29840
29841
29855
29856
29866
29867
29868
29915
29916
29984
29985
29986
30082
30147
30148
30149
30150
30151
30152
30153
30154
30155
30156
30157
30159
30160
30161
30162
30163
30164
30165
30168
30169
30170
30171
30172
30173
30174
30175
30176
30177
30178
30179
30180
30181
30182
30183
30184
30185
30186
30187
30188
30189
30190
30191
30192
30193
30194
30195
30196
30197
30198
30199
30200
30201
30202
30203
30204
30205
30206
30207
30208
30209
30210
30211
30212
30213
30214
30215
30216
30217
30218
30219
30220
30221
30222
30223
30224
30225
30226
30227
30228
30229
30230
30231
30232
30233
30234
30235
30236
30237
30238
30239
30240
30241
30242
30243
30244
30245
30246
30247
30248
30249
30250
30251
30252
30253
30254
30255
30256
30257
30258
30259
30260
30261
30262
30263
30264
30265
30266
30267
30268
30269
30270
30271
30272
30273
30274
30275
30276
30277
30278
30279
30280
30281
30282
30283
30284
30285
30286
30287
30288
30289
30290
30291
30292
30293
30294
30295
30296
30297
30299
30300
30303
30306
30309
30323
30324
30325
30326
30327
30328
30329
30330
30333
30334
30337
30338
30339
30340
30341
30423
30425
30428
30431
30435
30436
30437
30438
30468
30906
30907
30908
30909
30910
30919
30920
30921
30922
30923
30924
30925
30926
30927
30928
30929
30930
30931
30932
30933
30934
30935
30936
30937
30938
30939
30940
30941
30942
30943
30944
30945
30946
30947
30948
30952
30953
30954
30955
30956
30957
30958
30959
30960
30961
30968
30969
30970
30971
30972
30973
30974
30975
30976
30977
30978
30979
30980
30981
30982
30983
30984
30985
30986
30987
30988
30989
30990
30991
30992
30993
30994
30995
30996
31009
31010
31011
31012
31015
31016
31017
31021
31022
31023
31024
31039
31042
31043
31044
31067
31068
31170
31180
31181
31182
31183
31220
31223
31224
31225
31231
31232
31241
31245
31262
31263
31280
31281
31282
31285
31288
31289
31290
31291
31292
31307
31308
31311
31312
31313
31329
31338
31339
31343
31344
31345
31346
31347
31348
31349
31350
31351
31352
31353
31354
31355
31356
31357
31358
31359
31361
31363
31370
31371
31372
31373
31374
31375
31376
31377
31378
31380
31389
31390
31457
31501
31505
31506
31516
31517
31520
31523
31537
31538
31576
31577
31578
31579
31580
31581
31582
31583
31584
31585
31586
31587
31588
31589
31590
31591
31592
31593
31594
31595
31596
31597
31598
31599
31600
31601
31602
31603
31604
31605
31606
31607
31608
31609
31610
31611
31612
31613
31614
31615
31616
31617
31618
31619
31620
31621
31622
31623
31624
31625
31626
31627
31628
31629
31630
31631
31632
31633
31634
31635
31636
31637
31638
31639
31640
31641
31642
31643
31644
31645
31646
31647
31648
31649
31650
31651
31652
31653
31654
31655
31656
31659
31660
31661
31662
31663
31664
31665
31666
31667
31668
31669
31672
31673
31674
31675
31676
31677
31678
31679
31680
31681
31682
31683
31684
31685
31686
31687
31688
31689
31690
31691
31692
31695
31696
31697
31698
31699
31700
31701
31702
31703
31704
31705
31706
31707
31708
31709
31710
31711
31712
31713
31714
31715
31716
31722
31723
31724
31725
31726
31727
31728
31729
31730
31731
31732
31733
31734
31735
31736
31737
31738
31739
31740
31741
31742
31743
31747
31748
31749
31750
31751
31752
31753
31754
31755
31756
31757
31758
31759
31760
31761
31764
31765
31766
31767
31768
31769
31783
31784
31785
31786
31789
31806
31810
31811
31812
31814
31815
31819
31820
31822
31832
31833
31849
31850
31928
31929
31932
31974
31975
31979
31980
31981
32022
32023
32024
32046
32059
32060
32061
32065
32083
32084
32123
32124
32125
32126
32127
32128
32129
32130
32131
32132
32133
32134
32135
32136
32137
32138
32139
32140
32141
32142
32143
32144
32145
32146
32147
32148
32149
32150
32151
32152
32153
32154
32155
32156
32157
32158
32159
32160
32161
32162
32163
32164
32165
32166
32167
32168
32169
32170
32171
32172
32173
32174
32175
32176
32177
32178
32179
32180
32181
32182
32183
32184
32185
32186
32187
32188
32189
32190
32191
32192
32193
32194
32195
32196
32197
32198
32199
32200
32201
32202
32203
32204
32205
32206
32207
32208
32209
32210
32211
32212
32213
32214
32215
32216
32217
32218
32219
32220
32221
32222
32223
32224
32225
32226
32227
32228
32229
32230
32231
32232
32233
32248
32252
32253
32256
32257
32258
32259
32260
32261
32262
32263
32264
32265
32266
32267
32286
32287
32288
32291
32292
32293
32294
32295
32296
32308
32316
32336
32337
32338
32339
32493
32506
32816
32834
32840
32854
32855
32863
32993
32999
33003
33004
33012
33116
33120
33125
33126
33136
33146
33147
33164
33165
33180
33203
33205
33209
33223
33234
33235
33258
33259
33266
33267
33268
33272
33275
33284
33285
33290
33296
33316
33324
33329
33373
33383
33390
33391
33400
33401
33402
33403
33404
33405
33411
33421
33422
33434
33435
33436
33437
33475
33476
33477
33478
33479
33523
33524
33573
33574
33580
33581
33600
33634
33635
33639
33640
33641
33642
33643
33647
33648
33649
33652
33653
33665
33666
33715
33716
33717
33718
33719
33720
33721
33722
33723
33724
33725
33726
33727
33728
33729
33730
33731
33732
33733
33734
33735
33736
33737
33738
33739
33740
33741
33742
33743
33744
33745
33746
33747
33748
33749
33750
33751
33752
33753
33754
33755
33756
33757
33758
33759
33760
33761
33762
33763
33764
33778
33779
33780
33781
33788
33803
33805
33806
33807
33808
33815
33833
33855
33856
33857
33858
33879
33880
33881
33882
33883
33884
33885
33886
33887
33888
33907
33908
33921
33926
33927
33928
33929
33930
33931
33932
33933
33934
33935
33936
33944
33946
33947
33995
33996
33997
34008
34009
34010
34011
34012
34013
34014
34015
34019
34020
34021
34034
34035
34036
34037
34038
34040
34041
34042
34043
34044
34045
34046
34047
34048
34071
34072
34073
34074
34075
34076
34077
34078
34079
34080
34081
34082
34083
34084
34085
34151
34152
34153
34154
34155
34156
34157
34158
34159
34160
34161
34162
34179
34182
34192
34195
34196
34197
34198
34199
34200
34201
34222
34224
34225
34226
34227
34239
34240
34241
34242
34243
34244
34245
34246
34247
34248
34249
34250
34251
34256
34261
34262
34263
34271
34283
34284
34296
34297
34299
34300
34301
34304
34305
34306
34307
34308
34317
34318
34319
34338
34345
34346
34352
34353
34354
34355
34356
34357
34358
34360
34400
34408
34409
34413
34428
34438
34439
34444
34445
34446
34447
34449
34450
34455
34456
34466
34486
34504
34505
34508
34509
34548
34549
34550
34551
34552
34573
34574
34593
34594
34595
34596
34597
34598
34599
34600
34601
34602
34644
34645
34647
34648
34649
34650
34651
34652
34653
34654
34655
34656
34657
34658
34659
34660
34661
34662
34663
34664
34665
34666
34667
34668
34669
34670
34671
34672
34673
34674
34675
34676
34677
34678
34679
34680
34681
34682
34683
34684
34685
34686
34687
34688
34689
34690
34691
34692
34693
34694
34695
34696
34697
34698
34699
34700
34701
34702
34703
34704
34705
34706
34707
34708
34709
34710
34711
34712
34713
34714
34715
34716
34717
34718
34719
34720
34721
34722
34723
34724
34725
34726
34728
34729
34730
34731
34732
34733
34734
34735
34736
34737
34738
34739
34740
34741
34742
34743
34744
34745
34746
34747
34748
34749
34750
34751
34752
34753
34754
34755
34756
34757
34758
34759
34760
34761
34762
34763
34764
34765
34766
34767
34768
34769
34770
34771
34772
34773
34774
34775
34776
34777
34780
34784
34785
34786
34787
34788
34789
34790
34791
34792
34793
34794
34795
34796
34797
34798
34799
34800
34801
34802
34803
34804
34805
34806
34807
34808
34809
34810
34811
34812
34813
34814
34815
34816
34817
34818
34819
34820
34821
34822
34823
34824
34825
34826
34827
34828
34829
34830
34831
34832
34833
34834
34835
34836
34837
34838
34839
34840
34841
34842
34843
34844
34845
34850
34851
34852
34853
34854
34855
34856
34857
34858
34859
34860
34861
34862
34863
34864
34865
34866
34867
34868
34869
34870
34871
34872
34873
34874
34875
34876
34877
34878
34879
34883
34888
34890
34896
34897
34900
34908
34915
34916
34917
34918
34919
34929
34933
34934
34935
34936
34937
34938
34944
34948
34949
34950
34951
34953
34954
34957
34958
34972
34981
34982
34983
34986
34987
34988
34989
34991
34992
34996
34997
34998
34999
35000
35002
35006
35021
35024
35026
35028
35033
35034
35053
35054
35057
35060
35065
35067
35068
35069
35070
35071
35072
35073
35074
35075
35076
35077
35078
35079
35080
35081
35083
35084
35088
35089
35090
35095
35096
35098
35119
35120
35121
35122
35128
35138
35140
35142
35145
35146
35168
35169
35171
35172
35173
35174
35179
35180
35182
35183
35184
35186
35205
35208
35217
35222
35237
35238
35298
35300
35349
35350
35351
35352
35353
35354
35355
35356
35357
35358
35359
35360
35363
35365
35393
35401
35402
35403
35404
35405
35406
35407
35408
35409
35410
35411
35412
35413
35414
35415
35416
35505
35506
35507
35508
35509
35510
35511
35512
35513
35514
35515
35516
35517
35518
35519
35520
35616
35624
35626
35632
35633
35641
35646
35652
35653
35665
35673
35674
35679
35698
35701
35705
35706
35707
35708
35709
35712
35724
35726
35727
35728
35729
35730
35734
35735
35736
35737
35743
35749
35750
35751
35752
35767
35768
35769
35783
35784
35790
35794
35795
35803
35832
35834
35835
35844
35846
35852
35896
35909
35910
35931
35932
35933
35934
35935
35936
35937
35938
35939
35940
35943
35946
35947
35948
35949
35950
35951
35958
35959
35960
35962
35965
35966
35969
35971
35972
35973
35978
35979
35980
35981
35985
35986
35992
35996
36006
36008
36009
36010
36012
36015
36017
36018
36025
36036
36038
36040
36046
36048
36049
36050
36054
36096
36121
36128
36129
36133
36134
36135
36176
36190
36191
36206
36207
36208
36215
36216
36290
36291
36319
36331
36336
36337
36338
36343
36346
36350
36352
36360
36361
36363
36365
36374
36383
36384
36385
36399
36400
36415
36416
36417
36433
36440
36441
36446
36459
36460
36461
36462
36463
36464
36465
36466
36467
36468
36469
36470
36471
36472
36473
36474
36475
36476
36477
36478
36479
36480
36497
36498
36504
36506
36507
36513
36519
36521
36523
36525
36529
36535
36547
36563
36564
36571
36577
36578
36593
36599
36602
36610
36611
36612
36613
36616
36617
36622
36629
36632
36633
36634
36640
36641
36647
36648
36649
36650
36651
36662
36663
36666
36667
36675
36679
36680
36699
36700
36701
36702
36703
36704
36710
36711
36712
36713
36714
36715
36716
36717
36718
36719
36720
36721
36722
36723
36724
36725
36726
36727
36728
36729
36730
36731
36732
36733
36741
36742
36743
36756
36801
36812
36826
36827
36845
36846
36847
36848
36851
36860
36863
36864
36868
36869
36874
36875
36878
36883
36884
36885
36887
36898
36903
36904
36905
36907
36908
36917
36918
36923
36924
36956
36962
36963
36974
36975
36977
36978
36983
36989
36991
36992
37038
37039
37048
37055
37072
37073
37079
37096
37102
37107
37140
37141
37142
37145
37146
37147
37149
37150
37151
37152
37153
37154
37155
37156
37157
37158
37159
37160
37161
37162
37163
37164
37165
37166
37167
37168
37169
37170
37171
37172
37173
37174
37175
37176
37177
37178
37179
37180
37181
37182
37183
37184
37185
37186
37187
37188
37189
37190
37191
37192
37193
37194
37195
37196
37197
37198
37199
37200
37201
37202
37203
37204
37205
37206
37207
37208
37209
37210
37211
37212
37213
37214
37215
37216
37217
37218
37219
37220
37221
37222
37223
37224
37225
37226
37227
37228
37229
37230
37232
37233
37621
37622
37623
37639
37640
37641
37642
37643
37644
37645
37646
37647
37650
37653
37654
37655
37656
37657
37658
37659
37660
37661
37662
37663
37664
37665
37666
37667
37668
37669
37670
37678
37679
37687
37691
37692
37698
37727
37728
37730
37731
37734
37739
37744
37745
37746
37757
37758
37759
37765
37779
37780
37790
37791
37801
37843
37862
37869
37918
37931
37932
37950
38015
38016
38021
38037
38054
38070
38071
38072
38073
38087
38106
38112
38127
38135
38142
38144
38151
38152
38153
38154
38163
38164
38165
38193
38199
38200
38201
38202
38205
38215
38222
38226
38239
38240
38241
38245
38248
38251
38252
38253
38254
38255
38264
38266
38267
38272
38281
38282
38315
38316
38321
38324
38325
38326
38327
38328
38336
38340
38341
38344
38345
38373
38423
38428
38430
38431
38432
38434
38436
38437
38438
38446
38462
38463
38466
38467
38468
38726
38727
38728
38729
38730
38736
38737
38738
38739
38740
38741
38742
38743
38744
38745
38746
38747
38748
38762
38763
38767
38778
38782
38783
38784
38794
38795
38798
38799
38800
38805
38809
38813
38814
38815
38816
38818
38819
38820
38839
38840
38848
38856
38857
38862
38881
38882
38883
38884
38885
38886
38887
38888
38889
38890
38891
38892
38893
38894
38895
38896
38897
38898
38899
38900
38901
38902
38903
38904
38905
38906
38907
38908
38909
38910
38911
38912
38913
38914
38915
38916
38917
38918
38919
38920
38921
38922
38923
38924
38925
38926
38927
38928
38929
38930
38931
38932
38933
38934
38935
38936
38937
38938
38939
38940
38941
38942
38943
38944
38945
38946
38947
38948
38949
38950
38951
38952
38953
38954
38955
38956
38957
38958
38959
38960
38961
38962
38963
38964
38965
38966
38967
38968
38969
38970
38971
38972
38973
38974
38975
38976
38977
38978
38979
38980
38981
38982
38983
38984
38985
38986
38987
38988
38989
38990
38991
38992
38993
38994
38995
38996
38997
38998
38999
39000
39001
39002
39003
39004
39005
39006
39007
39008
39009
39010
39011
39012
39013
39014
39015
39016
39017
39018
39019
39020
39021
39022
39023
39024
39025
39026
39027
39028
39029
39030
39031
39032
39033
39034
39035
39036
39037
39038
39039
39040
39041
39042
39043
39044
39045
39046
39047
39048
39049
39050
39051
39052
39055
39056
39058
39059
39060
39063
39064
39071
39074
39075
39076
39077
39079
39080
39081
39084
39093
39094
39108
39109
39110
39111
39126
39129
39130
39131
39132
39133
39138
39149
39150
39151
39152
39153
39162
39165
39180
39181
39185
39195
39210
39211
39212
39226
39229
39230
39234
39242
39254
39255
39256
39263
39264
39286
39294
39297
39300
39301
39302
39303
39321
39322
39323
39328
39329
39331
39334
39335
39340
39341
39347
39348
39352
39359
39366
39367
39382
39383
39384
39388
39389
39390
39396
39397
39398
39431
39445
39450
39451
39452
39456
39457
39458
39462
39477
39480
39481
39482
39483
39487
39488
39514
39530
39531
39533
39538
39539
39540
39541
39542
39543
39544
39545
39546
39547
39548
39549
39550
39551
39556
39567
39590
39593
39594
39595
39596
39598
39602
39613
39618
39622
39623
39624
39629
39630
39641
39658
39659
39660
39664
39682
39687
39705
39706
39707
39708
39721
39722
39725
39726
39727
39745
39746
39751
39752
39772
39773
39816
39818
39823
39835
39842
39844
39845
39863
39864
39876
39878
39879
39880
39881
39882
39883
39884
39885
39887
39892
39893
39911
39912
39913
39914
39916
39919
39938
39944
39945
39946
39963
39975
39976
39980
39988
39989
39990
39991
39993
40000
40002
40003
40004
40005
40006
40007
40020
40026
40027
40040
40042
40043
40044
40063
40064
40068
40071
40076
40077
40079
40082
40088
40089
40090
40091
40092
40093
40097
40098
40100
40101
40102
40103
40105
40108
40109
40114
40115
40124
40125
40126
40127
40128
40129
40130
40131
40132
40133
40134
40135
40136
40137
40138
40152
40154
40161
40162
40163
40164
40172
40184
40185
40196
40273
40274
40275
40283
40287
40288
40321
40322
40323
40328
40331
40332
40335
40336
40337
40338
40339
40340
40341
40342
40344
40347
40348
40349
40352
40353
40361
40362
40363
40371
40377
40385
40386
40392
40399
40400
40401
40406
40416
40418
40422
40423
40443
40444
40445
40449
40458
40459
40467
40469
40471
40472
40474
40475
40480
40490
40491
40493
40496
40497
40498
40499
40500
40501
40502
40503
40504
40505
40506
40507
40508
40509
40510
40511
40512
40513
40514
40515
40516
40517
40518
40519
40520
40521
40524
40525
40526
40527
40530
40531
40532
40533
40534
40535
40536
40537
40538
40539
40540
40541
40542
40543
40544
40545
40546
40547
40554
40555
40556
40557
40559
40560
40572
40573
40574
40575
40576
40577
40578
40579
40584
40589
40592
40607
40608
40619
40620
40621
40622
40623
40624
40633
40647
40648
40650
40651
40652
40653
40672
40676
40677
40678
40679
40680
40681
40682
40686
40687
40710
40711
40712
40713
40714
40715
40716
40717
40718
40719
40720
40721
40722
40723
40724
40727
40728
40752
40753
40763
40764
40765
40766
40770
40771
40778
40779
40780
40781
40786
40789
40790
40791
40793
40794
40799
40800
40801
40802
40803
40804
40805
40806
40808
40809
40810
40814
40816
40824
40825
40826
40827
40828
40829
40830
40834
40853
40861
40862
40864
40865
40870
40871
40872
40873
40888
40889
40895
40896
40898
40906
40907
40912
40913
40922
40923
40946
40949
40950
40953
40954
40955
40961
40974
40975
40976
40977
40996
40997
40998
41015
41027
41039
41047
41054
41055
41093
41094
41095
41098
41099
41106
41115
41143
41145
41146
41154
41155
41164
41165
41166
41172
41177
41183
41188
41231
41232
41233
41234
41235
41236
41237
41238
41239
41240
41241
41243
41244
41245
41246
41251
41252
41253
41254
41255
41256
41257
41258
41259
41260
41261
41262
41263
41264
41265
41266
41267
41268
41269
41270
41271
41272
41273
41274
41275
41276
41277
41278
41279
41280
41281
41282
41283
41284
41285
41286
41287
41288
41289
41290
41291
41292
41293
41294
41295
41296
41297
41298
41299
41300
41301
41302
41303
41304
41305
41306
41307
41308
41309
41310
41313
41319
41341
41348
41349
41350
41354
41357
41365
41368
41369
41370
41371
41372
41373
41374
41375
41376
41377
41378
41379
41380
41381
41382
41383
41384
41385
41386
41387
41388
41389
41390
41391
41392
41393
41394
41395
41396
41397
41398
41399
41400
41401
41402
41403
41404
41405
41406
41407
41408
41409
41410
41411
41412
41413
41414
41415
41416
41417
41418
41419
41420
41421
41422
41423
41424
41425
41426
41427
41428
41429
41430
41431
41432
41433
41434
41435
41436
41437
41438
41439
41440
41441
41442
41443
41444
41445
41446
41447
41448
41449
41450
41451
41452
41453
41454
41455
41456
41457
41458
41459
41460
41462
41463
41479
41480
41481
41482
41483
41484
41485
41486
41487
41488
41489
41490
41491
41492
41493
41494
41495
41496
41497
41498
41499
41500
41501
41502
41503
41506
41507
41508
41509
41515
41526
41534
41535
41537
41538
41541
41542
41543
41552
41553
41554
41555
41556
41566
41567
41591
41592
41593
41596
41601
41608
41621
41625
41636
41648
41700
41701
41709
41710
41711
41714
41721
41731
41751
41753
41760
41761
41762
41763
41773
41792
41796
41809
41810
41812
41813
41827
41828
41829
41830
41831
41832
41833
41834
41835
41836
41837
41838
41840
41849
41863
41870
41878
41886
41887
41889
41891
41892
41893
41894
41898
41900
41911
41913
41914
41918
41928
41945
41952
41974
41975
41976
41978
41979
41980
41984
41985
41987
41994
41995
41996
41997
42003
42010
42011
42012
42013
42021
42022
42023
42024
42030
42031
42032
42033
42034
42035
42036
42037
42038
42040
42047
42048
42049
42050
42051
42052
42053
42054
42056
42071
42072
42073
42074
42075
42076
42077
42078
42079
42080
42081
42082
42083
42084
42097
42098
42102
42103
42124
42125
42126
42132
42158
42177
42180
42188
42189
42195
42202
42203
42212
42243
42244
42246
42255
42256
42261
42279
42283
42286
42287
42305
42308
42317
42333
42334
42337
42338
42341
42350
42353
42354
42359
42360
42361
42362
42363
42364
42371
42373
42374
42375
42376
42386
42397
42403
42404
42405
42406
42407
42408
42409
42421
42422
42423
42424
42425
42426
42427
42430
42433
42434
42437
42438
42439
42441
42457
42466
42467
42470
42471
42472
42473
42476
42493
42494
42495
42507
42512
42515
42516
42518
42521
42522
42527
42528
42529
42547
42560
42561
42565
42566
42575
42580
42592
42599
42600
42601
42602
42604
42605
42614
42615
42616
42617
42618
42619
42620
42622
42633
42667
42670
42671
42672
42673
42686
42719
42720
42722
42725
42726
42727
42728
42729
42731
42732
42733
42734
42739
42740
42741
42742
42753
42754
42755
42756
42757
42758
42759
42760
42761
42762
42763
42764
42765
42766
42767
42768
42769
42772
42773
42783
42787
42788
42810
42811
42813
42814
42818
42830
42837
42838
42843
42858
42859
42860
42861
42862
42863
42864
42865
42866
42867
42868
42869
42870
42871
42872
42873
42874
42875
42876
42877
42878
42879
42880
42881
42882
42883
42884
42885
42886
42887
42888
42889
42906
42908
42909
42910
42911
42912
42913
42914
42915
42916
42921
42922
42923
42935
42948
42949
42950
42951
42952
42953
42956
42960
42961
42962
42979
42980
42981
42986
42988
43016
43018
43026
43027
43040
43043
43057
43058
43070
43078
43079
43086
43087
43096
43097
43111
43115
43130
43131
43132
43141
43142
43143
43159
43161
43162
43166
43167
43168
43169
43172
43173
43174
43175
43176
43177
43193
43194
43197
43200
43206
43207
43209
43228
43229
43237
43238
43239
43240
43254
43263
43264
43266
43267
43268
43277
43284
43300
43302
43303
43304
43306
43307
43308
43309
43310
43311
43312
43313
43314
43317
43323
43326
43333
43336
43337
43339
43340
43341
43352
43362
43365
43366
43372
43373
43374
43375
43376
43377
43378
43379
43380
43381
43382
43383
43384
43385
43386
43387
43388
43389
43390
43391
43392
43393
43394
43395
43396
43397
43412
43413
43414
43415
43421
43426
43427
43428
43430
43437
43439
43441
43448
43455
43456
43457
43458
43459
43467
43469
43470
43475
43476
43479
43499
43502
43503
43509
43517
43518
43519
43520
43521
43522
43526
43527
43528
43532
43533
43537
43540
43541
43551
43559
43560
43561
43562
43565
43569
43570
43571
43572
43573
43574
43575
43576
43577
43578
43579
43580
43581
43582
43583
43584
43585
43586
43587
43588
43589
43590
43591
43592
43593
43595
43598
43601
43606
43609
43610
43611
43612
43613
43614
43615
43616
43617
43618
43619
43620
43622
43623
43624
43625
43629
43630
43645
43650
43656
43660
43666
43667
43668
43672
43673
43686
43687
43688
43694
43696
43701
43702
43720
43723
43724
43725
43735
43741
43742
43743
43744
43752
43753
43764
43767
43779
43791
43792
43801
43803
43804
43805
43809
43825
43831
43835
43840
43841
43859
43860
43870
43877
43878
43879
43880
43881
43882
43883
43884
43885
43886
43887
43888
43889
43890
43891
43892
43893
43902
43908
43909
43911
43924
43928
43929
43935
43936
43942
43946
43947
43949
43954
43955
43959
43964
43965
43966
43969
43970
43983
43987
43988
43993
43996
44009
44018
44019
44020
44021
44025
44026
44031
44042
44055
44056
44057
44063
44064
44065
44068
44069
44070
44071
44075
44079
44080
44081
44084
44085
44086
44087
44093
44099
44105
44107
44109
44114
44115
44116
44117
44118
44121
44127
44131
44135
44149
44154
44156
44157
44158
44171
44172
44173
44174
44175
44191
44195
44196
44202
44205
44206
44207
44210
44212
44213
44215
44219
44220
44235
44241
44247
44248
44249
44250
44258
44266
44267
44268
44271
44272
44281
44282
44285
44286
44309
44313
44314
44315
44318
44323
44330
44331
44332
44333
44334
44335
44336
44341
44344
44345
44346
44347
44349
44352
44355
44356
44357
44358
44361
44372
44377
44383
44385
44386
44387
44388
44392
44393
44394
44397
44398
44400
44409
44418
44420
44421
44422
44426
44427
44428
44433
44434
44442
44443
44444
44451
44463
44465
44466
44471
44472
44480
44486
44487
44492
44494
44495
44499
44500
44502
44503
44504
44505
44506
44512
44513
44516
44517
44518
44521
44522
44524
44525
44548
44551
44567
44582
44586
44595
44596
44597
44599
44603
44604
44609
44610
44625
44626
44631
44632
44633
44635
44636
44638
44644
44657
44658
44660
44662
44663
44666
44667
44697
44698
44699
44702
44703
44704
44707
44708
44718
44719
44720
44723
44730
44731
44732
44742
44744
44745
44752
44774
44777
44778
44779
44790
44792
44793
44803
44804
44805
44808
44814
44815
44826
44838
44852
44853
44854
44858
44860
44861
44868
44869
44870
44871
44872
44873
44875
44876
44877
44878
44879
44880
44885
44891
44892
44898
44899
44903
44905
44907
44909
44914
44919
44920
44921
44922
44923
44924
44927
44943
44944
44945
44946
44947
44948
44949
44963
44964
44965
44966
44980
44981
44985
44986
45004
45005
45025
45026
45027
45031
45101
45105
45106
45109
45110
45111
45112
45113
45114
45115
45116
45119
45121
45125
45142
45146
45156
45157
45158
45159
45164
45187
45188
45190
45195
45196
45197
45198
45199
45200
45201
45202
45203
45204
45205
45214
45215
45216
45218
45224
45225
45226
45227
45228
45229
45230
45231
45232
45233
45234
45235
45236
45237
45238
45239
45240
45241
45242
45243
45244
45245
45246
45247
45248
45249
45250
45251
45252
45253
45254
45255
45256
45257
45258
45259
45260
45261
45262
45263
45264
45265
45266
45267
45268
45269
45270
45271
45272
45273
45274
45275
45276
45277
45278
45279
45280
45281
45282
45283
45284
45285
45286
45287
45288
45289
45290
45291
45292
45293
45294
45295
45296
45297
45298
45299
45300
45301
45302
45303
45304
45305
45306
45307
45308
45309
45310
45311
45312
45313
45314
45315
45316
45317
45318
45319
45325
45326
45345
45347
45348
45356
45357
45358
45362
45382
45383
45384
45385
45396
45397
45416
45417
45418
45419
45420
45421
45422
45423
45424
45425
45426
45427
45428
45429
45430
45431
45437
45438
45439
45472
45490
45493
45498
45500
45502
45503
45504
45517
45518
45519
45522
45523
45543
45546
45547
45548
45549
45550
45551
45562
45563
45568
45570
45571
45591
45592
45593
45594
45595
45596
45600
45601
45603
45645
45661
45662
45672
45690
45691
45692
45693
45694
45701
45702
45710
45716
45717
45718
45719
45731
45739
45749
45750
45762
45763
45781
45782
45783
45784
45785
45786
45787
45812
45815
45818
45833
45859
45882
45886
45895
45898
45905
45906
45907
45908
45928
45935
45936
45949
45950
45955
45956
45957
45965
45966
45985
45986
45987
45988
45994
46004
46005
46006
46016
46018
46019
46020
46021
46022
46023
46024
46025
46045
46046
46051
46052
46053
46054
46055
46056
46057
46058
46059
46060
46061
46062
46063
46064
46065
46066
46067
46068
46069
46070
46071
46072
46073
46074
46075
46076
46098
46099
46107
46117
46123
46124
46125
46126
46127
46128
46132
46133
46134
46135
46136
46147
46148
46149
46150
46156
46181
46182
46183
46184
46185
46186
46187
46188
46190
46191
46206
46207
46208
46209
46210
46211
46215
46234
46235
46236
46237
46239
46240
46241
46242
46243
46245
46246
46247
46248
46253
46254
46255
46256
46260
46261
46262
46263
46264
46265
46266
46267
46268
46269
46270
46271
46272
46273
46274
46275
46276
46277
46278
46279
46280
46281
46295
46296
46299
46300
46301
46302
46303
46304
46305
46306
46307
46308
46315
46317
46318
46319
46320
46321
46322
46323
46324
46325
46326
46329
46330
46331
46332
46333
46334
46335
46336
46337
46338
46339
46340
46341
46342
46363
46365
46366
46367
46368
46369
46370
46371
46372
46373
46374
46383
46385
46394
46404
46405
46406
46407
46411
46412
46423
46437
46438
46439
46440
46441
46442
46443
46444
46445
46446
46447
46448
46450
46451
46452
46453
46454
46461
46462
46474
46476
46477
46478
46479
46480
46481
46482
46483
46484
46485
46486
46501
46502
46503
46504
46506
46507
46525
46526
46527
46544
46547
46566
46567
46568
46569
46570
46571
46572
46573
46574
46575
46576
46577
46578
46579
46580
46581
46582
46583
46584
46589
46591
46592
46593
46595
46596
46597
46606
46607
46608
46609
46618
46632
46633
46634
46635
46636
46640
46646
46648
46649
46661
46664
46665
46666
46667
46668
46670
46671
46675
46678
46679
46680
46681
46682
46705
46706
46707
46708
46736
46737
46749
46750
46751
46757
46758
46761
46762
46766
46805
46809
46810
46815
46816
46817
46818
46819
46820
46821
46822
46823
46824
46825
46826
46827
46828
46829
46853
46854
46867
46868
46888
46889
46891
46893
46899
46900
46901
46902
46903
46904
46905
46906
46907
46909
46910
46911
46913
46914
46915
46923
46924
46925
46926
46944
46948
46966
46967
46968
46969
46970
46973
46974
46975
46976
46977
46978
46979
46980
46986
46987
46988
46989
46990
46991
46992
46993
46994
46995
46996
46998
46999
47000
47001
47002
47003
47004
47013
47014
47022
47023
47024
47025
47026
47027
47028
47030
47031
47038
47039
47040
47041
47042
47043
47044
47045
47046
47047
47057
47058
47059
47060
47061
47062
47076
47098
47100
47103
47104
47107
47108
47112
47113
47122
47123
47124
47125
47126
47127
47128
47129
47132
47136
47137
47138
47140
47141
47142
47155
47156
47159
47165
47166
47167
47168
47169
47170
47171
47172
47173
47174
47175
47176
47177
47178
47179
47180
47191
47192
47193
47194
47195
47196
47197
47204
47205
47206
47207
47212
47213
47216
47217
47218
47219
47220
47222
47223
47225
47230
47239
47245
47246
47249
47256
47264
47265
47266
47267
47268
47271
47272
47273
47282
47283
47284
47285
47286
47287
47288
47289
47302
47303
47305
47306
47307
47312
47313
47314
47315
47316
47317
47318
47319
47320
47321
47322
47323
47324
47325
47331
47332
47333
47334
47335
47336
47343
47375
47376
47380
47381
47382
47383
47386
47387
47388
47390
47394
47396
47397
47400
47401
47402
47403
47404
47412
47413
47414
47423
47424
47425
47426
47434
47437
47438
47439
47440
47445
47457
47458
47459
47460
47461
47462
47463
47464
47465
47466
47467
47468
47469
47470
47471
47473
47474
47475
47476
47477
47478
47479
47480
47481
47482
47483
47484
47496
47497
47498
47500
47511
47519
47520
47535
47536
47542
47543
47551
47553
47555
47561
47562
47587
47589
47590
47593
47601
47602
47603
47612
47613
47614
47615
47638
47639
47640
47641
47642
47644
47645
47654
47655
47656
47657
47671
47675
47677
47681
47689
47693
47694
47695
47696
47700
47701
47739
47740
47741
47763
47767
47768
47769
47771
47772
47773
47774
47777
47778
47779
47780
47781
47782
47783
47785
47786
47787
47788
47793
47805
47821
47835
47845
47855
47862
47863
47864
47871
47872
47876
47879
47881
47882
47884
47885
47889
47890
47900
47901
47902
47903
47904
47905
47906
47907
47908
47909
47910
47919
47927
47928
47929
47935
47942
47943
47944
47947
47952
47956
47957
47958
47959
47960
48005
48006
48010
48014
48024
48025
48037
48048
48049
48050
48051
48052
48062
48068
48079
48081
48086
48108
48109
48110
48119
48129
48132
48133
48134
48135
48136
48137
48138
48139
48140
48141
48142
48143
48157
48158
48171
48175
48216
48224
48243
48246
48247
48248
48249
48256
48257
48258
48259
48260
48261
48262
48263
48264
48269
48270
48299
48332
48335
48342
48344
48351
48359
48363
48365
48388
48406
48410
48412
48413
48419
48423
48428
48434
48435
48436
48437
48438
48440
48443
48449
48454
48462
48463
48466
48468
48469
48472
48473
48475
48476
48477
48491
48492
48506
48515
48525
48526
48527
48529
48550
48564
48565
48566
48568
48569
48570
48571
48616
48617
48618
48619
48638
48639
48659
48686
48690
48692
48695
48698
48699
48708
48709
48734
48743
48774
48804
48805
48824
48844
48853
48865
48876
48890
48895
48905
48959
48993
48995
49001
49010
49028
49036
49037
49093
49104
49105
49106
49107
49111
49133
49150
49151
49152
49153
49154
49159
49169
49172
49182
49208
49209
49210
49451
49455
49474
49476
49477
49485
49496
49500
49516
49522
49526
49554
49568
49601
49604
49609
49617
49632
49640
49642
49675
49679
49685
49707
49708
49709
49714
49721
49759
49769
49807
49814
49836
49839
49844
49848
49861
49862
49876
49881
49907
49908
49918
49925
49936
49940
49963
49966
49968
49971
49981
49982
49989
49999
50004
50014
50037
50050
50053
50054
50063
50083
50087
50093
50095
50100
50109
50118
50119
50126
50137
50139
50152
50154
50163
50164
50166
50167
50176
50190
50195
50196
50198
50205
50214
50221
50230
50232
50238
50245
50248
50257
50259
50266
50280
50281
50282
50283
50284
50285
50288
50291
50296
50297
50302
50304
50310
50325
50327
50329
50330
50331
50333
50335
50339
50343
50350
50352
50353
50355
50370
50372
50374
50378
50380
50388
50401
50403
50405
50406
50408
50409
50411
50421
50422
50425
50430
50432
50433
50435
50436
50441
50442
50443
50446
50447
50448
50454
50455
50456
50457
50458
50459
50460
50467
50469
50472
50473
50474
50475
50477
50478
50483
50489
50493
50497
50506
50509
50512
50515
50522
50523
50537
50541
50544
50547
50550
50551
50565
50568
50576
50587
50591
50605
50621
50625
50641
50645
50651
50652
50653
50654
50664
50666
50680
50686
50713
50714
50715
50723
50729
50732
50733
50742
50745
50747
50749
50751
50759
50762
50764
50766
50769
50773
50774
50777
50778
50783
50785
50793
50794
50795
50797
50798
50799
50802
50804
50806
50817
50818
50829
50830
50845
50850
50866
50872
50876
50877
50878
50879
50880
50890
50911
50914
50915
50919
50932
50940
50941
50943
50946
50948
50950
50952
50953
50954
50960
50964
50968
50969
50976
50981
50986
50991
50999
51003
51006
51007
51016
51017
51021
51022
51028
51031
51035
51038
51040
51041
51047
51057
51058
51060
51062
51068
51069
51077
51080
51085
51086
51097
51101
51102
51108
51115
51120
51122
51127
51134
51138
51139
51147
51155
51158
51159
51161
51163
51164
51165
51174
51179
51182
51185
51193
51194
51197
51204
51210
51213
51224
51228
51229
51232
51234
51236
51240
51241
51243
51247
51253
51256
51259
51262
51264
51266
51267
51268
51270
51276
51277
51280
51281
51282
51283
51286
51290
51291
51292
51298
51299
51301
51302
51303
51304
51305
51306
51307
51314
51316
51317
51318
51322
51328
51329
51331
51332
51337
51338
51341
51343
51344
51348
51349
51350
51354
51356
51357
51363
51364
51365
51366
51370
51373
51374
51375
51376
51377
51378
51379
51380
51381
51382
51386
51387
51388
51389
51391
51392
51393
51395
51396
51397
51399
51401
51402
51403
51406
51407
51411
51413
51417
51418
51419
51420
51422
51425
51427
51429
51430
51432
51435
51439
51441
51446
51448
51449
51451
51453
51455
51456
51457
51459
51466
51468
51469
51471
51473
51478
51482
51484
51488
51489
51490
51492
51495
51496
51497
51498
51499
51501
51502
51503
51505
51506
51507
51510
51514
51515
51520
51521
51524
51525
51526
51528
51532
51537
51539
51541
51542
51545
51546
51547
51549
51551
51558
51559
51560
51566
51567
51569
51570
51575
51577
51583
51586
51592
51594
51598
51599
51610
51611
51614
51615
51618
51620
51621
51623
51624
51627
51630
51634
51646
51647
51650
51656
51670
51674
51675
51678
51681
51695
51713
51714
51718
51720
51726
51731
51740
51751
51752
51753
51762
51764
51768
51770
51771
51774
51776
51787
51791
51792
51794
51795
51801
51810
51815
51821
51824
51825
51837
51843
51845
51848
51851
51853
51871
51874
51882
51883
51893
51894
51896
51904
51908
51910
51913
51916
51918
51925
51929
51931
51937
51940
51944
51947
51951
51953
51956
51962
51965
51967
51971
51986
51987
52001
52011
52012
52013
52021
52022
52025
52027
52033
52038
52048
52050
52053
52056
52061
52069
52075
52079
52083
52085
52087
52095
52099
52102
52110
52117
52132
52133
52136
52139
52149
52150
52155
52160
52165
52167
52168
52174
52177
52178
52180
52183
52184
52185
52187
52203
52210
52220
52223
52233
52235
52236
52240
52241
52245
52249
52252
52255
52256
52265
52269
52279
52280
52289
52291
52297
52300
52301
52303
52306
52311
52313
52318
52323
52329
52333
52337
52345
52349
52351
52352
52357
52359
52366
52367
52368
52374
52377
52386
52389
52390
52396
52400
52403
52406
52408
52417
52421
52424
52428
52429
52432
52437
52441
52447
52450
52452
52453
52467
52473
52475
52484
52485
52488
52489
52491
52495
52499
52500
52507
52509
52510
52512
52519
52520
52522
52523
52529
52533
52537
52539
52540
52541
52542
52549
52551
52558
52564
52568
52575
52581
52587
52589
52590
52591
52609
52616
52619
52627
52631
52632
52644
52645
52646
52649
52650
52654
52656
52660
52663
52668
52669
52677
52682
52684
52688
52702
52704
52706
52712
52727
52732
52739
52747
52755
52756
52757
52765
52768
52769
52771
52774
52776
52778
52779
52784
52786
52793
52795
52798
52799
52802
52803
52806
52813
52815
52817
52818
52819
52821
52823
52825
52827
52830
52831
52835
52839
52840
52841
52846
52847
52848
52851
52870
52882
52888
52889
52893
52901
52910
52913
52918
52927
52928
52933
52941
52944
52952
52958
52959
52969
52973
52974
52976
52978
52986
52990
52991
52995
52999
53000
53012
53016
53019
53024
53028
53031
53034
53036
53043
53044
53046
53047
53053
53054
53066
53069
53074
53076
53079
53080
53083
53086
53087
53088
53090
53091
53094
53097
53106
53107
53118
53121
53122
53126
53127
53130
53131
53134
53141
53142
53146
53148
53152
53153
53156
53158
53160
53162
53163
53166
53170
53176
53177
53178
53191
53196
53197
53200
53201
53203
53215
53217
53221
53224
53231
53237
53243
53245
53249
53254
53255
53260
53261
53262
53263
53264
53271
53275
53276
53280
53285
53290
53294
53299
53300
53314
53316
53320
53332
53333
53335
53336
53344
53348
53351
53353
53354
53355
53362
53368
53370
53373
53374
53376
53379
53384
53389
53391
53393
53398
53404
53407
53413
53415
53420
53421
53425
53428
53430
53437
53439
53445
53450
53454
53455
53456
53459
53460
53462
53471
53472
53481
53485
53488
53491
53502
53506
53512
53513
53516
53517
53520
53527
53529
53535
53541
53545
53548
53551
53553
53567
53569
53570
53574
53578
53580
53584
53589
53591
53593
53598
53600
53601
53604
53607
53612
53629
53633
53635
53636
53645
53647
53648
53657
53658
53659
53664
53668
53676
53680
53687
53688
53692
53698
53701
53702
53711
53714
53715
53724
53725
53728
53734
53737
53743
53753
53754
53760
53766
53767
53769
53777
53779
53780
53783
53786
53787
53800
53810
53811
53813
53816
53817
53818
53823
53832
53836
53843
53849
53850
53860
53861
53893
53895
53896
53898
53901
53906
53911
53913
53915
53917
53924
53931
53935
53939
53945
53957
53967
53968
53981
53982
53986
53989
53991
53992
53999
54004
54006
54017
54019
54022
54024
54026
54027
54029
54032
54036
54040
54045
54048
54051
54053
54054
54062
54063
54072
54074
54077
54082
54083
54084
54085
54088
54089
54094
54097
54099
54100
54104
54106
54107
54115
54117
54120
54124
54129
54135
54140
54143
54151
54152
54155
54159
54161
54164
54165
54166
54170
54173
54179
54181
54182
54184
54187
54189
54193
54196
54201
54204
54205
54210
54214
54226
54228
54229
54230
54235
54238
54240
54242
54244
54249
54252
54257
54258
54263
54266
54270
54271
54276
54279
54285
54288
54289
54290
54291
54292
54296
54305
54306
54309
54317
54318
54324
54327
54328
54335
54338
54340
54343
54346
54349
54352
54360
54361
54368
54369
54377
54378
54382
54386
54387
54389
54391
54393
54399
54401
54405
54418
54422
54424
54437
54438
54439
54442
54451
54454
54455
54459
54464
54465
54470
54471
54478
54484
54488
54491
54499
54500
54502
54507
54508
54510
54511
54515
54517
54521
54525
54533
54537
54540
54544
54545
54546
54552
54555
54557
54558
54560
54565
54566
54569
54570
54571
54573
54575
54577
54583
54589
54606
54607
54611
54615
54617
54618
54622
54624
54625
54631
54636
54639
54643
54649
54652
54653
54656
54659
54660
54663
54670
54671
54673
54675
54679
54688
54692
54693
54698
54701
54702
54708
54711
54716
54717
54718
54721
54722
54724
54726
54731
54734
54736
54742
54748
54758
54760
54768
54779
54785
54787
54791
54795
54796
54797
54801
54809
54810
54811
54812
54814
54821
54824
54825
54826
54828
54834
54836
54838
54843
54848
54849
54851
54857
54859
54860
54861
54864
54870
54871
54872
54876
54880
54884
54885
54889
54890
54897
54901
54902
54903
54908
54921
54922
54923
54924
54929
54934
54937
54939
54941
54944
54947
54948
54949
54956
54958
54959
54963
54966
54976
54978
54979
54982
54994
54995
54999
55006
55007
55016
55023
55038
55042
55046
55049
55050
55051
55057
55061
55062
55064
55065
55066
55069
55083
55086
55089
55094
55098
55100
55102
55104
55106
55109
55110
55112
55113
55117
55120
55123
55126
55128
55133
55137
55143
55150
55154
55155
55158
55159
55162
55169
55174
55177
55179
55185
55186
55192
55194
55197
55202
55206
55208
55211
55212
55213
55219
55221
55223
55224
55233
55235
55242
55244
55246
55247
55249
55260
55261
55267
55273
55277
55278
55279
55280
55292
55296
55300
55307
55308
55312
55313
55343
55347
55351
55355
55356
55362
55365
55368
55371
55372
55373
55375
55376
55380
55384
55388
55389
55394
55406
55407
55410
55412
55413
55414
55415
55420
55422
55427
55432
55433
55437
55443
55446
55448
55454
55455
55459
55463
55465
55468
55471
55473
55475
55483
55485
55495
55501
55502
55509
55512
55517
55520
55521
55525
55530
55533
55534
55535
55538
55540
55541
55554
55555
55558
55560
55561
55571
55572
55574
55577
55581
55584
55586
55591
55597
55600
55602
55604
55609
55610
55613
55621
55624
55627
55630
55633
55638
55642
55644
55647
55649
55651
55653
55662
55669
55671
55672
55673
55674
55688
55694
55696
55699
55700
55703
55707
55708
55709
55710
55712
55721
55724
55725
55732
55733
55736
55737
55744
55746
55764
55770
55780
55781
55782
55786
55790
55791
55792
55793
55795
55799
55801
55802
55803
55808
55816
55818
55821
55822
55827
55832
55835
55840
55841
55845
55850
55851
55853
55855
55856
55862
55864
55868
55870
55873
55875
55877
55881
55883
55890
55894
55895
55899
55902
55903
55908
55909
55911
55913
55914
55917
55918
55926
55927
55947
55949
55953
55954
55956
55957
55960
55961
55963
55967
55970
55971
55976
55984
55985
55990
55991
55997
55998
56003
56007
56008
56012
56017
56018
56019
56024
56026
56036
56038
56046
56050
56051
56052
56054
56062
56066
56069
56076
56079
56086
56087
56092
56093
56097
56100
56105
56106
56109
56114
56117
56120
56122
56123
56124
56125
56128
56130
56132
56133
56137
56144
56146
56147
56148
56149
56157
56158
56161
56162
56163
56166
56168
56174
56175
56180
56182
56184
56190
56202
56205
56206
56210
56214
56215
56218
56220
56225
56229
56232
56237
56238
56245
56251
56255
56259
56261
56268
56277
56278
56281
56282
56284
56286
56292
56299
56300
56302
56305
56306
56309
56310
56312
56316
56317
56320
56325
)


// ************************************************************************* //
