/*--------------------------------*- C++ -*----------------------------------*\
| =========                 |                                                 |
| \\      /  F ield         | OpenFOAM: The Open Source CFD Toolbox           |
|  \\    /   O peration     | Version:  v2012                                 |
|   \\  /    A nd           | Website:  www.openfoam.com                      |
|    \\/     M anipulation  |                                                 |
\*---------------------------------------------------------------------------*/
FoamFile
{
    version     2.0;
    format      ascii;
    class       volScalarField;
    location    "400";
    object      gammaInt_0;
}
// * * * * * * * * * * * * * * * * * * * * * * * * * * * * * * * * * * * * * //

dimensions      [0 0 0 0 0 0 0];


internalField   nonuniform List<scalar> 
13851
(
1
1
1
1
1
1
1
1
1
1
1
1
1
1
1
1
1
1
0.999815
1
1
1
1
1
1
1
1
1
1
1
1
1
1
1
1
1
0.99609
1.00002
1
1
1
1
1
1
1
1
1
1
1
1
1
1
1
1
1
1
1
1
1
1
1.00001
1
1
1
0.999974
1
0.990338
1
1
1
1
0.997183
1
1
1
1
1
1
1
1
1
1
1
1
0.999998
1
1
1
1
1
1.00002
0.999999
1
1
1
1
1
1
1
1
1
1
1
1
1
0.999994
1
1
1.00002
1
1
1
0.999995
1
1
1
1
1
1
1
1
1
0.999999
1
1
1
1
1
1
1.00005
1
1
1
1
1
1
1
0.998555
1
1
1
1
1
1
1
1
1
1.00003
1
1
1
1
1
1
1
1
1
1
1
1
1
1
1
1
1
1
0.999999
1
1
1
1
1
1
1
1
1
1
1
0.99984
1
1
1.00034
1
1
1
1
1
1
1
0.999942
1
1
1
1
1
1
1
1
1
1
1
1
1
1
1
1
1
1
1
1
1
1
1
1
1
1
1
1
1
1
1
1
1
1.00001
1
1
1
1
1
1
1
1
1
1
1
1
1
1
1
1
1
1
1
1
1
1
1
1
1
1
1
1
1
1
1
1
1.00001
0.99972
1
1
1
1
1
1
1
1
1
1
1
0.999999
1
1
1
1
1
1
1
0.999994
1
1
1
1
1
1
1
1
1
1
1
1
0.999875
1
1
1
1
0.999996
1
1
1
1
1
1
1
1
1
1
1
1
1
1
1
1
1
1
1
1
1
1
1
1
1
1
1
1
1
1
1
1
1
1
1
1
1
1
1
1
1
1
1
1
0.999912
0.999992
1
1
0.999961
1
1
1
1
1
1
1.00007
1
1
1
1
1
1
1
1
1
1
1
1
1
1
1
1
1
1
1
1
1
1
1
1
1
1
1
1
1
0.999997
0.999999
1
1
1
1
1
1
1
1
1
1
1
1
1
1
1
1
1
1
1
1
1
1
1
1
1
1
1
1
1
1
1
1
1
1
1
1
1
1.00002
1
1
1
1
1
0.999895
1
1
1
1
1
1
1
1
1
1
1
1
1
1
1
1
1
1
1
1
1
1
1
1
1
1
1
1
1
1
1
1
1
1
1
1
1
1
1
1
1
1
1
1
1
1
1
1
1
1
1
1
1
1
1
1
1
1
1
1
0.999997
1
1
1
1
1
1
1
1
1
1
1
1
1
0.999998
1
1
1
1
1
1
1
1
1
1
1
1
0.999115
1
1
1
1
1
1
1
1
1
1
1
1
1
1
0.999997
1
1
1
1
0.99994
1
0.999607
1
1
0.999995
1
1
1
1
1
1
1
1
1
1
1
1
1
1
1
1
1
1
1
1
1
1
1
1
1
1
0.999999
1
1
1.00001
1
1
1
1
0.999999
1
1
1
1
1.00001
1
1
1
1
1
1
1
1
1
1
1
1
1
1
1
1
1
1
1
1
1
1
1
1
1
1
1
1
1
1
1
1
1
1
1
1
1
1
1
1
1.00002
1
1
1
1
1
1.00004
0.99999
1
1
1
1
1
1
1
1
0.999983
1
1
1
1
1
1
0.999514
1
1
1
1
1
1
1
1
1
1.00001
1
1
1
1
0.999943
1
1
1
1
1
1
1
1.00016
1
1
1
1
1
0.999996
1
1
1
1
1
0.999999
1
1
1
1
1
1
1
1
1
1
1
1
1
1
1
1
1
1
1
1
1
0.999978
1
1
1
1
1.00002
1
1
1
1
1
1
0.992956
1
1
1
1
1
1
1
1
1
1
1
1
1
1
1
1
1
1
1
1
1
1
1
0.997721
1
1
1
1
1
1
1
1
0.999999
1
1
1
1
1
1
1
1
1
1
1
1
1
1
1
1
1.00007
1
1
1
1
1
1
1
1
0.999999
1
1
1
1
1
1
1
1
1
1
1
1
1
1
1
1
1
1
1
1
1
1
0.998786
1
1
1
1
1
1
1
1
1
1
1
1
1
1
1
1
1
1
1
1
1
1
1
1
1
1
1.00028
1
1
1
0.999999
1
1
1
1
1
1
1
1
1
1
1
1
1
1
1
1
1
1
1
1
1
1
1
1
1
1
1
1
1
1
1
1
1
1
1
1
1
1
1
1
1
1
1
1
1
1
1
1
1
1
1
1
0.99993
1
1
1
1
1
1
1
1
1
1
1
1
1
1
1
1
1
1
0.999864
1
1
1
1
1
1
1
1
1
1
1
1
1
1
1
1
1
1
1
1
1
1
1
1
1
0.997645
1
1
1
1
1
1
1
1
1
1
1
1
1
1
1
1
1
1
1
1
0.999998
1
1
1
1
1
1
1
1.00035
1
1.00016
1
1
1
1
1
1
1
1
1
1
1
1
1
1
1
0.999995
1
0.999964
1
1
1
1
1
1
1
1
1
1
1
1
1
1
1
1
1
1
1
1
1
1
1
1
1
1
1
0.999605
1
1
1
1
1
1
1
1
1
1
1
1
1
0.999898
1
1.0002
1
1
1
1
1
1
1
1
1
1
1
1
1
0.994575
1
1
1
1
1
1
1
0.999999
1
1
1
1
1
1
1
1
1
1
1
1
1
1
1
1
1
1
1
1
1
1
1
1
1
1
1
1
1.00004
1
1
1
1
0.999834
1
1
1
1
1
1
1
1
0.999871
1
1
1
1
1
0.999999
1
1
1
1
1
1
1
1
1
1
1
1
1
1
1
1
1
0.999988
0.999999
1
1
1
1
0.999997
1
1
1
1
1
1
1
1
1
0.999997
1
1
1.00003
1
1
1
1
1.00001
1
1
1
1
1
1
1
1
1
0.999997
1
1
1
1
0.999994
1
1
1
1
1
1
1
1
1
1
1
1
1
1
1
1
1
1
1
1
1
1
1
1
1
1
0.999983
1
1
1
1.00001
1
1
1
1
1
1.00023
1
1
1
1
1.00005
1
1
1
1
1.00004
1
1
1
1
1
1
1
1
1
0.999999
1
1
0.998981
0.999978
1
1
1
1
1
1
1
1
1
1
1
1
1
1
1
1
0.999996
1
1
1
1
1
1
1
1
1
1
1
1
1
1
1
1
1
1.00018
1
1
1
1
1
1
1
1
1
1
1
1
1
1
1
1
1
1
1
1
1
0.999999
1
1
1
1
0.999998
1
1
1
1
0.999999
1
1
1
1
1
1
1
0.99992
1
1
1
1
1
1
1
1
1
1
1
1
1
1
1
1
1.00002
1
1
1
1
1
1.00033
1
1
1
0.999994
1.00001
1
1
1
1
0.999999
0.999536
1
1
1
1
1
1
1
1
1
1
1
1
1
1
1
1
1
1
1
1
0.999804
1
1.00001
1
1
1
1
1.00032
1
1
1
1
1.00001
1
1
1
1
1
1
1
1
1
1
1.00003
1
1
1
1
1
1
1
1
1
1
1
1
1
1
1
1
1.00025
1
1
1
1
1
1
1
1
1
1
1
0.999986
1
1.0013
1
1
1
1
1
1
1
1
1
1
1
1
1
1
1
1
1
1
1
1
1
1
1
1
1
1
1
1
1
1.00053
1
1
1
1
1
1.00001
0.999459
1
1
1
1
1
1
1.00001
1
1
1
1
1
1
1
1
1
1
1
1
1
1
1
1
1
1
1
1
1
1
1
1
1
1
1
1
1
1
1
1
1
1
1
1
1
1
1
1
1
1
1
1
1
1
1
1
1
1
1
1
1
1
1
1
1
1
1
1
1
1
1
1
1
1
1
1
1
1
1
1
1
1
1
1
1.00018
1
1
1.00001
1
1
1
1
1
1.00014
1
1
1
1
1
1
1
1
1
1
1
1
1
1
1
1
1
1
1
1
1
1
1
1
1
1
1
1
1
1
1
1
1
1
1
0.999357
1
1
1
1
1
1
1
1
1
1
1
1
1
1
1
1
1
1
1
1
1
1
1
1
1.00001
1
1
1
1
1
1
1
1
1
1
1
1
1
1
1
1
1
1
1
1
1
1
0.999991
1
1
1
1
1
1
1
1
1
1
1
1.00001
1
1
1
1
1
1
1
1
1
1
1
1
1
1.00003
1
1
1
1
1
1
1
1
1
1
1
1
1
1
1
1
1
1
1
1
1
1
1
1
1
1
1
1
1
1
1
1
0.999998
1
1
1
1
1
1
1
1
1
1
1
1
1
1
1
1
1
1
1
1
1
1
1
1
1
1
1
1
1
1
0.998907
1
1
1
1
1
1
1
1
0.999995
1
1
1
1
0.997661
1
1
1
1
1
1
1
1
1
1.00002
1
1
1
1
1
1
0.999999
1
1
1
1
1
1
1
1
1
1
1
1
1
1
1
1
1
1
1
1
1
1
1
1
1
1
1
0.999984
1
1
1
1
1
1
1
1
1
1
1
1
1
1
1
1
1
1
1
1
1
1
1
1
1
1
1.00001
1
1
1
1
1
1
1
1
1
1
1
1
1
1
1
1
1
1
1
1
1
1
1
1
1
1
1
0.999996
0.999983
1
1
1
1
1
1
1
1
1
1
1
1
1
1
1
1
1
1
1
1
1
1
1
1
1
1
1
1
1
1
1
1
1
1
1
1
1
1
1
1
1
1
1
1
1
0.999901
1
1
1
1
1
1
1
1
1
1
1
1
0.996292
1
1
1
1
1
0.999999
1
1
1
1
1
1
0.99997
1
1
1
1
1
1
1
1
1
1
1
1
1
1
1
1
1
1
1
1
1
1
1
1
1
1
1
1
1
1
1
1
1
1
1
1
1
1
1
1
1
1
1
1
1
1
1
1
1
0.999981
1
1
1
1
1
1
1
1
1
1
1
1
1
1
1
1
1
1
1
1
1
1
1
1
1
1
1
1
1
1
1
1
1
1
0.999998
1
0.999992
1
1
1
1
1
1
1.00029
1
1
1
1
1
1
1
1
1
0.999994
1
1
1
1
1
1
1
1
1
0.999998
1
1
1
1
1
1
1
1
1
1
1
1
1
1
0.999999
1
1
1
1
1
1
1
1
1
1
1
1
1
0.991655
1
0.991134
1
1
1
1
1
1
1
1
1
1
1
1
1
0.99984
1.00001
1
1
1
1
1
1
0.999998
1
1
1
1
0.999997
1
1
1
1
1
1
1
1
1
0.99923
1
1
1
1
1.00012
1
1
0.998431
1
1
1
1
1
1.00088
1
1
1
1
1
1
1
1
1
1
1
1
1
1
1
1
1
1
1
1
1
1
1
1
1
1
1
1
1
1
1
1
0.999998
0.999572
1
1
1
1.00001
1
1
1
1
1
1
1
1
1
1
1
1
1
1
1
1
1
1
0.998831
1
1
1.00007
1
0.999999
1
1
1
1
1
1
1
1
1
1
1
1
1
1
0.999999
1
1
1
1
1
1
1
1
1
0.999999
1
1
1
1
1
1
1
1
1
1
0.999607
1
1
1
1
1
1
1
1
1
1
1
1
1
1
1
1
1
1
1
1
1
0.99838
1
1
1
1
1
1
1
1
1
1
1
1
1
1
1
1
1
0.999379
1
1
1
1.00001
1
1
0.999304
1
1
1
1
1
1
1
1
1
1
1
1
1
1
1
1
1
1
1
1
1
1
1
1
1
1
0.995962
0.994951
1
1
1.00001
1
1
1
0.99988
1
1
1
0.999339
1
1
1
1
1
1
1
1
0.985671
1
1
1
1
1
1
1
1
1.00002
1
1
1
1
1
1
1
1
1
1
1
1
1
1.0002
0.999186
1.00014
1
1
1
1
1
1
0.988598
1
1
1
1
1
1
1
1
1
0.999994
1
1
1
1
1
1
1
1
1
1
1
1
1
1
1
1
1
1
1
1
1
1
1
1
1
1
1
1
1
1
1
1
1
1
1
1
1
1
1
1
1
1
1
1
1
1
1
1
1
1
1
1
1
1
0.999987
1
1
1
1
1
1
1
1
1
0.999587
1
1
0.99999
1
1
1
1
1
1
1
1
1
1.00001
1
1
1
1
1
1
0.999997
1
1
1
1
1
1
1
1
1
1
1
1
0.999945
1
1
0.999999
1
1
1
1
1
1
1
1
1
1
1
1
1
1
1
1
1
0.999937
1
1
1
1
1
1
1
1
1
1
1
1
1
1
1
1.00002
1
1
1.00018
1
1
1
1.00006
1
1
1
1
1
1
0.997792
1
1
1
1.00037
1
1
1
1
1
1
0.999997
1
1
1
1
1
1
1
1
1.00034
1
1
1
0.999999
1
1
1
1
1
1
1
1
1
1
1
1
1
0.999972
1
1
1
1
1
1
1
1
1
1
1
1
1
1
0.999957
1
1
0.999879
1
1
1
1
1
1
1
1
1
1
1
0.999955
1
1
1
1
1
1
1
1
1
1
1
0.999991
1
1
1
1
1
1
1
1
1
1
1
1
1
1
1
1
1
1
1
1
1
1
1
1
1
1
1
1.00001
1
1
1
1.00058
0.999995
1
1
1
1
1
0.999998
1
1.00027
1
1
1
1
1
1
1
1
1
1
1
1
1
1
1
1
1
1
1
1
1
1
1
1
1
1
1
1
1
1
1
1
1
1
1
1
1
1
1
1
1
1
1
1
1
1
0.99999
1
1
1
1
1
1
1
1
1
1
1
1
1
1
1
1
1
1
1
0.999999
1
1
1
1
1
1
1
1
1
1
1
1
1
1
1
1
1
1
0.999804
1
1
1
1
1
1
0.999999
1
1
1
1
1
1
1
1
0.999994
1
1
1
0.999999
1
1
1
1
1
0.999998
1
1
1
0.999997
1
1
1
1
0.999998
1
1
1
1
1
1
1
1
1
1
1
1
1
1
1
1
1
0.999122
1
1.00001
1
0.998013
1
1
1
1
1
1
1
1
1
1
1
1
1
1
1
1
1
1
1
1
1
1
1
1
1
1
1
1
1
1
1
1
1
1
1
1
1
1
1
1
1
1
1
1
0.999999
1
0.978104
1
1
1
1
1
1
1
1
1
1
1
1
1
1
1
1
1
1
1
1
1
1.00014
1
1
1
1
1
0.999765
1
1
1
1
1
0.99999
1
1
1
0.999135
0.999999
1
1
1
1
1
1
1
1
1
1
1
1
1
1
1
1
1
1
1
1
1
1
1
1
1
1
1
0.996339
1
1
1
1
1
1
1
1
1
1
1
1
1
1
1
1
1
1
1
1
1
1
1
1
1
1
1
1
0.997549
1
1
1
1
1
1
1
1
1
1
1
1
1
1
1
1
1
1
1
1
1
1
1
1
1
1
1
1
1
1
1
1
1
0.999998
1
1
1
1
1
1
1
1
1
1
1
1
1
1
1
1
1.00005
1
1
1
1
1
1
1
1
1
1
1
1
0.999873
1
1
1
1
1
1
1
1
1
1
1
1
1
1
1
1
1
1
1
1
1
1
1
1
1
1
1
1
1
1
1
0.999288
1.00003
1
1
1
1
0.998293
1
1
1
1
0.999999
1
1
1
1
1.00001
1
1
1
1
1
1
1
1
1
1
1
1
1
1
0.999997
1
1
1
1
1
1
1
1
1
1
1
1
1
1
1.00002
1
1
1
1
1
1
1
1
1
1
1
1
1
1
1
1
1
1
1
1
1
1
1
1
1
1
1
1
1
1
1
1
1
1
1
0.999997
1
1
1
1
1
1
1
1
1
1.00046
1
1
1
1
1
0.999998
1
1
1
1
1
1
1
1
1.00045
1
1
1
1
1
1
1
1
1
1
1
1
1
1
1
1
1
1
1
1
1
1
1
1
1
1
1
1
1
1
1
1
1
1
1
1
1
1
1
1
1
1
1
1
1
1
1
1
1
1
1
1
1
1
1
1
1
1
1
1
1
1
1
1
1
1
1
1
1
0.999998
1
1
1
1
1
1
1
1
1
1
1
1
1
1
1
1
1
1
1
1
1
1
1
1
1
1
1
1
1
1
1
1
1
1
1
1
1
1
1
1
1
1
1
1
0.999998
1
1
1
1
1
1
1
1
1
1
1
1
1
1
1
1
1
1
1
1
1
1
1
1
1
1
1
1
1
1
1
1
1
1
1
1
1
1
1
1
1
1
1
1
1
1
1
1
1
1
1
1
1
1
1
1
1
1
1
1
1
1
1
1
1
1
1
1
1
1
1
1
1
1
1
1
1
1
0.999999
1
1
1
1
1
1
1
1
1
1
1
1
1
1
1
1
1
1
1
1
1
1
1
1
1
1
1
1
1
1
1
1
1
1
1
1
1
1
1
1
1
1
1
1
1
1
1
1
1
1
1
1
1
1
1
1
1
1
1
1
1
1
1
1
1
1
1
1
1
1
1
1
1
1
1
1
1
1
1
1
1
1
1
1
1
1
1
1
1
1
0.998781
1
1
1
1
1
1
1
1
1
1
1
1
1
1
1
1
1
1
1
1
1
1
1
1
1
1
1
1
1
0.998828
1
1
1
1
1
1
1
1
1
1
1
1
1
1
1
1
0.999711
1
1
1
1
1
1
1
1
1
1
1
1
1
1
1
1
1
0.999999
1
1
1
1
1
1
1
1
1
1
1
1
1
1
1
1
1
1
1
1
1
1
1
1
1
1
1
1
1
1
1
1
1
1
1
1
1
1
1
0.999999
1
1
0.99996
1
0.99978
1
1
1
1
1
1
1
1
1
1
1
1
1
1
1
1
1
1
1
1
1
1
1
1
1
1
1
1
1
1
1
1
1
1
1
1
1
1
1
1
1
1
1
1
1
1
1
1
1
1
0.999213
1
1
1
1
1
1
1
1
1
1
1
1
1
1
1
1
1
1
1
1
1
1
1
1
1
1
1
1
1
1
1
0.999999
1
1
1
1
1
1
1
1
1
1
1
1
1
1
1
1
1
1
1
1
1
1
1
1
1
1.00033
1
1
1
1
1
1
1
1
1
1
1
1
1
1
1
1
1
0.999941
1
1
1
1
1
1
1
1
1
1
1
1
1
1
1
1
1
1
1
1
1
1
1
1
0.999995
1
1
1
1
1
1
1
1
1
1
1
1
1
1
1
1
1
1
1
1
1
1
1
1
1
1
1
1
1
1
1
1
1
1
1
1
1
1
1
1
1
1
1
1
1
1
1
1
1
1
1
1
1
1
1
1
1
1
1
1
1
1
1
1
1
1
1
1
1
1
1
1
1
1
1
1
1
1
1
1
1
1
1
0.999662
1
1
1
1
1
1
1
1
1
1
0.999993
1
1
1
1
1
1
1
1
1
1
1
1
1
1
1
1
1
1
1
1
1
1
1
1
1
1
1
1
0.999998
1
0.999999
1
1
1
1
1
1
1
1
1
1
1
1
1
1
1
1
1
1
1
1
1
1.00004
1
1
1
1
1
1
1
1
1
1
1.00001
0.999929
0.999984
1
1
1
1
1
1
1
1
1
1
1
1
1
1
1
1
1
1
1
1
1
1
1
1
1
1
1
1
1
1
1
1
1
1
1
1
1
1
1
0.999999
1
1
1
1
1
1
1
1
1
1
1
1
1
1
1
1
1
1
1
1
1
1
1
1
1
1
1
1
1
1
1
1
1
1
0.999989
1
1
1
1
0.999997
1
1
1
1
1
1
1
1
1
1
0.987912
1
1
1
1
1
1
1
1
1
1
1
1
1
1
1
1
1
1
1
1
1
1
1
1
1
1
1
0.999221
1
1
1
1
1
1
1
1
1
1
1
0.999991
1
0.999999
1
1
1
1
0.999997
1
1
1
1
1
1
1
1
1
1
1
1
1
1
1
1
1
1
1
1
1
1
1
1.00001
1
1
1
1
1
1
1
1
1
1
1
1
1
1
1
1
1
1
1
1
1
1
1
1
1
1
1
1
1
1
1
1
1
1
1
1
1
1
1
1
1
1
1
1
1
1
1
1
1.00004
1
1
1
1
1
1
1
1
1
1
1
1
1
1
1
1
1
1
1
1
0.999838
1
1
1
1
1
1
1
1
1
1
1
1
1
1
1
1
1
1.00081
1
1
1
1
1
1
1
1
1
1
1
1
1
1
1
1
1
0.999638
1
1
1
1
1
1
1
1
1
1
1
1
1
1
1
1
1
0.999996
1
1
1
1
1
1
1
1
1
1
1
1
1
1
1
1
1
1
1
1
1
1
1
1
1
1
1
1
1
1
1
1
1
1
1
1
1
1
1
1
1
1
1
1
1
1
1
1
1
1
1
1
1
1
1
1
1
1.00001
1
1
1
1
1
1
1
1
1
1
1
1
1
1
1
1
1
1
1
1
1
1
1
1
1
1
1
1
1
1
1
1
1
1
1
1
1
1.0001
1
1
1
1
1
1
0.999998
1
1
1
1
1
1
1
1
1
1
1
1
0.999272
1
1
1
1
1
1
1
1
1
1
1
1
1
1
1
1
1
1
1
1
1
1
1
1
1
1
1
1
1
1
1
1
1
1
1
1
1
1
1
1
1
1
1
1
1
1
1
1
1
1
1
1
1
1
1
1
1
1
1
1
1
1
1
1
1
1
1
1
0.999995
1
1
1
1
1
1
1
1
1
1
1
1
1
1
1
1
1
1
1
1
1
1
1
1
1
1
1
1
1
0.999999
1
1
1
1
1
1
1
1
1
1
1
1
1
1
1
1
1
1
1
1
1
1
1
1
1
0.999996
1
1
1
1
1
1
1
1
1
1
1
1
1
1
1
1
1
1
1
1
1
1
1
1
1
1
1
1
1
1
1
1
0.999998
1
1
1
1
1
1
1
1
1
1
1
1
1
1
1
1
1
1
1
1
1
1
1
1
1
1
1
1
1
1
1
1
1
1
1
1
1
1
1
1
1
0.999997
1
1
1
1
1
1
1
1
1
1
1
1
1
1
1
0.999735
1
1
1
1
1
1
1
1
1
1
1
1
1
1
1
1
1
1
1
0.999709
1
1
1
1
1
1
1
0.999998
1
1
1
1
1
1
1
1
1
1
1
1
1
1
1
1
1
1
1
1
1
1
1
1
1
0.999999
1
1
1
1
1
1
1
1
1
1
1
1
1
1
1
1
0.999995
1
1
1
1
1
1
1
1
1
0.999998
1
1
1
1
1
1
1
1
1
1
1
1
1
1
1
1
1
1
1
0.999999
1
1
0.999998
1
1
1
1
1
1
1
1
1
1
1
1
1
1
0.999998
1
1
1
1
1
1
1
1
1
1
1
1
1
0.999992
1
0.999999
1
1
1
1
1
1
1
1
1
1
1
1
1
1
1
1
1
1
1
1
1
1
1
1
1
1
0.999998
1
1
1
1
1
1
1
1
1
1
1
1
1
1
1
1
1
1
1
1
1
1
1
1
1
1
1
0.999997
1
1
1
1
1
1
1
1.00011
1
1
1
1
1
1
1
1
1
1
0.999982
1
1
1
1
1
1
1
1
1
1
1
1
1
0.999999
1
1
1
1
1
1
1
1
1
1
1
1
1
1
1
1
1
1
1
1
1
1
1
1
1
1
1
1
1
1
1
1
0.999981
1
1
1
1
1
1
1
1
1
1
1
1
1
1
1
1
1
1
1
1
1
1
1
1
1
1
1
1
1
1
1
1
1
1
1
1
1
1
1
1
1
1
1
1
1
1
1
1
1
1
1
1
1
1
0.999998
1
1
1
1
1
1
1
1
1
1
1
1
1
1
1
1
1
1
1
1
1
1
1
1
1
1
1
1
1
1
1
1
1
1
1
1
1
1
1
1
1
1
1
1
1
1
1
1
1
1
1
1
1
1
1
1
1
1
1
1
0.999998
1
1
1
1
1
1
1
1
1
1
1
1
1
1
1
1
1
1
1
1
1
1
1
1
1
1
1
1
1
1
1
1
1
1
1
1
1
0.999999
1
1
1
1
1
1
1
1
1
1
1
1
1
1
1
1
1
0.990913
1
1
1
1
1
1
1
1
1
1
1
1
1
1
1
1
1
1
1
1
1
1
1
1
1
1
1
1
1
1
1
1
1
1
1
1
1
1
1
1
1
1
1
1
1
1
0.999998
1
1
1
1
1
1
1
1
1
1
1
1
1
1
1
1
1
1
1
0.999992
1
1
1
1
1
1
1
1
1
1
1
1
1
1
1
1
1
1
1
1
1
1
1
1
1
1
0.999999
1
0.999999
1
1
1
1
1
1
1
1
1
1
1
1
1
1
1
1
1
1
1
1
1
1
1
1
1
1
1
1
1
1
1
1
1
1
1
1
1
1
1
1
1
1
1
1
1
1
1
1
1
1
1
1
1
1
1
1
1
1
1
1
1
1
1
1
0.999974
1
1
1
1
1
1
1.00012
1
1
1
1
1
1
1
1
1
1.00009
1
1
0.999998
1
1
1
0.999998
1
1
1
1
1
1
1
1
1
1
0.999998
1
1
1
1
1
1
1
1
1
1
1
1
1
1
1
1
1
1
1
1
1
1
1
1
1
1
0.999999
1
1
1
1
1
1
1
1
1
1
1
1
0.999999
1
1
1
1
1
1
1
1
1
1
1
1
1
1
1
1
1
1
1
0.999999
1
1
1
1
1
1
1
1
1
0.99999
1
1
0.999986
1
1
1
1
1
1
0.999998
1
1
1
1
1
1
1
1
1
1
1
0.999998
1
1
0.999594
1
1
1
1
1
1
1
1
1
1
1
1
1
1
0.999998
1
1
1
1
1
1
1
1
1
1
1
1
1
1
1
1
1
1
1
1
1
1
1
1
1
1
1
1
0.999992
1
1
1
1
1
1
1
1
1
1
1
1
1
1
1
1
1
1
1
1
1
1
1
1
1
1
1
1
1
1
1
1
1
1
1
1
1
1
1
1
1
1
1
1
1
1
1
1
1
1
1
1
1
1
1
1
1
1
1
1
1
1
1
1
1
1
1
1
1
0.999989
1
1
1
1
1
1
1
1
1
1
1
1
1
1
1
1
1
1
1
1
1
1
1
1
1
1
1
1
1
1
1
1
1
1
1
1
1
1
1
1
1
1
1
1
1
1
1
1
1
1
1
1
1
1
1
1
1
1
1
1
1
1
1
0.999983
1
1
1
1
1
0.999992
1
1
1
1
1
1
1
1
1
1
1
1
1
1
1
1
1
1
1
1
1
1
1
1
1
1
1
1
1
1
1
1
1
1
1
1
1
1
1
1
1
1
1
1
1
1
0.999996
1
1
1
1
1
1
1
1
1
1.00001
1
1
1
1
1
1
1
1
1
1
1
1
1
1
1
1
1
1
1
1
1
1
1
1
1
1
1
1
1
1
1
1
1
1
1
1
1
1
1
1
1
1
1
1
1
1
1
1
1
1
1
1
1
1
1
1
1
1
1
1
1
1
1
1
1
1
1
1
1
1
1
1
1
1
1
1
1
1
1
1
1
1
1
1
1
1
1
1
1
1
0.999999
1
1
1
1
1
1
1
1
1
1
1
1
1
1
1
1
1
1
1
1
1
1
0.999997
1
1
1
1
1
1
1
1
1
1
1
1
1
0.999999
1
1
1
1
1
1
1
1
1
1
1
1
1
1
1
1
1
1
1
1
1
1
1
1
1
1
1
1
1
1
1
1
1.00014
1
1
1
1
1
1
1
1
1
1
1
1
1
1
1
1
1
1
1
1
1
1
1
1
1
1
1
1
1
1
1
1
1
1
0.999992
1
1
1
1
1
1
1
1
1
1
1
1
1
1
1
1
1
1
1
1
1
1
1
1
0.999984
1
1
1
1
1
1
1
1
1
1
1
1
1
1
1
1
0.999999
1
1
1
1
1
1
0.999872
1
1
1
1
1
1
1
1
1
1
1
1
1
1
1
1
1
1
1
1
1
1
1
1
1
1
1
1
1
1
1
1
1
1
1
1
1
1
1
1
1
1
1
1
1
1
1
1
1
1
1
1
1
1
1
1
1
1
1
1
1
1
1
1
1
1
1
1
1
1
1
1
1
1
1
1
1
1
1
1
1
1
1
1
1
1
1
1
1
1
1
1
1
1
1
1
1
1
1
1
1
1
1
1
1
0.999999
1
1
1
1
1
1
1
1
1
1
1
1
1
1
1
1
1
1
1
1
1
1.00003
1
1
1
1
1
0.999997
1
1
1
1
1
1
1
1
1
1
1
1
1
1
1
1
1
1
1
1
1
1
1
1
1
1
1
1
1
1
1
1
1
1
1
1
1
1
1
1
1
1
1
1
1
1
1
1
1
1
1
1
1
1
1
0.999998
1
1
1
1
1
1
1
1
1
1
1
1
1
1
1
1
1
1
1
1
1
1
1
1
1
1
1
1
1
1
1
1
1
1
1
1
1
1
1
1
1
1
1
1
0.999998
1
1
1
1
1
1
1
1
1
1
1
1
1
1
1
1
1
1
1
1
1
1
1
1
1
1
1
1
1
1
1
1
1
1
1
1
1
1
1
1
1
1
1
1
1
1
1
1
1
1
1
1
1
1
1
1
1
1
1
1
1
1
1
1
1
1
1
1
1
1
1
1
1
1
1
1
1
1
1
1
1
1
1
1
1
1
1
1
1
1
1
0.999998
1
1
1
1
1
1
1
1
1
1
1
1
1
1
1
1
1
1
1
1
1
1
1
1
1
1
1
1
1
1
1
1
1
1
1
1
1
1
1
1
1
1
1
1
1
1
1
1
1
1
1
1
1
1
1
1
1
1
1
1
1
1
1
1
1
1
1
1
1
1
1
1
1
1
1
1
1
1
1
1
1
1
1
1
1
1
1
1
1
1
1
1
1
1
1
1
1
1
1
1
1
1
1
1
1
1
1
1
1
1
1
1
1
1
1
1
1
1
1
1
1
1
1
1
1
1
1
1
1
1
1
1
1
1
1
0.999945
1
0.999999
1
1
1
1
1
1
1
1
1
1
1
1
1
1
1
1
1
1
0.999999
1
1
1
1
1
1
1
1
1
1
1
1
1
1
1
1
1
1
1
1
1
1
1
1
1
1
1
1
1
1
1
1
1
1
1
1
1
1
1
1
1
1
0.999998
1
1
1
1
1
1
1
1
1
1
1
1
1
1
1
1
1
1
1
1
0.999998
1
1
1
1
1
0.999997
1
1
1
1
0.999994
1
1
1
1
1
1
1
1
1
1
1
1
1
1
1
1
1
1
1
0.999998
1
1
1
1
1
1
1
1
1
1
1
0.999998
1
1
1
1
1
1
1
1
1
1
1
1
1
1
1
1
1
1
1
1
1
1
1
1
1
1
1
1
1
1
1
1
1
1
1
1
1
1
1
1
1
1
1
1
1
1
1
1
1
1
1
1
1
1
1
1
1
1
1
1
1
1
1
1
1
1
1
1
1
1
1
1
1
1
1
1
1
1
1
0.999991
1
1
1
0.999993
1
1
1
1
1
1
1
1
1
1
1
1
1
1
1
1
1
1
1
1
1
1
1
1
1
1
0.999996
1
1
1
1
1
1
1
1
1
1
1
1
1
1
1
1
1
1
1
1
1
1
1
1
1
1
1
1
1
1
1
1
1
1
1
1
1
1
1
1
1
1
1
1
1
1
1
1
1
1
1
0.999997
1
1
1
1
1
1
1
1
1
1
1
1
1
1
1
1
1
1
1
1
1
1
1
1
1
1
1
1
1
1
1
1
1
1
1
1
1
1
0.999999
1
1
1
1
1
1
1
1
1
1
1
1
1
1
1
1
1
1
0.999998
1
0.999999
1
1
1
1
1
1
1
1
1
1
0.999999
1
1
1
1
1
1
1
1
1
1
1
1
1
1
1
1
0.999999
1
1
1
1
0.999998
1
1
1
1
0.999997
1
1
1
1
1.00004
1
1
0.999999
1
1
1
1
1
1
1
0.999987
1
1
1
1
1
1
1
1
1
1
1
1
1
1
1
1
1
0.999997
1
1
1
1
0.999997
1
0.999995
1
1
1
1
1
1
1
1
1
1
1
1
1
0.999971
1
1
1
1
1
1
1
0.999999
1
1
1
1
1
1
1
1
1
1
1
1
1
1
1
1
1
1
1
1
1
1
1
1
1
0.999989
1
1
1
1
1
1
1
1
1
1
1
1
1
1
1
1
1
1
1
0.999999
1
1
1
1
1
1
0.999999
1
1
1
1
1
1
1
0.999998
1
1
1
1
1
1
1
0.997515
1
1
1
1
1
1
1
1
1
1
1
1
1
1
1
1
1
1
1
1
1
1
1
1
1
1
1
1
1
1
1
1
1
1
1
1
1
1
1
1
1
1
1
1
1
1
1
1
1
1
1
1
1
1
1
1
1
1
1
1
1
1
1
1
1
1
1.00002
1
1
1
1
1
1
1
1
1
1
0.999953
1
1
1
1
1
1
1
1
1
1
1
1
1
0.999992
1
1
1
1
1
0.999996
1
1
1
1
1
1
1
1
1
1
1
1
1
1
1
1
1
1
1
1
1
1
1
1
1
1
1
0.999999
1
1
1
1
1
1
1
1
1
0.999995
1
1
1
1
1
1
1
1
1
1
1
1
1
1
1
1
1
1
1
1
1
1
1
1
1
1
1
1
1
1
1
1
1
1
1
1
1
1
1
1
1
1
1
1
1
1
1
1
1
1
1
1
1
1
1
1
1
1
1
1
0.999992
0.999998
1
1
1
1
1
1
1
1
1
1
1
1
1
1
0.999999
1
1
1
0.999281
1
1
1
1
1
1
1
1
1
1
1
1
1
0.999996
1
1
1
1
1
1
1
1
0.999999
1
1
1
1
1.00002
1
1
1
1
1
1
1
1
1
1
1
1
1
1
1
1
1
1
1
1
1
1
1
1
1
1
1
1
1
1
1
1
1
1
1
1
1
1
1
1
1
1
1
1
1
1
1
1
1
0.999999
1
1
1
1
1
1
0.999994
1
1
1
1
1
1
1
1
1
1
1
1
1
1
1
1
1
1
1
1
1
1
1
1
1
1
1
1
1
1
1
1
1
1
1
1
1
1
1
1
1
1
1
1
1
1
1
1
0.999995
1
1
1
1
1
1
1
1
1
1
1
1
1
1
1
1
1
0.999994
1
1
1
1
1
1
1
1
1
1
1
1
1
1
1
1
1
1
1
1
1
1
1
1
1
1
1
1
1
1
1
1
1
1
1
1
1
1
1
0.999993
1
1
1
1.00018
1
1
1
1
1
1.00001
1
1
1
1
1
1
1
1
1
1
1
1
1
1
1
1
1
0.999981
1
1
1
1
1
1
0.999995
0.99996
0.999964
1
1
1
0.999982
0.999944
0.999972
1
0.999999
1
1
1
1
1
1
1
1
1
1
1
1
1
1
1
1
1
1
1
0.999998
1
1
1
1
1
1
1
1
1
1
0.999999
1
1
1
1
1
1
1
1
1
1
1
1
1
1
1
1
1
1
1
1
1
1
1
1
1
1
1
1
1
1
1
1
1
1
1
1
1
1
1
1
1
1
1
1
1
1
1
1
1
1
1
1
1
1
1
1
1
1
1
1
1
1
1
1
1
1
1
1
1
1
1
1
1
1
1
1
1
0.999997
1
1
1
1.00003
1
1
1
1
1
1
1
1
1
1
1
1
1
0.999976
1
1
1
1
1
1
1
1
1
1
1
1
1
1
1
1
1
1
1
1
1
1
1
1
1
1
1
0.999999
1
1
1
1
1
1
1
1
1
1
0.999999
1
1
1
1
1
1
1
1
1
1
1
0.99976
1
1
1
1
1
0.999977
1
1
1
1
1
1
1
1
1
1
1
1
1
1
1
1
1
1
1
1
1
1
1
1
1
1
1
1
0.999995
1
1
1
1
1
0.999999
1
1
1
1
1
1
1
1
1
1
1
1
1
1
1
1
1
1
1
1
1
1
1
1
1
1
1
1
1
1
1
1
1
1
1
1
1
1
1
1
1
1
1
1
1
1
1
1
1
1
1
1
1
1
1
1
1
1
1
1
1
1
1
1
1
1
1
1
1
1
1
1
1
0.999993
1
1
1
1
1
1
1
1
1
1
1
1
1
1
1
1
1
1
1
1.00001
1
1
1
1
1
1
0.999979
1
1
0.999996
1
1
1
1
1
1
1
1
1
1
1
1
1
1
1
1
1
1
1
1
1
1
0.999998
0.999996
1
1
1
1
1
1
1
1
1
1
1
1
1
1
1
1
1
1
1
1
1
1
1
1
1
1
1
1
1
1
1
1
1
1
1
0.999999
1
1
1
1
0.999997
1
1
1
1
1
1
1
1
1
1
1
1
1
1
1
1
1
1
1
1
1
1
1
1
1
1
1
1
1
0.999998
1
1
1
0.999999
1
1
1
1
1
1
1
1
1
1
1
1
1
1
1
1
1
1
1
1
1
1
1
1
1
1
1
1
1
1
1
1
1
1
1
1
1
1
1
1
1
1
1
1
1
1
1
1
1
1
1
1
0.999991
1
1
1
1
1
1
1
1
1
1
1
1
1
1
1
1
1
1
1
1
1
1
1
1
1
1
1
1
1
1
1
1
1
1
1
0.999997
1
1
1
1
1
1
1
1
1
1
1
1
1
1
1
1
1
1
1
1
1
1
1
1
1
1
1
1
1
1
1
1
1
1
1
1
1
1
1
1
1
1
1
1
1
1
1
0.999995
1
1
1
1
1
1
1
1
1
1
1
1
1
1
1
1
1
1
1
1
1
1
1
1
1
1
1
1
1
1
1
1
1
1
1
1
1
1
1
1
1
1
1
1
1
1
1
0.999997
1
1
1
1
1
1
1
1
1
1
1
1
1
1
1
0.999999
1
1
1
0.999999
1.0001
1
1
1
1
1
1
1
1
1
1
1
1
1
1
1
0.999999
1
1
1
1
1
1
1
1
1
1
1
1
1
1
1
1
1
1
1
1
1
1
1
1
0.999997
1
1
1
1
1
1
1
1
1
1
1
1
1
1
1
0.999998
1
1
1
1
1
1
1
1
0.999999
1
1
1
1
1
1
1
1
1
1
1
1
1
1
1
1
1
1
1
1
1
1
1
1
1
1
1
1
1
1
1
1
1
1
1
1
1
1
1
1
1
0.999993
1
1
1
1
1
1
1
1
1
1
1
1
1
1
1
1
1
1
1
1
1
1
1
1
1
1
1
1
1
1
1
0.999999
1
1
1
1
1
1
1
1
1
1
1
1
1
1
1
1
1
1
1
1
1
1
1
1
1
1
1
1
1
1
1
1
1
1
1
1
1
1
1
1
1
1
1
1
1
1
1
1
1
1
1
1
1
1
1
1
1
1
1
1
1
1
1
1
1
1
1
1
1
1
1
1
1
1
1
1
1
1
1
1
1
1
1
1
1
1
1
1
1
1
1
1
1
1
1
1
1
1
1
1
1
1
1
1
1
1
1
1
1
1
0.999781
1
1
1
1
1
1
1
1
1
1
1
1
1
1
1
1
1
1
1
1
1
0.999997
1
1
1
1
1
1
1
1
1
1
1
1
1
1
1
1
1
1
1
1
1
1
1
1
1
1
0.999995
1
1
1
1
1
1
1
1
1
1
1
1
1
1
1
1
0.999998
1
1
1
1
0.999937
1
1
1
1
1
1
1
1
1
1
1
1
1
1
1
1
1
1
1
1
0.999999
1
1
1
1
1
1
1
1
1
1
0.999999
1
0.999999
1
1
1
1
1
1
1
1
1
1
1
0.999999
1
1
1
1
1
1
0.999996
1
1
1
1
1
1
1
1
1
1
1
1
1
1
0.999998
1
1
1
1
1
1
1
1
1
1
1
1
1
1
1
1
1
1
1
1
1
1
1
1
1
1
1
1
1
1
1
1
1
1
0.999999
1
1
1
1
1
1
1
1
1
1
1
1
1
1
1
1
1
1
1
1
1
1
1
1
0.999999
1
1
1
1
1
1
1
1
1
1
1
1
1
1
1
1
1
1
1
1
1
1
1
1
1
1
1
1
1
1
1
1
1
1
1
1
1
1
1
1
1
1
1
1
0.999998
1
1
1
1
1
1
1
1
1
1
1
1
1
1
1
1
1
1
1
1
1
1
1
1
1
1
1
1
1
1
1
1
1
1
1
1
0.999998
1
1
1
1
1
1
1.00008
1
1
1
1
1
1
1
1
1
1
1
1
1
1
1
1
1
1
1
1
1
1
1
1
1
1
1
1
1
1
1
1
1
1
1
1
1
1
1
1
1
1
1
1
1
1
1
1
1
1
1
1
1
1
1
1
1
1
1
1
0.999979
1
1
1
1
1
1
1
1
1
1
1
1
1
1
1
1
1
1
1
1
1
1
1
1
1
1
1
1
1
0.999996
1
1
1
1
1
1
1
1
1
1
1
1
1
1
1
1
1
1
1
1
1
1
1
1
0.999984
1
1
1
1
1
1
1
1
1
0.99999
1
1
1
1
1
1
1
1
1
1
1
1
1
1
1
1
0.999989
1
1
1
1
1
1
1
1
1
1
1
1
1
1
1
1
1
1
1
1
1
1
1
1
1
0.999999
1
1
1
1
1
1
1
1
1
1
1
1
1
1
1
1
1
1
1
1
1
1
1
1
1
1
1
1
1
1
1
1
1
1
1
1
1
1
1
1
1
1
1
1
1
1
1
1
1
1
1
1
1
1
1
1
1
1
1
1
1
1
1
1
1
1
1
1
1
1
1
1
1
1
1
1
1
1
1
1
1
1
1
1
0.999872
1
1
1
1
1
1
1
1
1
1
1
1
1
1
1
1
1
1
1
1
1
0.999995
1
1
1
1
1
1
1
1
1
1
1
1
1
1
1
1
1
1
1
0.999997
1
1
1
1
0.999996
1
1
1
1
1
1
1
1
1
1
1
1
1
1
1
1
1
1
1
1
1
1
1
1
0.999961
0.999973
1
1
0.999998
1
1
1
1
1
1
1
1
1
1
1
1
1
1
1
1
1
0.998597
1
1
1
0.999961
1
1
1
1
1
1
1
1
1
1
1
1
1
1.00001
1
1
1
1
1
1
1
1
1
1
1
0.999986
1
1
1
1
1
1
1
1
1
1
1
1
1
1
0.999732
1
1.00001
1
1
1
1
1
1
1
1
1
1
1
1
1
1
1
1
1
1
1
1
1
1
1
1
1
1
1
1
1
1
1
1
1
1
1
1
1
1
1
1
1
1
1
1
1
1
1
1
1
1
1
1
1
1
1
1
1
1
1
1.00001
1
1
1
1
1
1
1
1
1
1
1
1
1
1
1
1
1
0.99993
1
1
1
1
0.999999
1
1
1
1
1
1
1
1
1
1
1
1
1
1
1
1
1
1
1
1
0.999996
1
1
1
1
1
1
1
0.999997
1
1
1
1
1
1
0.999981
1
1
1
1
1
1
1
1
1
1
1
1
1
1
1
1
1
1
1
1
1
1
1
1
1
1
1
1
1
1
1
1
1
1
1
1
1
1
1
1
1
1
1
1
1
1
1
1
1
1
1
1
1
1
1
1
0.999999
1
1
1
1
1
1
1
1
1
1
1
1
1
1
1
1
1
1
1
1
1
1
1
1
1
1
1
1
1
1
1
1
1
1
0.999995
1
1
1
1
1
1
1
1
1
1
1
1
1
1
1
1
1
1
1
1
1
1
1
1
1
1
1
1
1
1
1
1
1
1
1.00004
1
1
1
1
1
1
1
1
1
1
1
1
1
1
1
1
1
1
1
1
1
1
1
1
1
1
1
1
1
1
1
1
1
1
0.999999
1
1
1
1
1
1
1
1
1
1
1
1
1
1
1
0.985092
1
1
1
1
1
1
1
1
1
1
1
1
1
1
1
1
1
1
1
1
1
1
1
1
1
1
1
1
1
1
1
1
1
1
1
1
1
1
1
1
1
1
1
1
1
1
1
1
1
1
1
1
1
1
1
1
1
1
1
1
1
1
1
1
1
1
1
1
1
1
1
1
1
1
1
1
1
1
1
1
1
1
1
1
1
1
1
1
1
1
1
1
1
1
1
1
1
1
1
1
1
1
1
1
1
1
1
1
1
1
1
1
1
1
1
1
1
1
1
1
1
1
1
1
1
1
1
1
1
1
1
1
1
1
1
1
1
1
1
1
1
1
1
1
1
1
1
1
1
1
1
1
1
1
1
1
1
1
1
1
1
1.00003
1
1
1
1
1
1
1
1
1
1.00034
1
1
1
1
1
1
1
1
1
1
1
1
1
1
1
1
1
1
1
1
1
1
1
1
1
1
1
1
1
1
1
1
1
1
1
1
1
1
1
1
1
1
1
1
1
1
1
1
1
1
1
1
1
1
1
1
1
1
1
1
1
1
1
1
1
1
1
1
1
1
1
1
1
1
1
1
1
1
1
1
1
1
1
1
1
1
1
1
1
1
1
1
1
1
1
0.999999
1
1
1
1
1
1
1
1
1
1
1
1
1
1
1
1
1
1
0.999338
1
1
1
1
1
1
1
1
1
1
1
1
1
1
1
1
1
1
1
1
1
1
1
1
1
1
1
1
1
1
1
1
1
1
1
1
1
1
1
1
1
1
1
1
1
1
1
1
1
1
1
1
1
1
1
1
1
1
1
1
1
1
1
1
1
1
1
1
1
1
1
1
1
0.997161
1
1
1
1
1
1
1
1
0.999812
1
1
1
1
1
1
1
1
1
1
1
1
1
1
1
1
1
1
1
1
1
1
1
1
1
1
1
1
1
1
1
0.999998
1
1
1
1
1
1
1
1
1
1
1
1
1
1
1
1
1
1
1
1
1.00034
1
1
1
1
1
1
1
1.00001
1
1
1
1
1
1
1
1
1
1
1
1
1
1
1
1
1
1
1
1
1
1
1
1
1
1
1
1
1
1
1
1
1
1
1
1
1
1
1
1
1
1
1
1
1
1
1
1
1
1
1
1
1
1
1
1
1
1
1
1
1
1
1
1
1
1
1
1
1
1
1
1
1
1
1
1
1
1
1
1
1
1
1
1
1
1
1.00039
1
1
1
1
1
1
1
1
1
1
1
1
1
1
1
1
1
1
1
1
1
1
1
1
1
1
1
1
1
1
1
1
1
1
1
1
1
1
1
1
1
1
1
1
1
1
1
1
1
1.00001
1
1
1
1
1
1
1
1
1
1
0.999994
1
1
0.999997
1
1
1
1
1
1
1
1
1
0.999994
1
1
1
1
1
1
1
1
1
1
1
1
1
1
1
1
1
1
1
0.999993
1
0.999414
1
1
1
1
1
1.00007
1
1
1
1
1
1
1
1
0.999985
1
1
1
0.999998
1
1
1.00001
1
0.998837
1
1
1
1
1
1
1
1
1
1
1
1
1
1
1
1
1
1
1
1
1
1
1
1
1
1
1
1
1
1
1
1
1
1
1
0.999095
1
1
1.00001
1
1
1
1
1
1
1
1
1
1
1
1
1
1
1
1
1
1
1
1
1
1
1
1
0.999992
1
1
1
1
0.999992
1
1
1
1
1
1
1
1
1
1
1
1
1
1
1
1
0.999792
1
1
1
1
1
1
1
0.999998
1
1
1
1
1
1
1
1
1
1
1
1
1
1
1
1
1
1
1
1
1
1
1
1
1
1
0.999995
1
1
1
1
1
1
1
1
1
1
1
1
1
1
1
1
1
0.999945
1
1
1
1
1
1
1
0.999999
1
1
1
1
1
1
1
1
0.999817
1
1
1
1
1
1
1
1
1
1
1
1
1
1
1
1
1
1
1
1
1
1
1
1
1
1
1
1
1
1
1
1
1
1
1
1
1
1
1
1
0.999994
1
1
1
1
1
1
1
1
0.999998
1
1
1
1
1
1
1
1
1
1
1
1
1
1
1
1
1
1
1
1
1
1
1
1
1
1
1
1.00001
1
1
1
1
1
1
1
1.00001
1
1
1
1
1
1
1
1.00042
1
1
1
1
1
1
1
1
1
1
1
1
1
1
1
1
1
1
1
1
1
1
1
1
1
1
1
1
1
1
1
0.999999
1
1
1
1
1
1
1
1
1
1
1
1
1
1
1
1
0.999979
1
1
0.999807
1
1
1
1
1
1
1
1
1
1
1
1
1
1
1
1
1
1
1
1
1
1
1
1
1
1
1
1
1
1
1
1
1
1
1
1
1
1
0.999995
1
1
1
1
1
1
1
1
1
1
1
1
1
1
1
1
1
1
1
1
1
1
1
1
1
1
1
1
1
1
1
1
1
1
1
1
1
1
1
1
1
1
1
1
1
1
1
1
1
1
1
1
1
1
1
1
1
1
1
1
1
1
0.999911
1
1
1
1
1
1
1
1
1
1
1
1
1
1
1
1
1
1
1
1
1
1
1
1
1
1
1
1
1
0.999984
1
1
1
1
1
1
1
1
1
1
1
1
1
1
1
1
1
1
1
1
1
1
1
1
1
1
1
1
1
1
1
1
1
1
1
1
1
1
1
1
1
1
1
1
1
1
1
1
0.999999
1
1
1
1
1
1
1
1
1
1
1
1
1.00004
1
1
1
1
1
0.999999
1
1
1
1
1
1
1
1
1.00037
1
1
1
1
1
1
1
1
1
1
0.999993
1
1
1
1
1
1
1
1
1
1
1
1
1
1
1
1
1
1
1
1
1
1
1
1
1
1
1
1
1
1
1
1
1
1
1
1
1
1
1
1
1
1
1
0.999844
1
0.999997
1
1
1
1
1
1
1
1
0.99999
1
1
1
1
1
1
1
1
1
1
1
1
1.00002
1
1
1
1
1
1
1
1
1
0.999997
1
1
1
1
1
1
1
1
1
1
1
1
1
1
1
1
1
1
1
1
1
1
1
1
1
1
1
1
1
1
1
1
1.00002
0.999847
1
1
1
1
1
1
1
1
0.999985
1
1
1
1
1
1
1
1
1
1
0.999995
1
1
1
1
1
1
1
0.99999
1
1
1
1
1
1
1
1
1
1
1
1
1
1
1
1
1
1
1
1
1
1
1
1
1
1
1
1
1
1
1
1
1
1
1.00001
1
1
1
1
1
1
1
1
1
1
1
1
1
1
1
1
1
1
1
1
1
1
0.999985
1
1.00026
1
1
1
1
1
1
1
1
1
1
1
1
1
1
1
1
1
1
1
1
1
1
1
1
1
1
1
1
1
1
1.00006
1
1
1
1
0.998784
1
1
1
1.00001
1
1
1
1
1
1
1
1
1
1
1
1
1
1
1
1
1
1
1
1
1
1
1
1
1
1
1
1
1
1
1
1
1
1
1
1
1
1
1
1
1
1
1
1
1
1
1
1
1
1
1
1
1
1
1
1
1
1
1
1
1
1
0.999342
1
1
1
1
1
1
1
1
1
1
1
1
1
1
1
1
1
1
1
1
1
1
1
1
1
1
1
1
1
1
1
1
1
1
1
1
1
1
1
1
1
0.999954
1
1
1
1
1
1
1
1
1
1
1
1
0.999997
1
1
1
0.999991
1
1
1
1
1
1
1
1
1
1
1
1
1
1
1
1
1.00039
1
1
1
1
1
1
1
1
1
1
1
1
1
1
1
1
1
1
1
1.00047
1
1
1
1
1
1
1
1
1
1
1
1
1
1
1
1
1
1
1.00035
1
1
1
1
1
1
1
0.999996
1.00004
1
1
1
1
1
1
1
1
1
1
1
1
1
1
1
1
1
1
1
1
1
1
1
1
1
1
1
1
1
1
1
1
1
1
1
1
1
1
1
1
1
1
1
1
1
1
1
1
1
1
1
1
1
0.999988
1
1
1
1
1
1
1
1
1
1
1
1
1
1
1
1
1
1
1
1
1
1
1
1
1
1
1
1
1
1
1
1
1
1
1
1
1
1
1
1
1
1
1
1
1
1
1
1
1
1
1
1
1
1
1
1
1
0.999996
1
1
1
1
1
1
1
1
1
1
1
1
1
1
1
1
1.00003
1
1
1
1
1
1
1
1
1
1
1
1
1.00001
1
0.999116
1
1
1
1
1
1
1
1
1
0.99996
1
1.00009
1
1.00035
1
1
1
1
1
1
1
1
1
1
1
0.99919
1
1
1
1
1
1
0.999698
1
1
1
1
1
1
1
0.999953
1
1
1
1
1
0.999732
1
1.0005
1
1
1
1
1
0.99995
1
1
0.999839
1
1
1
0.999999
1
1
1
0.999999
1
1
1
1
1
1
1
1
1
1
1
1
1
1
1
1
1
1
1
1
1
1
1
1
1
1
1
1
1
1
0.999993
1
1.00002
1
1
1
1
1
1
1
1
1
1
1
1
1
1
0.999998
1
1
1
1
1
1
1
1
1
1
1
1
1
1
1
0.999999
1.00001
1
1
1
1
1
1
1
1
1
1
1
1
1
0.999169
1
1
1
1
1
1
1.00003
1
1
1
1
1
1
1
1
1
1
1
1
1
1.00003
1
1
1
1
1
1
1
1
1
1
1
1
1
1
1
1
1
1
1
1
1
1
1.00001
1
1
1
1
1
1
0.999915
1.00003
1
1
1
1
1
1
1
1.00016
1
1.00026
1
1
1
1
1
1
1
1
1
1
1
0.999805
1
1
1
1
1
1
1
0.999974
1
1
1
1
1
1
1
1
1
1
1
1
1
1
1
1
1
1
1
1
1
0.99893
1
1
1
1
1
1
1
1
1
1
1
1
1
1
1
1
1
1
1
1.00001
1
1
1
1
1
1
1
1
1
1
1
1
1
1
1
1
1
1
1
0.999995
1
1
1
0.997197
1
1
1
1
1
1
1
0.999989
1
1
1
1
1
1
1
1
1
1
1
1
1
1
1
1
1
1
1
1
1
1
1
1
1
1
1
1
1
1
1
1
1
1
1
1
1
0.999804
1
1
1
1
1
1
1
1
1
1
1
1
1
1
1
1
1
1
1
1
1
1
1
1
1
1.00001
1
1
1
1
1
1
1
1
1
1
1
1
1
1
0.999995
1
1
1
1
1
1
1
1
1
1
1
0.999939
1
1
1
1
1
0.999857
1
1
1
1
1
1
1
1
1
1
1
1.00021
1
1
1
1
1
1
1
1
1
1
1
1
1
1
1
1
1
1
1
1
1
1
1
1
1
1
1
1
1
1
0.999528
1
1
1
1
1
1
1
1
1
1
1
1
1
1
1
1
1
1
1
1
1
0.999996
1
1
1
1
1
1
0.999991
1
1
1
1
1
1
1
1
1
1
1
1
1
1
1
1
1
1
1
1
1
1
1
1
1
1
1
1
1
1
1
1
1
1
1
1
1
1
1
1
1
1
1
1
1
1
1
1
1
1
1
1
1
1
1
1
1
1
1
1
1
1
1
1
1
1
1
1
1
1
1
1
1
1
1
1
1
1
1
1
1
1
1.00006
1
1
1
1
1
1
1
1
1
1
1
1
1
1
1
0.999986
0.9999
1
1
1
1
1
1
1
1
1
1
1
1
1
1
1
1
1
1
1
1
1
1
1
1
1
1
1
1
1
1
0.999285
1
0.999971
1
1
1
1
1
1
1
0.999522
1
1
1
1.00001
1
1
1
1
1
1
1
1
0.999796
1
1
1
1
1
1
1
1
1
1
1
1
1
1
1
1
1
1
0.999995
1
1
1.00002
1
1
1
1
1
1
1
1
1
1
1
1
1
1
1
1
1
1
1
1
1
1
1
1
0.999493
1
1
1
1
1
1
1
1
1
1
1
1
1
1
1
1
1
1
1
1
1
1
1
1
1
1
1
1
1
1
1
1
1
1
1
1
1
1
1
1
1
1
1
1
1
1
1.00003
1
0.999999
1
1
1
1
1
1
1
1
1
1
1
1
1
1
1
1
1
1
1
1
1
1
1
1
1
1
1
1
1
1
1
1
1
1
1
1
1
1
1.0001
1
1
1
1
1
1
1
1
1
1
1
1
1
1
1
1
1
1
1
1
1
1
1
1
1
1
0.99931
1
1
1
0.999981
1
1
1
1
1
1
1
1
1
1
1
1
1
1
0.99993
1
1
1
1
1
1
1
1
1
1
1
1
1
1
1
1
1
1
1
1
1
1
1
1
1
1
1
1
1
1
1
1
1
1
1
1
1
1
1
1
1
0.999995
1
1
1
1
1
1
1
1
1
1
1
1
1
1
1
0.99989
1
1
1
1
1
1
1
1
1
1
1
1
1
1
1
1
1
1
1
1
1
1
1
1
1
1
1
1
1
1
1
1
1
1
1
1
1
1
1
1
1
1
1
1
1
1
1
1
1
0.999999
1
1
1
0.999973
1
1
1
1
1
1
1
1
1
1
1
1
1
1
1
1
1
1
1
1
1
1
1
0.999993
1
1
1
1
1
1
0.999997
1
1
1
1
1
1
0.999825
1
1
1
1
1
1
1
1
1
1
1
1
1
1
1
0.998208
1
0.999952
1
1.00015
1
1
1
1
1
1
1
1
1
0.999945
1
1
1
1
1
1
1
1
1
1
1
1
1
1
1
1
1
1
1
1
0.999817
1
1
1
1
1
1
1
0.999998
1
1
1
1
1
1
1
1
1
1
1
1
1
1
1
0.999994
1
1
1
1
1
0.999964
1
1
0.999999
1
1
1
1
0.999999
1
1
0.999999
1
1
0.999999
1
0.999998
1
1
1
1
1
1
1
1
1
1
1
1
1
1
1
1
1
1
1
0.987097
1
1
1
1
1
1
1
1
1
1
1
1
1
1
1
1
1
1
1
1
1
1
1
1
1
1.00002
1
1
1
1
1
1
1
1
1
1
1
1
1
0.999998
1
1
1
1
1
1
1
1
1
1
1
1
1
1
1
0.999984
1
1
1
0.999998
1
1
0.996509
1
1
1
1
1
0.998747
0.999917
1
1
1
1
1
1
1
1
1
1
1.00002
1.00001
1
1
1
1
1
1
1
1
1
1
1
1
1
1
1
1
1
1
1
1
1
0.999997
1
1
1
1
1
1
1
1
1
1
1
1
1
1
1
1
1
1
1
1
1
1
1
1
1
1
1
1
1
1
0.999978
1
1
1
1
1
1
1
1
1
1
1
1
1
0.999995
1
1
1
1
1
1
1
1
1
1
1
1
1
1
1
1
1
1
1
1
1
0.999947
1
0.999991
1
1
1
1
1
1
1
1
1
1
1
1
1
1
1
1
1
1
1
1
1
1
1
1
1
1
1
1
1
1
1
1
1
1
1
1
1
1
1
1
1
1
1
1
1
1
1
1
1
1
1
1
1
1
1
1
1
1
1
1
1
1
1
1
1
1
1
1
1
1
1
1
1
1
1
1
1
1
1
1
1
1
1
1
1
1
0.999203
0.99975
1
1
1
1
1
1
1
1
1
1
1
1
1
1
1
1
1.00003
1
1
1
1
1
0.999928
1
1
1
1
1
1
1
1
1
1
1
1
1
1
1
1
1
1
1
1
1
1
1
1
1.00002
1
1
1
1
1
1
1
1
1
1
1
1
1
1
1
1
1
1
1
1
1
1
1
1
1
1
1
1.00001
1
1
1.00008
1
0.997524
1
1
1
0.999999
1
1.00056
1
1
1
1
1
1
1
1
1
1
1
1
1
1
1
1
1
1
1
1
1
0.999883
1
1
1
1
1
1
1
1
1
1
1
1
1
1
1
1
1
1
1
1
1
1
1
1
1
0.999998
1
1
1
1
1
1
1
1
1
1
1
1
1
1
1
1
1
1
1
1
1
0.999335
1
1
1
1
1
1
1
1
1
1
1
1
1
1
1
1
1
1
0.999993
1
1
0.999999
1
1
1
1
1
0.999999
1
0.999356
1
0.999995
1
1
1.00003
1
1
1
1
0.999997
1
1
1.00006
1
1
0.999957
1
1
1
1
1
1
1
1
1
1
1
1
1
1
1
1
1
1
1
1
1
1
1
1
1
1
1
1
1
1
1
1
1
1
1
1
1
1
1
1
1
1
1
0.999998
1
1
1
1
1
0.999961
1
0.999996
1
1
1
1
1
1
1
1
1
1
1
1
1
1
1
1
1
1
1
1
1
1
1
1
1
1
1
1
1
1
1
1
1
1
1
1
1
1
0.999975
1
1
1
1
1
1
1
1
1
1.0003
1
1
1
1
1
1
1
1
1
1
1
1
1
1
1
1
1
1
1
1
1
1
1
1
0.999828
1
1
1
1
1
1
1
1
0.999261
1
1
1
1
1
1
1
1
1
1
1
1
1
1
1
1
1
1
1
1
1
1
1
1
1
1
1
1
1
1
1
1
1
1
1
1
0.999369
1
1
1
1
1
1
1
1
1
1
1
1
1
1
1
1
1
1
1
1
1
1
1
1
1
1.00001
1
1
1
1
1
0.999998
1
1
1
1
1
1
1
0.999698
1
1
1
1
1
1
1
1
1
1
1
1
1
1
1
1
1
1
1
1
1
1
1
1
1
1
1
1
1.00002
1
1
1
1
1
1
1
1
1
1
1
1
1
1
1
1
1
1
1
1
1
1
1
1
1
1
1
1
1
1
1
1
1
1
1
1
1
1
1
1
1
1
1
1
1
0.999989
1
1
1
1
1
1
1
1
1
1
1
1
1
1
1
1
1
1
1.00001
1
1
1
1
1
1
1
1
1
1
1
1
1
1
1
1
1
1
1.00002
1
1
1
1
1
1
1
1
1
1
1
1
1
1
1
1
1
1
1
1
1
1
1
1
1
1
1
1
1
1
1
1
1
1
1
1
1
1
1
1
1
1
1
1
1
1
1
0.999998
1
1
1
1
1
1
1
1
1
1
1
1
1
1
1
1
1
1
1
1
1
1
1
1
1
1
1
1
1
1
1
1
1
1
1.00006
1
1
1
1
1
1
0.999964
1
1
1
1
1
1
1
1
1
1
1
1
0.999996
1.00002
1.00001
1
1
1
1
1
1.00022
1
1
1
1
1
1
1
1
1
1
1
1
1
1
1
1
1
1
1
1
1
1
1
1
1
1
1
1.00001
0.999998
1
0.999992
1
1
1
1
1
1
1
1
1
1
1
1
1.00001
1
1
1
1
1
1
1
1
1
1
1
1
1
1
1
1
1
1
1
1
1
1
1
1
1
1
1
1
1.00022
1
1
1
1
1
1
1
1
1
0.999952
1
1
1
1
1
1
1
1
1
1
1
1
1
1
1
1
1
1
1
0.999993
1
0.999371
1
1
1
1
1
1
1
1
1
1
1
1
0.999989
1
1.00001
1
1
1
1
0.999998
1
1
1
1
1
1
1
1
1
1
1
1
0.997437
1
1
1
1
1
1
1
1
1
1
1
1
1
0.999997
0.998962
1
1
1
1
0.999915
1
1
1
1
1
1
1
1
1
1
1
1
1
1
1
1
1
1
1
1
1
1
1
1
0.999995
1
1
1
0.999944
1
1
1
1
1
1
1
1
1
1
1
1
1
1
1
1
1
1
1
1
1
1
1
1
1
1
1
1
1
1
1
1
1
1
1
1
1
1
1
1
1
1
1
1
1
1
1
1
1
1.00002
1
1
1
1
1
1
1
1
1
1
1
1
0.9983
1
1
1
1
1
1
1
1
1
0.999999
1
1
1
1
1
1
1
1
1
1
1
1
1
1
1
1
1
1
1
1
0.999128
1
1
1
1
1
1
1
0.999931
1
1
1
1
1
1
1
1
1
1
1
1
1
1
1
0.999999
1
1
1
1
1
0.999999
1
1
0.999998
1
1
1
1
1
1
1
1
1
1
1
1
1
1
1
1
1
1
1
1
1
1.00002
1
1
1
1
1
1
1
1
0.99999
1
1
1
1
0.999996
1
1
1
1
1
1
1
1
1
1
1
0.999998
1
1
1
1
1
1
1
1
1
1
1
1.00001
1
1
1
1
1
1
1
1
1
1
1
1
1
1
1
1
1
1
1
1
1
1
1
1
1
1
1
1
1
1
1
1
1
1
1
1
1
1
1
1
1
1
1
1
1
1
1
1
1
1
1
1
1
1
1
1
1
1
1
1
1
1
1
1
1
1
1
1
1
1
1
1
1
1
1
1
1
1
1
1
1
1
1
1
1
1
1
1
1
1
1
1
1
1
1
1
1
1
1
1
1
0.999996
1
1
1
1
0.999546
1
1
1
1
1
1
1
1
1
1
1
1
1
1.00042
0.996189
1
1
1
1
1
1
1.00005
1
1
1
1
1
1
1
1
1
1
1
1
1
1
1
1
1
1.00004
0.999999
1
1
1
1
1
0.999969
1
1
1
0.999999
1
1
1
1
0.997668
1
1
1
1
1
1
1
0.999996
1
1
1
1
1
1
1
1
1.00001
1
1
1
1
1
1
1
1
1
1
1
1
1.00001
1
1
0.999968
1
1
1
1
1.0004
1
1
1
1
1
1
1
1
1
1
1
1
1
1
1
1
1
1
1
1
1
1
1
1
1
1
1.00021
1
1
0.998961
1
1
1
1
1
1
1
1
1
1
0.999991
1
1
1
1
1
1
1
1
1.00027
1
1
1
1
1
1
0.999811
1
1
1
1
1
1
1
1
1
1
0.999999
1
1
1
1
1
0.999992
1
1
1
1
1
1
1
1
1
1
1
1
1
1
1
1
1
1
1
1
1
1
1
1
1
1
1
1
1
1
1
1
1
1
1
1
0.999949
1
1
1.00004
1
1
1
1
1
1
1
1
1
1
1
1
1
1
1
1
1
1
1
1
1
1
1
1
1
1
1
1
1
1
1
1
1
1
0.999998
1
1
1
1
1
1
1
1
1
1
1
1
1
1
1
0.999993
1
1
1
1
1
1
1
1
1
1
1
1
1
0.999972
1
1
1
1
1
1
1
1
1
1
1
1
1
1
1
1
1
1
1
1
1
1
1
1
1
1
1
0.999766
1
1
1
1
1
0.999998
1
1
1
1
1
1
1
1
1
1
1
1
1
1
1
1
1
0.998684
1
1
1
1
1
0.999978
1
1
1
1
1
1
1
1
1
1
1
1
1
1
1
1
1
1
1
1
1
1
1
1
1
1
1
1
1
1
1
1
1
1
1
1
1
1
1
1
1
1
0.999992
1
1
1
1
1
1
1
0.999978
1
1
1
1
1
1
1
1
1
1
1
1
1
1
1
1
1
1
1
1
1
1
1
1
1
1
0.999996
1
1
1
1
1
1
1
1
1
1
1
1
1
1
1
1
1
1
0.999398
1
1
1
1
1
1
1
1
1
1
1.00001
1
1
1
1
1
1
1
1
1
1
1
1
1
1
1
1
1
1
1
1
1
1
1
1
1
1
1
1
1
1
1
1
1
1
1
1
1
1
1
1
1
1
1
0.99952
1
1
1
1
1
1
1
1
1
1
1
1
1
1
1
1
1
1
1
1
1
1
1
1
1
1
1
1
1
1
1
1
1
1
1
0.999999
1
1
1
1
1
1
1
1
1
1
1
1
1.00001
1
1
1
1
1
1
1
1
1
1
1
1
1
1
1
1
1
1
1
1
1
1
1
1
1
1
1
1
1
1
1
0.999998
1
1
1
1
1
1
1
1
1
1
1
1
1
1
1
1
1
1
1
1
0.999989
1
1
1
1
1
1
1
1
1
1
1
1
1
1
1
1.00007
1
1
1
1
1
1
1
1.00003
1
0.9997
0.999976
1
1
1.00003
1
1
1
1
1
1
1
1
0.999999
1
1
1
1
1
1
1
1
1
1
1
1
1
1
1
1
1
1
1
1
1
1
1
1
1
1
1
1
1
1.00002
1
0.999909
1
1
1
1
1.00001
1
1
1
1
1
1
1
1
1
1
1
1
1
1
1
1
1
0.999999
1
1
1
1
1
1.00001
1
1
1
1
1
1
1
0.999999
1.00015
1
1
1.00003
1
1
1
1
1
0.999994
1
1
1
1
1
1
1
1
1
1
1
1
1
1
1
1
1
1
1
1
1
1
1
1
1
1
1
1
1
1
1
1
1
1
1
1
1
1
1
1
0.999994
1
1
1
1
1
0.999997
1
1
1
1
1
0.999342
1
1
1
1
1
1
1
1
1.00007
0.998997
1
1
)
;

boundaryField
{
    frontback
    {
        type            empty;
    }
    topbottom
    {
        type            zeroGradient;
    }
    outlet
    {
        type            zeroGradient;
    }
    inlet
    {
        type            fixedValue;
        value           nonuniform List<scalar> 0();
    }
    walls
    {
        type            zeroGradient;
    }
    procBoundary3to1
    {
        type            processor;
        value           nonuniform List<scalar> 
205
(
1
1
1
1
1
1
1
1
1
1
1
1
1
1
1
1
1
1
1
1
1
1
1
1
1
1
1
1
1
1
1
1
1
1
1
1
1
1
1
1
1
1
1
1
1
1
1
1
1
1
1
1
1
1
1
1
1
1
1
1
1
1
1
1
1
1
1
1
1
1
1
1
1
1
1
1
1
1
1
1
1
1
1
1
1
1
1
1
1
1
1
1
1
1
1
1
1
1
1
1
1
1
1
1
1
1
1
1
1
1
1
1
1
1
1
1
1
1
1
1
1
1
1
1
1
1
1
1
1
1
1
1
1
1
1
1
1
1
1
1
1
1
1
1
1
1
1
1
1
1
1
1
1
1
1
1
1
1
1
1
1
1
1
1
1
1
1
1
1
1
1
1
1
1
1
1
1
1
1
1
1
1
1
1
1
1
1
1
1
1
1
1
1
1
1
1
1
1
1
1
1
1
1
1
1
)
;
    }
    procBoundary3to2
    {
        type            processor;
        value           nonuniform List<scalar> 
99
(
1
1
1
1.00008
1
1
1
1
1
1.00023
1
1
1
1
1
1
1
1
1
1
1
1
1
1
1
1
1
1
0.985192
0.985192
1
1
0.999999
0.999559
1
1
1.0002
1
1
1.00001
1
1
1
1
1
1
1
1
1
1
1
1
1
1
1
1
1
1
1
1
1
1
1
0.999993
1
1
1
1
1
1
1
1
1
1
1
1
1
1
1
1
1
1
1
1
1
1
1
1
1
1
1
1
1.00001
1
1
1
1
1
0.999998
)
;
    }
}


// ************************************************************************* //
