/*--------------------------------*- C++ -*----------------------------------*\
| =========                 |                                                 |
| \\      /  F ield         | OpenFOAM: The Open Source CFD Toolbox           |
|  \\    /   O peration     | Version:  v2012                                 |
|   \\  /    A nd           | Website:  www.openfoam.com                      |
|    \\/     M anipulation  |                                                 |
\*---------------------------------------------------------------------------*/
FoamFile
{
    version     2.0;
    format      ascii;
    class       labelList;
    location    "constant/polyMesh";
    object      pointProcAddressing;
}
// * * * * * * * * * * * * * * * * * * * * * * * * * * * * * * * * * * * * * //


13704
(
3
7
215
216
217
218
219
220
221
222
223
224
225
226
227
228
229
230
231
232
233
234
235
236
237
238
239
240
241
242
243
244
245
246
247
248
249
250
251
252
348
349
350
351
352
353
354
355
356
357
358
359
360
361
362
363
364
365
366
367
368
369
370
371
372
373
374
375
376
377
378
379
380
613
614
615
616
617
618
619
620
621
622
623
624
625
626
627
628
629
630
631
632
633
634
635
636
637
638
639
640
641
642
643
644
645
646
647
648
649
650
651
652
653
654
655
656
657
658
659
660
661
662
663
664
665
666
667
668
669
670
671
672
673
674
675
676
677
678
679
680
681
682
683
684
685
686
687
688
689
690
691
692
693
694
695
696
969
970
971
972
973
974
975
976
977
978
979
980
981
982
983
984
985
986
987
988
989
990
991
992
993
994
995
996
997
998
999
1000
1001
1002
1003
1004
1005
1006
1102
1103
1104
1105
1106
1107
1108
1109
1110
1111
1112
1113
1114
1115
1116
1117
1118
1119
1120
1121
1122
1123
1124
1125
1126
1127
1128
1129
1130
1131
1132
1133
1134
1367
1368
1369
1370
1371
1372
1373
1374
1375
1376
1377
1378
1379
1380
1381
1382
1383
1384
1385
1386
1387
1388
1389
1390
1391
1392
1393
1394
1395
1396
1397
1398
1399
1400
1401
1402
1403
1404
1405
1406
1407
1408
1409
1410
1411
1412
1413
1414
1415
1416
1417
1418
1419
1420
1421
1422
1423
1424
1425
1426
1427
1428
1429
1430
1431
1432
1433
1434
1435
1436
1437
1438
1439
1440
1441
1442
1443
1444
1445
1446
1447
1448
1449
1450
1549
1550
1551
1552
1553
1559
1560
1561
1562
1563
1584
1587
1589
1594
1597
1601
1605
1613
1616
1623
1638
1640
1642
1644
1646
1649
1650
1652
1655
1657
1663
1667
1670
1676
1681
1682
1689
1708
1709
1712
1713
1714
1723
1732
1734
1735
1765
1766
1767
1768
1769
1770
1771
1772
1773
1774
1775
1776
1777
1778
1779
1780
1781
1782
1783
1784
1785
1786
1787
1788
1789
1790
1791
1792
1793
1794
1795
1796
1797
1798
1799
1800
1801
1802
1803
1804
1805
1806
1807
1808
1809
1810
1811
1812
1813
1814
1815
1816
1817
1818
1819
1820
1821
1822
1823
1824
1825
1826
1827
1828
1829
1830
1831
1832
1833
1834
1835
1836
1837
1838
1839
1840
1841
1842
1843
1844
1845
1846
1847
1848
1849
1850
1851
1852
1853
1854
1855
1856
1857
1858
1859
1860
1861
1862
1863
1864
1865
1866
1867
1868
1869
1870
1871
1872
1873
1874
1875
1876
1877
1878
1879
1880
1881
1882
1883
1884
1885
1886
1887
1888
1889
1890
1891
1892
1893
1894
1895
1896
1897
1898
1899
1900
1901
1902
1903
1904
1905
1906
1907
1908
1909
1910
1911
1912
1913
1914
1915
1916
1917
1918
1919
1920
1921
1922
1923
1924
2346
2458
2590
2591
2600
2601
2605
2615
2616
2617
2629
2630
2647
2648
2651
2652
2653
2654
2655
2678
2679
2680
2681
2686
2687
2688
2689
2690
2691
2692
2693
2694
2695
2696
2697
2698
2699
2700
2701
2702
2703
2704
2705
2706
2707
2708
2709
2710
2711
2712
2713
2714
2715
2716
2717
2718
2719
2720
2721
2722
2723
2724
2725
2726
2727
2728
2729
2730
2731
2732
2733
2734
2735
2736
2737
2738
2739
2740
2741
2742
2743
2744
2745
2746
2747
2748
2749
2750
2751
2752
2753
2754
2755
2756
2757
2758
2759
2760
2761
2762
2763
2764
2765
2766
2767
2768
2769
2770
2771
2772
2773
2774
2775
2776
2777
2778
2779
2780
2781
2782
2783
2784
2785
2786
2787
2788
2789
2790
2791
2792
2793
2794
2795
2796
2797
2798
2799
2800
2801
2802
2803
2804
2805
2806
2807
2808
2809
2810
2811
2812
2813
2814
2815
2816
2817
2818
2819
2820
2821
2822
2823
2824
2825
2826
2827
2828
2829
2830
2831
2832
2833
2834
2835
2836
2837
2838
2839
2847
2848
2849
2864
2869
2870
2871
2872
2873
2874
2875
2878
2881
2884
2969
2972
2976
2977
2981
3159
3160
3161
3273
3274
3394
3395
3436
3437
3438
3465
3466
3471
3472
3530
3531
3532
3533
3534
3535
3536
3537
3538
3539
3540
3541
3542
3543
3544
3545
3546
3547
3548
3549
3550
3551
3552
3553
3554
3555
3556
3557
3558
3559
3560
3561
3562
3563
3564
3565
3566
3567
3568
3569
3570
3571
3572
3575
3576
3577
3578
3579
3580
3581
3582
3583
3584
3585
3586
3587
3588
3589
3590
3591
3592
3593
3594
3595
3596
3597
3598
3599
3600
3601
3602
3603
3604
3605
3606
3607
3608
3609
3610
3611
3612
3633
3634
3635
3649
3663
3666
3667
3668
3795
3806
3807
3808
3809
3810
3811
3812
3813
3814
3815
3816
3817
3818
3819
3820
3821
3822
3823
3824
3825
3826
3827
3828
3829
3830
3831
3832
3833
3834
3835
3836
3837
3838
3839
3840
3841
3842
3843
3844
3845
3846
3847
3848
3849
3850
3851
3852
3853
3854
3855
3856
3857
3858
3859
3860
3861
3862
3863
3864
3865
3866
3867
3868
3869
3870
3871
3872
3873
3874
3875
3876
3877
3878
3879
3880
3887
3891
3892
3895
3896
3899
3900
3903
3904
3905
3906
3911
3921
3944
3945
3954
3956
3964
3965
3967
3969
3970
3971
3972
3973
3974
3975
3976
3977
3978
3979
3980
3981
3982
3983
3984
3990
3991
4001
4005
4006
4016
4017
4018
4019
4029
4030
4035
4037
4038
4039
4043
4044
4050
4051
4065
4069
4070
4078
4119
4125
4127
4137
4142
4150
4151
4152
4153
4156
4157
4162
4163
4164
4165
4253
4256
4257
4258
4261
4262
4263
4264
4265
4266
4267
4268
4286
4298
4303
4304
4318
4319
4320
4321
4323
4324
4325
4326
4327
4328
4329
4330
4331
4332
4333
4334
4335
4336
4337
4338
4339
4340
4341
4342
4343
4344
4345
4346
4347
4348
4349
4350
4351
4352
4353
4354
4355
4356
4357
4358
4359
4360
4361
4362
4363
4364
4365
4366
4367
4368
4369
4370
4371
4372
4373
4374
4375
4376
4377
4378
4379
4380
4381
4382
4383
4384
4385
4386
4387
4388
4389
4390
4391
4392
4393
4394
4395
4396
4397
4398
4399
4400
4401
4402
4403
4404
4405
4406
4407
4408
4409
4410
4411
4412
4413
4414
4415
4416
4417
4418
4419
4420
4421
4422
4423
4424
4425
4426
4427
4428
4429
4430
4431
4432
4433
4434
4435
4436
4437
4438
4439
4440
4441
4442
4443
4444
4445
4446
4447
4448
4449
4450
4451
4452
4453
4454
4455
4456
4457
4458
4459
4460
4461
4462
4463
4464
4465
4466
4467
4468
4469
4470
4471
4472
4473
4474
4475
4476
4477
4478
4479
4480
4481
4482
4483
4484
4485
4486
4487
4488
4489
4490
4491
4492
4493
4494
4495
4496
4497
4498
4499
4500
4501
4502
4503
4504
4505
4506
4507
4508
4509
4510
4511
4512
4513
4514
4515
4516
4522
4523
4524
4536
4537
4538
4541
4551
4553
4554
4555
4556
4557
4558
4559
4560
4561
4562
4563
4568
4570
4571
4572
4629
4630
4631
4955
4956
4957
4976
4977
4992
4993
4994
4999
5001
5002
5019
5020
5023
5024
5036
5037
5038
5039
5040
5041
5048
5055
5064
5077
5078
5099
5100
5101
5102
5103
5104
5105
5106
5107
5108
5109
5110
5111
5112
5113
5114
5115
5116
5117
5118
5119
5120
5121
5122
5123
5124
5125
5126
5127
5128
5129
5130
5131
5132
5133
5134
5135
5139
5155
5309
5311
5312
5329
5330
5338
5422
5423
5424
5502
5516
5517
5518
5519
5520
5521
5522
5523
5524
5610
5611
5614
5616
5619
5620
5621
5622
5623
5625
5639
5653
5665
5691
5700
5701
5719
5720
5737
5738
5739
5752
5829
5830
5945
5950
5951
5984
5985
6027
6192
6207
6208
6219
6220
6263
6267
6280
6288
6292
6293
6294
6329
6354
6355
6358
6359
6360
6361
6362
6363
6364
6365
6366
6367
6368
6369
6370
6372
6373
6374
6375
6376
6377
6378
6379
6380
6381
6382
6383
6384
6385
6386
6387
6388
6389
6390
6391
6392
6393
6394
6395
6396
6397
6398
6399
6400
6401
6402
6403
6404
6405
6406
6407
6408
6409
6410
6411
6412
6413
6414
6415
6416
6417
6418
6419
6420
6421
6422
6423
6424
6425
6426
6427
6428
6451
6452
6460
6461
6462
6463
6464
6465
6466
6467
6468
6469
6470
6471
6472
6473
6474
6475
6476
6477
6478
6479
6480
6481
6482
6483
6484
6485
6486
6487
6488
6489
6490
6491
6492
6493
6494
6495
6500
6501
6524
6525
6526
6535
6536
6537
6540
6541
6542
6547
6561
6562
6563
6575
6576
6577
6578
6579
6580
6581
6582
6583
6584
6585
6586
6587
6588
6589
6590
6591
6592
6593
6594
6595
6596
6597
6598
6599
6600
6601
6602
6603
6611
6612
6613
6614
6615
6616
6617
6626
6627
6628
6629
6630
6631
6632
6633
6634
6635
6636
6637
6638
6639
6640
6641
6642
6643
6644
6645
6646
6647
6648
6649
6650
6651
6652
6653
6654
6655
6656
6657
6658
6659
6660
6661
6662
6663
6664
6665
6666
6667
6668
6669
6670
6671
6672
6673
6678
6706
6722
6723
6731
6732
6733
6736
6737
6751
6771
6772
6773
6774
6775
6776
6777
6778
6779
6780
6781
6782
6783
6784
6785
6786
6787
6788
6789
6790
6791
6792
6793
6794
6795
6796
6797
6798
6799
6800
6801
6802
6803
6804
6805
6806
6807
6810
6815
6816
6849
6856
6859
6860
6861
6862
6863
6864
6865
6866
6867
6868
6869
6870
6871
6872
6873
6874
6875
6876
6877
6878
6879
6880
6881
6882
6883
6884
6885
6886
6887
6888
6889
6890
6891
6892
6893
6894
6895
6896
6897
6898
6899
6900
6901
6902
6903
6904
6905
6906
6907
6908
6909
6910
6911
6912
6913
6914
6915
6916
6917
6918
6919
6920
6921
6922
6923
6924
6925
6926
6927
6928
6929
6930
6931
6932
6935
7001
7005
7011
7012
7013
7014
7015
7019
7027
7051
7052
7053
7057
7058
7059
7060
7061
7062
7063
7064
7065
7066
7067
7068
7069
7070
7078
7079
7106
7107
7109
7122
7128
7132
7133
7135
7136
7143
7144
7166
7167
7168
7169
7170
7171
7172
7173
7174
7175
7176
7177
7178
7179
7180
7181
7182
7183
7184
7185
7186
7187
7188
7189
7190
7191
7192
7193
7194
7195
7196
7197
7198
7199
7200
7201
7202
7203
7204
7205
7206
7207
7208
7209
7210
7211
7212
7213
7214
7215
7216
7217
7218
7219
7220
7221
7222
7259
7283
7284
7285
7289
7290
7291
7297
7298
7300
7301
7302
7304
7310
7311
7312
7317
7322
7323
7390
7401
7402
7409
7410
7412
7423
7424
7425
7431
7434
7436
7438
7439
7443
7444
7446
7450
7451
7452
7453
7454
7455
7456
7457
7458
7459
7462
7491
7514
7516
7517
7518
7519
7520
7521
7522
7523
7524
7525
7526
7527
7528
7529
7530
7531
7543
7545
7550
7555
7556
7560
7561
7562
7563
7564
7565
7566
7567
7568
7569
7570
7572
7573
7585
7594
7596
7600
7601
7604
7605
7609
7617
7618
7619
7631
7634
7636
7638
7641
7648
7649
7655
7657
7659
7660
7662
7672
7679
7687
7751
7752
7753
7756
7759
7763
7764
7773
7784
7826
7827
7828
7830
7848
7858
7859
7860
7861
7862
7863
7864
7865
7866
7867
7868
7869
7870
7871
7872
7873
7874
7875
7876
7891
7892
7893
7894
7895
7896
7897
7898
7899
7900
7901
7902
7903
7904
7905
7906
7907
7908
7909
7910
7912
7913
7914
7917
7921
7923
7926
7959
7981
7983
7991
8035
8042
8076
8090
8091
8092
8093
8094
8095
8096
8097
8098
8099
8100
8118
8119
8120
8121
8122
8123
8124
8125
8126
8127
8128
8129
8130
8131
8132
8133
8134
8135
8136
8140
8170
8171
8172
8198
8209
8228
8319
8328
8344
8351
8352
8355
8356
8357
8358
8359
8360
8361
8362
8363
8364
8365
8366
8367
8368
8369
8370
8371
8372
8373
8374
8375
8376
8377
8378
8379
8380
8381
8387
8390
8395
8396
8397
8398
8399
8400
8401
8402
8411
8418
8422
8430
8431
8432
8433
8434
8435
8440
8456
8457
8458
8459
8471
8472
8473
8474
8475
8476
8477
8478
8479
8484
8494
8497
8498
8499
8507
8508
8509
8510
8511
8512
8513
8514
8515
8524
8525
8526
8531
8532
8533
8534
8535
8536
8537
8538
8539
8540
8541
8542
8543
8544
8545
8546
8547
8548
8549
8550
8551
8552
8553
8555
8558
8566
8567
8568
8569
8570
8571
8572
8573
8574
8575
8576
8577
8578
8579
8580
8581
8582
8583
8584
8589
8590
8591
8597
8598
8602
8614
8618
8619
8620
8621
8622
8623
8624
8635
8660
8661
8662
8665
8666
8668
8670
8671
8676
8677
8678
8700
8701
8712
8713
8715
8721
8722
8725
8736
8737
8740
8742
8746
8749
8750
8756
8757
8758
8759
8765
8766
8769
8770
8772
8776
8777
8778
8791
8792
8793
8796
8799
8802
8803
8914
8916
8917
8918
8919
8922
8923
8927
8929
8931
8932
8937
8941
8944
8948
8949
8950
8951
8952
8953
8954
8955
8958
8972
8985
8990
8991
8992
8993
8994
8995
8996
8997
8998
8999
9000
9001
9002
9003
9004
9006
9018
9029
9030
9031
9032
9033
9034
9035
9036
9037
9038
9039
9040
9041
9045
9053
9059
9070
9071
9075
9076
9077
9078
9093
9094
9132
9142
9148
9149
9166
9167
9168
9169
9170
9171
9172
9173
9181
9506
9517
9518
9519
9520
9522
9525
9526
9527
9528
9529
9530
9531
9532
9533
9534
9540
9552
9553
9558
9563
9564
9567
9574
9575
9578
9585
9589
9594
9602
9603
9606
9611
9616
9617
9618
9620
9621
9623
9624
9629
9630
9636
9643
9644
9645
9650
9661
9681
9682
9686
9687
9689
9690
9691
9692
9699
9700
9710
9711
9715
9716
9719
9724
9726
9730
9740
9741
9742
9758
9766
9767
9769
9770
9774
9782
9803
9804
9810
9814
9815
9827
9834
9835
9836
9837
9838
9839
9840
9845
9847
9848
9876
9877
9878
9885
9887
9888
9901
9905
9906
9911
10184
10185
10207
10211
10217
10218
10219
10221
10222
10223
10224
10242
10245
10246
10248
10271
10272
10275
10278
10279
10285
10286
10289
10291
10295
10298
10315
10316
10317
10318
10319
10320
10321
10326
10327
10338
10376
10377
10378
10384
10386
10388
10393
10406
10407
10412
10413
10418
10419
10420
10421
10422
10423
10424
10425
10426
10427
10428
10429
10430
10431
10432
10433
10434
10435
10436
10437
10438
10439
10440
10441
10442
10443
10444
10445
10446
10447
10448
10449
10450
10451
10452
10453
10454
10455
10456
10457
10458
10459
10460
10461
10462
10463
10464
10465
10466
10467
10468
10469
10470
10471
10472
10473
10474
10475
10476
10477
10478
10479
10480
10481
10482
10483
10484
10485
10486
10487
10488
10489
10490
10491
10492
10493
10494
10495
10496
10497
10498
10499
10500
10501
10502
10503
10504
10505
10506
10507
10508
10509
10510
10511
10512
10513
10514
10515
10516
10517
10518
10519
10520
10521
10522
10523
10524
10525
10526
10527
10528
10529
10530
10531
10532
10533
10534
10535
10536
10537
10538
10548
10549
10550
10551
10552
10553
10554
10557
10559
10560
10561
10562
10563
10564
10565
10566
10567
10568
10569
10570
10571
10573
10574
10575
10577
10578
10579
10580
10581
10582
10585
10596
10600
10601
10631
10634
10655
10674
10675
10676
10677
10679
10680
10681
10682
10683
10684
10685
10686
10687
10688
10695
10696
10716
10717
10718
10719
10720
10723
10724
10725
10729
10733
10734
10735
10736
10737
10738
10739
10740
10741
10742
10743
10744
10745
10750
10754
10755
10804
10806
10824
10829
10835
10850
10851
10859
10862
10873
10874
10877
10878
10879
10880
10886
10887
10888
10889
10890
10892
10893
10894
10900
10926
10930
10932
10945
10948
10955
10957
10958
10959
10966
10967
10970
10971
10977
10981
10982
10983
10984
10985
10986
10987
10988
10994
10996
11009
11010
11032
11033
11034
11035
11036
11037
11038
11076
11083
11084
11085
11088
11089
11095
11102
11104
11105
11113
11119
11130
11131
11132
11145
11158
11160
11169
11179
11180
11181
11183
11184
11185
11187
11197
11203
11204
11228
11234
11235
11241
11277
11306
11327
11328
11346
11347
11348
11349
11350
11351
11356
11357
11361
11362
11375
11376
11377
11387
11388
11390
11398
11401
11402
11403
11406
11408
11409
11413
11414
11420
11426
11427
11428
11433
11436
11442
11458
11459
11463
11464
11470
11471
11472
11473
11474
11475
11476
11477
11478
11483
11484
11485
11488
11489
11490
11491
11492
11493
11494
11501
11502
11503
11504
11505
11507
11522
11523
11527
11530
11534
11538
11542
11543
11561
11564
11566
11572
11574
11578
11581
11582
11584
11589
11594
11598
11608
11609
11610
11611
11612
11613
11614
11615
11616
11623
11624
11634
11641
11642
11643
11644
11645
11650
11651
11654
11655
11656
11657
11663
11672
11682
11684
11685
11686
11687
11688
11689
11690
11691
11699
11700
11703
11704
11706
11708
11709
11718
11719
11720
11725
11726
11727
11733
11734
11737
11743
11744
11745
11748
11749
11750
11754
11755
11766
11767
11769
11774
11775
11776
11777
11778
11779
11782
11783
11787
11788
11789
11792
11831
11832
11835
11836
11855
11856
11857
11858
11859
11860
11862
11863
11869
11872
11873
11874
11884
11886
11887
11893
11894
11901
11904
11908
11922
11934
11938
11941
11942
11946
11947
11948
11949
11956
11957
11962
11963
11965
11967
11969
11976
11977
11988
11989
11995
11996
11998
12004
12025
12026
12027
12028
12029
12030
12031
12040
12041
12042
12043
12044
12060
12061
12062
12063
12064
12070
12071
12072
12080
12081
12091
12096
12099
12101
12102
12103
12106
12107
12124
12125
12126
12152
12153
12154
12155
12157
12158
12161
12162
12168
12169
12172
12174
12175
12178
12179
12181
12197
12210
12227
12228
12235
12238
12268
12269
12291
12292
12293
12315
12317
12318
12363
12370
12374
12375
12379
12380
12384
12385
12392
12394
12395
12399
12406
12417
12425
12429
12431
12447
12450
12451
12471
12475
12492
12493
12495
12499
12505
12506
12507
12508
12510
12513
12514
12522
12523
12524
12526
12533
12541
12542
12547
12548
12563
12586
12592
12594
12595
12596
12598
12599
12602
12604
12605
12609
12610
12611
12613
12614
12618
12619
12620
12621
12622
12623
12625
12626
12629
12630
12631
12633
12634
12638
12639
12640
12641
12643
12652
12653
12654
12655
12658
12668
12674
12675
12679
12680
12681
12682
12683
12684
12686
12687
12697
12700
12707
12708
12710
12711
12712
12713
12727
12728
12731
12732
12739
12742
12746
12747
12751
12775
12778
12782
12783
12784
12788
12795
12797
12798
12799
12809
12810
12811
12814
12818
12828
12829
12830
12831
12832
12839
12844
12845
12846
12847
12851
12859
12860
12861
12871
12872
12874
12878
12879
12911
12921
12930
12973
12979
12981
12988
12996
13004
13005
13006
13008
13022
13023
13024
13025
13031
13032
13033
13041
13042
13045
13051
13060
13061
13062
13063
13064
13065
13066
13070
13072
13073
13074
13075
13077
13078
13079
13088
13089
13093
13113
13114
13126
13127
13134
13154
13155
13156
13157
13158
13159
13164
13173
13174
13175
13176
13177
13178
13181
13182
13186
13187
13189
13190
13195
13196
13198
13199
13211
13212
13213
13216
13217
13218
13219
13220
13221
13222
13223
13224
13225
13226
13227
13237
13238
13239
13240
13241
13242
13243
13251
13253
13254
13255
13256
13257
13258
13259
13260
13267
13268
13269
13270
13271
13272
13273
13274
13282
13284
13290
13295
13300
13302
13303
13304
13333
13334
13335
13336
13337
13338
13339
13340
13341
13342
13343
13344
13346
13347
13348
13353
13354
13355
13356
13357
13361
13362
13365
13366
13367
13368
13369
13370
13371
13373
13420
13421
13422
13423
13424
13425
13426
13438
13439
13440
13441
13454
13455
13456
13460
13520
13525
13530
13531
13536
13537
13567
13572
13573
13574
13575
13590
13600
13601
13602
13608
13609
13662
13663
13664
13665
13680
13681
13687
13688
13689
13707
13708
13710
13711
13713
13760
13776
13777
13778
13779
13816
13844
13845
13861
13869
13870
13872
13876
13877
13878
13879
13881
13882
13885
13895
13910
13913
13914
13930
13931
13938
13939
13947
13951
13958
13972
14024
14025
14026
14027
14053
14054
14079
14081
14086
14087
14088
14096
14106
14107
14108
14111
14112
14122
14127
14128
14133
14140
14141
14142
14149
14150
14158
14161
14162
14167
14168
14169
14170
14171
14172
14173
14174
14175
14188
14196
14199
14200
14207
14213
14217
14218
14219
14220
14226
14227
14228
14229
14244
14259
14266
14268
14269
14278
14279
14280
14281
14282
14283
14287
14288
14289
14290
14291
14292
14293
14294
14295
14296
14297
14298
14301
14305
14306
14313
14326
14327
14328
14329
14330
14333
14334
14342
14347
14348
14360
14361
14362
14372
14373
14383
14397
14406
14407
14414
14418
14434
14446
14447
14448
14449
14450
14451
14454
14455
14456
14457
14460
14467
14468
14470
14475
14476
14481
14482
14491
14492
14493
14497
14502
14505
14508
14509
14510
14512
14513
14514
14517
14518
14521
14524
14528
14529
14534
14535
14537
14540
14557
14565
14566
14567
14568
14574
14575
14576
14581
14586
14587
14600
14601
14607
14608
14609
14617
14618
14650
14659
14675
14676
14679
14680
14688
14689
14690
14691
14692
14693
14699
14715
14721
14731
14732
14734
14736
14737
14738
14741
14742
14743
14744
14745
14746
14747
14748
14749
14750
14751
14752
14753
14754
14755
14756
14777
14778
14788
14789
14790
14791
14792
14793
14810
14811
14814
14816
14819
14820
14822
14833
14834
14835
14836
14837
14838
14839
14840
14841
14842
14843
14850
14851
14857
14858
14860
14864
14865
14866
14872
14874
14876
14881
14885
14890
14891
14898
14899
14900
14906
14909
14916
14920
14921
14922
14925
14929
14931
14932
14939
14940
14943
14944
14945
14965
14986
14987
14988
14989
14997
14999
15002
15003
15004
15006
15008
15009
15021
15022
15023
15027
15029
15030
15032
15033
15035
15036
15037
15039
15043
15044
15050
15054
15057
15059
15060
15061
15062
15073
15074
15083
15088
15089
15095
15098
15100
15108
15109
15129
15130
15131
15142
15147
15148
15149
15150
15151
15153
15154
15155
15156
15157
15158
15159
15161
15164
15168
15181
15182
15183
15184
15185
15186
15187
15201
15202
15203
15213
15217
15221
15232
15237
15238
15242
15243
15244
15245
15250
15253
15256
15257
15258
15263
15264
15280
15281
15292
15293
15300
15317
15325
15326
15328
15333
15334
15338
15339
15341
15344
15345
15351
15386
15387
15396
15408
15411
15412
15415
15416
15417
15421
15423
15425
15426
15443
15446
15447
15448
15449
15450
15451
15457
15459
15465
15479
15480
15481
15482
15483
15484
15485
15486
15487
15488
15489
15499
15500
15509
15510
15516
15520
15524
15525
15535
15536
15539
15544
15562
15563
15564
15582
15587
15600
15611
15612
15619
15620
15621
15626
15632
15633
15635
15637
15638
15639
15641
15647
15648
15649
15656
15657
15658
15659
15660
15661
15662
15663
15664
15667
15668
15669
15674
15675
15676
15679
15686
15687
15688
15695
15696
15703
15707
15714
15720
15728
15729
15730
15736
15759
15760
15761
15763
15764
15773
15774
15775
15776
15777
15789
15790
15793
15794
15798
15800
15805
15808
15809
15810
15811
15818
15819
15820
15821
15822
15823
15824
15825
15826
15827
15828
15829
15830
15831
15832
15833
15834
15835
15836
15837
15838
15839
15840
15841
15842
15843
15844
15845
15846
15847
15848
15849
15850
15852
15860
15861
15862
15877
15879
15884
15885
15887
15893
15904
15909
15910
15911
15912
15913
15914
15915
15916
15917
15918
15919
15920
15921
15922
15923
15925
15933
15934
15935
15942
15943
15981
15985
15992
15993
15994
15999
16007
16010
16011
16012
16013
16017
16018
16021
16042
16043
16044
16045
16046
16047
16051
16058
16059
16060
16061
16062
16091
16092
16093
16094
16097
16098
16104
16105
16107
16108
16109
16110
16115
16116
16118
16123
16124
16125
16126
16136
16139
16140
16143
16146
16147
16148
16149
16150
16151
16152
16153
16154
16155
16156
16157
16158
16159
16160
16161
16162
16163
16164
16165
16166
16167
16168
16169
16170
16171
16172
16173
16174
16175
16176
16177
16178
16179
16180
16181
16182
16183
16184
16185
16186
16187
16188
16189
16190
16191
16192
16193
16194
16195
16196
16197
16198
16199
16203
16204
16205
16209
16210
16211
16212
16213
16214
16215
16216
16225
16226
16228
16238
16256
16257
16259
16260
16263
16264
16265
16266
16275
16277
16278
16287
16288
16290
16291
16294
16297
16313
16317
16329
16331
16333
16334
16344
16352
16353
16354
16359
16360
16361
16362
16366
16370
16371
16372
16373
16376
16379
16380
16382
16383
16384
16395
16397
16398
16401
16402
16404
16407
16408
16409
16418
16419
16427
16434
16435
16446
16447
16448
16449
16450
16451
16452
16454
16457
16458
16460
16463
16476
16481
16489
16490
16491
16494
16497
16502
16503
16517
16525
16526
16527
16528
16529
16530
16531
16532
16533
16534
16537
16541
16544
16558
16572
16574
16623
16626
16633
16634
16638
16640
16641
16642
16643
16644
16645
16646
16647
16648
16649
16650
16651
16652
16653
16654
16655
16656
16662
16669
16673
16675
16678
16679
16683
16684
16686
16687
16697
16698
16701
16702
16713
16714
16718
16723
16724
16725
16726
16727
16733
16734
16737
16741
16742
16744
16748
16750
16764
16765
16771
16772
16774
16790
16791
16795
16796
16803
16804
16805
16806
16813
16814
16815
16819
16822
16824
16825
16826
16827
16828
16829
16832
16837
16842
16843
16844
16846
16847
16849
16851
16854
16855
16856
16860
16861
16862
16867
16869
16873
16878
16889
16890
16893
16908
16917
16918
16925
16926
16929
16936
16947
16952
16956
16968
16971
16972
16973
16975
16976
16977
16978
16979
16980
16986
16994
17003
17011
17019
17020
17032
17034
17035
17037
17038
17039
17046
17056
17057
17061
17062
17063
17067
17072
17073
17074
17076
17077
17079
17084
17085
17086
17087
17096
17099
17100
17101
17102
17112
17113
17114
17115
17126
17128
17131
17132
17135
17136
17137
17138
17143
17144
17148
17153
17165
17167
17169
17170
17172
17173
17176
17177
17179
17181
17189
17193
17194
17195
17200
17201
17203
17212
17213
17214
17220
17261
17284
17285
17286
17287
17294
17297
17298
17300
17301
17302
17303
17304
17305
17306
17309
17311
17312
17315
17316
17317
17320
17321
17322
17326
17327
17329
17332
17336
17338
17339
17353
17358
17359
17360
17361
17362
17363
17364
17365
17366
17367
17368
17369
17370
17371
17372
17373
17374
17375
17376
17387
17393
17396
17399
17402
17405
17412
17413
17414
17415
17418
17427
17432
17435
17439
17447
17448
17451
17452
17453
17460
17469
17485
17486
17491
17492
17500
17501
17505
17506
17507
17508
17509
17510
17588
17589
17598
17599
17601
17672
17674
17678
17681
17686
17755
17779
17789
17795
17796
17808
17810
17813
17834
17879
17880
17890
17891
17892
17893
17894
17895
17896
17897
17898
17899
17914
17921
17922
17923
17924
17925
17926
17934
17935
17936
17937
17945
17947
17948
17949
17950
17958
17959
17960
17961
17973
17978
17988
17989
17990
17996
17997
17998
18011
18016
18017
18018
18027
18028
18042
18049
18061
18062
18064
18065
18066
18096
18108
18127
18130
18143
18144
18148
18149
18150
18151
18152
18153
18154
18155
18156
18157
18158
18161
18186
18187
18188
18189
18232
18236
18248
18249
18250
18251
18252
18253
18255
18260
18262
18266
18275
18276
18277
18306
18314
18315
18316
18331
18346
18354
18355
18356
18357
18412
18413
18426
18428
18450
18451
18463
18469
18470
18471
18472
18473
18474
18475
18476
18477
18478
18479
18480
18482
18485
18486
18489
18490
18491
18492
18493
18494
18495
18496
18497
18498
18499
18500
18501
18502
18503
18504
18505
18506
18507
18508
18509
18510
18511
18512
18513
18514
18515
18516
18517
18518
18519
18520
18521
18522
18523
18524
18525
18526
18538
18539
18540
18559
18565
18566
18567
18578
18579
18580
18581
18582
18583
18584
18585
18586
18588
18594
18614
18621
18623
18626
18649
18650
18651
18657
18659
18679
18697
18698
18699
18712
18713
18717
18721
18722
18724
18726
18727
18728
18729
18730
18731
18732
18755
18756
18759
18760
18761
18762
18765
18766
18767
18768
18772
18773
18774
18775
18779
18780
18781
18793
18794
18795
18813
18814
18816
18817
18818
18819
18820
18821
18822
18823
18824
18825
18826
18827
18828
18829
18830
18832
18833
18834
18835
18836
18837
18838
18839
18854
18855
18856
18857
18858
18859
18860
18861
18862
18863
18864
18865
18866
18871
18873
18874
18881
18882
18886
18888
18899
18900
18906
18907
18908
18909
18914
18915
18919
18920
18949
18959
18960
18964
18965
18966
18967
18968
18969
18970
18971
18972
18973
18974
18975
18976
18977
18978
18979
18980
18981
18982
18983
18984
18985
18986
18987
18988
18989
18990
18991
18992
18993
18994
18995
18996
19010
19011
19016
19021
19022
19023
19024
19026
19038
19039
19040
19041
19051
19052
19056
19057
19061
19062
19063
19064
19065
19066
19068
19069
19070
19071
19072
19073
19074
19075
19076
19077
19081
19082
19084
19085
19086
19087
19090
19091
19117
19119
19139
19140
19157
19158
19159
19160
19161
19162
19168
19169
19170
19171
19172
19173
19197
19198
19199
19259
19261
19262
19288
19311
19312
19316
19317
19318
19319
19325
19326
19340
19341
19345
19346
19347
19359
19361
19362
19363
19371
19378
19386
19387
19388
19389
19390
19391
19392
19393
19394
19395
19396
19404
19405
19406
19407
19417
19418
19419
19420
19421
19422
19423
19424
19425
19426
19427
19428
19429
19430
19431
19432
19437
19439
19440
19441
19467
19470
19471
19472
19484
19485
19489
19494
19495
19496
19500
19501
19513
19523
19527
19528
19529
19530
19540
19541
19542
19543
19544
19545
19547
19563
19569
19570
19571
19572
19573
19574
19575
19576
19577
19592
19597
19601
19602
19603
19604
19605
19616
19617
19618
19619
19620
19621
19622
19623
19624
19625
19626
19627
19628
19629
19630
19631
19632
19653
19656
19657
19658
19659
19661
19672
19685
19695
19701
19702
19716
19722
19723
19726
19733
19734
19735
19736
19737
19738
19746
19749
19753
19756
19757
19758
19759
19761
19764
19765
19766
19769
19771
19773
19774
19778
19780
19781
19782
19783
19784
19785
19786
19787
19788
19791
19792
19793
19794
19799
19800
19801
19802
19805
19811
19812
19813
19814
19815
19816
19817
19818
19819
19820
19821
19822
19823
19824
19825
19826
19827
19828
19829
19830
19832
19833
19834
19835
19836
19837
19838
19839
19840
19841
19842
19846
19856
19857
19859
19860
19861
19862
19863
19864
19865
19866
19867
19868
19869
19870
19873
19874
19886
19890
19899
19900
19901
19918
19919
19928
19929
19930
19931
19932
19937
19938
19940
19942
19943
19944
19947
19950
19957
19958
19959
19960
19980
19981
19985
19986
19989
19990
20005
20008
20014
20016
20017
20020
20022
20026
20039
20040
20049
20052
20054
20056
20061
20064
20081
20083
20086
20087
20088
20089
20091
20093
20112
20113
20114
20115
20117
20118
20119
20120
20121
20122
20123
20125
20126
20130
20131
20132
20133
20134
20135
20137
20140
20141
20142
20149
20161
20163
20164
20191
20194
20195
20197
20207
20208
20215
20216
20219
20251
20257
20258
20259
20260
20263
20267
20268
20269
20270
20271
20272
20273
20274
20284
20299
20300
20303
20304
20305
20306
20307
20308
20309
20310
20311
20312
20313
20314
20315
20316
20317
20324
20327
20329
20333
20348
20365
20385
20386
20387
20388
20389
20407
20408
20446
20447
20448
20450
20460
20467
20469
20470
20471
20473
20479
20480
20481
20482
20483
20501
20512
20513
20514
20515
20522
20523
20524
20525
20529
20530
20537
20547
20571
20572
20573
20575
20579
20585
20593
20596
20597
20598
20608
20609
20610
20615
20638
20654
20661
20662
20675
20676
20677
20678
20684
20685
20698
20705
20714
20718
20737
20738
20739
20740
20741
20742
20749
20752
20753
20754
20756
20759
20769
20771
20788
20819
20823
20824
20831
20833
20842
20857
20866
20872
20873
20878
20880
20881
20882
20912
20916
20926
20927
20928
20929
20933
20934
20935
20954
20955
20956
20960
20962
20967
20973
20974
20984
20986
20995
20998
20999
21003
21015
21019
21028
21035
21050
21054
21055
21056
21063
21068
21069
21070
21082
21084
21100
21101
21107
21108
21113
21114
21120
21131
21133
21134
21142
21143
21144
21145
21146
21147
21148
21151
21156
21157
21160
21168
21169
21170
21200
21203
21214
21215
21227
21255
21257
21277
21314
21360
21371
21383
21389
21396
21398
21401
21402
21403
21408
21413
21416
21417
21418
21424
21425
21451
21462
21463
21472
21518
21521
21535
21568
21597
21609
21610
21638
21641
21657
21659
21660
21665
21684
21685
21686
21707
21708
21709
21710
21711
21733
21739
21769
21775
21777
21789
21790
21791
21798
21812
21813
21820
21822
21830
21955
21996
22000
22014
22023
22024
22027
22028
22057
22113
22145
22181
22225
22242
22251
22255
22256
22281
22285
22295
22312
22323
22339
22345
22346
22348
22364
22374
22375
22399
22406
22421
22432
22434
22437
22439
22440
22448
22450
22469
22473
22479
22482
22484
22490
22492
22500
22515
22527
22532
22543
22550
22553
22558
22561
22567
22569
22583
22584
22585
22586
22603
22611
22616
22620
22621
22627
22628
22642
22643
22653
22655
22659
22662
22683
22684
22691
22700
22718
22729
22738
22745
22758
22759
22761
22762
22769
22786
22790
22793
22801
22810
22811
22823
22827
22835
22847
22849
22862
22870
22872
22873
22877
22879
22880
22881
22883
22884
22885
22886
22893
22896
22899
22921
22931
22932
22944
22946
22948
22951
22953
22957
22958
22960
22962
22963
22966
22968
22969
22979
22980
22982
22983
22985
22988
22992
22996
22999
23010
23013
23015
23016
23020
23028
23031
23032
23036
23042
23050
23051
23063
23066
23069
23072
23076
23081
23082
23084
23088
23093
23097
23098
23103
23104
23109
23114
23118
23123
23131
23133
23134
23135
23136
23137
23140
23144
23147
23152
23163
23164
23165
23168
23171
23176
23177
23184
23188
23200
23208
23212
23221
23228
23229
23234
23236
23246
23249
23253
23263
23264
23265
23267
23274
23278
23286
23292
23301
23302
23309
23315
23321
23323
23327
23328
23335
23337
23342
23346
23353
23357
23359
23364
23376
23379
23381
23385
23386
23401
23406
23408
23412
23417
23418
23421
23422
23426
23429
23435
23454
23460
23468
23469
23472
23475
23480
23483
23485
23496
23497
23502
23504
23514
23516
23517
23522
23524
23525
23526
23527
23531
23532
23539
23542
23543
23545
23549
23556
23559
23564
23565
23567
23574
23580
23592
23594
23596
23601
23604
23609
23618
23624
23632
23636
23640
23641
23645
23648
23651
23656
23657
23663
23671
23673
23674
23675
23681
23693
23694
23697
23701
23702
23705
23710
23716
23717
23721
23724
23728
23732
23740
23744
23749
23752
23755
23756
23759
23760
23762
23763
23767
23770
23771
23772
23775
23776
23782
23784
23785
23788
23789
23793
23794
23796
23797
23798
23799
23800
23802
23803
23804
23806
23807
23808
23809
23813
23816
23819
23820
23824
23825
23829
23832
23833
23836
23838
23839
23841
23843
23844
23846
23850
23859
23865
23866
23868
23869
23870
23876
23878
23889
23893
23894
23895
23896
23899
23903
23909
23910
23911
23913
23918
23922
23924
23931
23932
23935
23941
23948
23950
23951
23953
23963
23964
23966
23970
23971
23975
23977
23978
23983
23984
23989
23992
23994
23999
24003
24004
24012
24014
24016
24017
24020
24021
24027
24032
24033
24034
24035
24037
24043
24046
24050
24059
24064
24065
24071
24076
24077
24080
24083
24084
24085
24088
24092
24094
24095
24096
24097
24102
24106
24107
24114
24115
24116
24122
24123
24124
24125
24126
24132
24136
24140
24144
24146
24149
24152
24166
24171
24176
24180
24184
24189
24190
24203
24206
24212
24214
24219
24220
24226
24228
24237
24242
24256
24264
24265
24269
24273
24277
24278
24285
24287
24288
24294
24296
24300
24301
24307
24312
24315
24317
24318
24321
24323
24324
24352
24357
24360
24364
24367
24372
24374
24378
24379
24386
24388
24394
24399
24402
24406
24407
24410
24413
24415
24417
24418
24420
24439
24446
24450
24456
24461
24471
24476
24480
24482
24483
24485
24486
24487
24489
24492
24495
24502
24511
24514
24521
24522
24523
24528
24531
24535
24536
24537
24538
24542
24547
24555
24559
24561
24562
24573
24578
24581
24604
24610
24612
24623
24644
24655
24657
24662
24664
24672
24675
24679
24684
24686
24702
24713
24715
24716
24717
24718
24720
24721
24724
24731
24733
24735
24740
24742
24750
24752
24753
24757
24758
24759
24760
24763
24767
24768
24772
24775
24780
24784
24790
24794
24799
24810
24813
24814
24817
24818
24822
24828
24843
24845
24849
24851
24852
24854
24860
24864
24867
24870
24871
24872
24873
24874
24876
24878
24880
24881
24887
24890
24892
24896
24906
24908
24909
24910
24916
24917
24919
24922
24925
24928
24931
24932
24939
24942
24947
24950
24953
24957
24960
24970
24975
24978
24980
24987
24990
24991
24993
24997
24999
25003
25013
25020
25022
25034
25035
25043
25044
25045
25047
25051
25056
25061
25062
25065
25069
25080
25083
25085
25090
25092
25094
25097
25105
25108
25113
25119
25123
25125
25132
25138
25145
25146
25147
25150
25155
25163
25165
25166
25170
25172
25174
25175
25179
25182
25183
25187
25189
25203
25210
25215
25216
25222
25223
25224
25227
25233
25239
25244
25246
25253
25257
25258
25259
25264
25266
25270
25271
25272
25275
25277
25278
25279
25281
25286
25289
25294
25296
25297
25298
25299
25302
25307
25309
25321
25322
25330
25332
25334
25338
25350
25361
25369
25374
25378
25379
25386
25395
25401
25402
25403
25409
25410
25411
25416
25420
25423
25427
25433
25438
25444
25446
25449
25452
25459
25460
25470
25472
25478
25482
25483
25488
25490
25494
25498
25509
25510
25511
25515
25524
25528
25530
25535
25543
25545
25547
25550
25552
25554
25556
25570
25572
25573
25580
25583
25587
25592
25604
25606
25608
25614
25615
25616
25618
25619
25622
25624
25628
25633
25636
25637
25641
25643
25645
25646
25649
25651
25654
25655
25658
25659
25666
25667
25668
25674
25675
25678
25681
25682
25685
25691
25695
25698
25709
25711
25712
25714
25718
25722
25723
25726
25728
25731
25734
25735
25738
25744
25750
25754
25755
25756
25760
25761
25762
25763
25764
25765
25769
25773
25774
25778
25783
25785
25786
25789
25796
25798
25801
25803
25805
25813
25814
25817
25822
25823
25834
25842
25843
25845
25848
25851
25853
25856
25858
25859
25863
25867
25870
25871
25878
25879
25880
25885
25889
25891
25894
25895
25896
25899
25900
25906
25908
25909
25914
25918
25920
25924
25933
25937
25947
25950
25955
25960
25969
25973
25977
25983
25984
25987
25988
25998
26004
26011
26015
26017
26018
26025
26026
26030
26033
26038
26042
26051
26059
26061
26064
26073
26082
26089
26097
26098
26102
26105
26106
26108
26109
26110
26111
26115
26121
26131
26137
26144
26155
26157
26159
26169
26170
26171
26176
26178
26180
26182
26185
26186
26189
26201
26205
26208
26212
26214
26218
26219
26220
26223
26224
26226
26227
26240
26241
26247
26252
26265
26267
26268
26270
26274
26278
26285
26286
26289
26291
26292
26298
26301
26302
26303
26310
26318
26321
26324
26326
26327
26333
26335
26336
26340
26341
26344
26351
26352
26353
26361
26362
26365
26372
26373
26376
26377
26387
26389
26391
26399
26400
26404
26419
26420
26421
26423
26424
26429
26431
26432
26441
26447
26451
26452
26461
26468
26470
26471
26472
26473
26474
26478
26480
26483
26489
26490
26493
26498
26507
26508
26515
26516
26517
26518
26520
26523
26531
26537
26540
26545
26547
26551
26552
26555
26558
26561
26562
26566
26567
26568
26571
26575
26576
26577
26578
26586
26588
26590
26594
26596
26605
26606
26613
26614
26617
26623
26624
26628
26634
26636
26638
26640
26643
26650
26651
26652
26653
26654
26661
26664
26671
26677
26679
26684
26688
26691
26692
26695
26697
26700
26703
26710
26717
26721
26726
26728
26734
26735
26736
26739
26742
26745
26751
26758
26763
26765
26766
26767
26771
26774
26775
26776
26779
26783
26784
26785
26786
26790
26791
26793
26798
26799
26800
26806
26807
26813
26816
26821
26830
26836
26844
26854
26855
26858
26859
26864
26865
26881
26882
26884
26885
26889
26891
26896
26898
26904
26906
26908
26916
26920
26921
26925
26927
26929
26930
26931
26939
26941
26943
26946
26948
26955
26957
26962
26964
26966
26973
26980
26984
26986
26987
26988
26991
26996
27002
27005
27006
27008
27009
27016
27019
27025
27029
27030
27033
27035
27038
27040
27047
27049
27053
27059
27060
27061
27063
27072
27073
27080
27082
27083
27090
27092
27099
27101
27102
27103
27130
27132
27136
27138
27139
27149
27154
27162
27164
27166
27167
27176
27183
27187
27192
27193
27198
27201
27202
27205
27206
27207
27209
27210
27218
27221
27229
27230
27233
27236
27241
27244
27246
27248
27249
27251
27252
27260
27264
27265
27271
27273
27282
27284
27290
27292
27295
27301
27303
27310
27312
27320
27321
27326
27330
27334
27338
27342
27345
27349
27350
27356
27359
27363
27370
27374
27376
27385
27387
27388
27389
27391
27393
27400
27401
27403
27411
27414
27420
27423
27425
27432
27438
27439
27451
27454
27455
27459
27461
27465
27466
27472
27476
27478
27481
27482
27487
27490
27507
27511
27514
27515
27517
27520
27529
27537
27538
27540
27543
27547
27548
27550
27551
27554
27559
27564
27573
27577
27578
27581
27582
27583
27586
27587
27589
27591
27592
27598
27599
27604
27612
27613
27615
27616
27622
27623
27625
27637
27648
27651
27654
27656
27657
27658
27662
27666
27672
27681
27683
27685
27688
27689
27690
27693
27696
27697
27699
27700
27706
27711
27715
27716
27718
27725
27727
27730
27737
27739
27740
27741
27745
27747
27748
27750
27752
27754
27757
27758
27760
27777
27784
27787
27792
27795
27799
27815
27819
27826
27829
27832
27835
27837
27849
27850
27852
27855
27856
27860
27862
27865
27866
27868
27874
27878
27881
27888
27891
27895
27902
27911
27912
27913
27917
27919
27926
27934
27936
27940
27945
27947
27948
27949
27953
27954
27956
27958
27959
27963
27965
27968
27970
27974
27976
27977
27981
27989
27990
28004
28007
28009
28011
28014
28015
28018
28024
28030
28036
28038
28039
28041
28044
28045
28046
28051
28053
28065
28066
28076
28077
28080
28083
28084
28086
28087
28089
28090
28091
28092
28094
28097
28101
28109
28113
28115
28116
28118
28121
28122
28123
28125
28127
28129
28137
28142
28144
28145
28147
28149
28150
28154
28156
28157
28159
28168
28176
28178
28183
28184
28190
28195
28197
28198
28200
28208
28222
28223
28226
28229
28230
28250
28253
28255
28257
28263
28275
28276
28278
28282
28283
28288
28292
28293
28295
28310
28311
28313
28322
28324
28325
28328
28333
28334
28336
28337
28339
28340
28343
28344
28347
28351
28352
28354
28355
28359
28365
28376
28385
28388
28402
28405
28407
28410
28416
28419
28423
28431
28437
28438
28439
28444
28445
28447
28449
28450
28453
28456
28458
28461
28462
28468
28471
28480
28482
28484
28492
28494
28515
28519
28521
28522
28523
28531
28535
28536
28543
28555
28557
28558
28570
28576
28577
28580
28585
28587
28593
28602
28610
28613
28619
28622
28623
28627
28631
28635
28637
28642
28647
28648
28661
28667
28671
28681
28684
28687
28689
28692
28695
28696
28699
28710
28713
28718
28719
28724
28729
28732
28733
28742
28745
28755
28758
28767
28771
28773
28774
28779
28788
28792
28793
28794
28798
28802
28810
28813
28815
28818
28822
28827
28828
28845
28849
28850
28857
28858
28865
28871
28875
28878
28879
28890
28893
28900
28902
28910
28912
28916
28955
28956
28957
28958
28959
28965
28966
28967
28968
28969
28990
28993
28995
29000
29003
29007
29011
29019
29022
29029
29044
29046
29048
29050
29052
29055
29056
29058
29061
29063
29069
29073
29076
29082
29087
29088
29095
29114
29115
29118
29119
29120
29129
29138
29140
29141
29171
29172
29173
29174
29175
29176
29177
29178
29179
29180
29181
29182
29183
29184
29185
29186
29187
29188
29189
29190
29191
29192
29193
29194
29195
29196
29197
29198
29199
29200
29201
29202
29203
29204
29205
29206
29207
29208
29209
29210
29211
29212
29213
29214
29215
29216
29217
29218
29219
29220
29221
29222
29223
29224
29225
29226
29227
29228
29229
29230
29231
29232
29233
29234
29235
29236
29237
29238
29239
29240
29241
29242
29243
29244
29245
29246
29247
29248
29249
29250
29251
29252
29253
29254
29255
29256
29257
29258
29259
29260
29261
29262
29263
29264
29265
29266
29267
29268
29269
29270
29271
29272
29273
29274
29275
29276
29277
29278
29279
29280
29281
29282
29283
29284
29285
29286
29287
29288
29289
29290
29291
29292
29293
29294
29295
29296
29297
29298
29299
29300
29301
29302
29303
29304
29305
29306
29307
29308
29309
29310
29311
29312
29313
29314
29315
29316
29317
29318
29319
29320
29321
29322
29323
29324
29325
29326
29327
29328
29329
29330
29752
29864
29996
29997
30006
30007
30011
30021
30022
30023
30035
30036
30053
30054
30057
30058
30059
30060
30061
30084
30085
30086
30087
30092
30093
30094
30095
30096
30097
30098
30099
30100
30101
30102
30103
30104
30105
30106
30107
30108
30109
30110
30111
30112
30113
30114
30115
30116
30117
30118
30119
30120
30121
30122
30123
30124
30125
30126
30127
30128
30129
30130
30131
30132
30133
30134
30135
30136
30137
30138
30139
30140
30141
30142
30143
30144
30145
30146
30147
30148
30149
30150
30151
30152
30153
30154
30155
30156
30157
30158
30159
30160
30161
30162
30163
30164
30165
30166
30167
30168
30169
30170
30171
30172
30173
30174
30175
30176
30177
30178
30179
30180
30181
30182
30183
30184
30185
30186
30187
30188
30189
30190
30191
30192
30193
30194
30195
30196
30197
30198
30199
30200
30201
30202
30203
30204
30205
30206
30207
30208
30209
30210
30211
30212
30213
30214
30215
30216
30217
30218
30219
30220
30221
30222
30223
30224
30225
30226
30227
30228
30229
30230
30231
30232
30233
30234
30235
30236
30237
30238
30239
30240
30241
30242
30243
30244
30245
30253
30254
30255
30270
30275
30276
30277
30278
30279
30280
30281
30284
30287
30290
30375
30378
30382
30383
30387
30565
30566
30567
30679
30680
30800
30801
30842
30843
30844
30871
30872
30877
30878
30936
30937
30938
30939
30940
30941
30942
30943
30944
30945
30946
30947
30948
30949
30950
30951
30952
30953
30954
30955
30956
30957
30958
30959
30960
30961
30962
30963
30964
30965
30966
30967
30968
30969
30970
30971
30972
30973
30974
30975
30976
30977
30978
30981
30982
30983
30984
30985
30986
30987
30988
30989
30990
30991
30992
30993
30994
30995
30996
30997
30998
30999
31000
31001
31002
31003
31004
31005
31006
31007
31008
31009
31010
31011
31012
31013
31014
31015
31016
31017
31018
31039
31040
31041
31055
31069
31072
31073
31074
31201
31212
31213
31214
31215
31216
31217
31218
31219
31220
31221
31222
31223
31224
31225
31226
31227
31228
31229
31230
31231
31232
31233
31234
31235
31236
31237
31238
31239
31240
31241
31242
31243
31244
31245
31246
31247
31248
31249
31250
31251
31252
31253
31254
31255
31256
31257
31258
31259
31260
31261
31262
31263
31264
31265
31266
31267
31268
31269
31270
31271
31272
31273
31274
31275
31276
31277
31278
31279
31280
31281
31282
31283
31284
31285
31286
31293
31297
31298
31301
31302
31305
31306
31309
31310
31311
31312
31317
31327
31350
31351
31360
31362
31370
31371
31373
31375
31376
31377
31378
31379
31380
31381
31382
31383
31384
31385
31386
31387
31388
31389
31390
31396
31397
31407
31411
31412
31422
31423
31424
31425
31435
31436
31441
31443
31444
31445
31449
31450
31456
31457
31471
31475
31476
31484
31525
31531
31533
31543
31548
31556
31557
31558
31559
31562
31563
31568
31569
31570
31571
31659
31662
31663
31664
31667
31668
31669
31670
31671
31672
31673
31674
31692
31704
31709
31710
31724
31725
31726
31727
31729
31730
31731
31732
31733
31734
31735
31736
31737
31738
31739
31740
31741
31742
31743
31744
31745
31746
31747
31748
31749
31750
31751
31752
31753
31754
31755
31756
31757
31758
31759
31760
31761
31762
31763
31764
31765
31766
31767
31768
31769
31770
31771
31772
31773
31774
31775
31776
31777
31778
31779
31780
31781
31782
31783
31784
31785
31786
31787
31788
31789
31790
31791
31792
31793
31794
31795
31796
31797
31798
31799
31800
31801
31802
31803
31804
31805
31806
31807
31808
31809
31810
31811
31812
31813
31814
31815
31816
31817
31818
31819
31820
31821
31822
31823
31824
31825
31826
31827
31828
31829
31830
31831
31832
31833
31834
31835
31836
31837
31838
31839
31840
31841
31842
31843
31844
31845
31846
31847
31848
31849
31850
31851
31852
31853
31854
31855
31856
31857
31858
31859
31860
31861
31862
31863
31864
31865
31866
31867
31868
31869
31870
31871
31872
31873
31874
31875
31876
31877
31878
31879
31880
31881
31882
31883
31884
31885
31886
31887
31888
31889
31890
31891
31892
31893
31894
31895
31896
31897
31898
31899
31900
31901
31902
31903
31904
31905
31906
31907
31908
31909
31910
31911
31912
31913
31914
31915
31916
31917
31918
31919
31920
31921
31922
31928
31929
31930
31942
31943
31944
31947
31957
31959
31960
31961
31962
31963
31964
31965
31966
31967
31968
31969
31974
31976
31977
31978
32035
32036
32037
32361
32362
32363
32382
32383
32398
32399
32400
32405
32407
32408
32425
32426
32429
32430
32442
32443
32444
32445
32446
32447
32454
32461
32470
32483
32484
32505
32506
32507
32508
32509
32510
32511
32512
32513
32514
32515
32516
32517
32518
32519
32520
32521
32522
32523
32524
32525
32526
32527
32528
32529
32530
32531
32532
32533
32534
32535
32536
32537
32538
32539
32540
32541
32545
32561
32715
32717
32718
32735
32736
32744
32828
32829
32830
32908
32922
32923
32924
32925
32926
32927
32928
32929
32930
33016
33017
33020
33022
33025
33026
33027
33028
33029
33031
33045
33059
33071
33097
33106
33107
33125
33126
33143
33144
33145
33158
33235
33236
33351
33356
33357
33390
33391
33433
33598
33613
33614
33625
33626
33669
33673
33686
33694
33698
33699
33700
33735
33760
33761
33764
33765
33766
33767
33768
33769
33770
33771
33772
33773
33774
33775
33776
33778
33779
33780
33781
33782
33783
33784
33785
33786
33787
33788
33789
33790
33791
33792
33793
33794
33795
33796
33797
33798
33799
33800
33801
33802
33803
33804
33805
33806
33807
33808
33809
33810
33811
33812
33813
33814
33815
33816
33817
33818
33819
33820
33821
33822
33823
33824
33825
33826
33827
33828
33829
33830
33831
33832
33833
33834
33857
33858
33866
33867
33868
33869
33870
33871
33872
33873
33874
33875
33876
33877
33878
33879
33880
33881
33882
33883
33884
33885
33886
33887
33888
33889
33890
33891
33892
33893
33894
33895
33896
33897
33898
33899
33900
33901
33906
33907
33930
33931
33932
33941
33942
33943
33946
33947
33948
33953
33967
33968
33969
33981
33982
33983
33984
33985
33986
33987
33988
33989
33990
33991
33992
33993
33994
33995
33996
33997
33998
33999
34000
34001
34002
34003
34004
34005
34006
34007
34008
34009
34017
34018
34019
34020
34021
34022
34023
34032
34033
34034
34035
34036
34037
34038
34039
34040
34041
34042
34043
34044
34045
34046
34047
34048
34049
34050
34051
34052
34053
34054
34055
34056
34057
34058
34059
34060
34061
34062
34063
34064
34065
34066
34067
34068
34069
34070
34071
34072
34073
34074
34075
34076
34077
34078
34079
34084
34112
34128
34129
34137
34138
34139
34142
34143
34157
34177
34178
34179
34180
34181
34182
34183
34184
34185
34186
34187
34188
34189
34190
34191
34192
34193
34194
34195
34196
34197
34198
34199
34200
34201
34202
34203
34204
34205
34206
34207
34208
34209
34210
34211
34212
34213
34216
34221
34222
34255
34262
34265
34266
34267
34268
34269
34270
34271
34272
34273
34274
34275
34276
34277
34278
34279
34280
34281
34282
34283
34284
34285
34286
34287
34288
34289
34290
34291
34292
34293
34294
34295
34296
34297
34298
34299
34300
34301
34302
34303
34304
34305
34306
34307
34308
34309
34310
34311
34312
34313
34314
34315
34316
34317
34318
34319
34320
34321
34322
34323
34324
34325
34326
34327
34328
34329
34330
34331
34332
34333
34334
34335
34336
34337
34338
34341
34407
34411
34417
34418
34419
34420
34421
34425
34433
34457
34458
34459
34463
34464
34465
34466
34467
34468
34469
34470
34471
34472
34473
34474
34475
34476
34484
34485
34512
34513
34515
34528
34534
34538
34539
34541
34542
34549
34550
34572
34573
34574
34575
34576
34577
34578
34579
34580
34581
34582
34583
34584
34585
34586
34587
34588
34589
34590
34591
34592
34593
34594
34595
34596
34597
34598
34599
34600
34601
34602
34603
34604
34605
34606
34607
34608
34609
34610
34611
34612
34613
34614
34615
34616
34617
34618
34619
34620
34621
34622
34623
34624
34625
34626
34627
34628
34665
34689
34690
34691
34695
34696
34697
34703
34704
34706
34707
34708
34710
34716
34717
34718
34723
34728
34729
34796
34807
34808
34815
34816
34818
34829
34830
34831
34837
34840
34842
34844
34845
34849
34850
34852
34856
34857
34858
34859
34860
34861
34862
34863
34864
34865
34868
34897
34920
34922
34923
34924
34925
34926
34927
34928
34929
34930
34931
34932
34933
34934
34935
34936
34937
34949
34951
34956
34961
34962
34966
34967
34968
34969
34970
34971
34972
34973
34974
34975
34976
34978
34979
34991
35000
35002
35006
35007
35010
35011
35015
35023
35024
35025
35037
35040
35042
35044
35047
35054
35055
35061
35063
35065
35066
35068
35078
35085
35093
35157
35158
35159
35162
35165
35169
35170
35179
35190
35232
35233
35234
35236
35254
35264
35265
35266
35267
35268
35269
35270
35271
35272
35273
35274
35275
35276
35277
35278
35279
35280
35281
35282
35297
35298
35299
35300
35301
35302
35303
35304
35305
35306
35307
35308
35309
35310
35311
35312
35313
35314
35315
35316
35318
35319
35320
35323
35327
35329
35332
35365
35387
35389
35397
35441
35448
35482
35496
35497
35498
35499
35500
35501
35502
35503
35504
35505
35506
35524
35525
35526
35527
35528
35529
35530
35531
35532
35533
35534
35535
35536
35537
35538
35539
35540
35541
35542
35546
35576
35577
35578
35604
35615
35634
35725
35734
35750
35757
35758
35761
35762
35763
35764
35765
35766
35767
35768
35769
35770
35771
35772
35773
35774
35775
35776
35777
35778
35779
35780
35781
35782
35783
35784
35785
35786
35787
35793
35796
35801
35802
35803
35804
35805
35806
35807
35808
35817
35824
35828
35836
35837
35838
35839
35840
35841
35846
35862
35863
35864
35865
35877
35878
35879
35880
35881
35882
35883
35884
35885
35890
35900
35903
35904
35905
35913
35914
35915
35916
35917
35918
35919
35920
35921
35930
35931
35932
35937
35938
35939
35940
35941
35942
35943
35944
35945
35946
35947
35948
35949
35950
35951
35952
35953
35954
35955
35956
35957
35958
35959
35961
35964
35972
35973
35974
35975
35976
35977
35978
35979
35980
35981
35982
35983
35984
35985
35986
35987
35988
35989
35990
35995
35996
35997
36003
36004
36008
36020
36024
36025
36026
36027
36028
36029
36030
36041
36066
36067
36068
36071
36072
36074
36076
36077
36082
36083
36084
36106
36107
36118
36119
36121
36127
36128
36131
36142
36143
36146
36148
36152
36155
36156
36162
36163
36164
36165
36171
36172
36175
36176
36178
36182
36183
36184
36197
36198
36199
36202
36205
36208
36209
36320
36322
36323
36324
36325
36328
36329
36333
36335
36337
36338
36343
36347
36350
36354
36355
36356
36357
36358
36359
36360
36361
36364
36378
36391
36396
36397
36398
36399
36400
36401
36402
36403
36404
36405
36406
36407
36408
36409
36410
36412
36424
36435
36436
36437
36438
36439
36440
36441
36442
36443
36444
36445
36446
36447
36451
36459
36465
36476
36477
36481
36482
36483
36484
36499
36500
36538
36548
36554
36555
36572
36573
36574
36575
36576
36577
36578
36579
36587
36912
36923
36924
36925
36926
36928
36931
36932
36933
36934
36935
36936
36937
36938
36939
36940
36946
36958
36959
36964
36969
36970
36973
36980
36981
36984
36991
36995
37000
37008
37009
37012
37017
37022
37023
37024
37026
37027
37029
37030
37035
37036
37042
37049
37050
37051
37056
37067
37087
37088
37092
37093
37095
37096
37097
37098
37105
37106
37116
37117
37121
37122
37125
37130
37132
37136
37146
37147
37148
37164
37172
37173
37175
37176
37180
37188
37209
37210
37216
37220
37221
37233
37240
37241
37242
37243
37244
37245
37246
37251
37253
37254
37282
37283
37284
37291
37293
37294
37307
37311
37312
37317
37590
37591
37613
37617
37623
37624
37625
37627
37628
37629
37630
37648
37651
37652
37654
37677
37678
37681
37684
37685
37691
37692
37695
37697
37701
37704
37721
37722
37723
37724
37725
37726
37727
37732
37733
37744
37782
37783
37784
37790
37792
37794
37799
37812
37813
37818
37819
37824
37825
37826
37827
37828
37829
37830
37831
37832
37833
37834
37835
37836
37837
37838
37839
37840
37841
37842
37843
37844
37845
37846
37847
37848
37849
37850
37851
37852
37853
37854
37855
37856
37857
37858
37859
37860
37861
37862
37863
37864
37865
37866
37867
37868
37869
37870
37871
37872
37873
37874
37875
37876
37877
37878
37879
37880
37881
37882
37883
37884
37885
37886
37887
37888
37889
37890
37891
37892
37893
37894
37895
37896
37897
37898
37899
37900
37901
37902
37903
37904
37905
37906
37907
37908
37909
37910
37911
37912
37913
37914
37915
37916
37917
37918
37919
37920
37921
37922
37923
37924
37925
37926
37927
37928
37929
37930
37931
37932
37933
37934
37935
37936
37937
37938
37939
37940
37941
37942
37943
37944
37954
37955
37956
37957
37958
37959
37960
37963
37965
37966
37967
37968
37969
37970
37971
37972
37973
37974
37975
37976
37977
37979
37980
37981
37983
37984
37985
37986
37987
37988
37991
38002
38006
38007
38037
38040
38061
38080
38081
38082
38083
38085
38086
38087
38088
38089
38090
38091
38092
38093
38094
38101
38102
38122
38123
38124
38125
38126
38129
38130
38131
38135
38139
38140
38141
38142
38143
38144
38145
38146
38147
38148
38149
38150
38151
38156
38160
38161
38210
38212
38230
38235
38241
38256
38257
38265
38268
38279
38280
38283
38284
38285
38286
38292
38293
38294
38295
38296
38298
38299
38300
38306
38332
38336
38338
38351
38354
38361
38363
38364
38365
38372
38373
38376
38377
38383
38387
38388
38389
38390
38391
38392
38393
38394
38400
38402
38415
38416
38438
38439
38440
38441
38442
38443
38444
38482
38489
38490
38491
38494
38495
38501
38508
38510
38511
38519
38525
38536
38537
38538
38551
38564
38566
38575
38585
38586
38587
38589
38590
38591
38593
38603
38609
38610
38634
38640
38641
38647
38683
38712
38733
38734
38752
38753
38754
38755
38756
38757
38762
38763
38767
38768
38781
38782
38783
38793
38794
38796
38804
38807
38808
38809
38812
38814
38815
38819
38820
38826
38832
38833
38834
38839
38842
38848
38864
38865
38869
38870
38876
38877
38878
38879
38880
38881
38882
38883
38884
38889
38890
38891
38894
38895
38896
38897
38898
38899
38900
38907
38908
38909
38910
38911
38913
38928
38929
38933
38936
38940
38944
38948
38949
38967
38970
38972
38978
38980
38984
38987
38988
38990
38995
39000
39004
39014
39015
39016
39017
39018
39019
39020
39021
39022
39029
39030
39040
39047
39048
39049
39050
39051
39056
39057
39060
39061
39062
39063
39069
39078
39088
39090
39091
39092
39093
39094
39095
39096
39097
39105
39106
39109
39110
39112
39114
39115
39124
39125
39126
39131
39132
39133
39139
39140
39143
39149
39150
39151
39154
39155
39156
39160
39161
39172
39173
39175
39180
39181
39182
39183
39184
39185
39188
39189
39193
39194
39195
39198
39237
39238
39241
39242
39261
39262
39263
39264
39265
39266
39268
39269
39275
39278
39279
39280
39290
39292
39293
39299
39300
39307
39310
39314
39328
39340
39344
39347
39348
39352
39353
39354
39355
39362
39363
39368
39369
39371
39373
39375
39382
39383
39394
39395
39401
39402
39404
39410
39431
39432
39433
39434
39435
39436
39437
39446
39447
39448
39449
39450
39466
39467
39468
39469
39470
39476
39477
39478
39486
39487
39497
39502
39505
39507
39508
39509
39512
39513
39530
39531
39532
39558
39559
39560
39561
39563
39564
39567
39568
39574
39575
39578
39580
39581
39584
39585
39587
39603
39616
39633
39634
39641
39644
39674
39675
39697
39698
39699
39721
39723
39724
39769
39776
39780
39781
39785
39786
39790
39791
39798
39800
39801
39805
39812
39823
39831
39835
39837
39853
39856
39857
39877
39881
39898
39899
39901
39905
39911
39912
39913
39914
39916
39919
39920
39928
39929
39930
39932
39939
39947
39948
39953
39954
39969
39992
39998
40000
40001
40002
40004
40005
40008
40010
40011
40015
40016
40017
40019
40020
40024
40025
40026
40027
40028
40029
40031
40032
40035
40036
40037
40039
40040
40044
40045
40046
40047
40049
40058
40059
40060
40061
40064
40074
40080
40081
40085
40086
40087
40088
40089
40090
40092
40093
40103
40106
40113
40114
40116
40117
40118
40119
40133
40134
40137
40138
40145
40148
40152
40153
40157
40181
40184
40188
40189
40190
40194
40201
40203
40204
40205
40215
40216
40217
40220
40224
40234
40235
40236
40237
40238
40245
40250
40251
40252
40253
40257
40265
40266
40267
40277
40278
40280
40284
40285
40317
40327
40336
40379
40385
40387
40394
40402
40410
40411
40412
40414
40428
40429
40430
40431
40437
40438
40439
40447
40448
40451
40457
40466
40467
40468
40469
40470
40471
40472
40476
40478
40479
40480
40481
40483
40484
40485
40494
40495
40499
40519
40520
40532
40533
40540
40560
40561
40562
40563
40564
40565
40570
40579
40580
40581
40582
40583
40584
40587
40588
40592
40593
40595
40596
40601
40602
40604
40605
40617
40618
40619
40622
40623
40624
40625
40626
40627
40628
40629
40630
40631
40632
40633
40643
40644
40645
40646
40647
40648
40649
40657
40659
40660
40661
40662
40663
40664
40665
40666
40673
40674
40675
40676
40677
40678
40679
40680
40688
40690
40696
40701
40706
40708
40709
40710
40739
40740
40741
40742
40743
40744
40745
40746
40747
40748
40749
40750
40752
40753
40754
40759
40760
40761
40762
40763
40767
40768
40771
40772
40773
40774
40775
40776
40777
40779
40826
40827
40828
40829
40830
40831
40832
40844
40845
40846
40847
40860
40861
40862
40866
40926
40931
40936
40937
40942
40943
40973
40978
40979
40980
40981
40996
41006
41007
41008
41014
41015
41068
41069
41070
41071
41086
41087
41093
41094
41095
41113
41114
41116
41117
41119
41166
41182
41183
41184
41185
41222
41250
41251
41267
41275
41276
41278
41282
41283
41284
41285
41287
41288
41291
41301
41316
41319
41320
41336
41337
41344
41345
41353
41357
41364
41378
41430
41431
41432
41433
41459
41460
41485
41487
41492
41493
41494
41502
41512
41513
41514
41517
41518
41528
41533
41534
41539
41546
41547
41548
41555
41556
41564
41567
41568
41573
41574
41575
41576
41577
41578
41579
41580
41581
41594
41602
41605
41606
41613
41619
41623
41624
41625
41626
41632
41633
41634
41635
41650
41665
41672
41674
41675
41684
41685
41686
41687
41688
41689
41693
41694
41695
41696
41697
41698
41699
41700
41701
41702
41703
41704
41707
41711
41712
41719
41732
41733
41734
41735
41736
41739
41740
41748
41753
41754
41766
41767
41768
41778
41779
41789
41803
41812
41813
41820
41824
41840
41852
41853
41854
41855
41856
41857
41860
41861
41862
41863
41866
41873
41874
41876
41881
41882
41887
41888
41897
41898
41899
41903
41908
41911
41914
41915
41916
41918
41919
41920
41923
41924
41927
41930
41934
41935
41940
41941
41943
41946
41963
41971
41972
41973
41974
41980
41981
41982
41987
41992
41993
42006
42007
42013
42014
42015
42023
42024
42056
42065
42081
42082
42085
42086
42094
42095
42096
42097
42098
42099
42105
42121
42127
42137
42138
42140
42142
42143
42144
42147
42148
42149
42150
42151
42152
42153
42154
42155
42156
42157
42158
42159
42160
42161
42162
42183
42184
42194
42195
42196
42197
42198
42199
42216
42217
42220
42222
42225
42226
42228
42239
42240
42241
42242
42243
42244
42245
42246
42247
42248
42249
42256
42257
42263
42264
42266
42270
42271
42272
42278
42280
42282
42287
42291
42296
42297
42304
42305
42306
42312
42315
42322
42326
42327
42328
42331
42335
42337
42338
42345
42346
42349
42350
42351
42371
42392
42393
42394
42395
42403
42405
42408
42409
42410
42412
42414
42415
42427
42428
42429
42433
42435
42436
42438
42439
42441
42442
42443
42445
42449
42450
42456
42460
42463
42465
42466
42467
42468
42479
42480
42489
42494
42495
42501
42504
42506
42514
42515
42535
42536
42537
42548
42553
42554
42555
42556
42557
42559
42560
42561
42562
42563
42564
42565
42567
42570
42574
42587
42588
42589
42590
42591
42592
42593
42607
42608
42609
42619
42623
42627
42638
42643
42644
42648
42649
42650
42651
42656
42659
42662
42663
42664
42669
42670
42686
42687
42698
42699
42706
42723
42731
42732
42734
42739
42740
42744
42745
42747
42750
42751
42757
42792
42793
42802
42814
42817
42818
42821
42822
42823
42827
42829
42831
42832
42849
42852
42853
42854
42855
42856
42857
42863
42865
42871
42885
42886
42887
42888
42889
42890
42891
42892
42893
42894
42895
42905
42906
42915
42916
42922
42926
42930
42931
42941
42942
42945
42950
42968
42969
42970
42988
42993
43006
43017
43018
43025
43026
43027
43032
43038
43039
43041
43043
43044
43045
43047
43053
43054
43055
43062
43063
43064
43065
43066
43067
43068
43069
43070
43073
43074
43075
43080
43081
43082
43085
43092
43093
43094
43101
43102
43109
43113
43120
43126
43134
43135
43136
43142
43165
43166
43167
43169
43170
43179
43180
43181
43182
43183
43195
43196
43199
43200
43204
43206
43211
43214
43215
43216
43217
43224
43225
43226
43227
43228
43229
43230
43231
43232
43233
43234
43235
43236
43237
43238
43239
43240
43241
43242
43243
43244
43245
43246
43247
43248
43249
43250
43251
43252
43253
43254
43255
43256
43258
43266
43267
43268
43283
43285
43290
43291
43293
43299
43310
43315
43316
43317
43318
43319
43320
43321
43322
43323
43324
43325
43326
43327
43328
43329
43331
43339
43340
43341
43348
43349
43387
43391
43398
43399
43400
43405
43413
43416
43417
43418
43419
43423
43424
43427
43448
43449
43450
43451
43452
43453
43457
43464
43465
43466
43467
43468
43497
43498
43499
43500
43503
43504
43510
43511
43513
43514
43515
43516
43521
43522
43524
43529
43530
43531
43532
43542
43545
43546
43549
43552
43553
43554
43555
43556
43557
43558
43559
43560
43561
43562
43563
43564
43565
43566
43567
43568
43569
43570
43571
43572
43573
43574
43575
43576
43577
43578
43579
43580
43581
43582
43583
43584
43585
43586
43587
43588
43589
43590
43591
43592
43593
43594
43595
43596
43597
43598
43599
43600
43601
43602
43603
43604
43605
43609
43610
43611
43615
43616
43617
43618
43619
43620
43621
43622
43631
43632
43634
43644
43662
43663
43665
43666
43669
43670
43671
43672
43681
43683
43684
43693
43694
43696
43697
43700
43703
43719
43723
43735
43737
43739
43740
43750
43758
43759
43760
43765
43766
43767
43768
43772
43776
43777
43778
43779
43782
43785
43786
43788
43789
43790
43801
43803
43804
43807
43808
43810
43813
43814
43815
43824
43825
43833
43840
43841
43852
43853
43854
43855
43856
43857
43858
43860
43863
43864
43866
43869
43882
43887
43895
43896
43897
43900
43903
43908
43909
43923
43931
43932
43933
43934
43935
43936
43937
43938
43939
43940
43943
43947
43950
43964
43978
43980
44029
44032
44039
44040
44044
44046
44047
44048
44049
44050
44051
44052
44053
44054
44055
44056
44057
44058
44059
44060
44061
44062
44068
44075
44079
44081
44084
44085
44089
44090
44092
44093
44103
44104
44107
44108
44119
44120
44124
44129
44130
44131
44132
44133
44139
44140
44143
44147
44148
44150
44154
44156
44170
44171
44177
44178
44180
44196
44197
44201
44202
44209
44210
44211
44212
44219
44220
44221
44225
44228
44230
44231
44232
44233
44234
44235
44238
44243
44248
44249
44250
44252
44253
44255
44257
44260
44261
44262
44266
44267
44268
44273
44275
44279
44284
44295
44296
44299
44314
44323
44324
44331
44332
44335
44342
44353
44358
44362
44374
44377
44378
44379
44381
44382
44383
44384
44385
44386
44392
44400
44409
44417
44425
44426
44438
44440
44441
44443
44444
44445
44452
44462
44463
44467
44468
44469
44473
44478
44479
44480
44482
44483
44485
44490
44491
44492
44493
44502
44505
44506
44507
44508
44518
44519
44520
44521
44532
44534
44537
44538
44541
44542
44543
44544
44549
44550
44554
44559
44571
44573
44575
44576
44578
44579
44582
44583
44585
44587
44595
44599
44600
44601
44606
44607
44609
44618
44619
44620
44626
44667
44690
44691
44692
44693
44700
44703
44704
44706
44707
44708
44709
44710
44711
44712
44715
44717
44718
44721
44722
44723
44726
44727
44728
44732
44733
44735
44738
44742
44744
44745
44759
44764
44765
44766
44767
44768
44769
44770
44771
44772
44773
44774
44775
44776
44777
44778
44779
44780
44781
44782
44793
44799
44802
44805
44808
44811
44818
44819
44820
44821
44824
44833
44838
44841
44845
44853
44854
44857
44858
44859
44866
44875
44891
44892
44897
44898
44906
44907
44911
44912
44913
44914
44915
44916
44994
44995
45004
45005
45007
45078
45080
45084
45087
45092
45161
45185
45195
45201
45202
45214
45216
45219
45240
45285
45286
45296
45297
45298
45299
45300
45301
45302
45303
45304
45305
45320
45327
45328
45329
45330
45331
45332
45340
45341
45342
45343
45351
45353
45354
45355
45356
45364
45365
45366
45367
45379
45384
45394
45395
45396
45402
45403
45404
45417
45422
45423
45424
45433
45434
45448
45455
45467
45468
45470
45471
45472
45502
45514
45533
45536
45549
45550
45554
45555
45556
45557
45558
45559
45560
45561
45562
45563
45564
45567
45592
45593
45594
45595
45638
45642
45654
45655
45656
45657
45658
45659
45661
45666
45668
45672
45681
45682
45683
45712
45720
45721
45722
45737
45752
45760
45761
45762
45763
45818
45819
45832
45834
45856
45857
45869
45875
45876
45877
45878
45879
45880
45881
45882
45883
45884
45885
45886
45888
45891
45892
45895
45896
45897
45898
45899
45900
45901
45902
45903
45904
45905
45906
45907
45908
45909
45910
45911
45912
45913
45914
45915
45916
45917
45918
45919
45920
45921
45922
45923
45924
45925
45926
45927
45928
45929
45930
45931
45932
45944
45945
45946
45965
45971
45972
45973
45984
45985
45986
45987
45988
45989
45990
45991
45992
45994
46000
46020
46027
46029
46032
46055
46056
46057
46063
46065
46085
46103
46104
46105
46118
46119
46123
46127
46128
46130
46132
46133
46134
46135
46136
46137
46138
46161
46162
46165
46166
46167
46168
46171
46172
46173
46174
46178
46179
46180
46181
46185
46186
46187
46199
46200
46201
46219
46220
46222
46223
46224
46225
46226
46227
46228
46229
46230
46231
46232
46233
46234
46235
46236
46238
46239
46240
46241
46242
46243
46244
46245
46260
46261
46262
46263
46264
46265
46266
46267
46268
46269
46270
46271
46272
46277
46279
46280
46287
46288
46292
46294
46305
46306
46312
46313
46314
46315
46320
46321
46325
46326
46355
46365
46366
46370
46371
46372
46373
46374
46375
46376
46377
46378
46379
46380
46381
46382
46383
46384
46385
46386
46387
46388
46389
46390
46391
46392
46393
46394
46395
46396
46397
46398
46399
46400
46401
46402
46416
46417
46422
46427
46428
46429
46430
46432
46444
46445
46446
46447
46457
46458
46462
46463
46467
46468
46469
46470
46471
46472
46474
46475
46476
46477
46478
46479
46480
46481
46482
46483
46487
46488
46490
46491
46492
46493
46496
46497
46523
46525
46545
46546
46563
46564
46565
46566
46567
46568
46574
46575
46576
46577
46578
46579
46603
46604
46605
46665
46667
46668
46694
46717
46718
46722
46723
46724
46725
46731
46732
46746
46747
46751
46752
46753
46765
46767
46768
46769
46777
46784
46792
46793
46794
46795
46796
46797
46798
46799
46800
46801
46802
46810
46811
46812
46813
46823
46824
46825
46826
46827
46828
46829
46830
46831
46832
46833
46834
46835
46836
46837
46838
46843
46845
46846
46847
46873
46876
46877
46878
46890
46891
46895
46900
46901
46902
46906
46907
46919
46929
46933
46934
46935
46936
46946
46947
46948
46949
46950
46951
46953
46969
46975
46976
46977
46978
46979
46980
46981
46982
46983
46998
47003
47007
47008
47009
47010
47011
47022
47023
47024
47025
47026
47027
47028
47029
47030
47031
47032
47033
47034
47035
47036
47037
47038
47059
47062
47063
47064
47065
47067
47078
47091
47101
47107
47108
47122
47128
47129
47132
47139
47140
47141
47142
47143
47144
47152
47155
47159
47162
47163
47164
47165
47167
47170
47171
47172
47175
47177
47179
47180
47184
47186
47187
47188
47189
47190
47191
47192
47193
47194
47197
47198
47199
47200
47205
47206
47207
47208
47211
47217
47218
47219
47220
47221
47222
47223
47224
47225
47226
47227
47228
47229
47230
47231
47232
47233
47234
47235
47236
47238
47239
47240
47241
47242
47243
47244
47245
47246
47247
47248
47252
47262
47263
47265
47266
47267
47268
47269
47270
47271
47272
47273
47274
47275
47276
47279
47280
47292
47296
47305
47306
47307
47324
47325
47334
47335
47336
47337
47338
47343
47344
47346
47348
47349
47350
47353
47356
47363
47364
47365
47366
47386
47387
47391
47392
47395
47396
47411
47414
47420
47422
47423
47426
47428
47432
47445
47446
47455
47458
47460
47462
47467
47470
47487
47489
47492
47493
47494
47495
47497
47499
47518
47519
47520
47521
47523
47524
47525
47526
47527
47528
47529
47531
47532
47536
47537
47538
47539
47540
47541
47543
47546
47547
47548
47555
47567
47569
47570
47597
47600
47601
47603
47613
47614
47621
47622
47625
47657
47663
47664
47665
47666
47669
47673
47674
47675
47676
47677
47678
47679
47680
47690
47705
47706
47709
47710
47711
47712
47713
47714
47715
47716
47717
47718
47719
47720
47721
47722
47723
47730
47733
47735
47739
47754
47771
47791
47792
47793
47794
47795
47813
47814
47852
47853
47854
47856
47866
47873
47875
47876
47877
47879
47885
47886
47887
47888
47889
47907
47918
47919
47920
47921
47928
47929
47930
47931
47935
47936
47943
47953
47977
47978
47979
47981
47985
47991
47999
48002
48003
48004
48014
48015
48016
48021
48044
48060
48067
48068
48081
48082
48083
48084
48090
48091
48104
48111
48120
48124
48143
48144
48145
48146
48147
48148
48155
48158
48159
48160
48162
48165
48175
48177
48194
48225
48229
48230
48237
48239
48248
48263
48272
48278
48279
48284
48286
48287
48288
48318
48322
48332
48333
48334
48335
48339
48340
48341
48360
48361
48362
48366
48368
48373
48379
48380
48390
48392
48401
48404
48405
48409
48421
48425
48434
48441
48456
48460
48461
48462
48469
48474
48475
48476
48488
48490
48506
48507
48513
48514
48519
48520
48526
48537
48539
48540
48548
48549
48550
48551
48552
48553
48554
48557
48562
48563
48566
48574
48575
48576
48606
48609
48620
48621
48633
48661
48663
48683
48720
48766
48777
48789
48795
48802
48804
48807
48808
48809
48814
48819
48822
48823
48824
48830
48831
48857
48868
48869
48878
48924
48927
48941
48974
49003
49015
49016
49044
49047
49063
49065
49066
49071
49090
49091
49092
49113
49114
49115
49116
49117
49139
49145
49175
49181
49183
49195
49196
49197
49204
49218
49219
49226
49228
49236
49361
49402
49406
49420
49429
49430
49433
49434
49463
49519
49551
49587
49631
49648
49657
49661
49662
49687
49691
49701
49718
49729
49745
49751
49752
49754
49770
49780
49781
49805
49812
49827
49838
49840
49843
49845
49846
49854
49856
49875
49879
49885
49888
49890
49896
49898
49906
49921
49933
49938
49949
49956
49959
49964
49967
49973
49975
49989
49990
49991
49992
50009
50017
50022
50026
50027
50033
50034
50048
50049
50059
50061
50065
50068
50089
50090
50097
50106
50124
50135
50144
50151
50164
50165
50167
50168
50175
50192
50196
50199
50207
50216
50217
50229
50233
50241
50253
50255
50268
50276
50278
50279
50283
50285
50286
50287
50289
50290
50291
50292
50299
50302
50305
50327
50337
50338
50350
50352
50354
50357
50359
50363
50364
50366
50368
50369
50372
50374
50375
50385
50386
50388
50389
50391
50394
50398
50402
50405
50416
50419
50421
50422
50426
50434
50437
50438
50442
50448
50456
50457
50469
50472
50475
50478
50482
50487
50488
50490
50494
50499
50503
50504
50509
50510
50515
50520
50524
50529
50537
50539
50540
50541
50542
50543
50546
50550
50553
50558
50569
50570
50571
50574
50577
50582
50583
50590
50594
50606
50614
50618
50627
50634
50635
50640
50642
50652
50655
50659
50669
50670
50671
50673
50680
50684
50692
50698
50707
50708
50715
50721
50727
50729
50733
50734
50741
50743
50748
50752
50759
50763
50765
50770
50782
50785
50787
50791
50792
50807
50812
50814
50818
50823
50824
50827
50828
50832
50835
50841
50860
50866
50874
50875
50878
50881
50886
50889
50891
50902
50903
50908
50910
50920
50922
50923
50928
50930
50931
50932
50933
50937
50938
50945
50948
50949
50951
50955
50962
50965
50970
50971
50973
50980
50986
50998
51000
51002
51007
51010
51015
51024
51030
51038
51042
51046
51047
51051
51054
51057
51062
51063
51069
51077
51079
51080
51081
51087
51099
51100
51103
51107
51108
51111
51116
51122
51123
51127
51130
51134
51138
51146
51150
51155
51158
51161
51162
51165
51166
51168
51169
51173
51176
51177
51178
51181
51182
51188
51190
51191
51194
51195
51199
51200
51202
51203
51204
51205
51206
51208
51209
51210
51212
51213
51214
51215
51219
51222
51225
51226
51230
51231
51235
51238
51239
51242
51244
51245
51247
51249
51250
51252
51256
51265
51271
51272
51274
51275
51276
51282
51284
51295
51299
51300
51301
51302
51305
51309
51315
51316
51317
51319
51324
51328
51330
51337
51338
51341
51347
51354
51356
51357
51359
51369
51370
51372
51376
51377
51381
51383
51384
51389
51390
51395
51398
51400
51405
51409
51410
51418
51420
51422
51423
51426
51427
51433
51438
51439
51440
51441
51443
51449
51452
51456
51465
51470
51471
51477
51482
51483
51486
51489
51490
51491
51494
51498
51500
51501
51502
51503
51508
51512
51513
51520
51521
51522
51528
51529
51530
51531
51532
51538
51542
51546
51550
51552
51555
51558
51572
51577
51582
51586
51590
51595
51596
51609
51612
51618
51620
51625
51626
51632
51634
51643
51648
51662
51670
51671
51675
51679
51683
51684
51691
51693
51694
51700
51702
51706
51707
51713
51718
51721
51723
51724
51727
51729
51730
51758
51763
51766
51770
51773
51778
51780
51784
51785
51792
51794
51800
51805
51808
51812
51813
51816
51819
51821
51823
51824
51826
51845
51852
51856
51862
51867
51877
51882
51886
51888
51889
51891
51892
51893
51895
51898
51901
51908
51917
51920
51927
51928
51929
51934
51937
51941
51942
51943
51944
51948
51953
51961
51965
51967
51968
51979
51984
51987
52010
52016
52018
52029
52050
52061
52063
52068
52070
52078
52081
52085
52090
52092
52108
52119
52121
52122
52123
52124
52126
52127
52130
52137
52139
52141
52146
52148
52156
52158
52159
52163
52164
52165
52166
52169
52173
52174
52178
52181
52186
52190
52196
52200
52205
52216
52219
52220
52223
52224
52228
52234
52249
52251
52255
52257
52258
52260
52266
52270
52273
52276
52277
52278
52279
52280
52282
52284
52286
52287
52293
52296
52298
52302
52312
52314
52315
52316
52322
52323
52325
52328
52331
52334
52337
52338
52345
52348
52353
52356
52359
52363
52366
52376
52381
52384
52386
52393
52396
52397
52399
52403
52405
52409
52419
52426
52428
52440
52441
52449
52450
52451
52453
52457
52462
52467
52468
52471
52475
52486
52489
52491
52496
52498
52500
52503
52511
52514
52519
52525
52529
52531
52538
52544
52551
52552
52553
52556
52561
52569
52571
52572
52576
52578
52580
52581
52585
52588
52589
52593
52595
52609
52616
52621
52622
52628
52629
52630
52633
52639
52645
52650
52652
52659
52663
52664
52665
52670
52672
52676
52677
52678
52681
52683
52684
52685
52687
52692
52695
52700
52702
52703
52704
52705
52708
52713
52715
52727
52728
52736
52738
52740
52744
52756
52767
52775
52780
52784
52785
52792
52801
52807
52808
52809
52815
52816
52817
52822
52826
52829
52833
52839
52844
52850
52852
52855
52858
52865
52866
52876
52878
52884
52888
52889
52894
52896
52900
52904
52915
52916
52917
52921
52930
52934
52936
52941
52949
52951
52953
52956
52958
52960
52962
52976
52978
52979
52986
52989
52993
52998
53010
53012
53014
53020
53021
53022
53024
53025
53028
53030
53034
53039
53042
53043
53047
53049
53051
53052
53055
53057
53060
53061
53064
53065
53072
53073
53074
53080
53081
53084
53087
53088
53091
53097
53101
53104
53115
53117
53118
53120
53124
53128
53129
53132
53134
53137
53140
53141
53144
53150
53156
53160
53161
53162
53166
53167
53168
53169
53170
53171
53175
53179
53180
53184
53189
53191
53192
53195
53202
53204
53207
53209
53211
53219
53220
53223
53228
53229
53240
53248
53249
53251
53254
53257
53259
53262
53264
53265
53269
53273
53276
53277
53284
53285
53286
53291
53295
53297
53300
53301
53302
53305
53306
53312
53314
53315
53320
53324
53326
53330
53339
53343
53353
53356
53361
53366
53375
53379
53383
53389
53390
53393
53394
53404
53410
53417
53421
53423
53424
53431
53432
53436
53439
53444
53448
53457
53465
53467
53470
53479
53488
53495
53503
53504
53508
53511
53512
53514
53515
53516
53517
53521
53527
53537
53543
53550
53561
53563
53565
53575
53576
53577
53582
53584
53586
53588
53591
53592
53595
53607
53611
53614
53618
53620
53624
53625
53626
53629
53630
53632
53633
53646
53647
53653
53658
53671
53673
53674
53676
53680
53684
53691
53692
53695
53697
53698
53704
53707
53708
53709
53716
53724
53727
53730
53732
53733
53739
53741
53742
53746
53747
53750
53757
53758
53759
53767
53768
53771
53778
53779
53782
53783
53793
53795
53797
53805
53806
53810
53825
53826
53827
53829
53830
53835
53837
53838
53847
53853
53857
53858
53867
53874
53876
53877
53878
53879
53880
53884
53886
53889
53895
53896
53899
53904
53913
53914
53921
53922
53923
53924
53926
53929
53937
53943
53946
53951
53953
53957
53958
53961
53964
53967
53968
53972
53973
53974
53977
53981
53982
53983
53984
53992
53994
53996
54000
54002
54011
54012
54019
54020
54023
54029
54030
54034
54040
54042
54044
54046
54049
54056
54057
54058
54059
54060
54067
54070
54077
54083
54085
54090
54094
54097
54098
54101
54103
54106
54109
54116
54123
54127
54132
54134
54140
54141
54142
54145
54148
54151
54157
54164
54169
54171
54172
54173
54177
54180
54181
54182
54185
54189
54190
54191
54192
54196
54197
54199
54204
54205
54206
54212
54213
54219
54222
54227
54236
54242
54250
54260
54261
54264
54265
54270
54271
54287
54288
54290
54291
54295
54297
54302
54304
54310
54312
54314
54322
54326
54327
54331
54333
54335
54336
54337
54345
54347
54349
54352
54354
54361
54363
54368
54370
54372
54379
54386
54390
54392
54393
54394
54397
54402
54408
54411
54412
54414
54415
54422
54425
54431
54435
54436
54439
54441
54444
54446
54453
54455
54459
54465
54466
54467
54469
54478
54479
54486
54488
54489
54496
54498
54505
54507
54508
54509
54536
54538
54542
54544
54545
54555
54560
54568
54570
54572
54573
54582
54589
54593
54598
54599
54604
54607
54608
54611
54612
54613
54615
54616
54624
54627
54635
54636
54639
54642
54647
54650
54652
54654
54655
54657
54658
54666
54670
54671
54677
54679
54688
54690
54696
54698
54701
54707
54709
54716
54718
54726
54727
54732
54736
54740
54744
54748
54751
54755
54756
54762
54765
54769
54776
54780
54782
54791
54793
54794
54795
54797
54799
54806
54807
54809
54817
54820
54826
54829
54831
54838
54844
54845
54857
54860
54861
54865
54867
54871
54872
54878
54882
54884
54887
54888
54893
54896
54913
54917
54920
54921
54923
54926
54935
54943
54944
54946
54949
54953
54954
54956
54957
54960
54965
54970
54979
54983
54984
54987
54988
54989
54992
54993
54995
54997
54998
55004
55005
55010
55018
55019
55021
55022
55028
55029
55031
55043
55054
55057
55060
55062
55063
55064
55068
55072
55078
55087
55089
55091
55094
55095
55096
55099
55102
55103
55105
55106
55112
55117
55121
55122
55124
55131
55133
55136
55143
55145
55146
55147
55151
55153
55154
55156
55158
55160
55163
55164
55166
55183
55190
55193
55198
55201
55205
55221
55225
55232
55235
55238
55241
55243
55255
55256
55258
55261
55262
55266
55268
55271
55272
55274
55280
55284
55287
55294
55297
55301
55308
55317
55318
55319
55323
55325
55332
55340
55342
55346
55351
55353
55354
55355
55359
55360
55362
55364
55365
55369
55371
55374
55376
55380
55382
55383
55387
55395
55396
55410
55413
55415
55417
55420
55421
55424
55430
55436
55442
55444
55445
55447
55450
55451
55452
55457
55459
55471
55472
55482
55483
55486
55489
55490
55492
55493
55495
55496
55497
55498
55500
55503
55507
55515
55519
55521
55522
55524
55527
55528
55529
55531
55533
55535
55543
55548
55550
55551
55553
55555
55556
55560
55562
55563
55565
55574
55582
55584
55589
55590
55596
55601
55603
55604
55606
55614
55628
55629
55632
55635
55636
55656
55659
55661
55663
55669
55681
55682
55684
55688
55689
55694
55698
55699
55701
55716
55717
55719
55728
55730
55731
55734
55739
55740
55742
55743
55745
55746
55749
55750
55753
55757
55758
55760
55761
55765
55771
55782
55791
55794
55808
55811
55813
55816
55822
55825
55829
55837
55843
55844
55845
55850
55851
55853
55855
55856
55859
55862
55864
55867
55868
55874
55877
55886
55888
55890
55898
55900
55921
55925
55927
55928
55929
55937
55941
55942
55949
55961
55963
55964
55976
55982
55983
55986
55991
55993
55999
56008
56016
56019
56025
56028
56029
56033
56037
56041
56043
56048
56053
56054
56067
56073
56077
56087
56090
56093
56095
56098
56101
56102
56105
56116
56119
56124
56125
56130
56135
56138
56139
56148
56151
56161
56164
56173
56177
56179
56180
56185
56194
56198
56199
56200
56204
56208
56216
56219
56221
56224
56228
56233
56234
56251
56255
56256
56263
56264
56271
56277
56281
56284
56285
56296
56299
56306
56308
56316
56318
56322
)


// ************************************************************************* //
