/*--------------------------------*- C++ -*----------------------------------*\
| =========                 |                                                 |
| \\      /  F ield         | OpenFOAM: The Open Source CFD Toolbox           |
|  \\    /   O peration     | Version:  v2012                                 |
|   \\  /    A nd           | Website:  www.openfoam.com                      |
|    \\/     M anipulation  |                                                 |
\*---------------------------------------------------------------------------*/
FoamFile
{
    version     2.0;
    format      ascii;
    class       volScalarField;
    location    "350";
    object      gammaInt_0;
}
// * * * * * * * * * * * * * * * * * * * * * * * * * * * * * * * * * * * * * //

dimensions      [0 0 0 0 0 0 0];


internalField   nonuniform List<scalar> 
13917
(
1
1
0.999833
1
1
1
1
1
1
1
1
1
1
1
1
1
1
1
1
1
1
1
1
1
1
1
1
1
1
1
1
1
1
1
1
1
1
1
1
1
1
0.999998
1
1
1
0.999723
1
1
1
1
1
0.999999
1
1
1
0.999999
0.96841
1
0.999997
0.999962
1
1
1
1
1
1
1
1
1
1
0.999999
1
1
1
1
1
1
1
1
1
1
1
1
1
1
1
1
1
1
1
1
1
1
1
1
1
1
1
1
1
1
1
1
1
1
1.00008
1
0.999994
1.00001
1
1
1
1
1
1
1
1
1
1
1
1
1
1
1
1
1
1
1
1
1
1
1
1
1
1
1
1
1
1
1
1
1
0.999028
1
1
1.00001
1
1
1
1
1
1
1
1
1
1
1
1
1
1
1
1
1
1
1
1
1
1
1
1
1
1
1
1
1
1
1
1
1
1
1
1
1
1.00046
0.999986
1
1
1.00059
1
1
1
1
1.00002
1
1
1
1
1
1
1
1
1
1
1
0.998781
1
1
1
1.00001
1
1
1
1
1
1
1
1
1
1
1
1
0.999817
0.999351
1
1
1
1
1
1
1
1
1
1
1
1
1
1
1
1
1
0.99972
0.999552
0.999838
1
1
1
1
1
1
1
1
1
1
1
1
1
1
1
1
1
1
1
1
1
1
1
1
1
1
1
1
1
1
1
0.9995
1
1
1
1
1
1
1
1
1
1
1
1
1
1
1
1
0.999629
1
1
1
1
1
1
1
1
1
1
1
0.999967
1
1
1
1
1
1
0.999984
1
1
1
1
1
1
1
1
1.00001
1
0.999718
1
1
1.00001
1
1
1
1
1
1
1
1
1.00019
1
1
1
0.999978
1
1
0.999822
1
1
1
0.999841
1
1
1
1
1
1
1
1
1
1
1
1
1
1
1
1
1
1
1
0.999858
1
1
1
1
1
1
0.999966
1
0.999996
0.999204
0.999234
1
1
0.99994
1
1
0.999907
0.999988
1
1
1
1
0.999998
1
1
1
1
1
1
1
1
0.999985
1
1
0.999789
1
1
1
1
1
1
1
1
1
1
1
1
1
1
1
1
1
1
1
1
1
1
1
1
1
1
1
1
1
1
1
1
1
1
1
1
1
1
1
1
1
1
1
1
1
1
1
1
1
0.999979
1.00005
1
1
0.999907
1
1
1
1
1
1
1
1
1
1
1
1
1
1
1
1
1
1
1
1
1
1.00003
1
1
1
0.999997
0.999898
1
1.00001
1
1
1
1
1
1
1
1
1
1
1
1
1
1
1
1
1
1
0.999985
1
1
1
1
1
1
1
1
1
1
1
1
1
1.00007
0.999989
1
1
1
1
1
1
1
1
1
1
1
1
1
1
1
1
1
1
1
1
1
1
1
1
1
1
1
1
1
1
1
1
1.00003
1
1
1
1
1
1
1
1
1
1
1
1
1
1
1
1.00001
1
1
1
1.00001
1
1
1
1
1
1
1
1
1
1
1
1
1
0.999991
0.999908
1
1
1
1
1
1
1.00003
1
1
1
1
1
1.00021
1
1
1
1
0.999522
1
1
1
1
1
1
0.999224
1
1.00001
1
1
1
1
1
1
1
1
1
1
1
0.999994
1
1
1
1
1
1
1
1
0.999936
1
1
1
1
1
1
1
1
1.00002
1
0.99999
1
1
1
0.999982
1
1
1.00003
1
1
1
1
1
1
1
1
0.999999
0.999958
1
1.00002
1
1
0.998798
1
1
1
1
1
1
1
1
1
1
1
1
1
1
1
1
1
1
1.00001
1
1
1
1
1
1
1
1
0.999742
1
1
1
1
1
1
1
1
1
1
1
1
1.00002
1
1
1
1
1
1
1
1
1
1
1
1
1
1.00001
1
1
1
1
1
1
1
1
0.999994
1
1
1
1
1
1
1
1
1
0.999981
0.999958
1.00002
1
1
0.999952
1
1
0.999999
1
1
1
1
1
1
1
1
1
1
1
1
1
1
1
1
1
1
0.999927
1
1
1
1
1
0.997909
0.999993
0.999966
1
1
1
1
1
1
1
1
1
1
1
1
1
1
1
0.999873
1
1
1
1
1
1
1
1
1
1
1
1
1
1
1
1
1
1
1
1
1
1
1
1
1
1
1
1
1
1
1
1
1
1
1
1
1
1
1.00001
1
1
1
1
1
1
1
1
1
1
1
1
0.992097
1
1
1
1
1
1
1
1
1
1
1
0.999998
1
1
1
1
1
1
1
1
1
1
1
1
1.00001
1
1
1
1
1
1
1
0.999993
1
1
1
1
1
1
1.00002
1
0.999706
1
1
1
0.998722
1
1
1
1
1
1.00001
1
1
1
1
1
1
1
1
1
0.999991
1
1
1
1
1
1
0.999998
1
1
1
1
1
1
1
1
0.999998
1
1
0.999999
1
1
1
1
1
1
1
1
1
1
1
1
1
0.997531
1
1
1
1
1
1
1
1
1
1
1
1
1
1
1
1
1
0.999999
1
1
1
1
1
1
1.00018
1
1
1
1
1
1
1
1
1
1
1
1
1
1
1
1
1
1
1
1
1
1
1
1
1
1
1
1
1
1
1
0.998536
0.999969
1
1
1
1
1
1
1
1
1
1
1
1
1
1
1
1
1
1
1
1
0.999983
1
1
1
0.999977
0.999996
1
1
1
1
1
1
1
1
0.999957
1
1
1
1.00003
1
1
1
1
1
1
1
1
1
0.995927
1
1
1
1
0.99391
1
1
1
1
1
1
1
1
1
1
1
1
1
1
1
1
1
1
0.999992
1
1
1
0.997806
1
1
1
1
1
1
1
1
1
1
0.999948
1
1
1
1
1
1
1
1
1
1
1
1
1
1
1
1.00001
1
1
1
0.999991
1
1
1
1
1
1
1
1.00001
1
1
1
1
1
1
1.00002
1
1
1
1
1
1
1
1
1
1
1
1
1.00001
1
1
0.999831
1
1.00001
1
1
1
1
1
1
0.999866
1
0.999999
1
1
1
0.999911
0.997197
0.996843
1
1
0.999999
1
1
1
1
1
1
1
1
0.997508
1
1
0.999995
0.999996
1
1
1
1
1
1
1
1
1
0.999997
1
1
1
1
1
1
1
1
1
1
1
1
1
1
0.999993
1
1
1
0.999806
1
1
1
1
1
1
1
1
1
1
1
1
1
1
1
1
1
1
1
1
1
1
0.999961
0.999999
1
1
1
1
1
1
1
1
1
1
1.00049
1
1
1
1
0.998601
1
1
1
1
1
1
1
1
1
1
1
0.998706
1
1
1
1
0.999996
1
1
1
1
1
1.00001
1
1
1
1
1
1
1
1
1
1
1
0.999616
1
0.999991
1
1
1
1
1
1
1
1
1
1
1
1
1
1
1
0.999992
1
1
0.999997
1
1
1
1
1
1
1
1
0.999999
1
0.99996
1
0.999182
1
1
1
1
1
1
1
1
1
1
1
1
1.00002
1
1
1
1
1
1
1
1
1
0.999309
1
1
1
1
1
1
1
1
1
1
1
1
1.00005
1
1
1
1
1
0.999979
1
1
1
1
1
1
1
1
1
1
1
1
1
1
1
1
1
1
1
1
1
1
1
1
1
0.999997
1
1
1
1.00001
1
1
1
1
0.999995
1
1
1
1
1
1
1
1
1
1
1
1
1
1
1
1
1
1
1
0.999966
1
1
1
1
1
1
1
1
1
1
1
1
0.997919
1
1
1
1
0.999858
1
1
1
1
1
1
1
1
1
1
1
1
1
1
1
1.00002
1
1
1
1
1
1
1
1
1
1
1
1
1
0.994167
1
1
1
0.999999
1.00123
1
1
1
1
1
1
1
1
1
1
1
1
1
1
1
1
1
1
1
0.998062
1
1
1
1
1
1
1
1
1
0.999967
1
1
1
1
1
1
0.999936
1
1
1
1
1
1
1
1.00003
1
1
1
1
1
0.999015
1
1
1
1
1
1
1
1
1
1
1.00005
1
1
1
0.999999
1
0.998256
1
1
1
1
0.999787
1
0.999999
1
0.999999
1
1
1
1
1
1
1
1
1
1
1
1
1
1
1
1
1
1
1
1
1
1
1
0.999999
0.999999
1
1
1
1
1
0.999999
1
1
1
0.998767
1
1
1
1
1
1
1
1
1
1
1
1
1
1
1
1
1
1
1
1
1
1
1
0.999976
1
1
1
1
0.999898
1
1
0.999546
1
1
1
1
1
1
1
1
1
1
1
1
1
1
1
1
0.999897
1
1
1
1
1
1
1
1
1
1
1.00107
1
1
1
1
1
1
1
0.999999
1
1
1
1
1
1
1
1
1
1
0.999963
1
1
1
1
1
1
1
1
1
1
1
1
1
1
1
1
1
1
1
1
1
1
1
1.00074
1
0.999999
1
1
1.00001
1
1
1
1
1
1
1
1
1
1
1
1
1
1
1
0.999853
1
1
1
1
1
1
1
1
1
1
1
1
1
1
1
1
1
1
1
1
1
1
1
1
1
1
1
1
0.999406
1
1
1.00035
1
1
1
1
1
1
1
1
1
1
1
1
1
1
1
0.999998
1
1
1
1
1
1
1
1
1
1
1
1
1
1
1
1
1
1
1
1
1
0.999994
1
0.994367
1
1
1
1
1
1
1
1
1
1
1
1
1
1
1
1
1
0.995868
1
1
1
1
1
1
1
1
1
1
1
1
1
1
1
1
1
0.999979
1
1
1
1
1
1
1
1
1
1
1
1
1
1
1
1
1
1.00005
1
1
1
1
1
1
1
1
1
1
1
1
1
1
1
1
1
1
1
0.997476
1
1
1
1
1
1
1
1
1
1
1
1
1
1
1
1
1
1
1
1
1
1
1
1
1
1
1
1
1
1
1
1
1
1
1
1
1
1
1
1
1
1
1
1
1
1
1
1
1
1
1
1
1
1
1
1
0.997594
1
1
1
1
1
1
1
1
1
1
1
1
1
1
1
1
1
1
1
1
1
1
1
1
0.99994
1.00001
0.999909
1
1.00001
1
1
1
1
1
1
1
1.00101
1
1
1
1
1
1
1
1
1
1
1
1
0.999968
0.9985
1
1
1
1
1
1
1
1
1
1
1
1
1
0.999997
1
1
1
1
1
1
1
1
1
1
1
1
0.999992
1
1
1
0.999999
1
1
1
1
1
1
1
1
1
1
1
0.999282
1.00007
1
1.00002
1
1
1
1
1
1
1
1
1
0.999765
1
1
1
1
1
1
1
0.987623
0.999996
0.999922
1
1
1.0001
1
1
1
1
1
1
1
1
0.995247
1
1
1
1
1
1
1
1
1
1
1
1
1
1
1
0.993944
1
0.999959
0.996018
1
1
1
1
1
1
1
1
1
1
0.99625
1
1
1
1
1
1
1
1
1
1
1
1
1
1
1
1
1
1
1
1
1
1
1
1
1
1
1
0.999652
1
1
1
1
1
0.998533
0.994858
1
0.999968
1
1
0.998831
1
1
0.999998
1
1
1
1
1
1
1
1
1
1
1
0.999981
1
1
1
1
1
1
1
1.00001
1
1.00001
1
1
1
1
1
1
1
1
0.999977
1
1
0.99997
1
1
0.999992
1
1
1
1
1
1
1
1
1
1
1
1
1
1
1
1
1
1
1
0.999773
1
1
1
1
1
0.999999
0.99999
1
1
1
0.999971
1
1
0.999378
1
1
1
1
1
1
1
1
1
1
0.999999
1
1
1
1
1
1
1
0.996162
1
1
1
1
1
1
1
1
1
1
1
1
1
1
1
1
1
1
0.998713
1
1
1
1
1
1
1
1
1
1
1
1
1
1
1
0.999734
1
1
1
0.996025
1
1
0.999878
0.999993
1
1
1
1
1
1
1
1
1
1
1.0011
1
1
1
1
1
1
1
1
1
1
1
1
1
1
1
1
1
0.999999
1
1
1
1
1
1
1
1
1
1
0.999946
1
1.00001
1
1
1
1
1.00015
1
1
1
0.999998
1
1
1
1
1
1
1
1
0.999558
1
0.99977
1
1.00108
1
1
1
1.00032
0.997388
1
1
1
1
1
1
0.999974
1
1
1
1
1
1
1
1
1
1
1
1
1
1
1
1
1
1
1
1
1
1
1
1
1
1
1
1
1
0.997456
1
1
1
1
1
1
1
1
1
1
1
1
1
0.998177
1.00003
0.997397
1
1
1
0.993369
1
1
1
1
1
0.999337
1
1
1
1
1
1
1
1
1
1
1
1
1
1
1
1
1
0.999548
1
1
1
1
1
1
1
1
1
1
0.99983
1
1
1
1
1
1
1
0.998022
1
1
1
1
1
0.999421
1
1
1
1
1
1
1
1
1
0.995071
1
0.999127
1
1
1
1
1
0.999976
1
1
1
1
1
1
1
1
1
0.999997
0.999996
1
1
1
1
1
1
1
1
1
1
1
1
1
1
1
1
1
1
1
1
1
1
1
1
1
1
1
1
1
0.999998
1
1
1
1
1
1
1
1
1
1
1
1
1.00002
1
1
1
1
1
1
1
1
1
1
1
1
1
1
1
0.999708
1
1
1
1
1
1
1
1.00048
1
0.998121
1
1
1
1
1
1.00002
1
0.999894
0.999999
1
1
1
1
1
1
0.999967
1
1
1
1
1
1
1
1.00035
1
1
1
0.998486
1
1
1
1
1
1
1
1
1
1
1
1
1
1
1
1
1
1
1
1
1
1
1
1
1
1
1
1
1
1
1
0.999908
1
1
1
0.998787
1
1
1
1
1
1
1
1
1
1
1
1
1
1
1
1
1
1
1
1
1
1
1
1
1
1
1
1
1
1
1
1
1
1
1
1
1
0.999983
1
1
1
1
1
1
1
1
1
1
1
1
1
1
1
1
1
1
1
1
1
1
1
1
1
1
1
1
1
1
1
1
0.999385
1
1
1
1
1
1
1
1
1
1
1
1.00001
1
1
1
1
0.999985
1
1
1
1
1
1
1
1
1
1
1
1
1
1
1
1
1
1
1
1
1
1
1
1
1
1
0.999997
1
1
1
1
1
1
0.998985
1
1
1
1
1
1
1
1
1
1
1
1
1
1
1
1
1
1
1
1
1
1
1
1
1
1
1
1
1
1
1
1
1
0.999976
1
1
1
1
1
1
1
0.999918
1
1
1
1
1
1
1
1
1
1
1
1
1
1
1
1
1
1
1
1
1
1
1
1
1
1
1
1
1
1
1
0.999929
1
1
1
1
1
1
1
1
1
1
1
1
1
1
1
1
1
1
1
1
1
1
1
1
1
1
1
1
1
0.999999
1
0.999902
1
1
1
1
1
1
1
1
1
1
1
1
1
1
1
1
1
1
1
1
1
1
1
1
1
1
1
1
1
0.999999
1
1
1
1
1
1
1
1
1
1
1
0.999997
1
1
1
1
1
1
1
1
1
1
1
1
1
1
1
1
1.00001
1
1
1
1
1
1
1
1
1
1
0.999989
1
1
1
1
1
1
1
1
1
0.999998
0.998731
0.999999
1
1
1
1
1
1
1
1
1
1
0.996337
1
1
1
1
1
1
1
1
1
1
1
1
1
1
1
1
1
1
1
1
1
1
1
1
1
1
1
1
1
1
0.999985
1
1
1
1.00001
1
1
1
1
1
1
1
1
1
1
1
1
1
1
1
1
1
1
0.999998
1
1
1
1
1
1
1
1
1
1
1
1
1
1
1
1
1
1
1
1
1
1
1
1
1
1
1
1
1
1
1
1
1
1.00012
1
1
1
1
1
1
1
1
1
1
1
1
1
1
1
1
1
1
1
1
1
1
1
1
1
1
1
1
1
1
1
0.998995
1
1
1
1
1
0.999981
1
1
1
0.999607
1
1
1
1
1
1
1
1
1
1
1
1
1
1
1
1
1
1
1
1
1
1
1
1
1
1
1
1
1
1
1
1
1
1
1
1
1
1
1
1
1
1
0.9989
0.999995
1
1
1
1
1
1
1
1
1
1
1
1
1
1
1
0.999999
1
0.999997
1
1
1
1
1
0.999991
1
1
1
1
1
1
0.999997
1
1
1
1
1
1
1
1
1
1
1
1
1
1
1
1
1
1
1
1.0004
1
1
1
1
1
1
1
1
1
1
1
1
0.999999
1.00001
1
1
1
1
1
1
1
1
1.00064
1
1
1
1
1
1
0.999997
1
1
1
0.999993
1
1
1
1
1
1
1
1
1
1
1.00025
1
0.997333
1
1
1
1
1
1
1
1
1
1
0.999868
1
1
1
1
1.00003
1
1
1
1
1
1
1
1
1
1
1
1
1
1
1
1
1
1
1
1
1
1
1
1
1
1
1
1
1.00003
1
1
1
1
1
1
1
1
1
1
1
1
1
1
1
1
1
1
1
1
1
1
0.991855
1
1
1
1
1
1
1
1
1
1
1
1
1
1
1
0.999999
1
1
1
1
1
1
1
1
1
1
1
1
1
1
1
0.999997
1
1
0.999993
1
1
1
1
1
1
1
1
1
1.00092
1
0.999995
1
1
1
1
1
1
1
1
1
1
1
1
1
1
1
1
1
1
1
1
1
1
1
1
1
1
1
1
1
1
1
1
1
1
1
1
1
1
1
1
1
1
1
1
1
1
1
1
1
1
1
1
1
1
1
1
1
1
1
1
1
1
1
1
1
1
1
1
1
0.999996
1
1
1
1
1
1
1
1
1
1
1
0.99999
0.999998
1
1
1
1
1
1
1
1
1
1
1
1
1
1
1
1
1
1
1
1
1
1
1
1
1
1
1
1
1
1
1
1
1
1
1
1
1
1
1
1
1
1
1
1
1
1
1
1
1
1
1
0.999998
1
1
1
1
1
1
1
1
1
1
1
1
1
1
1
1
1
1
1
1
1
1
1
1
1
1
1
1
1
1
1
1
1
1
1
1
1
1
1
1.00001
1
1
1.00002
1
1
0.999975
1
1
1
1
1
1
1
1
1
1
1
0.999997
1
1
1
1
1
1
1
1
1
1
1
1
1
1
1
0.999984
1
1
1
1
1
0.999399
0.999929
1
1
1
1
1
1
1
1
1
1
1
1
1
1
1
1
1
1
1
1
1
1
0.999992
0.999814
1
1.00001
1
1
1
1
1
1
1
1
1
1
1
1
1
1
1
0.999734
1
1
1
0.997073
0.999996
1
1
1
1
1
1
0.999847
1
1
1
1
1
1
1
1
0.999999
1
1
1
1
1
1
1
1
1
0.999772
1
1
1
1
1
1
1
1
1
1
1
1
1
1
0.999999
1
1
1
1
1
1
1
1
1
1.00001
1
1
1
1
1
1
1
1
1
1
1
1
1
1
1
1
1
1
1
1
1
1
1
1
1
1
1
1
1
1
1
1
1
1
1
1
1
1
1
1
1
1
1
1
1
1
1
1
1
1
1
1
1
1
0.999999
1
1
1
1
1
1
1
1
0.999996
1
1
1.00002
1
1
1
1
1
1
1
1
1
1
1
1
1
1
1
1
1
1
1
1
1
1
1
1
1
1
1
1
1
1
1
1
1
1
1
1
1
1
1
1
1
1
0.999989
1
1
1
1
1
1
1
1
1
1
1
1
1
1
1
1
1
1
1
1
1
1
1
1
1
1
1
1
1
1
1
1
1
1
1
1
1
1
1
1
1
1
1
1
1
1
1
1
1
1
1
1
1
1
1
1
1
1.00002
1
1
1
1
1
0.999999
1
1
1
1
1
1
1
1
1
1
1
1
1
1
1
1
1.00007
1
1
1
1
1
1
1
1
0.997882
1
1
1
1
1
1
1
1
1
1
1
1
1
1
1
1
1
1
1
1.00002
1
1
1
1
1
1
1
1
1
1
1
1
1
1
0.999998
1
1
1
1
1
1
1
0.999909
1
1
1
0.995961
1
1
1
0.999999
1
1
0.999999
1
1
1
1
1
1
1
1
0.999849
1
1
1
1
1
1
1
1
1
1
1
1
1
1
0.99992
1.00001
1
1
1
1
1
1
1
1
0.999981
1
1
1
1
1
1
1
0.999964
1
1
1
1
1
1
1
1
1
1
1
0.997745
1
1
1
1
1
1
1
1
1
1
1.00004
1
1
1.00001
1
1
1
1
1
1
1
1
1
0.999972
1
0.999999
1
1
1
1
1
1
1
1
1
1
1
1
1
1
1
1
1
1
1
1
1
1
1
1
1
1
1
1
1
1
1
1
1
1
1
1
1
1
1
1
1
1
1
1
0.999994
1.00005
1
1
1
1
1
1
1
1
1
1
1
1
1
1
1
1
1
1
1
1
1
1
1
0.99997
1
1
1
1
1
1
1
1
1
1
1.0001
1
1
1
1
1
1
1
1
1
1
1
0.999968
1
1
1
1
1
1
0.999943
1
1
1
1
1
1
1
1
1
1
0.995004
1
1.00016
1
1
1
1
1
1
1
1
1
1
1
1
1
1
1
1
1
1
1
1
1
0.999997
1
1
1
1
1
1
1
1
1
1
1
1
1
1
1
1
1
1
1
1
1
1
1
1
0.999866
1
1
1
1
1
1
1
1
0.999993
1
1
1
1
1
1
1
1
1
1
1
1
1
1
1
1
1
1
1
1
1
1
1
1
1
1
1
1
1
1
1
1
0.999862
0.999999
1
1
1
1
1
1
1
1
1
1
1
1
1
1
1
1
1
1
1
1
1
1
1
1
1
1
1
1
1
1
1
1
1
1
1
1
1
1
1
1
1
1
1.00019
0.999955
1
1
1
1
1
1.00003
1
1
1
1
1
1
1
1
1
1
1
0.999976
1
1
1
1
1
1
1
1
1
1
1
1
1
1
1
1
1
1
1
1
1
1
1
1
1
0.999997
1
1
1
1
1
1
1
0.998531
1
1
1
1
1
1
1
1
1
1
1
0.999996
1
1
1
1
1
1
1
1
1
1
1
1
0.999998
1
1
1
1
1
1
1
1
1
1
1
1
1
1
1
1
1
1
1
1
1
1
1
1
1
1
1
1
1
1
1
1
1
1
1
1
1
1
1
1
1
1
1
1
1
1
1
1
1.00001
1
1
1
1
1
1
0.999998
1
1
1
1
1
1
1
1
1
1
1
1
1
1
1
1
1
1
1
1
1
1.0002
0.999985
1
1
1
1
1
1
1
0.999998
1
1
1
0.999989
1
1
0.99994
1
1
1
1
1
1
1
1
1
1
1
1
1
1
1
1
1
1
1
1
1
1
1
1
1
1
1
1
1
1
1
1
1
1
1
1
1
1
1
1
1
1
1
1
1
1
1
1
1
1
1
1
1
1
1
1
1
1
1
1
1
1
1
1
1
0.999992
1
1
1
1
1
1
1
0.999997
1
1
1
1
1
1
1
1
1
1
0.999903
1
1
1
1
1
1.00001
1
1
1
1
1
1
1
1
1
1
1
1
1
1
1
1.00004
1
1
1
1
1
1
1
1
1
1
1
1
1
1.00004
1
1
1
0.999998
1
0.999799
1
1
1
1
1
1
0.996516
1
1
1
1
1
1
1
1
0.999989
1
1
1
1
0.999999
0.999826
1
1
1
1
1
1
1
1
1
1
0.999999
1
1
1
1
1
1
1
1
1
1
1
1
0.999995
1
1
0.999997
1
1
1
1
1
1
1
1
1
1
1
1
1
1
1
1
1
1
1
1
1
1
1
1
1
1
1
1
0.999979
1
1
0.999999
1
0.999999
1
1
1
1
1
1
1
1
1
1
1
1
1
1
1
1
1
0.999267
1
1
1
0.999994
1
1
1
0.999986
1
1.00001
0.999916
1
1
1
1
1
1
1
0.999998
1
1
1
1
1
1
1
1
1
1
1
1
1
1
1
1
1
1
1
1
1
1
1
0.99998
1
1
1
1
1
0.999997
1
1
1
1
1
0.999995
0.999858
1
1
1
1
1
1
1
1
1
0.999993
1
1
1
1
1
1
1
1
1
1
1
1
1
0.999999
1
1
1
1
1
1
1
1
1
1
1
1
1
1
1
1
1
1
1
0.999999
1
1
1
1
1
1
1
1
1
1
1
1
0.999996
1
1
1
1
1
1
0.999965
1
0.999873
0.999999
1
1
1
1
1
1
1
1
1
1
0.999993
1
1
1
1
1
1
1
1
1
1
1
1
1
1
1
0.999999
1
1
1
1
1
1
1
1
1
1
0.999616
0.999999
1
1
1
1
1
1
1
1
1
1
1
1
1
1
0.999949
0.999997
1
1
1
1
1
1
1
1
1
1
0.999992
1
1
1
1
1
1
0.999999
1.00001
1
1
1
1
1
1
1
0.993526
1
1
1
1
1
1
1
1
1
1
1
1
1
1
1
1
1
1
0.999951
1
1
0.999999
1
1
1
0.999701
1
0.999998
0.999983
1
1
1
1
1
1
1
1
1
1
1
1
1
1
1
1
0.999995
0.999994
1
1
1
1
1
1
1
1
1
1
1
1
1
1
1
1
1
1
0.99998
1
1
1.00003
0.999949
1
1
1
1
1
1.00001
1
1
1
1
1
1
1
1
1
1
1
1
1
1
1
0.999987
1
1
1
1
1
1
1
1
1
1
0.999834
0.999989
1
1
1
1
1
1
1
1
1
1
1
1
0.999972
1
1
0.999967
1
0.999989
1
0.999873
1
1
1
1
1
1
1
1
1
1
1
1
0.999991
1
1
0.999942
0.999937
1
1
0.999974
1
1
1
1
1
1
0.995004
1
1
1
1
1
1
0.999167
1
1
1
1
1
1
1
1
1
1
1
1
1
1
1
1
1
1
1
1
1
0.999978
1
1
1.00001
1
1
1
0.999994
1
1
1
1
1
1
1
1
1
1
1
1
1
1
1
1
1
1
1
1
1
1
1
1
1
0.999998
1
1
1
1
1
0.999996
1
1
1
1
1
1
1
1
0.999999
1
1
1
0.999999
1
1
1
1
1
0.999994
1
1
0.999398
1
1
1
1
1
1
1
1
1
1
1
0.999967
1
1
1
1
1
1
1
1
1
1
1
1
1
1
1
1
1
1
1
0.999999
1
1
1
1
0.999778
1
1
1
1
1
1
1
1
1
1
1
1
1
1
1
1
0.999999
1
1
1
1
1
0.999993
1
1
1
1
1
1
1
0.999871
1
1
1
1
1
1
1
0.999999
1
1
1
1
1
1
1
1
0.999999
1
1
1
1
1
1
1
1
1
1
1
1
1
1
1
1
1
1
0.999998
1
1
1
1.00001
1
1
1
0.999767
1
1
0.999996
0.999941
0.999993
1.00004
1.00002
0.99998
1
0.999799
1
1
1
1
1
1
1
0.999996
1
1
1
1
1
1
1
1
0.999989
1
1
1
1
1
1
1
1
1
0.999871
1
1
1
1
1
1
1
1
1
1
1
1
1
0.999995
1
0.999955
1
1
1
1
0.999997
1
1
1
1
0.999997
1
0.999999
1
1
1
1
0.999999
1
1
1
0.999996
1
1
0.999998
1
1
1
1.00003
1
1
1
1
1
1
0.999944
1
0.999998
1
1
1
0.999347
1
1
1
1
0.999997
1
1
1
1
1
1
1
1
1
1
1
1
1
0.999909
0.999997
0.999796
1
1
1
1
1
1
1
1
0.999997
1
1
1
1.00003
1
1.00001
1
1
1
1
1
1
1
1.00002
1
1
0.999734
1
1
0.999842
1
1
1
1
1
1
1
1
1
1
1
1
1
1
1
1
1
0.999984
0.999993
1
1
1
0.999725
1
1
1
1
1
1
1
1
1
1
1
1
1
1
1
1
1
1
1
1
1.00005
1
1
1
1
1
1
1
1
1
1
1
0.999999
1
1
1
1
1
1
1
1
1
1
1
0.999999
1
1
1
0.997233
1
1
1
1
1
1
1
1
1
1
1
1
0.999967
0.999781
1
0.999809
1
0.999997
1
0.999991
1
1
1
1
1
1
1
1
1
1
1
0.999994
1
1
0.999999
1
1
1
1
1
1
1
1
1
1
1
1
1
1
1
0.999981
1
1
1
1
1
1
1
1
1
1
1
1
1
1
1
0.999999
1
0.999998
1
1
1
0.999988
1
1
0.999992
1
1
1
0.999992
0.999998
1
1
1
1
1
1
1
1
1
1
1
1
1
1
1
1
1
1
0.999985
1
0.999832
1
1
0.999997
0.999916
1
0.999999
1
1
1
1
1
1
1
1
1
1
1
1
0.999999
1
1
1
1
1
1
1
1
1
1
1
0.999997
1
1.00002
1
1
0.999969
1
1
1
0.99998
1
1
1
0.999999
1
1
1
1.00001
1
0.999998
1
0.999991
1
1
0.999974
1
1
1
1
0.999998
1
1
1
1
1
1
1
0.999999
1
1
1
0.999989
1
1
1
1
1
1
1
1
0.999705
1
1
1
0.99991
1
1
1
1
1
1
1
1.00001
1
1
0.999999
1
1
1
1
1
1
1
1
0.999954
1
1
1
1
1
1
1
1
1
1
1
1
0.999999
1
1
1
1
1
1
1
1
1
1
1
1
1
1
0.999922
1
1
1
1
1
1
1
1
1
1
1
1
1
1
0.999832
1
1
0.999947
1
1
1
1
0.99983
1
1
1
1
1
1
1
0.999992
1
1
1
1
1
1
1
1
1
1
1
0.999891
1
1
1
1
1
1
0.99999
1
1
0.999998
1
1
1
0.999999
1
0.999975
1
1
1
1
0.990659
1
0.999953
1
1
1
1
1
1
1
1
1
1
1
1
1
1.00001
1
1
1
0.999998
1
1
1.00001
1
1
1
1
1
1
1
1.00001
1
1
0.999978
1
1
1
1
1
1
0.999893
1
1
1
1
1
1
0.999963
1
1
1
1
1
1
1
1
1
0.999865
1
0.999999
1
1
0.999981
1
1
1
0.999979
1
1
1
1
1
1
1.00001
1
0.999817
1
1
1
1
1
1
1
1
1
1
1
1
1
1
1
1
1
1
1
0.999999
1
1
0.999998
0.999997
1
1
1
1
1
1
1
1
1
1
1
1
1
1
1
1
1
1
1
1
1
1
1
1
1
1
1
1
1
1
1
1
0.999996
0.999978
1
1
1
1
1
1
1
0.999905
1
1
1
1
1
1
1
1
1
1
1.00001
1
1
1
0.999987
1
1
1
1
1
1
1
1
1
1
1
1
1
1
1
1
1
1
1
1
1
1
1
1
1
1
1
1
1
1
1
1
1
1
1
1
1
1
1
1
1
1
1
1
1
1
1
1
1
0.999847
1
1
1
1
1
1
1
1
0.999999
1
1
1
1
1
1
1
1
1
1
1
1
1
1
1
0.999949
1
1
1
1
1
1
0.999999
1
1
0.999942
1
1
1
1
1
1
1
0.999997
1
1
1
1
1
1
1
1
1
1
1
1
1
1
1
1
1
1
1
1
0.999991
1
1
1
1
1
1
1
1
1
0.999856
1
1
0.999993
1
1
1
1
1
1
1
1
1
1.00001
0.999998
1
0.999872
1
1
1
1
0.999991
1
1
1
1
1
1
1
1
1
0.999164
1
1
1
1
1
0.99997
1
1
1
0.999985
1
1
1
1
1
1.00003
1
1
1
1
1
1
1
1
1
1
1
1
1
1
1
1
1
1
1
1
1
1
1
1
1
1
1
1
1
1
1
1
1
1
1
1
1
1
1
1
1
1
1
1
1
1
1
0.999999
0.999959
1
1
1
0.999999
0.999994
1
0.999999
0.999913
1
1
1
1
1
1
1
1
1
1
1
0.999999
1
1
1
0.999747
1
1
0.999993
1
1
1.00003
1
0.999962
1
1
0.999843
1
1
1
1
1
1
1
1
1
1
1
1
1
1
1
1
1
1
1.00001
1
1
0.999993
1
1
0.999989
1
0.999879
1
1
1
1
1
1
1
1
1
1
1
1
1
1
0.999997
1
1
1
1
0.999527
0.999799
1
1
1
0.999999
1
1
1
0.999981
1
1
1
1
1
1
1
1
1.00001
0.999999
1.00002
1
1
1
1
1
1
1
1
1
1
1
1
1
1
1
1
1
1
1
1
1
1
0.999998
1
1
1
1
1
0.999999
1
1
0.999999
1
1
1
1
1
1
1
1.00001
1
1
1
1
1
1
1
1
1
1
1
1
1
0.999996
1
1
1.00001
1
1
1
1
1
1
1
1
1
1
1
1
1
1
1
1
0.999851
1
1
1
1
0.999969
1
1
1
1
1
1
1
1
0.999999
1
1
1
1
1
1.00002
1
1
1
1
1
1
1
1
1
1
1
1.00001
1
1
1
1
1
1
1
1
1
1
1
1
1
1
0.999999
1
1
1
1
1
1
1
1
1
0.999998
1
1
1
1
1
1
1
1
1
0.999955
0.99997
1
0.999995
1
1
1
1
1
1
1
1
1
1
1
1
1
1
1
0.999992
1
0.999885
1
1
1
1
1
0.999972
1
1
1
1
1
1
1
1
0.999986
0.999996
1
0.999831
1
1
1
1
1
1
1
1
1
1
1
1
1
1
1
1
1
1
1
1
0.999935
1
1
1
1
1
1
1
0.999892
1
1
0.999947
1
1.00033
1
1
1
0.999999
1
1
1
1
1.00004
1
1
1
1
1
1
1
1
1
1
1
1
1.00001
1
1
1
1
1.00001
1
1
1
1
1
1
1
1
1
1
1
1
1
0.999909
1
1
1
1
1
0.999989
1
1
1
1
1
1
1
1
1
1
1
1
1
1
1
1
1
1
1
1
1
1
1
1
1.00001
1
1
1
1
1
1
1
1
1
1
1
1
1
0.999996
1
1
0.999999
1
1
1.00001
1
1
1
1
1
1
1
1
1
0.999824
1
1
1
1
1
1
1
1
1
1
1
1
0.999628
1
0.9999
1
1.00003
1
1
1
1
1
1
1
0.999998
1
0.999991
1
0.999999
1
1
1
1
1
1
1
1
1
1
1.00009
1
1
1
1
1
1
1
1
1.00004
0.999999
1
0.999995
1
1.00001
0.999997
1
0.999991
1.00002
0.999995
1
1
0.999999
1
1
1
1
1
1
1
1
1
1
1
1
1
1
1
1
1
0.999993
1
1
0.999993
1
1
1
1
0.999999
0.999987
1
1
1
1
0.999744
1
1
1
0.99976
1
1
1
1
1
1
1
1
1
1
1
1
1
0.999877
0.999993
0.999766
1
1
1
1
0.999995
0.999961
1
1
1
1
0.999923
1
1
1
1
1
1
1
1
1
1
1
1
0.999992
1
0.999997
1
1
1
1
1
1
1
1
1.00003
0.999875
1
1
0.999999
1
1
1
1
1
1
1
1
1
1
1
1
1
1
1
1
1
1
1
1
1
1
1
1
1
1
1
1
1
1
1
1
1
1
1.00001
1
1
1
1
1
1
1
1
0.999997
1
1
1
1
1
0.99991
1
1
1
0.999947
1
1
1
1
1
1
1
1
1
0.999998
1
1
0.999995
1
1
1
1
1
1
1
1
1
1
1
1
1
1
1
0.999999
1.00001
1
1
1
1
1
1
1
0.999848
1
1
1
1
1
1
1
1
1
1
1
0.99997
1
1
1
1
1
1
1
1
1
1
1
1
1
1
1
1
1
1
1
1
1
1
1
1
1
1
0.999995
1
0.999806
0.999997
1
1
1
1
1
1
1
1
1
1
1
1
1
1
1
1
1
0.999994
1
1
1
1
1
1
1
1
1
1
1.00001
1
1
1
1.00001
1
1
1
1
1
1
1
1
1
1
1
1
1
1
1.00001
1
1
1
1
1
1
1
1
1
1
1
1
1
1
1
1
1.00001
1
1
1
0.999993
1
1
1
1
1
1
1
1
0.999998
1
1
1.00002
0.999996
1
1
0.999995
1.00002
1
1
1
1
1
1
1
1
1
1
1
1
1
1
1
0.999998
1
1
1
1
1
1.00002
1
1
1
1.00001
1
1
1
1
1
1
1
1
1
1
1
1
1
1
1
1
0.999999
1.00014
0.999796
1
1
1
1
1
1
1
1
1
1
1
1
1
1
1
1
1
1
1
1
0.999808
1
1
1
1
1
1
1
1
1
0.999999
1
1
1
1
0.999972
1
1
1.00001
1
1
1
1
1
1
1
1
1
1
1.00002
1
1
1
1
1
1
1
1
1
1
1
1
1
1
1
1
1
1
1
1
1
1
1
0.999997
1
1
1
1
1
1
1
1
0.99999
1
1
1
1
1
1
1
1
1
1
1
1
1
0.999999
1
1
0.999978
1
1
1
1
1
1
1
1
1
0.999998
1
1
0.99996
1
1
1
1
1
1
1
1
1
1
0.999986
0.999826
1
1
1
1
1
1
1
0.999999
1
1
1
1
1
1
1
1
1
1
1
1
1
1
1
1
1.00004
1
1
1
1
0.999996
1.00006
0.999999
1
0.999998
0.99989
1
1
1
1
1
1
0.999991
1
1
1
1
1.00006
1
1.0001
1
1
1
1
1
1
1
1
1
1
1
1
1
1
1
1
1
1
1
1
1
1
1
1
1
1
1
1
1
1.00001
1
1
1
1
1.00001
1
1.0001
0.999998
1
1
1
1
0.999999
1
1
1
1
1
1
1
1
1
1.00027
1
1
1
1
1
1
1
0.999955
1
1.00002
1
1
1
1
1
1
1
1
1
1
1
1
1
1
1
1
1
1
1
1
1
1
1
1
1
1
1
1
1
1
0.999987
1
1
1
1
1
1
1
1
1
1
1
0.999989
1
1
1
1
1
0.999998
1
1
1
1
1
1
0.999885
1
0.999787
1
1
1
1
1
1
1
1
1
1
1
1
1
1
1
0.999969
1
1
1
1
0.999898
1
1
1
1
1
1
1
1
0.999929
0.999951
0.999999
1
1
1
1
1
1
1
1
1
1
1
1
1
1
1
1
0.999997
1
1
1
1
1
1
1
1
0.999959
1
1
1
1
1
1
1
1
1
1
1
1
1
1
1
1
1
1
1
1
1
1
1
1
0.999999
1
1
1
1
1
1
1.00002
0.999914
1
1
1
1
1
1
1
1
1
1
1
1
1
1
1
1
1
1
1
1
1
0.997283
1
0.999999
1
1
1
1.00001
1
1
1
1
0.999879
1
1
1
1
1
1
1
1
1
1
1
1
1
1
1
1
1
1
1.00002
1
1
1
1
1
1
1
1
0.999999
1
0.999968
1
1
1
1
1
1
1
1
1
1
1
1.00006
1
1
1
1
1
1.00006
1
1
1
1
1
1
1
1
1
1
1
1
1
1
1
1
1
1
1
1
1
1
1
1
1
0.999904
0.999986
1
1
1
1
0.999936
1
1
1
1
1
1
0.999791
1
1
1
1
1
1
1
1
1
1
1
1
1
1
1
1
1
1
0.999994
1
1
1
0.999999
1
1
1.00009
1
1
1
1
1
1
1
1
1
1
1
1
1
0.999849
1
1
1
1.00004
1
1
1
0.999999
1
1
1
1
0.999915
1
1
1
1
1
1
1
1
1
1
1
1
1
1
1
1
1
0.998656
1
1
1
1
1
1
1
1
1
0.999999
1
1
1
0.999989
1
1
1
1
1
1
1
1
1
1
1
1
1
1
1
1
1
1
1
1
1
1
1
1
1
1
1
1.00003
1
0.999998
1
1
1
0.999999
1
0.999986
0.999999
1
1
1
1
1
1
1
1
1
1
1
1
1
1
1
1
1
1
1
1
1
0.999851
0.99999
1
1
1
0.999842
1
1
1
0.999793
1
1
1
1
1
1
1
0.999989
1
1
1
1
1
1
0.999998
1
1
1
1
1
1
1.00001
1
1
1
1
1
0.999998
1
1
1
1
1
1
1.00002
0.999967
1
1
1
0.999999
1
1
0.999988
1
1
1
1.00004
1
1.00002
1
1
1
1.00004
1
1
1.00004
1
1
1
1
1
1
0.999948
1
1
1
1
1
1
1
1
1.00007
1
1
1
1
1
1
1
1
1
1
1
1
1
1
1
1
1
1
1
1
1
1
0.99999
1
1
1.00008
1
1
1
1
1
1
1
1
1
0.999999
1
0.999989
0.999932
1
1
1
1
0.999969
0.999993
1
1
0.999866
0.999915
1
0.999995
1
1
1
1
1
1
0.999994
0.999999
1
1
1
1
1
1
1
1
1
1
1
1
1
0.999849
1
1
1
0.999999
1
1
1
1
1.00001
0.999955
1
1
1
1
1
1
1
1
1
1
1
1
1
1
1
1
0.999856
1
1
1
1
1
1
1
1
1
1
1
1
1.00003
1
1
1
1
1
1
1
0.999999
1
1
1
1
1
0.999966
1
1
1
1
1
1
1
1
1
1
1
1
1
1
1
1
1
1
1
1
0.999974
1
1.00002
1
1
1
1
1
1.00003
1
1
1
1
1
1
1
1
1
1
1
0.999996
1
1
1
1
1
1
1
1
1
1
1
1
1
1
1
1
1
1
1
1
1
1
1
1
1
1
1
1
1
1
1
1
1
1
1
1
1
0.999994
1
1
1
1
1
1
1
1
0.999914
1
1.00003
1
1
1
1
1
1
1
1
1
1
1
1
1
1
1
1
1
1
1
1
1
0.99986
1
1
0.999923
1
0.999972
1
1.00001
1.00002
1
1
1
1
1
1
1
1
1
1
1
1.00005
1
1
1
1
1.00005
1
1
1
1
1
1
1
1
1
1
1
1
1
1
1
0.999878
1
1
1
1
1.00007
1
1
1
1
1
0.999947
1
0.999999
1
1
1
1
1
1
1
0.999999
1
1
1
1
1
1
1
1
1
1
1
1
1
1
1
1
1
1
0.999999
0.999995
1
1
1
1
0.999978
1
1
1
1.00001
0.999992
1
1
1
1
1
1
1
0.999832
1
1
1
1
1
1
1
1
1
1
1
1
1
1
1
1
1
1
1
1
1
1
1
1
1
1
1
1
1
1
1
1
1
0.999995
1.00001
1
1
1
1
1
1
1
0.999992
1
1
1
1
1
1
0.999999
1
1
1
0.999933
1
1
1
1
1
1
1
1
1
0.999996
1
0.999968
1
1
1
1
1
1.00001
1
1
1
1
1
1
1
1
1
1
1
1
1
1
1
1
1
1
1
1
1
1
1
1
1
0.99999
1
1
1
1
1
1
1
1
1
1
1
1
1
1
1
1
1
1
1
1
0.999985
1
1
1
1
1
1
1
1
1
1
1
1
1
1
1
1
1
0.999825
1.00001
1
1
1
0.999877
1
1
0.999978
1
1
1
1
1
0.999774
1
1
1
1
1
1
1
1
0.999829
1
1
1
0.99999
1
1
1
1
1
1
1
1
1
1
1
1
1
1
1
1
1
1
1
1
1
1
1
1
1
1
1
1
1
1
1
1.00004
1
1
1
1
1
1
1
1
1
1
1
1
1
1
1
1
1
1
1
1
1
1
1
1
1
1
1
1
1
1
1
1
1
1
1
1
1
1
1
1
1
1
1
1
1
1
0.99996
1
1
1
1
1
1
1
1
1
1
1
0.999984
1
1
1
0.999995
1
1
1
1
1
1
0.999999
1
1
1
1
1
1
1
1
1
1
1
1
1
1
1
1
1
1
1
1
1
1
1
1
1
1.00004
1
1
1
1
1
1
1
1
1
1
1
1
1
1
1
1
1
1
1
1
1
1
1
1
1
1
1
0.99999
1
1
1
1
1
1
1
0.999949
1
1
1.00032
1
1
1
1
1
1
1
1
0.999836
1
1
1
1
1
1
1
1.00003
1
1
1
1
1
1
0.999995
1
1
1
1
1
0.999997
1
1
1
1
1
1
1
1
1
1
1
1
1
1
1
1
1
1
1
1
1
1
1
1
1
1
1
1
1
1
1
1
1
1
1
1
1
1
1
1
1
0.999999
0.999992
1
1
1
1
1
0.999999
1
1
1
1
1
1
1
1
1
1
1
1
1
1
1
1
1
1
0.999976
1
1
1
1
1
0.999999
1
1
1.00001
1
1
1
1
1
1
1
1
1
1
1
1
1.00003
1
1
1
1
1
1
0.999844
1
1
1
1
1
1
1
1.0001
1
1
1
0.999964
1.00001
1
1
1
1
1
0.999976
1.00003
1
1
1
0.999981
1
1
0.999985
1
1
1
0.999998
1
1
1
1
1
1
1
1
1
1
1
1
0.999986
1
1
1
1
1
1
1
1
1
1.00003
1
1
1
1
1
1
1
1
1
1
1
1
1
1
1
1
1
1
1
1
1
1
1
1
1
1
0.999992
1
1
1
1
1
1
1
1
1
1
1
1
1
1
1
1
1
1
1
1
1
1.00001
1
1
1
1
1
1
0.999999
1
1
1
1
1
1
1
1
1
1
0.999999
1
1
1
1
1
1
0.999964
1
1
1
1
1
1.00002
1
1
1
0.997769
1
1
1
1
1
1
1
1
1
1
1
1
1
1
1
1
1
1
1
1
1
1
1
1
1
1
1
1
1
1
1
0.999996
1
1
1
1
1
1
1
1
1
1
1
1
1
1
1
0.999959
1
1
1
1
0.999924
1
0.999999
1
0.999954
1
1
1
1
1
1
1
1
1
1
1
1
1
1
1
1
1
1
1
1
1
1
1
1
1
1
1
1
1
1
1
1
1
1
1
1
1
1
0.999994
1
1
1
1
1.00001
1
1
1
1
0.999923
1
1
0.999997
0.999991
1
1
1.00003
1
1
1
1
1
1
1
1
0.999999
1
1
1
1
1
1
1
1
1
1
1
1
1
1
1
1
1
1
1
1
1
1
1
1
1
1
1
1
1
1
1
1
1
1
0.999992
1
1
1
1
1
0.99993
1
1
0.999977
1
0.999996
1
1
0.999957
1
1
1
1
1
1
1
0.999976
1
1
1
1
1
1
1
1
1
1
1
1.00002
1
1
1
0.999999
1
1
1
1
1
1
1
1
1
1
1
1
1
1
1
1
1
1
1
1
1
1
1
1
1
1
1
1
1
1
1
1
1
1
1
1
1
1
1
1
1
1
1
1
1
1
1
1
1
1
1
1
1
0.999994
1
1
1.00012
1
1
1
1
1
1
1
1
1
1
1
1
1
1
1
1
1
1
1
1
1
1
1
1
1
1
1
1
1
1
1
1
1
1
1
1
1
1
1
1
1
1
1
1
1
1
1
1
1
1
1
1
0.999998
1
0.999993
1
1
1
1
1
1
1
1
1
1
1.00003
1
1
1
1
1
1
1
1
1
0.999263
1
1
1
1
1
1
1
1
1.00017
1.00002
1
1
1
1
1
1
1
1
1
1
1
1
1
1
1
1
0.999814
1
0.999996
1
1
0.999959
1
1
1
1
1
1
1
1
1
1
1
1
1
1
1
1
1
1
1
1
0.999919
0.999997
1
1
1
1.0001
1
1
1
1
1.00015
1
1
1
1
1
1
1.00009
1
1
1
1
1
1
1
1
1
1
1
1
1
0.995115
1
1
1
1.00033
1
1
1
1
1
1
1
0.999979
1
1
1
1
1
1
1
1
1
1
1
1
1
1
1
1
1
1
1
1
1
1
1
1
1
1
1
1
1
1
1
1
1
0.99996
1
1
1
1
0.999999
1
1
1.00001
1
1
1
1
0.999998
1
1
0.999999
1
0.999981
1
1
1
1
1
0.999997
1
1
1
0.999999
1
1
1
0.999999
1
1
1
1
1
1
1
1
1
1
1
1
1
1
0.996767
1
1
1
1
1
0.999999
1
1
1
1
1
1
1
0.999999
1
1
1
1
1
1
1
1
1
1
1
1
1
1
0.999999
1
1
1
1
1
1
1
1
1
1
1
1
1
0.999996
1
1
1
1
1
0.999748
1
0.99999
1
1
1.00001
1
1
1
1
1
1
1
1
1
1
1
1
1
1
1
1
1
1
1
1
1
1
1
1
1
1
1
1
1
1
1
1
0.999544
1
1
1
1
1
1
1
1.00017
1
1
1
1
1
1
1
1
1
1
1
1
1
0.999997
1
1
1
1
0.999999
1
1
1
0.999999
1
1
1
1
1
1
1
1
0.999877
1
1
1
1
0.999999
1
1
1
1
1
1
1
0.999999
1
1
1
1
1
1
1
1
1
1
1
1
1
1
1
1
1
1
1
1
1
1
1
1
1
1
1
1
1
1
1
0.999986
1
1.00002
1
1
1
1
1
1
1
1
0.999999
1
1
1
1
1
1
1
1
0.999998
1
1
1
1
1
1
1
1
1
1
1
1
1
1
1
1
1
1
1
1
1
1
1
1
1
0.999998
1
1
0.999916
1
1.00001
1
1
0.999987
1
1
1
1
1
1
1
1
1
1
1
1
1
1
1
1
1
1
1
0.999994
1
1
1
1
1
1
1
1
1
1
1
1
1.00003
1
1
1
1
1.00091
1
1
1
1
1
1
1
1
1
1.00042
1
1
1
1
0.999999
1
1
1
1
1
1
1
1
1
1
1
1
1.00002
0.999966
1
1
1
1
1
1
1
1
1
1
1
1
1
1
1
1
1
1
1
1
1
1
1
1
1
1
1
1
1
1
1
1
1
1
1
0.996408
1
1
1
1
1
1
1
1
1
1
1
1
1
1
1
1
1
1
1
1
1
1
1
1
0.99999
1
1
1
1
1
1
1
1
1
1
1
1
1
1
1
1
1
1
1
1
1
0.999024
1
1
1
1
1
1
1
1
1
1
1
1
1
1
1
1
0.999984
1
1
1
1
1
1
1
1
1
1
1
1
1
1
1
1
1
1
1
1
1
1
1
1
1
1
1
1
1
1
1
1
1
1
1
1
1
1
1
1
1
1
1
1
1
1
1
1
1
1
1
1
1
1
1.00001
1
0.998767
1
1.00003
1
1
1
1
1
1
1
1
1
1
1
1
1
1
1
1
1
1
1
1
0.999964
1
1
1
0.997435
1.00002
1
1
1
1
1
1
1
1
1
1
1
1
1
1
1
1
1
1
0.999954
1
1
1
1
1
1
1
1
1
0.998714
1
1
1
1
1
1
1
1
1
1
1
1
1
1
1
1
1
1
1
1
1
1
1
1
1
1.0008
0.999998
1
0.999994
1
1
1
1.00047
1
1
1
1
1
1
1
1
1
1
1
1
1
1
1
1
1
1
1
1
1
1
1
1
0.999996
1
1
1
0.999996
1
1
1
1
1
1
1
1
1
1
1
1
1
1
1
1
1
1
1
1
1
1
1
1
0.999985
1
1
1
1
1
1
1
1
1
1
1
1
1
1
1
1
1
1
1
1
1
1
1
1
1
1
1
1
1
0.999999
0.999989
1
0.999999
1
1
1
1
1
1
1
1
1
1
1
0.999985
1
1
0.999924
1
1
1
1
1
1
1
1
1
1
0.999986
0.999976
1
1
1
0.999999
1
1
1
1
1
1
1
1
1
1
1
1
1
1
1
1
1
1
1
1
1
1
1
1
1
1
1
1
0.999639
1
1
1
1
1
1
1
1
1
1
0.999991
1
1
1
1
1
1
1
0.999999
1
1
1
1
1.00009
1
1
1
1
1
1
1
1
1
1
1
0.999978
1
1
1
1
1
1
1
1
1
1
1
1.00002
1
1
1
1
1
1
1
1
1
1
1
1
1
1
1
1
1
1
1
1.00002
1
1
1
1
1
1
1
1
1
1
1
1
1
1
1
1
1
1
1
1
1
1
1
1
1
1
1
1
1
1
1
1
1
1
1
1
1
0.999998
1
1
1
1
1
1
1
1
1
1
1
1
1
1
1
1
1
1
1
0.999976
1
1
1
1
1
1
1.00083
1
1
1
1
1
1
1
1
1
1
1
1
1
1
1
1
1
1
1
1
1
1
1
1
1
1
1
1
1
1
1
1
1
1
1
1
1
1
1
1
1
1
1
1
1
1
1
1
1
1
1
1
1
1
1
1
1
1
1
1
1
1
1
1
1
1
1
1
1
1
1
1
1
1.00041
1
1
1
1
1
1
1
1
1
1
1
1
1
1
1
1
1
1
1
1
1
1
1
1
1
1
1.00001
0.999989
1
1
1
1
1
1
1
1
1
1
1
1
1
1
1
1
1
1
1
1
1
0.999975
1
1
1
1
1
1
1
1
1
1
1
1
1
1
1
1
1
1
1
1
1
1
1
1
1
1
1
1
1
1
1
1
0.999984
1
1
1
1
1
0.999964
1
1
1
1
1
1
1
1
1
1
1
1
1
0.999965
1
1
1
1
1
1
1
1
1
1
1
1
1
0.999986
1
1
1
1
1
1
1
1
1
1
1
1
1
1
1
1.00001
1
1
1
1
1
1
1
1
1
1
1
1
1
1
1
1
1
1
1
1
1
1
1
1
1
1
1
1
1
0.999984
1
1
1
1
1
1
1
1
1
1
1
1
1
1
1
1
1
1
1
1
1
1
1
1.00002
1
1
1
1
1
1
1
1
1
1
1
1
0.999868
1
1
1.00006
1
1
1
1
1
1.00008
1
1
1
1
1
1
1
0.999974
1
0.999991
1
1
1.00002
1
1
1
1
0.999999
1
1
1
1
1
1
1
1
1.00005
1
1.00015
1
1
1
1
1
1
1
1
1
1
1
1
1
1
1
1
1
1
1
1
1
1
1
1
1
1
1
1
1
0.997057
1
1
1
1
1
1
1
1
1
1
1
1
1
1
1
1
1
1
1
1
1
1
1
1
1
1
1
1
1
1.0002
1
1
1
1
1
1
1
1
1
1
1
1
1
1
0.999906
1
1
1
1
1
1
1
1
1
1
1
1
1
1
1
0.999999
1
1
1
1
1
1
1
1
1
1
1
1
1
1
0.999927
1
1.00059
1
1
1
1
1
1
1
1
1
1
1
1
1
0.999998
1
1
1
1
0.999998
1
1
0.999999
1
1
1
1
1.00094
1
1.00001
0.998155
1
1
1
1
1
1
1
1
1
1
1
1
1
1
1
0.999994
1
1
1
1
1
1
1
1
1
1
1
1
1.00002
1
1
0.999055
1
1
1
1
1
1
1
1
1
1
1
1.00108
1
1
1
1
1
1
1
1
1
1
0.993887
1
1
1
1
0.999994
1
0.999995
1
1
1
1
1
1.00097
1.00005
1
1
1
1
1
1
1
0.999959
1
0.999925
1
1
1
0.989996
1
1
1
1
1
1
1
1
1
1
1
1
1
0.999997
0.997641
1
1
1
1
1
1
1
1
1
1
1
1.00045
1
1.00012
1
1
1.00019
1.00033
1
1
1
1
1
1
1
1
1
1
1
1
1
1.00002
1
1
1
1
1
1
1
0.999997
1
1
1
1
0.999245
1
1
1.00012
1
1
1.00016
1
1
1
1
1
1
1
1
1
1
1.00014
1
1
1
1
1
0.999988
1
1
0.999997
1
1
1
1
1.00003
1
1
0.999993
1
1
1
1
1
1
1.00032
0.99998
1
1
1
1
1
1
1.00006
1.00019
1
1
1
1
1
1
1
1
1
1
1
1
1
1
0.999592
1
1
1
1
1.00014
1
1
1
1
1
1
1
1
1
1
1
1
1
1
1
1
1
1
1
1
1
1
1
1
1
1
1
1
1
1
1
1
1
1.00085
1
0.999696
1
1
1
1
1
0.999985
1
0.999997
1
1
1
1
1
1
1
1
1
1
1
1
1
1
1
1
1
1
1
1
1
1
1
1
1
1
1
1
1
1.00001
1
1
0.999991
1
1
1
1
1
1
1
0.999996
1.00002
0.999945
1
1
0.999969
1
1
1
1
1
1
1
0.999999
1.00001
1
1
0.999999
1
1
1.00001
1
1
1
1
1
1
1
1
1
1
1
1
1
1
1
1
1
1
1
1
1
1
1
1
1
1
1
1
1
1
1
0.999993
1
0.998292
1
1
1
1
1
1
1
1
1
0.999999
1
0.999996
1
0.999998
1
1.00003
1
1
1
0.999969
1
1
1
0.99989
1
1
1
1
1
1
1
1
1
1
0.999728
1.00002
1.00009
1
1
1
1
1
1
1
1
1
1
1
1
1
1
0.999986
1
1
1
1
1
1
1
1
1
0.999615
1
1
1
1
1
1
1
1
1
1
1
1
1
1
1
1
1
1
1
1
1
1
1
1
1
1
1
1
1
1
1
1
1
1
1
0.999997
1
1
1
1
1
1
1
1
1
1
1
1
1
1
1.00002
1
1
1.00001
1
1
1
1
1
1
1
1
1
1.00006
1
1
0.99973
1
1
1
1
1
1
1
1
1
1
1
1
0.999271
1
1
1
1
1
1
1
1
1
1
1
1
1
1
0.996907
1
1
1
1
1
1
1
1
1
1
1
1.00005
1
1
1
1
1
1
1
1
1
1
1
1
1
1
1
0.997417
0.999565
1
1
1.0002
1
1
1
1
1
1
0.999995
1
1
1
1
1
1
0.995621
1
1
1
1
1
1
1
1
1
1
1
1
1
1
1
1
1
1
1
1
1
1
1
1
1
1
1
1
1
1
1
1
1
1
1
1
1
1
1
1
1
1
1
1
1
1
1
1
1
1
1
1
1
1
1
1
1
1
1
1
1
1
1
1
1
1
1
1
1
0.999985
1
1
1
1
1
1
1
1
1
1
1
1
1
1
1
1
1
1
1
1
1
1
1
1.00003
1
1
1
1
1
1
1
1
1
1
1
1
1
1
1
1
1
1
1
1
1
1
1
1
1
1
1
1
1
1
1
1
1
1
1
1
1.00042
1
1
1
1
1
1
1
1
1.00012
1
1
1
1
1
1
1
1
1
1
1
1
1
1
1
1
1
1
1
1
1
1
1
1
1
1
1
1
1.00001
1
1
0.999994
1
0.999993
1
0.999987
1
1
1
1
1
1
1
1
1
1
1
1
1.00015
1
1
1
1
1
1
1
1
1
1
1
1
1
1
1
0.999893
1
1
1
1
1
1
1
1
1
1
1
1
1
1
1
1
1
1
1
1
1
1
1
1
1
1
1
1
1
1
1
1
1
1
1
1
1
1
1
1
1
1
1
1
0.999857
0.999998
1
1
1
1
1
1
1
1
1
1
1
1
1
1
1
0.999893
1
1
1
1
1
1
1
1
1
1
1
1
1
1
1
1
0.999962
1
0.999962
1
1
1
1
1
1
1
1
1
1
0.999741
1
1
1.00001
1
1
1
1
0.999983
0.999996
1
1
1
1
1
1
1
1
1
0.999953
1
1
1
1
1
1.00011
0.999902
0.999998
1
1.00004
1
1.00024
1
1
1
1
1
1
1
1
1
1
1
1
1
1
1
1
1
1
1
1
1
1
1
1
1
1
1
1
1
1
1
1
1
1
0.999031
1
1
1
1
1.00003
0.99999
1
1
1
1
1
1
0.999103
1
1
1
1
1
1
1
1
1
1
1
1
1
1
1
1
1
1
1
1
1
1.00001
1
0.999999
1
1
1
1
1
0.999169
1
1
1
1
1
1
1
1
1
1
1
1
1
1
0.999999
1
1
1
1
1
1
1
1
1.00001
1
1
1
1
1
1
1
1
1
1
1
1
1
1
1
1
1
1
0.997602
0.99993
1
1
0.999999
1
1
1
1
1
1
1
1
1
1
1
1
0.999992
1
1
1
1
1
1
1
1
1
0.99999
1
0.999994
1.00004
1
1
1
1
1
1
1
1
1
0.999989
1
1
1
1
1.00001
1
1
1
1
1
1
1
1
1
1
1
1
1
1
1
1
1
1
1
1
1
1
1
1
1
1
1
1
1
1
1
1
1
1
1
1
1
1
1
1
1
1
1
1
1
1
1
1
1
1
1
1
1
1
1
1
1.00026
1
1
1
1
1
1
1
1
1
1
1
1
1
1
1
1
1
1
1
1
0.999746
1
1
1
1
1
1
0.996913
1
1
1
1
1
1
1
1
1
1
0.999998
1
1
1
1
1
1
1
1
1
1
1
1
1
1
1
1
0.999889
1
1.00005
0.998526
1
1
1
1
1
1
1
1
0.999888
1
1
1
1
1
1
1
1
1
1
1
1
1
1
1
1
1
1
1
1
0.999972
1
1
1
1
1
1
1
1
1
1
1
1
1
1
1
1
1.00059
1
0.999984
1
1
1
1
1
1
1
1
1
1
1
1
1
1
1
0.999992
1
1
1
0.999998
1
1
1
1
1
1.0004
1
0.999995
1
1
1
0.999975
1
0.999999
1
1
1
1
1
1
1
1
1
1
0.999995
1
0.999954
1
1
1
1
0.999994
1
1
1
0.999999
1
1
0.999918
1
1
1
1
0.999929
0.999987
1
1
1
0.999986
1
1
1
1
1
1
1
1
1
1
1
1
1
1
1
1
1
1
0.999999
1
1
1
1
1
1
1
1.00018
1
1
1
1
0.999731
1
1
1
1
1
1.00004
0.999999
1
1
0.99985
1
1
1
1
1
1
1
0.99734
1
1
1
1
1
0.999998
1
1
1
1
1
1
1
1
1
1
1
1
1
1
1
1
1
1
0.999869
1
1.00062
1
1
1
1
1
1
1
1.00001
1
1
1
1
1
1
1
1
1
1
1
1
1
1
1
1.00002
1
1
1
1
0.999997
1
0.999924
1
1
1
1
1
1
1
1
1
1
1
1
1
1
0.999023
1
0.999799
1
1
1
1
1
1.00001
1
1
1
1
1
1
1
1
1
1
1
1
1
1
1
1
0.998004
1
1.00001
1
1
1
1
1
1
1
1
1
1
1
1
1
1
1
1
1
1
1
1
1
1
1
1
1
1
1
1
0.998455
1
1
1
1
1
1
1
1
1
1
1
1
1
1
1
1
1
1
1
1
1
1
1
1
1
1
1
1
1
1
0.999965
1
1
1
1.00001
1
1
1
0.999986
1
1
1
1
1
1
1
1
1
1
1
1
1
1
1
1
1
1
1
1
1
1
1
1
1
1
1.00001
1
1
1
1
1
1
1
1
0.999999
1
1
1
1
1
1
1
1
1
1
1
0.999996
1
1
1
1
0.999998
1
1
1
1
1
1
1
1
1
1
1
1
1
1
1
1
1
0.9999
1
1
1
0.999489
0.999998
1
1
1
1
1
1
1
1
0.999997
1
1
1
1
1
1
1
1
1
1
1
1
1
1
1
1
0.99646
1
1
1.00063
1
1
1
1
1
1
1
0.999962
1
1
0.999929
1
1
1
1
1
1
1
1
1
1
1
1
1
0.999999
1
0.99993
1
1
1
1
1
1
1
1
1
1
1
1
1
1
1
1
1
1
1
1
1
1
1
1
1
1
1
1
1
1
1
1
1
1
1
1
1
0.999999
0.999999
1
1
1
1.00001
1
0.999988
1
1
1
1.00016
1
1
1
1
1
1
0.999998
1
1
1
1
0.999965
1
1
1
1
0.999601
1
1
1
1
1
1
1
1
1
1
1
1
0.999998
1
1
1
1
1
1
0.999999
1
1
1
1
1
1
1
1
1
1
1
1
1
1
1
1
0.999999
1
0.999998
1
1
1
1
1.00001
1
1
0.999517
1
0.999999
1
1
1
1
1
1
0.996618
1
1
1.00002
1
1
0.99999
1
1
1
1
1
1
1
0.999464
1
1
1
1
1
1
1
1
1
0.999995
1
1
1
1
1
1
0.999992
1
1
1
1
1
1
1
1
1
1
1
1
1
1
1
1
1
1
1
1
1
1
1
1
1
1
1
1
1
1
1
1
1
1
1
1
0.999987
1
1
1
1
0.999936
1
1
1
1
1
1
1
1
1
1
1
1
0.999999
1
1
1
1
1
1
1
1
1
1
1
1
1
1
0.999977
1
1
1
1
1
1
1
1
1
1
1
1
1
1
1
1
1
1
1
1
1
1
1
1
1
1
0.997341
1
1
1
1
1
1
1
1
1
1
1
1
1
1
1
1
0.999994
1
1
1
1
1
0.998757
1
1
1.00001
0.997682
1
1
1
1
1
1
1
0.999993
1
1
1
0.999936
1
1
1
1
1
1
1
0.999792
1
1
1
1
1
1
1
0.999995
1
1
1
1.0002
1
1
1
1
0.999978
1
1.00001
0.993346
1
1
1
1
1
1
1
0.999982
1
1
1
1
1
1
1
1
1
1
1
1
1
1
1
1
1
1
0.999946
1
1
1
1
1
1
1
0.999859
0.998607
1
1
1
1
1.00001
1
1
1
1
1
1
1
1
0.999998
1
0.999968
1
1
1
1
1.00001
0.999996
1
1
1
1
1
1
1
1
1
1
1
1
1
1
1
1
1
1
1
1
1
1
1
1
0.994137
1
1
1
1
1
1
1
1
1
1
1
1
1
1
0.997507
1
1
1
1
1
1
1
1
0.999569
1
1
1
1
1
0.999983
1
1
1
1
1
1
1
0.999946
1
1
1
1
0.994805
1
1
1
1
1
1
0.999996
0.999999
1
0.999999
1
1
1
1
1
1
1
1
1
1
1
1
1
1
1.00003
1
1
1
1
1
0.999998
1
1
1
1
1
1
0.999971
1
1
1
1
1
1
1
1
1
1
1
1
1
1
1
1
1
1
1
1
1
1
1
1
1
1
1
1
1
1
1
1
1
1
1
1
1
1
0.999991
1
1
1
1
1
1
1
1
1
1
1
1
1
1
1
1
1
1.00001
1
1
1
1
1
0.999995
1
1
1
1
1
1
1
1
1
1
1
1
1
1
1
1
1
1
1
1
0.999982
1
1
1
1
1
1
1
1
1
1
1
1
1
1
1
1
1
1
1
1
1
1
1
0.999632
1
1
1
1
1
1
1
1
1
1
1
0.999933
1
1
1
1
1
1
1
1
1
1
1
1
0.999999
1
1
1
1
1
1
1
1
1
1.00002
0.999987
1
1
1
1
1
1
1
1
1
1
1
1.00001
1
1
0.996294
1
1
1
1
1
1
1
1
1
1
1
1
1
1
1
1
1
1
1
0.999987
1
1
0.993328
1
0.999967
0.999996
1
1
1
1
1.00013
1
1
1
1
1
1
1
1
1
1
1
1
1
1
1.00014
1
1
1
1
1
1
1
1
1
1
0.999941
1
1
1
1
1
1
1
1
0.999999
1
1
1
0.999996
1
0.999997
1
1
0.999942
1
1
1
1
0.999931
1
1
1
1
1
1
1
1
1
0.999972
1
1
1
1
1
1
1
1
1
1
1
1
1
0.998108
0.999999
1
1
1
1
1
1
1
1
1
1.00001
0.999992
1
1
1
1
1
1
1
1
1
1
1
1
1
1
1
1
1
1
1
1
1.00036
1
1
1
1
1
1
1
1
1
1
1
1
1
0.999863
1
1
1.00002
1
1
1
0.999932
1
1
1
1
0.999949
1
1
1
1
1
1
1
1
1
0.999998
1
1
1
1.00052
1
1
1
1
1
1
1
1
1
1
1
1
1.00002
1
1
0.999982
1
1
1
1
0.999998
1
1
1
1
1
1
1
1
1
1
1
1
1
0.997826
1
1
1
1
1
1
1
1
1
1
1
1
1
1
0.996055
1
0.999969
1
1
1
0.999864
1
1
1.00069
1
1
1
1
1
1
1
1
1
1
1.00001
1
1
1
1
1
1
1
1
1
1
1
1
1
1
1
1
1
1
1
1
1
1
1
1
1
1
1
1
1
1
1
1
1
1
1
1
1
1
1
1
1
1
1.00001
1
1
1
1
1
1
1
1
1
1
1
1
1
1
1
1.00001
0.999944
0.997815
1
1
0.999951
1
0.999999
1
1
1
1
1
1
1
1
1
1
1
1
1
1
1
0.999999
1
1
1
1.00009
1
1
1
1
1
1
1
1
1
1
1
1
1
1
1
0.999997
0.999993
1
1
1
1
1
1
1
1
1
1
1
1
1
1
1
1
1
1
1
1
0.999995
1
1
1
1
1
1
1
1
1
1
1
1
1
1
1
1
1
1
1
1
1
1
1
1
1
1
1
1
1
1
1
1
1
1
1
1
1
1
1
1
1
1
1
1
1
1
1
1
1
1
1
1
1
1
1
1
1
1
1
1
1
1
1
1
1
1
1
0.995381
1
1
1
1.00001
1
1
0.999993
1
1
1.00001
1
1
1
1
0.999996
1
1
1
1
1.00001
1
1.00025
1
1
0.99957
0.999993
1
1
1
1
1
1
1
1
0.999996
1
1
1
1
1
1
0.999998
1
1
1
0.999999
1
1
1
1
1
1
1
0.99999
1
1
1
1
1
1
1
1
1
1.00003
1
1
1
1
1
1
1
1
1
1
1
1
1
1
1
1
1
0.999991
1
1
1
1
1.00003
1
1
1
1
1
1
1
1
1.00001
1
1
1
1
1
1
1
1
1
1
1
0.999997
1
1
0.999988
0.999999
1
1
1
1
1
1
1
1
0.999987
0.999966
1
1
1
0.999977
1
1
1
1
1
1
1
1
1.00003
1
1
1
1
1
1
0.999817
1
1
1
1
1
1
1
1
1
1
1
1
0.999998
1
1
1.00014
1
1
0.999361
1
1
1
1
1
1
1
1
1
1
1
1
1
1
1
1
1
1
1
1
1
1
1
1
1
1
1
1.00075
1
1
1
1.00001
0.999996
1
1
1
1
1
1
0.999988
0.999996
1
1
1
1
1
0.999667
1
1
0.999998
1
1
1
1
1
1
1
1
1
1
1
1
1
1
1
1
1
1
1
1
1
1
1
1
1
1
1
1
1.00002
1
1
1
1
1
1
1
1
0.999999
1
1
1
1
1
1
1
1
1
1
1
1
1
1
1
1
1
1
1
1
1
0.999999
1
1
1
1
1
0.999999
1
1
1
1
1
1
1
0.999978
1
1
1
1
1
1.00004
1
1
1
1
0.999999
1
1
1
1
1
1
1.00002
1
1
0.9998
1
1.00001
1
1.00002
1
1
0.999994
1
1
0.999993
1
1
0.999998
1
1
1
1
1
1
1
1
1
1
1
1.00002
1
1
0.999998
1
1
1
1
0.999999
1
1
1
1
0.999998
1
1
1
1
1
1
1
1
1
1
1
1
1
1
1
1.00001
1
1
1
1
1
1
1
1
1
1
1
1.00037
1
1
1
1
1
1
1
1
1
1
1
1
1
1
1
1
1
1
1
1
1
1
1
1
1
1
1
1
1
0.999988
1
1
1
1
1
1
1.00003
1
0.999999
1
1
1
1
1
1
1
1
1
1
1.00003
0.999999
1
1
1
1
1
1
1
1
0.999999
1
1
1
1
1
1
1
1
1
1
1
1
1
1
1
1
1
1
1
1
1
1
1
1
1
1
1
1
0.999988
1
1.00004
1
1
1
1
0.999999
0.999998
1.00076
1
1
1
1
0.999987
1
1
1
1
1
1
1
0.999999
1
1
1
1
1
1
1
1
1
0.999995
1
0.999965
1
0.999763
1
1
1
1
0.999986
1
1
1
1
0.999957
1
1
1
1.00082
0.999999
1
1
1
0.999954
1
1
0.99999
1
1
1
1
0.999962
1
1
1
1
1
1.0009
1
1
1
1
1
1
1
1
1
1
1
1
1
1
1
1
1
1
1
1
1
1
1
1
1
1
1
1
1
1
1
1
1
0.999999
1
1
1
1
1
1
1
1
1
1
1
1
1
1
1
1.00063
1
1
1.00003
1
1
1
1
1
1
1
1.00012
1
1
1
1
1
1
1
1
1
1
1
1
1
1
1
1.00008
1
1
1
1
1
1
1
1
1
1.00002
1
1
0.999735
1
1
1
1
1
1
1
1
1
1.00001
1
1
1
1
1
1
1
1
1
1
1
1
1
0.999999
0.999996
1
1
1
1
1
1
1
1
1
0.999999
1
1
1
1
1
1
1
1
1
1
1
1
1
1
1
0.999996
1
0.999984
1
1
1
1
1
1
1
1
1
1
1
1.00006
0.999999
1
0.999566
0.999998
1
1
1
1
0.999978
1
1
1
1
1
1
1
1
1
1
0.999999
1
0.999955
1
1
1
1
1
1.00107
1
1
1
0.999998
0.99973
1
1
1
1
0.999982
1
1
1
1
1
1
0.999999
1
1
1
1
1
1
1
1
1
1
1
1
1
1
1
1
1
1
1
1
0.999905
1
0.999972
1
1
0.999567
1
1
1
1
1
1
1
1
1
0.999999
1
1
1
1
1
1
1
1
1
1
1
1
1.00001
1
1
1
1
1
1
1
1
1
1
1
1
1
1
0.999997
1
1
1
1
1
1
1
0.999999
1
1
1
1
0.999949
1
1
1
1
1
1
1
1
1
1
1
1
1
1
1
1
1
1
1
1
1
1
1
1
1
1
0.999906
1
1
1
1
1
1
0.999839
1
1
0.999998
1
1
1
1
1.00007
0.999999
1
1
0.999999
1
1
1
1
1.00004
1
1
1
1
1
1
1.00005
1
0.999995
1
1
1
1
1
1
1
1
1
1
1
1
1
1
1
0.999999
1
1
1
1
1.00001
1
1
1
1
0.999933
0.999999
1
1
1
1
1
1
1
1
1
1
1.00001
1
1
1
1
)
;

boundaryField
{
    frontback
    {
        type            empty;
    }
    topbottom
    {
        type            zeroGradient;
    }
    outlet
    {
        type            zeroGradient;
    }
    inlet
    {
        type            fixedValue;
        value           nonuniform List<scalar> 0();
    }
    walls
    {
        type            zeroGradient;
    }
    procBoundary1to0
    {
        type            processor;
        value           nonuniform List<scalar> 
104
(
1
1
1
1
1
1
1
1
1
1
1
1
1
0.999992
0.999966
1.00001
0.999878
1
0.999999
1
1
1
1
1
1
1
1
1
1
1
1
1
1
1
0.999878
1
1
1
1
1
1
1
0.996397
1
1
1
1
1
1
1
1
1
1
1
0.999847
1
1
1
1
1
1
1
1
1
1
1
1
1
1
1
1
1
1
1
1
1
1
1
1
1
1
1.00012
1
1
1
1
1
1
1
1
1
1
1
1
1
1
1
1
1
1
1
1
1
1
)
;
    }
    procBoundary1to3
    {
        type            processor;
        value           nonuniform List<scalar> 
205
(
1
1
1
1
1
1
1
1
1
1
1
1
0.999993
1
1
1
1
1
1
1
1
1
1
1
1
1
1
1
1
1
1
1
1
1
1
1
1
1
1
1
1
1
1
1
1
1
1
1
1
1
1
1
1
1
1
1
1
1
0.999999
1
1
0.999999
1
1
1
1
1
1
1
1
1
1
1
1
1
1
1
1
1
1
1
1
1
1
1
1
1
1
1
1
1
1
1
1
1
1
1
1
1
1
1
1
1
1
1
1
1
1
1
1
1
1
1
1
1
1
1
1
1
1
1
1
1
1
1
1
1
1
1
1
1
1
1
1
1
1
1
1
1
1
1
1
1
1
1
1
1
1
1
1
1
1
1
1
1
1
1
1
1
0.999999
1
1
1
1
1
1
1
1
1
1
1
1
1
1
1
1
1
1
1
1
1
1
1
1
1
1
0.999993
1
1
1
1
1
1
1
1
1
1
1
1
1
1
1
1
1
1
)
;
    }
}


// ************************************************************************* //
