/*--------------------------------*- C++ -*----------------------------------*\
| =========                 |                                                 |
| \\      /  F ield         | OpenFOAM: The Open Source CFD Toolbox           |
|  \\    /   O peration     | Version:  v2012                                 |
|   \\  /    A nd           | Website:  www.openfoam.com                      |
|    \\/     M anipulation  |                                                 |
\*---------------------------------------------------------------------------*/
FoamFile
{
    version     2.0;
    format      ascii;
    class       volScalarField;
    location    "350";
    object      gammaInt;
}
// * * * * * * * * * * * * * * * * * * * * * * * * * * * * * * * * * * * * * //

dimensions      [0 0 0 0 0 0 0];


internalField   nonuniform List<scalar> 
13917
(
1
1
0.999823
1
1
1
1
1
1
1
1
1
1
1
1
1
1
1
1
1.00001
1
1
1
1
1
1
1
1
1
1
1
1
1
1
1
1
1
1
1
1
1
0.999998
1
1
1
0.999652
1
1
1
1
1
0.999999
1
1
1
0.999999
0.968371
1
0.999997
0.999935
1
1.00001
1
1
1
1
1
1
1
1
0.999999
1
1
1
1
1
1
1
1
1
1
1
1
1
1
1
1
1
1
1
1
1
1
1
1
1
1
1
1
1
1
1
1
1
1
1.00016
1
0.999994
1.00001
1
1
1
1
1
1
1
1
1
1.00001
1
1
1
1
1
1
1
1
1
1
1
1
1
1
1
1
1
1
1
1
1
1
1
0.998667
1
1
1.00001
1
1
1
1
1
1
1
1
1
1
1
1
1
1
1
1
1
1
1
1
1
1
1
1
1
1
1
1
1
1
1
1
1
1
1
1
1
1.00042
0.999993
1
1
1.00056
1
1
1
1
1.00002
1
1
1
1
1
1
1
1
1
1
1
0.999469
1
1
1
1.00001
1
1
1
1
1
1
1
1
1
1
1
1
0.999825
0.999302
1
1
1
1
1
1
1
1
1
1
1
1
1
1
1
1
1
0.999805
0.999387
0.999886
1
1
1
1
1
1
1
1
1
1
1
1
1
1
1
1
1
1
1
1
1
1
1
1
1
1
1
1
1
1
1
0.999456
1
1
1
1
1
1
1
1
1
1
1
1
1
1
1
1
0.999627
1
1
1
1
1
1
1
1
1
1
1
0.999971
1
1
1
1
1
1
0.999983
1
1
1
1
1
1
1
1
1.00001
1
0.99971
1
1
1.00001
1
1
1
1
1
1
1
1
1.00019
1
1
1
0.999979
1
1
0.999834
1
1
1
0.999707
1
1
1
1
0.999999
1
1
1
1
1
1
1
1
1
1
1
1
1
1
0.999841
1
1
1
1
1
1
0.999965
1
0.999996
0.998996
0.999306
1
1
0.999939
1
1
0.999912
0.999988
1
1
1
1
0.999998
1
1
1
1
1
1
1.00001
1
0.999986
1
1
0.999747
1
1
1
1
1
1
1
1
1
1
1
1
1
1
1
1
1
1
1
1
1
1
1
1
1
1
1
1
1
1
1
1
1
1
1
1
1
1
1
1
1
1
1
1
1
1
1
1
1
0.999977
1.00012
1
1
0.999903
1
1
1
1
1
1
1
1
1
1
1
1
1
1
1
1
1
1
1
1
1
1.00007
1
1
1
0.999998
0.999897
1
1.00001
1
1
1
1
1
0.999999
1
1
1
1
1
1
1
1
1
1
1
1
0.999984
1
1
1
1
1
1
1
1
1
1
1
1
1
1.00006
0.999991
1
1
1
1
1
1
1
1
1
1
1
1
1
1
1
1
1
1
1
1
1
1
1
1
1
1
1
1
1
1
1
1
1.00003
1
1
1
1
1
1
1
1
1
1
1
1
1
1
1
1.00001
1
1
1
1.00001
1
1
1
1
1
1
1
1
1
1
1
1
1
0.999991
0.999905
1
1
1
1
1
1
1.00004
1
1
1
1
1
1.00023
1
1
1
1
0.99954
1
1
1
1
1
1
0.999171
1
1.00001
1
1
1
1
1
1
1
1
1
1
1
0.999995
1
1
1
1
1
1
1
1
0.999929
1
1
1
1
1
1
1
1
1.00002
1
0.999989
1
1
1
0.999985
1
1
1.00003
1
1
1
1
1
1
1
1
0.999999
0.999965
1
1.00002
1
1
0.998751
1
1
1
1
1
1
1
1
1
1
1
1
1
1
1
1
1
1
1.00001
1
1
1
1
1
1
1
1
0.999662
1
1
1
1
1
1
1
1
1
1
1
1
1.00003
1
1
1
1
1
1
1
1
1
1
1
1
1
1.00001
1
1
1
1
1
1
1
1
0.999995
1
1
1
1
1
1
1
1
1
0.999981
0.999956
1.00003
1
1
0.999954
1
1
0.999999
1
1
1
1
1
1
1
1
1
1
1
1
1
1
1
1
1
1
0.999926
1
1
1
1
1
0.997698
0.999993
0.999965
1
1
1
1
1
1
1
1
1
1
1
1
1
1
1
0.99987
1
1
1
1
1
1
1
1
1
1
1
1
1
1
1
1
1
1
1
1
1
1
1
1
1
1
1
1
1
1
1
1
1
1
1
1
1
1
1.00002
1
1
1
1
1
1
1
1
1
1
1
1
0.992708
1
1
1
1
1
1
1
1
1
1
1
0.999998
1
1
1
1
1
1
1
1
1
1
1
1
1.00001
1
1
1
1
1
1
1
0.999993
1
1
1
1
1
1
1.00002
1
0.999671
1
1
1
0.998512
1
1
1
1
1
1.00001
1
1
1
1
1
1
1
1
1
0.999992
1
1
1
1
1
1
0.999998
1
1
1
1
1
1
1
1
0.999998
1
1
0.999999
1
1
1
1
1
1
1
1
1
1
1
1
1
0.99741
1
1
1
1
1
1
1
1
1
1
1
1
1
1
1
1
1
1
1
1
1
1
1
1
1.00016
1
1
1
1
1
1
1
1
1
1
1
1
1
1
1
1
1
1
1
1
1
1
1
1
1
1
1
1
1
1
1
0.998299
0.999969
1
1
1
1
1
1
1
1
1
1
1
1
1
1
1
1
1
1
1
1
0.999982
1
1
1
0.999977
0.999996
1
1
1
1
1
1
1
1
0.999956
1
1
1
1.00003
1
1
1
1
1
1
1
1
1
0.995317
1
1
1
1
0.993518
1
1
1
1
1
1
1
1
1
1
1
1
1
1
1
1
1
1
0.999992
1
1
1
0.997692
1
1
1
1
1
1
1
1
1
1
0.999948
1
1
1
1
1
1
1
1
1
1
1
1
1
1
1
1.00001
1
1
1
0.999995
1
1
1
1
1
1
1
1.00001
1
1
1
1
1
1
1.00003
1
1
1
1
1
1
1
1
1
1
1
1
1.00001
1
1
0.999827
1
1.00002
1
1
1
1
1
1
0.999915
1
0.999999
1
1
1
0.999919
0.997025
0.997146
1
1
0.999999
1
1
1
1
1
1
1
1
0.99729
1
1
0.999995
0.999996
1
1
1
1
1
1
1
1
1
0.999997
1
1
1
1
1
1
1
1
1
1
1
1
1
1
0.999993
1
1
1
0.999773
1
1
1
1
1
1
1
1
1
1
1
1
1
1
1
1
1
1
1
1
1
1
1.0001
0.999998
1
1
1
1
1
1
1
1
1
1
1.00044
1
1
1
1
0.99885
1
1
1
1
1
1
1
1
1
1
1
0.998661
1
1
1
1
0.999996
1
1
1
1
1
1.00002
1
1
1
1
1
1
1
1
1
1
1
0.999596
1
0.999991
1
1
1
1
1
1
1
1
1
1
1
1
1
1
1
0.999992
1
1
0.999997
1
1
1
1
1
1
1
1
1
1
0.999961
1
0.999118
1
1
1
1
1
1
1
1
1
1
1
1
1.00002
1
1
1
1
1
1
1
1
1
0.999499
1
1
1
1
1
1
1
1
1
1
1
1
1.00005
1
1
1
1
1
0.999976
1
1
1
1
1
1
1
1
1
1
1
1
1
1
1
1
1
1
1
1
1
1
1
1
1
0.999997
1
1
1
1.00001
1
1
1
1
0.999995
1
1
1
1
1
1
1
1
1
1
1
1
1
1
1
1
1
1
1
0.999979
1
1
1
1
1
1
1
1
1
1
1
1
0.997993
1
1
1
1
0.999927
1
1
1
1
1
1
1
1
1
1
1
1
1
1
1
1.00001
1
1
1
1
1
1
1
1
1
1
1
1
1
0.995929
1
1
1
0.999999
1.0012
1
1
1
1
1
1
1
1
1
1
1
1
1
1
1
1
1
1
1
0.99819
1
1
1
1
1
1
1
1
1
0.999969
1
1
1
1
1
1
0.999939
1
1
1
1
1
0.99999
1
1.00003
1
1
1
1
1
0.999135
1
1
1
1
1
1
1
1
1
1
1.00003
1
1
1
0.999999
1
0.998059
1
1
1
1
0.999919
1
0.999999
1
0.999995
1
1
1
1
1
1
1
1
1
1
1
1
1
1
1
1
1
1
1
1
1
1
1
0.999999
1
1
1
1
1
1
0.999999
1
1
1
0.999001
1
1
1
1
1
1
1
1
1
1
1
1
1
1
1
1
1
1
1
1
1
1
1
0.999975
1
1
1
1
0.99986
1
1
0.999637
1
1
1
1
1
1
1
1
1
1
1
1
1
1
1
1
0.999911
1
1
1
1
1
1
1
1
1
1
1.00098
1
1
1
0.999999
1
1
1
0.999999
1
1
1
1
1
1
1
1
1
1
0.999964
1
1
1
1
1
1
1
1
1
1
1
1
1
1
1
1
1
1
1
1
1
1
1
1.00067
1
1
1
1
1.00001
1
1
1
1
1
1
1
1
1
1
1
1
1
1
1
0.999895
1
1
1
1
1
1
1
1
1
1
1
1
1
1
1
1
1
1
1
1
1
1
1
1
1
1
1
1
0.999457
1
1
1.00034
1
1
1
1
1
1
1
1
1
1
1
1
1
1
1
0.999997
1
1
1
1
1
1
1
1
1
1
1
1
1
1
1
1
1
1
1
1
1
0.999993
1
0.993778
1
1
1
1
1
1
1
1
1
1
1
1
1
1
1
1
1
0.995681
1
1
1
1
1
1
1
1
1
1
1
1
1
1
1
1
1
1.00002
1
1
1
1
1
1
1
1
0.999978
1
1
1
1
1
1
1
1
1.00005
1
1
1
1
1
1
1
1
1
1
1
1
1
1
1
1
1
1
1
0.997504
1
1
1
1
1
1
1
1
1
1
1
1
1
1
1
1
1
1
1
1
1
1
1
1
1
1
1
1
1
1
1
1
1
1
1
1
1
1
1
1
1
1
1
1
1
1
1
1
1
1
1
1
1
1
1
1
0.995911
1
1
1
1
1.00001
1
1
1
1
1
1
1
1
1
1
1
1
1
1
1
1
1
1
1
0.999939
1.00001
0.999732
1
1.00001
1
1
1
1
1
1
1
1.00093
1
1
1
1
1
1
1
1
1
1
1
1
0.999967
0.998598
1
1
1
1
1
1
1
1
1
1
1
1
1
0.999998
1
1
1
1
1
1
1
1
1
1
1
1
0.999984
1
1
1
1
1
1
1
1
1
1
1
1
1
1
1
0.999288
1.00006
1
1.00001
1
1
1
1
1
1
1
1
1
0.999771
1
1
1
1
1
1
1
0.9913
0.999997
0.999903
1
1
1.00008
1
1
1
1
1
1
1
1
0.995135
1
1
1
1
1
1
1
1
1
1
1
1
1
1
1
0.991947
1
0.999958
0.996598
1
1
1
1
1
1
1
1
1
1
0.996181
1
1
1
1
1
1
1
1
1
1
1
1
1
1
1
1
1
1
1
1
1
1
1
1
1
1
1
0.999659
1
1
1
1
1
0.998655
0.994691
1
0.999965
1
1
0.998702
1
1
0.999999
1
1
1
1
1
1
1
1
1
1
1
0.99998
1
1
1
1
1
1
1
1
1
1.00001
1
1
1
1
1
1
1
1
0.99998
1
1
0.999958
1
1
0.999993
1
1
1
1
1
1
1
1
1
1
1
1
1
1
1
1
1
1
1
0.999795
1
1
1
1
1
0.999999
0.99999
1
1
1
0.999971
1
1
0.999327
1
1
1
1
1
1
1
1
1
1
0.999999
1
1
1
1
1
1
1
0.996605
1
1
1
1
1
1
1
1
1
1
1
1
1
1
1
1
1
1
0.998562
1
1
1
1
1
1
1
1
1
1
1
1
1
1
1
0.999717
1
1
1
0.996083
1
1
0.999897
0.999994
1
1
1
1
1
1
1
1
1
1
1.00109
1
1
1
1
1
1
1
1
1
1
1
1
1
1
1
1
1
0.999999
1
1
1
1
1
1
1
1
1
1
0.99996
1
1.00001
1
1
1
1
1.00022
1
1
1
0.999998
1
1
1
1
1
1
1
1
0.999565
1
0.999936
1
1.00107
1
1
1
1.00038
0.997304
1
1
1
1
1
1
0.999974
1
1
1
1
1
1
1
1
1
1
1
1
1
1
1
1
1
1
1
1
1
1
1
1
1
1
1
1
1
0.997609
1
1
1
1
1
1
1
1
1
1
1
1
1
0.998107
1.00003
0.997369
1
1
1
0.99338
1
1
1
1
1
0.999345
1
1
1
1
1
1
1
1
1
1
1
1
1
1
1
1
1
0.999609
1
1
1
1
1
1
1
1
1
1
0.999857
1
1
1
1
1
1
1
0.997906
1
1
1
1
1
0.999392
1
1
1
1
1
1
1
1
1
0.995483
1
0.999069
1
1
1
1
1
0.999975
1
1
1
1
1
1
1
1
1
0.999997
0.999996
1
1
1
1
1
1
1
1
1
1
1
1
1
1
1
1
1
1
1
1
1
1
1
1
1
1
1
1
1
0.999999
1
1
1
1
1
1
1
1
1
1
1
1
1.00002
1
1
1
1
1
1
1
1
1
1
1
1
1
1
1
0.999743
1
1
1
1
1
1
1
1.00049
1
0.998389
1
1
1
1
1
1.00002
1
0.999882
0.999999
1
1
1
1
1
1
0.999974
1
1
1
1
1
1
1
1.00037
1
1
1
0.998227
1
1
1
1
1
1
1
1
1
1
1
1
1
1
1
1
1
1
1
1
1
1
1
1
1
1
1
1
1
1
1
0.999906
1
1
1
0.998553
1
1
1
1
1
1
1
1
1
1
1
1
1
1
1
1
1
1
1
1
1
1
1
1
1
1
1
1
1
1
1
1
1
1
1
1
1
0.999986
1
1
1
1
1
1
1
1
1
1
1
1
1
1
1
1
1
1
1
1
1
1
1
1
1
1
1
1
1
1
1
1
0.99937
1
1
1
1
1
1
1
1
1
1
1
1.00001
1
1
1
1
0.999985
1
1
1
1
1
1
1
1
1
1
1
1
1
1
1
1
1
1
1
1
1
1
1
1
1
1
0.999997
1
1
1
1
1
1
0.999265
1
1
1
1
1
1
1
1
1
1
1
1
1
1
1
1
1
1
1
1
1
1
1
1
1
1
1
1
1
1
1
1
1
0.999975
1
1
1
1
1
1
1
0.999934
1
1
1
1
1
1
1
1
1
1
1
1
1
1
1
1
1
1
1
1
1
1
1
1
1
1
1
1
1
1
1
0.99993
1
1
1
1
1
1
1
1
1
1
1
1
1
1
1
1
1
1
1
1
1
1
1
1
1
1
1
1
1
0.999999
1
0.999902
1
1
1
1
1
1
1
1
1
1
1
1
1
1
1
1
1
1
1
1
1
1
1
1
1
1
1
1
1
0.999999
1
1
1
1
1
1
1
1
1
1
1
0.999996
1
1
1
1
1
1
1
1
1
1
1
1
1
1
1
1
1.00001
1
1
1
1
1
1
1
1
1
1
0.999989
1
1
1
1
1
1
1
1
1
0.999998
0.998705
0.999998
1
1
1
1
1
1
1
1
1
1
0.996649
1
1
1
1
1
1
1
1
1
1
1
1
1
1
1
1
1
1
1
1
1
1
1
1
1
1
1
1
1
1
0.999985
1
1
1
1.00001
1
1
1
1
1
1
1
1
1
1
1
1
1
1
1
1
1
1
0.999998
1
1
1
1
1
1
1
1
1
1
1
1
1
1
1
1
1
1
1
1
1
1
1
1
1
1
1
1
1
1
1
1
1
1.00011
1
1
1
1
1
1
1
1
1
1
1
1
1
1
1
1
1
1
1
1
1
1
1
1
1
1
1
1
1
1
1
0.998796
1
1
1
1
1
0.999992
1
1
1
0.999647
1
1
1
1
1
1
1
1
1
1
1
1
1
1
1
1
1
1
1
1
1
1
1
1
1
1
1
1
1
1
1
1
1
1
1
1
1
1
1
1
1
1
0.998833
0.999996
1
1
1
1
1
1
1
1
1
1
1
1
1
1
1
0.999999
1
0.999996
1
1
1
1
1
0.99999
1
1
1
1
1
1
0.999997
1
1
1
1
1
1
1
1
1
1
1
1
1
1
1
1
1
1
1
1.0005
1
1
1
1
1
1
1
1
1
1
1
1
0.999999
1.00001
1
1
1
1
1
1
1
1
1.00071
1
1
1
1
1
1
0.999997
1
1
1
0.999993
1
1
1
1
1
1
1
1
1
1
1.00019
1
0.997582
1
1
1
1
1
1
1
1
1
1
0.999969
1
1
1
1
1.00003
1
1
1
1
1
1
1
1
1
1
1
1
1
1
1
1
1
1
1
1
1
1
1
1
1
1
1
1
1.00003
1
1
1
1
1
1
1
1
1
1
1
1
1
1
1
1
1
1
1
1
1
1
0.991848
1
1
1
1
1
1
1
1
1
1
1
1
1
1
1
0.999999
1
1
1
1
1
1
1
1
1
1
1
1
1
1
1
0.999997
1
1
0.999991
1
1
1
1
1
1
1
1
1
1.00094
1
0.999995
1
1
1
1
1
1
1
1
1
1
1
1
1
1
1
1
1
1
1
1
1
1
1
1
1
1
1
1
1
1
1
1
1
1
1
1
1
1
1
1
1
1
1
1
1
1
1
1
1
1
1
1
1
1
1
1
1
1
1
1
1
1
1
1
1
1
1
1
1
0.999997
1
1
1
1
1
1
1
1
1
1
1
0.99999
0.999998
1
1
1
1
1
1
1
1
1
1
1
1
1
1
1
1
1
1
1
1
1
1
1
1
1
1
1
1
1
1
1
1
1
1
1
1
1
1
1
1
1
1
1
1
1
1
1
1
1
1
1
0.999998
1
1
1
1
1
1
1
1
1
1
1
1
1
1
1
1
1
1
1
1
1
1
1
1
1
1
1
1
1
1
1
1
1
1
1
1
1
1
1
1.00001
1
1
1.00002
1
1
0.99998
1
1
1
1
1
1
1
1
1
1
1
0.999997
1
1
1
1
1
1
1
1
1
1
1
1
1
1
1
0.999984
1
1
1
1
1
0.999474
0.999915
1
1
1
1
1
1
1
1
1
1
1
1
1
1
1
1
1
1
1
1
1
1
0.999992
0.999912
1
1.00001
1
1
1
1
1
1
1
1
1
1
1
1
1
1
1
0.999751
1
1
1
0.997454
0.999997
1
1
1
1
1
1
0.999859
1
1
1
1
1
1
1
1
0.999999
1
1
1
1
1
1
1
1
1
0.99987
1
1
1
1
1
1
1
1
1
1
1
1
1
1
1
1
1
1
1
1
1
1
1
1
1.00001
1
1
1
1
1
1
1
1
1
1
1
1
1
1
1
1
1
1
1
1
1
1
1
1
1
1
1
1
1
1
1
1
1
1
1
1
1
1
1
1
1
1
1
1
1
1
1
1
1
1
1
1
1
1
0.999999
1
1
1
1
1
1
1
1
0.999995
1
1
1.00002
1
1
1
1
1
1
1
1
1
1
1
1
1
1
1
1
1
1
1
1
1
1
1
1
1
1
1
1
1
1
1
1
1
1
1
1
1
1
1
1
1
1
0.999989
1
1
1
1
1
1
1
1
1
1
1
1
1
1
1
1
1
1
1
1
1
1
1
1
1
1
1
1
1
1
1
1
1
1
1
1
1
1
1
1
1
1
1
1
1
1
1
1
1
1
1
1
1
1
1
1
1
1.00002
1
1
1
1
1
0.999999
1
1
1
1
1
1
1
1
1
1
1
1
1
1
1
1
1.00007
1
1
1
1
1
1
1
1
0.998066
1
1
1
1
1
1
1
1
1
1
1
1
1
1
1
1
1
1
1
1.00002
1
1
1
1
1
1
1
1
1
1
1
1
1
1
0.999998
1
1
1
1
1
1
1
0.99991
1
1
1
0.995919
1
1
1
0.999999
1
1
0.999999
1
1
1
1
1
1
1
1
0.999845
1
1
1
1
1
1
1
1
1
1
1
1
1
1
0.999782
1.00001
1
1
1
1
1
1
1
1
0.999981
1
1
1
1
1
1
1
0.999963
1
1
1
1
1
1
1
1
1
1
1
0.997701
1
1
1
1
1
1
1
1
1
1
1.00004
1
1
1.00001
1
1
1
1
1
1
1
1
1
1.00001
1
0.999999
1
1
1
1
1
1
1
1
1
1
1
1
1
1
1
1
1
1
1
1
1
1
1
1
1
1
1
1
1
1
1
1
1
1
1
1
1
1
1
1
1
1
1
1
0.999994
1.00005
1
1
1
1
1
1
1
1
1
1
1
1
1
1
1
1
1
1
1
1
1
1
1
0.999971
1
1
1
1
1
1
1
1
1
1
1.0001
1
1
1
1
1
1
1
1
1
1
1
0.999968
1
1
1
1
1
1
0.999937
1
1
1
1
1
1
1
1
1
1
0.995252
1
1.00017
1
1
1
1
1
1
1
1
1
1
1.00001
1
1
1
1
1
1
1
1
1
1
0.999997
1
1
1
1
1
1
1
1
1
1
1
1
1
1
1
1
1
1
1
1
1
1
1
1
0.999863
1
1
1
1
1
1
1
1
0.999994
1
1
1
1
1
1
1
1
1
1
1
1
1
1
1
1
1
1
1
1
1
1
1
1
1
1
1
1
1
1
1
1
0.999868
0.999999
1
1
1
1
1
1
1
1
1
1
1
1
1
1
1
1
1
1
1
1
1
1
1
1
1
1
1
1
1
1
1
1
1
1
1
1
1
1
1
1
1
1
1.0002
0.999959
1
1
1
1
1
1.00003
1
1
1
1
1
1
1
1
1
1
1
0.999976
1
1
1
1
1
1
1
1
1
1
1
1
1
1
1
1
1
1
1
1
1
1
1
1
1
0.999997
1
1
1
1
1
1
1
0.998304
1
1
1
1
1
1
1
1
1
1
1
0.999996
1
1
1
1
1
1
1
1
1
1
1
1
0.999997
1
1
1
1
1
1
1
1
1
1
1
1
1
1
1
1
1
1
1
1
1
1
1
1
1
1
1
1
1
1
1
1
1
1
1
1
1
1
1
1
1
1
1
1
1
1
1
1
1.00001
1
1
1
1
1
1
0.999998
1
1
1
1
1
1
1
1
1
1
1
1
1
1
1
1
1
1
1
1
1
1.00014
0.999985
1
1
1
1
1
1
1
0.999998
1
1
1
0.999989
1
1
0.999938
1
1
1
1
1
1
1
1
1
1
1
1
1
1
1
1
1
1
1
1
1
1
1
1
1
1
1
1
1
1
1
1
1
1
1
1
1
1
1
1
1
1
1
1
1
1
1
1
1
1
1
1
1
1
1
1
1
1
1
1
1
1
1
1
1
0.999992
1
1
1
1
1
1
1
0.999997
1
1
1
1
1
1
1
1
1
1
0.999902
1
1
1
1
1
1.00001
1
1
1
1
1
1
1
1
1
1
1
1
1
1
1
1.00004
1
1
1
1
1
1
1
1
1
1
1
1
1
1.00004
1
1
1
0.999998
1
0.999795
1
1
1
1
1
1
0.996837
1
1
1
1
1
1
1
1
0.999989
1
1
1
1
0.999999
0.999824
1
1
1
1
1
1
1
1
1
1
0.999999
1
1
1
1
1
1
1
1
1
1
1
1
0.999995
1
1
0.999998
1
1
1
1
1
1
1
1
1
1
1
1
1
1
1
1
1
1
1
1
1
1
1
1
1
1
1
1
0.999978
1
1
1
1
0.999999
1
1
1
1
1
1
1
1
1
1
1
1
1
1
1
1
1
0.999251
1
1
1
0.999994
1
1
1
0.999986
1
1.00001
0.999913
1
1
1
1
1
1
1
0.999998
1
1
1
1
1
1
1
1
1
1
1
1
1
1
1
1
1
1
1
1
1
1
1
0.99998
1
1
1
1
1
0.999998
1
1
1
1
1
0.999994
0.999864
1
1
1
1
1
1
1
1
1
0.999994
1
1
1
1
1
1
1
1
1
1
1
1
1
0.999999
1
1
1
1
1
1
1
1
1
1
1
1
1
1
1
1
1
1
1
0.999999
1
1
1
1
1
1
1
1
1
1
1
1
0.999996
1
1
1
1
1
1
0.999963
1
0.999875
0.999999
1
1
1
1
1
1
1
1
1
1
0.999993
1
1
1
1
1
1
1
1
1
1
1
1
1
1
1
0.999999
1
1
1
1
1
1
1
1
1
1
0.999608
0.999999
1
1
1
1
1
1
1
1
1
1
1
1
1
1
0.999955
0.999997
1
1
1
1
1
1
1
1
1
1
0.999992
1
1
1
1
1
1
0.999999
1.00001
1
1
1
1
1
1
1
0.993984
1
1
1
1
1
1
1
1
1
1
1
1
1
1
1
1
1
1
0.999949
1
1
0.999999
1
1
1
0.999758
1
0.999997
0.999983
1
1
1
1
1
1
1
1
1
1
1
1
1
1
1
1
0.999995
0.999994
1
1
1
1
1
1
1
1
1
1
1
1
1
1
1
1
1
1
0.999981
1
1
1.00003
0.999948
1
1
1
1
1
1.00001
1
1
1
1
1
1
1
1
1
1
1
1
1
1
1
0.999987
1
1
1
1
1
1
1
1
1
1
0.999834
0.99999
1
1
1
1
1
1
1
1
1
1
1
1
0.999975
1
1
0.999968
1
0.999991
1
0.999871
1
1
1
1
1
1
1
1
1
1
1
1
0.999992
1
1
0.999941
0.999934
1
1
0.999975
1
1
1
1
1
1
0.995307
1
1
1
1
1
1
0.999088
1
1
1
1
1
1
1
1
1
1
1
1
1
1
1
1
1
1
1
1
1
0.999977
1
1
1.00001
1
1
1
0.999994
1
1
1
1
1
1
1
1
1
1
1
1
1
1
1
1
1
1
1
1
1
1
1
1
1
0.999998
1
1
1
1
1
0.999996
1
1
1
1
1
1
1
1
0.999999
1
1
1
0.999999
1
1
1
1
1
0.999994
1
1
0.999407
1
1
1
1
1
1
1
1
1
1
1
0.999966
1
1
1
1
1
1
1
1
1
1
1
1
1
1
1
1
1
1
1
0.999999
1
1
1
1
0.999781
1
1
1
1
1
1
1
1
1
1
1
1
1
1
1
1
0.999999
1
1
1
1
1
0.999993
1
1
1
1
1
1
1
0.999871
1
1
1
1
1
1
1
0.999999
1
1
1
1
1
1
1
1
0.999999
1
1
1
1
1
1
1
1
1
1
1
1
1
1
1
1
1
1
0.999995
1
1
1
1.00001
1
1
1
0.999769
1
1
0.999996
0.999944
0.999993
1.00004
1.00002
0.999981
1
0.999792
1
1
1
1
1
1
1
0.999995
1
1
1
1
1
1
1
1
0.99999
1
1
1
1
1
1
1
1
1
0.999874
1
1
1
1
1
1
1
1
1
1
1
1
1
0.999995
1
0.999956
1
1
1
1
0.999997
1
1
1
1
0.999996
1
0.999999
1
1
1
1
0.999999
1
1
1
0.999996
1
1
0.999998
1
1
1
1.00003
1
1
1
1
1
1
0.999946
1
0.999998
1
1
1
0.999344
1
1
1
1
0.999997
1
1
1
1
1
1
1
1
1
1
1
1
1
0.999913
0.999997
0.9998
1
1
1
1
1
1
1
1
0.999997
1
1
1
1.00003
1
1.00001
1
1
1
1
1
1
1
1.00002
1
1
0.999737
1
1
0.999846
1
1
1
1
1
1
1
1
1
1
1
1
1
1
1
1
1
0.999985
0.999996
1
1
1
0.999726
1
1
1
1
1
1
1
1
1
1
1
1
1
1
1
1
1
1
1
1
1.00005
1
1
1
1
1
1
1
1
1
1
1
0.999999
1
1
1
1
1
1
1
1
1
1
1
0.999999
1
1
1
0.997342
1
1
1
1
1
1
1
1
1
1
1
1
0.999966
0.999783
1
0.999808
1
0.999998
1
0.999992
1
1
1
1
1
1
1
1
1
1
1
0.999995
1
1
0.999999
1
1
1
1
1
1
1
1
1
1
1
1
1
1
1
0.999981
1
1
1
1
1
1
1
1
1
1
1
1
1
1
1
0.999999
1
0.999998
1
1
1
0.999988
1
1
0.999992
1
1
1
0.999993
0.999998
1
1
1
1
1
1
1
1
1
1
1
1
1
1
1
1
1
1
0.999985
1
0.99984
1
1
1
0.999916
1
0.999999
1
1
1
1
1
1
1
1
1
1
1
1
0.999999
1
1
1
1
1
1
1
1
1
1
1
0.999997
1
1.00002
1
1
0.999969
1
1
1
0.999981
1
1
1
0.999999
1
1
1
1.00001
1
0.999998
1
0.999991
1
1
0.999975
1
1
1
1
0.999998
1
1
1
1
1
1
1
0.999999
1
1
1
0.999989
1
1
1
1
1
1
1
1
0.999705
1
1
1
0.999918
1
1
1
1
1
1
1
1.00001
1
1
0.999999
1
1
1
1
1
1
1
1
0.999961
1
1
1
1
1
1
1
1
1
1
1
1
0.999999
1
1
1
1
1
1
1
1
1
1
1
1
1
1
0.999924
1
1
1
1
1
1
1
1
1
1
1
1
1
1
0.999833
1
1
0.999949
1
1
1
1
0.999832
1
1
1
1
1
1
1
0.999992
1
1
1
1
1
1
1
1
1
1
1
0.999893
1
1
1
1
1
1
0.999991
1
1
0.999999
1
1
1
0.999999
1
0.999978
1
1
1
1
0.991818
1
0.999954
1
1
1
1
1
1
1
1
1
1
1
1
1
1.00001
1
1
1
0.999998
1
1
1.00001
1
1
1
1
1
1
1
1.00001
1
1
0.999978
1
1
1
1
1
1
0.999891
1
1
1
1
1
1
0.999965
1
1
1
1
1
1
1
1
1
0.999865
1
0.999999
1
1
0.999981
1
1
1
0.999979
1
1
1
1
1
1
1.00001
1
0.999816
1
1
1
1
1
1
1
1
1
1
1
1
1
1
1
1
1
1
1
0.999999
1
1
0.999998
0.999998
1
1
1
1
1
1
1
1
1
1
1
1
1
1
1
1
1
1
1
1
1
1
1
1
1
1
1
1
1
1
1
1
0.999996
0.999979
1
1
1
1
1
1
1
0.999908
1
1
1
1
1
1
1
1
1
1
1.00001
1
1
1
0.999987
1
1
1
1
1
1
1
1
1
1
1
1
1
1
1
1
1
1
1
1
1
1
1
1
1
1
1
1
1
1
1
1
1
1
1
1
1
1
1
1
1
1
1
1
1
1
1
1
1
0.999853
1
1
1
1
1
1
1
1
0.999999
1
1
1
1
1
1
1
1
1
1
1
1
1
1
1
0.99995
1
1
1
1
1
1
0.999999
1
1
0.999943
1
1
1
1
1
1
1
0.999997
1
1
1
1
1
1
1
1
1
1
1
1
1
1
1
1
1
1
1
1
0.999991
1
1
1
1
1
1
1
1
1
0.999854
1
1
0.999992
1
1
1
1
1
1
1
1
1
1.00001
0.999998
1
0.999876
1
1
1
1
0.99999
1
1
1
1
1
1
1
1
1
0.999078
1
1
1
1
1
0.99997
1
1
1
0.999985
1
1
1
1
1
1.00003
1
1
1
1
1
1
1
1
1
1
1
1
1
1
1
1
1
1
1
1
1
1
1
1
1
1
1
1
1
1
1
1
1
1
1
1
1
1
1
1
1
1
1
1
1
1
1
0.999999
0.999958
1
1
1
0.999998
0.999994
1
0.999999
0.999911
1
1
1
1
1
1
1
1
1
1
1
0.999999
1
1
1
1.00017
1
1
0.999993
1
1
1.00003
1
0.999963
1
1
0.999841
1
1
1
1
1
1
1
1
1
1
1
1
1
1
1
1
1
1
1.00001
1
1
0.999992
1
1
0.999989
1
0.99988
1
1
1
1
1
1
1
1
1
1
1
1
1
1
0.999998
1
1
1
1
0.999521
0.999793
1
1
1
0.999999
1
1
1
0.99998
1
1
1
1
1
1
1
1
1.00001
0.999999
1.00002
1
1
1
1
1
1
1
1
1
1
1
1
1
1
1
1
1
1
1
1
1
1
0.999998
1
1
1
1
1
0.999999
1
1
0.999999
1
1
1
1
1
1
1
1.00001
1
1
1
1
1
1
1
1
1
1
1
1
1
0.999996
1
1
1.00002
1
1
1
1
1
1
1
1
1
1
1
1
1
1
1
1
0.999849
1
1
1
1
0.999968
1
1
1
1
1
1
1
1
0.999999
1
1
1
1
1
1.00002
1
1
1
1
1
1
1
1
1
1
1
1.00001
1
1
1
1
1
1
1
1
1
1
1
1
1
1
0.999999
1
1
1
1
1
1
1
1
1
0.999997
1
1
1
1
1
1
1
1
1
0.999955
0.99997
1
0.999995
1
1
1
1
1
1
1
1
1
1
1
1
1
1
1
0.999992
1
0.999886
1
1
1
1
1
0.999971
1
1
1
1
1
1
1
1
0.999986
0.999996
1
0.999829
1
1
1
1
1
1
1
1
1
1
1
1
1
1
1
1
1
1
1
1
0.999938
1
1
1
1
1
1
1
0.999893
1
1
0.999946
1
1.00017
1
1
1
0.999999
1
1
1
1
1.00004
1
1
1
1
1
1
1
1
1
1
1
1
1.00001
1
1
1
1
1.00001
1
1
1
1
1
1
1
1
1
1
1
1
1
0.999911
1
1
1
1
1
0.999989
1
1
1
1
1
1
1
1
1
1
1
1
1
1
1
1
1
1
1
1
1
1
1
1
1.00001
1
1
1
1
1
1
1
1
1
1
1
1
1
0.999995
1
1
0.999999
1
1
1.00001
1
1
1
1
1
1
1
1
1
0.999825
1
1
1
1
1
1
1
1
1
1
1
1
0.99962
1
0.999896
1
1.00003
1
1
1
1
1
1
1
0.999999
1
0.999991
1
0.999999
1
1
1
1
1
1
1
1
1
1
1.00009
1
1
1
1
1
1
1
1
1.00004
0.999999
1
0.999995
1
1.00001
0.999997
1
0.999991
1.00002
0.999995
1
1
0.999998
1
1
1
1
1
1
1
1
1
1
1
1
1
1
1
1
1
0.999993
1
1
0.999993
1
1
1
1
0.999999
0.999986
1
1
1
1
0.999743
1
1
1
0.999758
1
1
1
1
1
1
1
1
1
1
1
1
1
0.999875
0.999993
0.999761
1
1
1
1
0.999995
0.99996
1
1
1
1
0.999922
1
1
1
1
1
1
1
1
1
1
1
1
0.999992
1
0.999997
1
1
1
1
1
1
1
1
1.00003
0.999873
1
1
0.999999
1
1
1
1
1
1
1
1
1
1
1
1
1
1
1
1
1
1
1
1
1
1
1
1
1
1
1
1
1
1
1
1
1
1
1.00001
1
1
1
1
1
1
1
1
0.999996
1
1
1
1
1
0.999909
1
1
1
0.999946
1
1
1
1
1
1
1
1
1
0.999998
1
1
0.999996
1
1
1
1
1
1
1
1
1
1
1
1
1
1
1
0.999999
1.00001
1
1
1
1
1
1
1
0.999848
1
1
1
1
1
1
1
1
1
1
1
0.999972
1
1
1
1
1
1
1
1
1
1
1
1
1
1
1
1
1
1
1
1
1
1
1
1
1
1
0.999995
1
0.999917
0.999997
1
1
1
1
1
1
1
1
1
1
1
1
1
1
1
1
1
0.999994
1
1
1
1
1
1
1
1
1
1
1.00001
1
1
1
1.00001
1
1
1
1
1
1
1
1
1
1
1
1
1
1
1.00001
1
1
1
1
1
1
1
1
1
1
1
1
1
1
1
1
1.00001
1
1
1
0.999993
1
1
1
1
1
1
1
1
0.999998
1
1
1.00002
0.999996
1
1
0.999994
1.00002
1
1
1
1
1
1
1
1
1
1
1
1
1
1
1
0.999998
1
1
1
1
1
1.00002
1
1
1
1.00001
1
1
1
1
1
1
1
1
1
1
1
1
1
1
1
1
0.999999
1.00017
0.999796
1
1
1
1
1
1
1
1
1
1
1
1
1
1
1
1
1
1
1
1
0.999808
1
1
1
1
1
1
1
1
1
1
1
1
1
1
0.999975
1
1
1.00001
1
1
1
1
1
1
1
1
1
1
1.00002
1
1
1
1
1
1
1
1
1
1
1
1
1
1
1
1
1
1
1
1
1
1
1
1
1
1
1
1
1
1
1
1
0.99999
1
1
1
1
1
1
1
1
1
1
1
1
1
0.999999
1
1
0.999977
1
1
1
1
1
1
1
1
1
0.999998
1
1
0.999959
1
1
1
1
1
1
1
1
1
1
0.999986
0.999758
1
1
1
1
1
0.999999
1
0.999999
1
1
1
1
1
1
1
1
1
1
1
1
1
1
1
1
1.00005
1
1
1
1
0.999997
1.00006
0.999999
1
0.999998
0.999888
1
1
1
1
1
1
0.999991
1
1
1
1
1.00013
1
1.00011
1
1
1
1
1
1
1
1
1
1
1
1
1
1
1
1
1
1
1
1
1
1
1
1
1
1
1
1
1
1.00001
1
1
1
1
1.00001
1
1.0001
0.999998
1
1
1
1
0.999999
1
1
1
1
1
1
1
1
1
1.00035
1
1
1
1
1
1
1
0.999955
1
1.00002
1
1
1
1
1
1
1
1
1
1
1
1
1
1
1
1
1
1
1
1
1
1
1
1
1
1
1
1
1
1
0.999987
1
1
1
1
1
1
1
1
1
1
1
0.999988
1
1
1
1
1
0.999998
1
1
1
1
1
1
0.999884
1
0.999786
1
1
1
1
1
1
1
1
1
1
1
1
1
1
1
0.999968
1
1
1
1
0.999897
1
1
1
1
1
1
1
1
0.999928
0.99995
0.999999
1
1
1
1
1
1
1
1
1
1
1
1
1
1
1
1
0.999997
1
1
1
1
1
1
1
1
0.999959
1
1
1
1
1
1
1
1
1
1
1
1
1
1
1
1
1
1
1
1
1
1
1
1
0.999999
1
1
1
1
1
1
1.00002
0.999904
1
1
0.999999
1
1
1
1
1
1
1
1
1
1
1
1
1
1
1
1
1
1
0.997516
1
0.999999
1
1
1
1.00001
1
1
1
1
0.999878
1
1
1
1
1
1
1
1
1
1
1
1
1
1
1
1
1
1
1.00002
1
1
1
1
1
1
1
1
0.999999
1
0.999965
1
1
1
1
1
1
1
1
1
1
1
1.00005
1
1
1
1
1
1.00006
1
1
1
1
1
1
1
1
1
1
1
1
1
1
1
1
1
1
1
1
1
1
1
1
1
0.999901
0.999987
1
1
1
1
0.999937
1
1
1
1
1
1
0.999797
1
1
1
1
1
1
1
1
1
1
1
1
1
1
1
1
1
1
0.999994
1
1
1
0.999999
1
1
1.00008
1
1
1
1
1
1
1
1
1
1
1
1
1
0.999851
1
1
1
1.00004
1
1
1
0.999999
1
1
1
1
0.999916
1
1
1
1
1
1
1
1
1
1
1
1
1
1
1
1
1
0.998691
1
1
1
1
1
1
1
1
1
0.999999
1
1
1
0.999991
1
1
1
1
1
1
1
1
1
1
1
1
1
1
1
1
1
1
1
1
1
1
1
1
1
1
1
1.00003
1
0.999997
1
1
1
0.999999
1
0.999985
0.999999
1
1
1
1
1
1
1
1
1
1
1
1
1
1
1
1
1
1
1
1
1
0.999857
0.99999
1
1
1
0.999845
1
1
1
0.999794
1
1
1
1
1
1
1
0.99999
1
1
1
1
1
1
0.999998
1
1
1
1
1
1
1.00001
1
1
1
1
1
0.999998
1
1
1
1
1
1
1.00002
0.999967
1
1
1
0.999999
1
1
0.999988
1
1
1
1.00004
1
1.00001
1
1
1
1.00004
1
1
1.00005
1
1
1
1
1
1
0.999947
1
1
1
1
1
1
1
1
1.00007
1
1
1
1
1
1
1
1
1
1
1
1
1
1
1
1
1
1
1
1
1
1
0.99999
1
1
1.00008
1
1
1
1
1
1
1
1
1
0.999999
1
0.999988
0.999942
1
1
1
1
0.999967
0.999993
1
1
0.999862
0.999913
1
0.999994
1
1
1
1
1
1
0.999995
0.999999
1
1
1
1
1
1
1
1
1
1
1
1
1
0.999849
1
1
1
0.999999
1
1
1
1
1.00001
0.999955
1
1
1
1
1
1
1
1
1
1
1
1
1
1
1
1
0.999848
1
1
1
1
1
1
1
1
1
1
1
1
1.00003
1
1
1
1
1
1
1
0.999999
1
1
1
1
1
0.999971
1
1
1
1
1
1
1
1
1
1
1
1
1
1
1
1
1
1
1
1
0.999975
1
1.00002
1
1
1
1
1
1.00003
1
1
1
1
1
1
1
1
1
1
1
0.999996
1
1
1
1
1
1
1
1
1
1
1
1
1
1
1
1
1
1
1
1
1
1
1
1
1
1
1
1
1
1
1
1
1
1
1
1
1
0.999994
1
1
1
1
1
1
1
1
0.999918
1
1.00003
1
1
1
1
1
1
1
1
1
1
1
1
1
1
1
1
1
1
1
1
1
0.999864
1
1
0.999925
1
0.999972
1
1.00001
1.00002
1
1
1
1
1
1
1
1
1
1
1
1.00005
1
1
1
1
1.00005
1
1
1
1
1
1
1
1
1
1
1
1
1
1
1
0.999872
1
1
1
1
1.00007
1
1
1
1
1
0.999947
1
0.999999
1
1
1
1
1
1
1
0.999999
1
1
1
1
1
1
1
1
1
1
1
1
1
1
1
1
1
1
0.999999
0.999995
1
1
1
1
0.999978
1
1
1
1.00001
0.999993
1
1
1
1
1
1
1
0.999835
1
1
1
1
1
1
1
1
1
1
1
1
1
1
1
1
1
1
1
1
1
1
1
1
1
1
1
1
1
1
1
1
1
0.999995
1.00001
1
1
1
1
1
1
1
0.999992
1
1
1
1
1
1
0.999999
1
1
1
0.999932
1
1
1
1
1
1
1
1
1
0.999996
1
0.999968
1
1
1
1
1
1
1
1
1
1
1
1
1
1
1
1
1
1
1
1
1
1
1
1
1
1
1
1
1
1
1
0.99999
1
1
1
1
1
1
1
1
1
1
1
1
1
1
1
1
1
1
1
1
0.999985
1
1
1
1
1
1
1
1
1
1
1
1
1
1
1
1
1
0.999782
1.00001
1
1
1
0.999876
1
1
0.99998
1
1
1
1
1
0.99977
1
1
1
1
1
1
1
1
0.99983
1
1
1
0.99999
1
1
1
1
1
1
1
1
1
1
1
1
1
1
1
1
1
1
1
1
1
1
1
1
1
1
1
1
1
1
1
1.00004
1
1
1
1
1
1
1
1
1
1
1
1
1
1
1
1
1
1
1
1
1
1
1
1
1
1
1
1
1
1
1
1
1
1
1
1
1
1
1
1
1
1
1
1
1
1
0.999957
1
1
1
1
1
1
1
1
1
0.999999
1
0.999982
1
1
1
0.999996
1
1
1
1
1
1
0.999999
1
1
1
1
1
1
1
1
1
1
1
1
1
1
1
1
1
1
1
1
1
1
1
1
1
1.00004
1
1
1
1
1
1
1
1
1
1
1
1
1
1
1
1
1
1
1
1
1
1
1
1
1
1
1
0.99999
1
1
1
1
1
1
1
0.999945
1
1
1.00048
1
1
1
1
1
1
1
1
0.999833
1
1
1
1
1
1
1
1.00003
1
1
1
1
1
1
0.999995
1
1
1
1
1
0.999997
1
1
1
1
1
1
1
1
1
1
1
1
1
1
1
1
1
1
1
1
1
1
1
1
1
1
1
1
1
1
1
1
1
1
1
1
1
1
1
1
1
1
0.999992
1
1
1
1
1
0.999999
1
1
1
1
1
1
1
1
1
1
1
1
1
1
1
1
1
1
0.999977
1
1
1
1
1
0.999999
1
1
1.00001
1
1
1
1
1
1
1
1
1
1
1
1
1.00002
1
1
1
1
1
1
0.999845
1
1
1
1
1
1
1
1.00009
1
1
1
0.999974
1.00001
1
1
1
1
1
0.999975
1.00003
1
1
1
0.999981
1
1
0.999987
1
1
1
0.999997
1
1
1
1
1
1
1
1
1
1
1
1
0.999986
1
1
1
1
1
1
1
1
1
1.00003
1
1
1
1
1
1
1
1
1
1
1
1
1
1
1
1
1
1
1
1
1
1
1
1
1
1
0.999992
1
1
1
1
1
1
1
1
1
1
1
1
1
1.00001
1
1
1
1
1
1
1
1.00001
1
1
1
1
1
1
0.999999
1
1
1
1
1
1
1
1
1
1
1
1
1
1
1
1
1
0.999964
1
1
1
1
1
1.00002
1
1
1
0.998101
1
1
1
1
1
1
1
1
1
1
1
1
1
1
1
1
1
1
1
1
1
1
1
1
1
1
1
1
1
1
1
0.999996
1
1
1
1
1
1
1
1
1
1
1
1
1
1
1
0.999958
1
1
1
1
0.999926
1
0.999999
1
0.999953
1
1
1
1
1
1
1
1
1
1
1
1
1
1
1
1
1
1
1
1
1
1
1
1
1
1
1
1
1
1
1
1
1
1
1
1
1
1
0.999995
1
1
1
1
1
1
1
1
1
0.999928
1
1
0.999998
0.999992
1
1
1.00003
1
1
1
1
1
1
1
1
0.999999
1
1
1
1
1
1
1
1
1
1
1
1
1
1
1
1
1
1
1
1
1
1
1
1
1
1
1
1
1
1
1
1
1
1
0.999992
1
1
1
1
1
0.999938
1
1
0.999975
1
0.999997
1
1
0.999958
1
1
1
1
1
1
1
0.999975
1
1
1
1
1
1
1
1
1
1
1
1.00002
1
1
1
0.999999
1
1
1
1
1
1
1
1
1
1
1
1
1
1
1
1
1
1
1
1
1
1
1
1
1
1
1
1
1
1
1
1
1
1
1
1
1
1
1
1
1
1
1
1
1
1
1
1
1
1
1
1
1
0.999994
1
1
1.00013
1
1
1
1
1
1
1
1
1
1
1
1
1
1
1
1
1
1
1
1
1
1
1
1
1
1
1
1
1
1
1
1
1
1
1
1
1
1
1
1
1
1
1
1
1
1
1
1
1
1
1
1
0.999998
1
0.999993
1
1
1
1
1
1
1
1
1
1
1.00003
1
1
1
1
1
1
1
1
1
0.999252
1
1
1
1
1
1
1
1
1.00002
1.00002
1
1
1
1
1
1
1
1
1
1
1
1
1
1
1
1
0.999807
1
0.999996
1
1
0.999956
1
1
1
1
1
1
1
1
1
1
1
1
1
1
1
1
1
1
1
1
0.999919
0.999998
1
1
1
1.00011
1
1
1
1
1.0001
1
1
1
1
1
1
1.00002
1
1
1
1
1
1
1
1
1
1
1
1
1
0.994687
1
1
1
1.00028
1
1
1
1
1
1
1
0.999978
1
1
1
1
1
1
1
1
1
1
1
1
1
1
1
1
1
1
1
1
1
1
1
1
1
1
1
1
1
1
1
1
1
0.99996
1
1
1
1
0.999999
1
1
1.00001
1
1
1
1
0.999999
1
1
0.999999
1
0.999979
1
1
1
1
1
0.999997
1
1
1
1
1
1
1
0.999999
1
1
1
1
1
1
1
1
1
1
1
1
1
1
0.996749
1
1
1
1
1
0.999999
1
1
1
1
1
1
1
0.999999
1
1
1
1
1
1
1
1
1
1
1
1
1
1
0.999999
1
1
1
1
1
1
1
1
1
1
1
1
1
0.999996
1
1
1
1
1
0.999785
1
0.999989
1
1
1.00001
1
1
1
1
1
1
1
1
1
1
1
1
1
1
1
1
1
1
1
1
1
1
1
1
1
1
1
1
1
1
1
1
0.999514
1
1
1
1
1
1
1
1.00018
1
1
1
1
1
1
1
1
1
1
1
1
1
0.999997
1
1
1
1
0.999999
1
1
1
0.999999
1
1
1
1
1
1
1
1
0.999888
1
1
1
1
0.999999
1
1
1
1
1
1
1
1
1
1
1
1
1
1
1
1
1
1
1
1
1
1
1
1
1
1
1
1
1
1
1
1
1
1
1
1
1
1
1
0.999985
1
1.00002
1
1
1
1
1
1
1
1
0.999999
1
1
1
1
1
1
1
1
0.999998
1
1
1
1
1
1.00001
1
1
1
1
1
1
1
1
1
1
1
1
1
1
1
1
1
1
1
0.999998
1
1
0.999915
1
1.00001
1
1
0.999987
1
1
1
1
1
1
1
1
1
1
1
1
1
1
1
1
1
1
1
0.999993
1
1
1
1
1
1
1
1
1
1
1
1
1.00003
1
1
1
1
1.00076
1
1
1
1
1
1
1
1
1
1.0003
1
1
1
1
0.999998
1
1
0.999999
1
1
1
1
1
1
1
1
1
1.00002
0.999942
1
1
1
1
1
1
1
1
1
1
1
1
1
1
1
1
1
1
1
1
1
1
1
1
1
1
1
1
1
1
1
1
1
1
1
0.996376
1
1
1
1
1
1
1
1
1
1
1
1
1
1
1
1
1
1
1
1
1
1
1.00002
1
0.999991
1
1
1
1
1
1
1
1
1
1
1
1
1
1
1
1
1
1
1
1
1
0.998637
1
1
1
1
1
1
1
1
1
1
1
1
1
1
1
1
0.999984
1
1
1
1
1
1
1
1
1
1
1
1
1
1
1
1
1
1
1
1
1
1
1
1
1
1
1
1
1
1
1
1
1
1
1
1
1
1
1
1
1
1
1
1
1
1
1
1
1
1
1
1
1
1
1
1
0.998883
1
1.00003
1
1
1
1
1
1
1
1
1
1
1
1
1
1
1
1
1
1
1
1
0.999967
1
1
1
0.998234
1.00002
1
1
1
1
1
1
1
1
1
1
1
1
1
1
1
1
1
1
0.999954
1
1
1
1
1
1
1
1
1
0.998779
1
1
1
1
1
1
1
1
1
1
1
1
1
1
1
1
1
1
1
1
1
1
1
1
1
1.0009
0.999998
1
0.999995
1
1
1
1.00035
1
1
1
1
1
1
1
1
1
1
1
1
1
1
1
1
1
1
1
1
1
1
1
1
0.999996
1
1
1
0.999996
1
1
1
1
1
1
1
1
1
1
1
1
1
1
1
1
1
1
1
1
1
1
1
1
0.999977
1
1
1
1
1
1
1
1
1
1
1
1
1
1
1
1
1
1
1
1
1
1
1
1
1
1
1
1
1
0.999999
0.999989
1
0.999999
1
1
1
1
1
1
1
1
1
1
1
0.999985
1
1
0.999897
1
1
1
1
1
1
1
1
1
1
0.999984
0.999982
1
1
1
0.999999
1
1
1
1
1
1
1
1
1
1
1
1
1
1
1
1
1
1
1
1
1
1
1
1
1
1
1
1
0.999674
1
1
1
1
1
1
1
1
1
1
0.999991
1
1
1
1
1
1
1
0.999999
1
1
1
1
1.00006
1
1
1
1
1
1
1
1
1
1
1
0.999972
1
1
1
1
1
1
1
1
1
1
1
1.00002
1
1
1
1
1
1
1
1
1
1
1
1
1
1
1
1
1
1
1
1.00002
1
1
1
1
1
1
1
1
1
1
1
1
1
1
1
1
1
1
1
1
1
1
1
1
1
1
1
1
1
1
1
1
1
1
1
1
1
0.999998
1
1
1
1
1
1
1
1
1
1
1
1
1
1
1
1
1
1
1
0.999976
1
1
1
1
1
1
1.00083
1
1
1
1
1
1
1
1
1
1
1
1
1
1
1
1
1
1
1
1
1
1
1
1
1
1
1
1
1
1
1
1
1
1
1
1
1
1
1
1
1
1
1
1
1
1
1
1
1
1
1
1
1
1
1
1
1
1
1
1
1
1
1
1
1
1
1
1
1
1
1
1
1
1.00042
1
1
1
1
1
1
1
1
1
1
1
1
1
1
1
1
1
1
1
1.00001
1
1
1
1
1
1
1.00001
0.999989
1
1
1
1
1
1
1
1
1
1
1
1
1
1
1
1
1
1
1
1
1
0.999975
1
1
1
1
1
1
1
1
1
1
1
1
1
1
1
1
1
1
1
1
1
1
1
1
1
1
1
1
1
1
1
1
0.999969
1
1
1
1
1
0.999976
1
1
1
1
1
1
1
1
1
1
1
1
1
0.999956
1
1
1
1
1
1
1
1
1
1
1
1
1
0.999986
1
1
0.999999
1
1
1
1
1
1
1
1
1
1
1
1
1
1
1
1
1
1
1
1
1
1
1
1
1
1
1
1
1
1
1
1
1
1
1
1
1
1
1
1
1
1
0.999988
1
1
1
1
1
1
1
1
1
1
1
1
1
1
1
1
1
1
1
1
1
1
1
1.00002
1
1
1
1
1
1
1
1
1
1
1
1
0.999882
1
1
1.00009
1
1
1
1
1
1.00008
1
1
1
1
1
1
1
0.999975
1
0.999996
1
1
1.00002
1
1
1
1
0.999999
1
1
1
1
1
1
1
1
1.00004
1
1.00014
1
1
1
1
1
1
1
1
1
1
1
1
1
1
1
1
1
1
1
1
1
1
1
1
1
1
1
1
1
0.997196
1
1
1
1
1
1
1
1
1
1
1
1
1
1
1
1
1
1
1
1
1
1
1
1
1
1
1
1
1
1.00026
1
1
1
1
1
1
1
1
1
1
1
1
1
1
0.999911
1
1
1
1
1
1
1
1
1
1
1
1
1
1
1
0.999999
1
1
1
1
1
1
1
1
1
1
1
1
1
1
0.999965
1
1.00045
1
1
1
1
1
1
1
1
1
1
1
1
1
0.999998
1
1
1
1
0.999998
1
1
0.999999
1
1
1
1
1.00115
1
1.00001
0.99843
1
1
1
1
1
1
1
1
1
1
1
1
1
1
1
0.999994
1
1
1
1
1
1
1
1
1
1
1
1
1.00002
1
1
0.999038
1
1
1
1
1
1
1
1
1
1
1
1.00108
1
1
1
1
1
1
1
1
1
1
0.993115
1
1
1
1
0.999994
1
0.999995
1
1
1
1
1
1.00094
1.00005
1
1
1
1
1
1
1
0.999962
1
0.999919
1
1
1
0.990549
1
1
1
1
1
1
1
1
1
1
1
1
1
0.999997
0.997884
1
1
1
1
1
1
1
1
1
1
1
1.00049
1
1.00016
1
1
1.00017
1.00031
1
1
1
1
1
1
1
1
1
1
1
1
1
1.00002
1
1
1
1
1
1
1
0.999997
1
1
1
1
0.99953
1
1
1.00012
1
1
1.00009
1
1
1
1
1
1
1
1
1
1
1.00017
1
1
1
1
1
0.999988
1
1
0.999997
1
1
1
1
1.00003
1
1
0.999993
1
1
1
1
1
1
1.00029
1.00003
1
1
1
1
1
1
1.00002
1.00015
1
1
1
1
1
1
1
1
1
1
1
1
1
1
0.999619
1
1
1
1
1.00018
1
1
1
1
1
1
1
1
1
1
1
1
1
1
1
1
1
1
1
1
1
1
1
1
1
1
1
1
1
1
1
1
1
1.00085
1
0.999708
1
1
1
1
1
0.999985
1
0.999996
1
1
1
1
1
1
1
1
1
1
1
1
1
1
1
1
1
1
1
1
1
1
1
1
1
1
1
1
1
1.00001
1
1
0.999984
1
1
1
1
1
1
1
0.999996
1.00002
0.999942
1
1
0.999968
1
1
1
1
1
1
1
1
1.00001
1
1
0.999998
1
1
1.00002
1
1
1
1
1
1
1
1
1
1
1
1
1
1
1
1
1
1
1
1
1
1
1
1
1
1
1
1
1
1
1
0.999993
1
0.997811
1
1
1
1
1
1
1
1
1
0.999999
1.00001
0.999996
1
0.999998
1
1.00002
1
1
1
0.999965
1
1
1
0.999888
1
1
1
1
1
1
1
1
1
1
0.99977
1.00002
1.00007
1
1
1
1
1
1
1
1
1
1
1
1
1
1
0.999924
1
1
1
1
1
1
1
1
1
0.999632
1
1
1
1
1
1
1
1
1
1
1
1
1
1
1
1
1
1
1
1
1
1
1
1
1
1
1
1
1
1
1
1
1
1
1
0.999997
1
1
1
1
1
1
1
1
1
1
1
1
1
1
1.00002
1
1
1.00001
1
1
1
1
1
1
1
1
1
1.00006
1
1
0.999744
1
1
1
1
1
1
1
1
1
1
1
1
0.999314
1
1
1
1
1
1
1
1
1
1
1
1
1
1
0.996796
1
1
1
1
1
1
1
1
1
1
1
1.00005
1
1
1
1
1
1
1
1
1
1
1
1
1
1
1
0.996849
0.999959
1
1
1.00017
1
1
1
1
1
1
0.999995
1
1
1
1
1
1
0.997429
1
1
1
1
1
1
1
1
1
1
1
1
1
1
1
1
1
1
1
1
1
1
1
1
1
1
1
1
1
1
1
1
1
1
1
1
1
1
1
1
1
1
1
1
1
1
1
1
1
1
1
1
1
1
1
1
1
1
1
1
1
1
1
1
1
1
1
1
1
0.999995
1
1
1
1
1
1
1
1
1
1
1
1
1
1
1
1
1
1
1
1
1
1
1
1.00003
1
1
1
1
1
1
1
1
1
1
1
1
1
1
1
1
1
1
1
1
1
1
1
1
1
1
1
1
1
1
1
1
1
1
1
1
1.00053
1
1
1
1
1
1
1
1
1.00013
1
1
1
1
1
1
1
1
1
1
1
1
1
1
1
1
1
1
1
1
1
1
1
1
1
1
1
1
1.00001
1
1
0.999995
1
0.999992
1
0.999987
1
1
1
1
1
1
1
1
1
1
1
1
1.00014
1
1
1
1
1
1
1
1
1
1
1
1
1
1
1
0.999877
1
1
1
1
1
1
1
1
1
1
1
1
1
1
1
1
1
1
1
1
1
1
1
1
1
1
1
1
1
1
1
1
1
1
1
1
1
1
1
1
1
1
1
1
0.999855
0.999998
1
1
1
1
1
1
1
1
1
1
1
1
1
1
1
0.999893
1
1
1
1
1
1
1
1
1
1
1
1
1
0.999999
1
1
0.999961
1
0.999962
1
1
1
1
1
1
1
1
1
1
0.999743
1
1
1.00001
1
1
1
1
0.999973
0.999996
1
1
1
1
1
1
1
1
1
0.999956
1
1
1
1
1
1.00009
0.999911
0.999997
1
1.00004
1
0.999687
1
1
1
1
1
1
1
1
1
1
1
1
1
1
1
1
1
1
1
1
1
1
1
1
1
1
1
1
1
1
1
1
1
1
0.999123
1
1
1
1
1.00003
0.99999
1
1
1
1
1
1
0.998954
1
1
1
1
1
1
1
1
1
1.00001
1
1
1
1
1
1
1
1
1
1
1
1.00001
1
0.999999
1
1
1
1
1
0.999085
1
1
1
1
1
1
1
1
1
1
1
1
1
1
1
1
1
1
1
1
1
1
1
1.00001
1
1
1
1
1
1
1
1
1
1
1
1
1
1
1
1
1
1
0.99756
0.999937
1
1
0.999999
1
1
1
1
1
1
1
1
1
1
1
1
0.999992
1
1
1.00001
1
1
1
1
1
1
0.999999
1
0.999994
1.00004
1
1
1
1
1
1
1
1
1
0.999989
1
1
1
1
1.00001
1
1
1
1
1
1
1
1
1
1
1
1
1
1
1
1
1
1
1
1
1
1
1
1
1
1
1
1
1
1
1
1
1
1
1
1
1
1
1
1
1
1
1
1
1
1
1
1
1
1
1
1
1
1
1
1
1.00026
1
1
1
1
1
1
1
1
1
1
1
1
1
1
1
1
1
1
1
1
0.999741
1
1
1
1
1
1
0.996811
1
1
1
1
1
1
1
1
1
1
0.999998
1
1
1
1
1
1
1
1
1
1
1
1
1
1
1
1
0.9999
1
1.00003
0.998654
1
1
1
1
1
1
1
1
0.999872
1
1
1
1
1
1
1
1
1
1
1
1
1
1
1
1
1
1
1
1
0.99997
1
1
1
1
1
1
1
1
1
1
1
1
1
1
1
1
1.00056
1
0.999984
1
1
1
1
1
1
1
1
1
1
1
1
1
1
1
0.999992
1
1
1
0.999998
1
1
1
1
1
1.00049
1
0.999995
1
1
1
0.999974
1
0.999999
1
1
1
1
1
1
1
1
1
1
0.999994
1
0.999991
1
1
1
1
0.999997
1
1
1
0.999999
1
1
0.999916
1
1
1
1
0.999912
0.999987
1
1
1
0.999989
1
1
1
1
1
1
1
1
1
1
1
1
1
1
1
1
1
1
0.999999
1
1
1
1
1
1
1
1.00017
1
1
1
1
0.999775
1
1
1
1
1
1.00004
0.999999
1
1
0.99985
1
1
1
1
1
1
1
0.997305
1
1
1
1
1
0.999998
1
1
1
1
1
1
1
1
1
1
1
1
1
1
1
1
1
1
0.999869
1
1.00062
1
1
1
1
1
1
1
1.00001
1
1
1
1
1
1
1
0.999969
1
1
1
1
1
1
1
1.00004
1
1
1
1
0.999996
1
0.999922
1
1
1
1
1
1
1
1
1
1
1
1
1
1
0.999256
1
0.999799
1
1
1
1
1
1.00001
1
1
1
1
1
1
1
1
1
1
1
1
1
1
1
1
0.997839
1
1.00001
1
1
1
1
1
1
1
1
1
1
1
1
1
1
1
1
1
1
1
1
1
1
1
1
1
1
1
1
0.998585
1
1
1
1
1
1
1
1
1
1
1
1
1
1
1
1
1
1
1
1
1
1
1
1
1
1
1
1
1
1
0.999959
1
1
1
1.00001
1
1
1
0.999985
1
1
1
1
1
1
1
1
1
1
1
1
1
1
1
1
1
1
1
1
1
1
1
1
1
1
1
1
1
1
1
1
1
1
1
0.999999
1
1
1
1
1
1
1
1
1
1
1
0.999996
1
1
1
1
0.999998
1
1
1
1
1
1
1
1
1
1
1
1
1
1
1
1
1
0.999908
1
1
1
0.999505
0.999997
1
1
1
1
1
1
1
1
0.999992
1
1
1
1
1
1
1
1
1
1
1
1
1
1
1
1
0.99676
1
1
1.00055
1
1
1
1
1
1
1
0.999955
1
1
0.999931
1
1
1
1
1
1
1
1
1
1
1
1
1
0.999999
1
0.999934
1
1
1
1
1
1
1
1
1
1
1
1
1
1
1
1
1
1
1
1
1
1
1
1
1
1
1
1
1
1
1
1
1
1
1
1
1
0.999999
0.999999
1
1
1
1.00001
1
0.999989
1
1
1
1.00017
1
1
1
1
1
1
1
1
1
1
1
0.999965
1
1
1
1
0.999597
1
1
1
1
1
1
1
1
1
1
1
1
0.999998
1
1
1
1
1
1
0.999999
1
1
1
1
1
1
1
1
1
1
1
1
1
1
1
1
0.999999
1
0.999998
1
1
1
1
1.00001
1
1
0.999464
1
0.999999
1
1
1
1
1
1
0.996661
1
1
1.00002
1
1
0.99999
1
1
1
1
1
1
1
0.999465
1
1
1
1
1
1
1
1
1
0.999993
1
1
1
1
1
1
0.999991
1
1
1
1
1
1
1
1
1
1
1
1
1
1
1
1
1
1
1
1
1
1
1
1
1
1
1
1
1
1
1
1
1
1
1
1
0.999986
1
1
1
1
0.999942
1
1
1
1
1
1
1
1
1
1
1
1
0.999999
1
1
1
1
1
1
1
1
1
1
1
1
1
1
0.999933
1
1
1
1
1
1
1
1
1
1
1
1
1
1
1
1
1
1
1
1
1
1
1
1
1
1
0.997547
1
1
1
1
1
1
1
1
1
1
1
1
1
1
1
1
0.999994
1
1
1.00001
1
1
0.998571
1
1
1.00001
0.997551
1
1
1
1
1
1
1
0.999993
1
1
1
0.999931
1
1
1
1
1
1
1
0.999824
1
1
1
1
1
1
1
0.999995
1
1
1
1.00018
1
1
1
1
0.999978
1
1.00001
0.991842
1
1
1
1
1
1
1
0.999983
1
1
1
1
1
1
1
1
1
1
1
1
1
1
1
1
1
1
0.999951
1
1
1
1
1
1
1
0.999858
0.999018
1
1
1
1
1.00001
1
1
1
1
1
1
1
1
0.999998
1
0.999968
1
1
1
1
1.00001
0.999995
1
1
1
1
1
1
1
1
1
1
1
1
1
1
1
1
1
1
1
1
1
1
1
1
0.993379
1
1
1
1
1
1
1
1
1
1
1
1
1
1
0.997814
1
1
1
1
1
1
1
1
0.999449
1
1
1
1
1
0.999982
1
1
1
1
1
1
1
0.999945
1
1
1
1
0.994879
1
1
1
1
1
1
0.999997
0.999998
1
0.999999
1
1
1
1
1
1
1
1
1
1
1
1
1
1
1.00002
1
1
1
1
1
0.999998
1
1
1
1
1
1
0.999969
1
1
1
1
1
1
1
1
1
1
1
1
1
1
1
1
1
1
1
1
1
1
1
1
1
1
1
1
1
1
1
1
1
1
1
1
1
1
0.999992
1
1
1
1
1
1
1
1
1
1
1
1
1
1
1
1
1
1.00001
1
1
1
1
1
0.999995
1
1
1
1
1
1
1
1
1
1
1
1
1
1
1
1
1
1
1
1
0.999982
1
1
1
1
1
1
1
1
1
1
1
1
1
1
1
1
1
1
1
1
1
1
1
0.999641
1
1
1
1
1
1
1
1
1
1
1
0.999935
1
1
1
1
1
1
1
1
1
1
1
1
0.999999
1
1
1
0.999999
1
1
1
1
1
1.00002
0.999987
1
1
1
1
1
1
1
1
1
1
1
1.00001
1
1
0.994892
1
1
1
1
1
1
1
1
1
1
1
1
1
1
1
1
1
1
1
0.999987
1
1
0.9919
1
0.999964
0.999996
1
1
1
1
1.00019
1
1
1
1
1
1
1
1
1
1
1
1
1
1
1.00013
1
1
1
1
1
1
1
1
1
1
0.999946
1
1
1
1
1
1
1
1
0.999999
1
1
1
0.999996
1
0.999997
1
1
0.999946
1
1
1
1
0.999924
1
1
1
1
1
1
1
1
1
0.999973
1
1
1
1
1
1
1
1
1
1
1
1
1
0.998075
0.999999
1
1
1
1
1
1
1
1
1
1.00001
0.999992
1
1
1
1
1
1
1
1
1
1
1
1
1
1
1
1
1
1
1
1
1.00035
1
1
1
1
1
1
1
1
1
1
1
1
1
0.999858
1
1
1.00002
1
1
1
0.999931
1
1
1
1
0.999947
1
1
1
1
1
1
1
1
1
0.999998
1
1
1
1.00048
1
1
1
1
1
1
1
1
1
1
1
1
1.00003
1
1
0.999983
1
1
1
1
0.999998
1
1
1
1
1
1
1
1
1
1
1
1
1
0.997832
1
1
1
1
1
1
1
1
1
1
1
1
1
1
0.996239
1
0.999968
1
1
1
0.999863
1
1
1.00068
1
1
1
1
1
1
1
1
1
1
1.00001
1
1
1
1
1
1
1
1
1
1
1
1
1
1
1
1
1
1
1
1
1
1
1
1
1
1
1
1
1
1
1
1
1
1
1
1
1
1
1
1
1
1
1.00001
1
1
1
1
1
1
1
1
1
1
1
1
1
1
1
1.00001
0.999948
0.99797
1
1
0.99995
1
0.999999
1
1
1
1
1
1
1
1
1
1
1
1
1
1
1
0.999999
1
1
1
1.0001
1
1
1
1
1
1
1
1
1
1
1
1
1
1
1
0.999997
0.999993
1
1
1
1
1
1
1
1
1
1
1
1
1
1
1
1
1
1
1
1
0.999995
1
1
1
1
1
1
1
1
1
1
1
1
1
1
1
1
1
1
1
1
1
1
1
1
1
1
1
1
1
1
1
1
1
1
1
1
1
1
1
1
1
1
1
1
1
1
1
1
1
1
1
1
1
1
1
1
1
1
1
1
1
1
1
1
1
1
1
0.995606
1
1
1
1
1
1
0.999993
1
1
1.00001
1
1
1
1
0.999996
1
1
1
1
1.00001
1
1.00023
1
1
0.99959
0.999993
1
1
1
1
1
1
1
1
0.999996
1
1
1
1
1
1
0.999998
0.999999
1
1
0.999999
1
1
1
1
1
1
1
0.999989
1
1
1
1
1
1
1
1
1
1.00004
1
1
1
1
1
1
1
1
1
1
1
1
1
1
1
1
1
0.999991
1
1
1
1
1.00004
1
1
1
1
1
1
1
1
1.00002
1
1
1
1
1
1
1
1
1
1
1
0.999997
1
1
0.999991
0.999999
1
1
1
1
1
1
1
1
0.999982
0.99997
1
1
1
0.999977
1
1
1
1
1
1
1
1
1.00003
1
1
1
1
1
1
0.999803
1
1
1
1
1
1
1
1
1
1
1
1
0.999998
1
1
1.00011
1
1
0.999339
1
1
1
1
1
1
1
1
1
1
1
1
1
1
1
0.999999
1
1
1
1
1
1
1
1
1
1
1
1.00079
1
1
1
1.00001
0.999996
1
1
1
1
1
1
0.999988
0.999996
1
1
1
1
1
0.999665
1
1
0.999997
1
1
1
1
1
1
1
1
1
1
1
1
1
1
1
1
1
1
1
1
1
1
1
1
1
1
1
1
1.00001
1
1
1
1
1
1
1
1
0.999999
1
1
1
1
1
1
1
1
1
1
1
1
1
1
1
1
1
1
1
1
1
0.999999
1
1
1
1
1
0.999999
1
1
1
1
1
1
1
0.999979
1
1
1
1
1
1.00004
1
1
1
1
0.999999
1
1
1
1
1
1
1.00003
1
1
0.999812
1
1.00001
1
1.00002
1
1
0.999994
1
1
0.999992
1
1
0.999998
1
1
1
1
1
1
1
1
1
1
1
1.00001
1
1
0.999999
1
1
1
1
1
1
1
1
1
0.999998
1
1
1
1
1
1
1
1
1
1
1
1
1
1
1
1
1
1
1
1
1
1
1
1
1
1
1
1.0004
1
1
1
1
1
1
1
1
1
1
1
1
1
1
1
1
1
1
1
1
1
1
1
1
1
1
1
1
1
0.999987
1
1
1
1
1
1
1.00004
1
0.999999
1
1
1
1
1
1
1
1
1
1
1.00003
0.999999
1
1
1
1
1
1
1
1
0.999999
1
1
1
1
1
1
1
1
1
1
1
1
1
1
1
1
1
1
1
1
1
1
1
1
1
1
1
1
0.999988
1
1.00004
1
1
1
1
0.999999
0.999998
1.00079
1
1
1
1
0.999988
1
1
1
1
1
1
1
0.999999
1
1
1
1
1
1
1
1
1
0.999995
1
0.999967
1
0.999754
1
1
1
1
0.999986
1
1
1
1
0.999955
1
1
1
1.00083
0.999999
1
1
1
0.999956
1
1
0.99999
1
1
1
1
0.999958
1
1
1
1
1
1.00086
1
1
1
1
1
1
1
1
1
1
1
1
1
1
1
1
1
1
1
1
1
1
1
1
1
1
1
1
1
1
1
1
1
0.999999
1
1
1
1
1
1
1
1
1
1
1
1
1
1
1
1.00062
1
1
1.00003
1
1
1
1
1
1
1
1.00013
1
1
1
1
1
1
1
1
1
1
1
1
1
1
1
1.00008
1
1
1
1
1
1
1
1
1
1.00002
1
1
0.999752
1
1
1
1
1
1
1
1
1
1
1
1
1
1
1
1
1
1
1
1
1
1
1
0.999999
0.999996
1
1
1
1
1
1
1
1
1
0.999999
1
1
1
1
1
1
1
1
1
1
1
1
1
1
1
0.999995
1
0.999984
1
1
1
1
1
1
1
1
1
1
1
1.00006
0.999999
1
0.99958
0.999998
1
1
1
1
0.999975
1
1
1
1
1
1
1
1
1
1
0.999999
1
0.999968
1
1
1
1
1
1.00107
1
1
1
0.999997
0.999719
1
1
1
1
0.999968
1
1
1
1
1
1
0.999999
1
1
1
1
1
1
1
1
1
1
1
1
1
1
1
1
1
1
1
1
0.999913
1
0.999968
1
1
0.999584
1
1
1
1
1
1
1
1
1
0.999999
1
1
1
1
1
1
1
1
1
1
1
1
1
1
1
1
1
1
1
1
1
1
1
1
1
1
1
0.999998
1
1
1
1
1
1
1
0.999999
1
1
1
1
0.999953
1
1
1
1
1
1
1
1
1
1
1
1
1
1
1
1
1
1
1
1
1
1
1
1
1
1
0.999917
1
1
1
1
1
1
0.99985
1
1
0.999998
1
1
1
1
1.00007
0.999999
1
1
0.999999
1
1
1
1
1.00005
1
1
1
1
1
1
1.00005
1
0.999996
1
1
1
1
1
1
1
1
1
1
1
1
1
1
1
0.999999
1
1
1
1
1.00001
1
1
1
1
0.999931
0.999999
1
1
1
1
1
1
1
1
1
1
1.00001
1
1
1
1
)
;

boundaryField
{
    frontback
    {
        type            empty;
    }
    topbottom
    {
        type            zeroGradient;
    }
    outlet
    {
        type            zeroGradient;
    }
    inlet
    {
        type            fixedValue;
        value           nonuniform List<scalar> 0();
    }
    walls
    {
        type            zeroGradient;
    }
    procBoundary1to0
    {
        type            processor;
        value           nonuniform List<scalar> 
104
(
1
1
1
1
1
1
1
1
1
1.00001
1
1
1
0.99999
0.999974
1.00001
0.999868
1
0.999999
1
1
1
1
1
1
1
1
1
1
1
1
1
1
1
0.999868
1
1
1
1
1
1
1
0.996642
1
1
1
1
1
1
1
1
1
1
1
0.999876
1
1
1
1
1
1
1
1
1
1
1
1
1
1
1
1
1
1
1
1
1
1
1
1
1
1
1.0001
1
1
1
1
1
1
1
1
1
1
1
1
1
1
1
1
1
1
1
1
1
1
)
;
    }
    procBoundary1to3
    {
        type            processor;
        value           nonuniform List<scalar> 
205
(
1
1
1
1
1
1
1
1
1
1
1
1
0.999991
1
1
1
1
1
1
1
1
1
1
1
1
1
1
1
1
1
1
1
1
1
1
1
1
1
1
1
1
1
1
1
1
1
1
1
1
1
1
1
1
1
1
1
1
1
0.999996
1
1
0.999999
1
1
1
1
1
1
1
1
1
1
1
1
1
1
1
1
1
1
1
1
1
1
1
1
1
1
1
1
1
1
1
1
1
1
1
1
1
1
1
1
1
1
1
1
1
1
1
1
1
1
1
1
1
1
1
1
1
1
1
1
1
1
1
1
1
1
1
1
1
1
1
1
1
1
1
1
1
1
1
1
1
1
1
1
1
1
1
1
1
1
1
1
1
1
1
1
1
0.999999
1
1
1
1
1
1
1
1
1
1
1
1
1
1
1
1
1
1
1
1
1
1
1
1
1
1
0.999991
1
1
1
1
1
1
1
1
1
1
1
1
1
1
1
1
1
1
)
;
    }
}


// ************************************************************************* //
