/*--------------------------------*- C++ -*----------------------------------*\
| =========                 |                                                 |
| \\      /  F ield         | OpenFOAM: The Open Source CFD Toolbox           |
|  \\    /   O peration     | Version:  v2012                                 |
|   \\  /    A nd           | Website:  www.openfoam.com                      |
|    \\/     M anipulation  |                                                 |
\*---------------------------------------------------------------------------*/
FoamFile
{
    version     2.0;
    format      ascii;
    class       volScalarField;
    location    "150";
    object      gammaInt;
}
// * * * * * * * * * * * * * * * * * * * * * * * * * * * * * * * * * * * * * //

dimensions      [0 0 0 0 0 0 0];


internalField   nonuniform List<scalar> 
13851
(
1
1
1
1
1
1
1
1
1
1
1
1
1
1
1
0.999998
1
1
1
1
1
1
1
1
1.00001
1
0.999626
0.999925
1
1
1
1
1
1
1
1
1
0.99998
1
1
1
1
1
1.00001
1
1
1
1
1
1
1
1
0.999998
1
1
1
1
1
0.990124
1
1
1.00101
1
1
1
1
1
1
1
1
1
1
1
1
1
1
1
1
0.999894
1
1
0.999921
1
1
1
1
1
1
1
1
1
1
1
1
1
1.00002
1
0.999992
1
1
0.99999
1
1
1
1
1
1
1
1
1
1
1
1
1
1
1
1
1
1
1
0.999996
1
1
1
0.999999
1
1
1
1
1
1
1
0.999091
1
1
1
1
1
1
1
0.999931
1
1
1
1
1
1
1
1
1
0.999987
1
1
1
1
1
1
1
1
1
1
1
1
1
1
1
1
1
1
1
1
1
1
1
1
1.0003
0.999989
1
1
0.999978
0.999999
1.00003
1
1
1
1
1
1
1
1
0.999984
1
1
1
1
0.999995
1
1
1
1
1.00003
1
1
1
0.999993
1
1
1
1
1
0.999998
1
0.99999
1
1
1
1
1
1
1
1
1
1
1
1
1
1
1
1
1
1
1
1
1
1
1
1.00003
1
1
1
0.999622
1
1
0.999999
1
1
1
1
1.00004
1
1
1
1
1
0.999993
1
1
1
1
1
0.999999
0.999999
1
1
1
1
1
1
0.998074
1
1
1
1
1
1
1
1
0.999999
1
1
1
1
1
1
1.00002
1
1
1
1
1
1
1
1
1
1
1
1
1
1
1
1
1
1
1
1
1
1
1
1
1
1
1
1
1
0.998229
1
0.999926
0.998603
1
1
1
1
1
0.999869
1
1
1
1
1
1
1
1
1
1
1
1
1
1
1
1
1
1
1
1
1
0.999999
0.999996
1
1
1
1
1
1
1
1
1
1
1
1
1
0.998593
1
1
1
1
1
0.998533
1
1
1
1
1.00076
1.00001
1
1
1
1.00026
1
1
1
1
1
1
1
1
0.999992
1
1
1
1
1
1
1
1
1
1
1
0.996524
1
1
1
1
1.00002
1
1
1
1
1.00006
1
1
1
1
1
1
1
1.00001
1
1
1.00134
1
1
1
0.999984
1
1
0.998807
1
1
1
1.00034
1
1
1
1
1
1
1
1
1
1
0.999675
1
1
1
1
1
1.00034
1
1
1
1
1
1
1
0.999987
1
1
1
1
1
1
1
1
1
1
0.999951
1
1
1
1
1
1
1.00166
1
1
1
1
0.994046
1
1
0.999999
1
1
1.00106
0.999983
1
1
1
1
1
1
1
1
1
1
1
1
1
1
1
1
1
1
1
1
0.998511
1
1
1
1
1
1
1
1
1
1
1
1
1.00006
1
1
0.999988
0.999135
1
1
0.999919
1
1
1
1
1
1
1
1
1
1
1
1
1
1
1
1
1
1
1
1
1
1
1
1
1
1
1
1
0.999992
1
1
1
1
1
1
1
1
1
1
1
1
1
1
1
1
1
1
1
1
1
0.999808
1
0.9974
1
1
1
1
1
1
0.999997
1
1
0.99236
0.999313
1
1
1
1
1
1
1
1
1
1
1
1
1
1
1
1
1
1
1
1
1
1
1
1
1
1
1
1
1
1
1
1
1
0.995168
1
1
1
1
1
1
1
1
1
0.999982
1
1
1
1
1
1
0.999922
1
1
1
1
1
1
1
1
1
1
1
1
1
1
1
1
1
0.994451
1
1
1
1
1
1
1
1
1
1
1
1
1
1
0.998221
1
1
1
0.999996
1
1
1
1
1
1
1
1
1
1
1
1
1
1
1
1
1
1
1
1
1
1
1
1
1.00039
1
0.997735
1
0.999999
1
0.999991
1
1
1
1
1
1
0.996135
1
1
1
1
0.999988
0.999987
1
1
1
1
1
1
1
1
1
1.00168
1
1
1
1
1
1
1
1
1
1
1
1
1
1
1
1
1
0.995637
1
1
1
1
1
1
1
1.00002
1
1
1
1
1
1
1
1
0.999801
1
1
1
1
1
1
1
1
1
1
1.00001
1
0.999992
0.996333
1
1
1
1
1
1
1
1
1
1
1
1
1
1
1
1
1
1.00001
1
1
1
1
1
1
1.00108
1
1
1
1
1
1
1
1
1
1
1
1
1
1
1
1
1
1
1
1
1
1
1
0.997191
1
1
1
1.00001
1
1
1
1
1
1
1
1
1
1
0.999999
1
1
1
1
1
1
1
0.999999
1
1
1
1
1
1
1
1
1
1
1
1
1
1
1
1
1
1
1
1
1
1
1
1
1
0.999094
1
1
1
1
1
1
1
1
1
0.999761
1
1
1
1
1
0.999904
1
1
1
1
0.996361
1
1
1
1
1
1
1
1
1
1
1
1
1
1
1
1
1
1
1.00138
1
1
1
1
1.00007
1
1
1
1
1
1
1
1
1
1
1
1
1
1
1
1
1
1
1
1
1
1
1
1
1
0.999176
1
1
1
1
1
1
1
1
1
1
1
1
1
1
0.999984
1
1
1.00034
1
0.999997
1
1
1
1
1
1
1
1
1
0.997235
1
1
1
1
0.999313
1
1
1
1
1
1
1
1
1
1
0.999985
1
1
1
1
1
1
1
1
1
1
1
1
1
1
1
1
1
1
1
1
1
1
0.998235
1
1
1
1
1
1
0.999795
1
1
1
1
1
1.00001
1
1
1
0.999986
1.0008
1
1
1
1
1
1
1
1
0.999882
1
1
1
1
1
1
1
0.999997
1
1
1
1
0.998352
1
1.00009
1
1
1
1
1
1
1
1
1
1
1
0.999989
1
1
1
1
1
1
1
1
1.00001
1
1
1
1
1
1
1
1
1
1
1
1
1
1
1
1
1
1
1
1
1
0.999787
1
1
1
1
1
1
1
1
1
1
1
1
1
1
1
1
1
1
1
1
1
1
1
0.999656
1
1
1
1
1
1
0.999895
1
1
1
1
1
1
1
1
1
1
0.999769
1
1
1
1
1
1
1
1
1
1
1
1
1
1
1
1
1
1
0.999691
1
1
1
0.999995
1
1
1
0.999941
1
1
1
1
1
0.997891
1
1.00002
1
1
1
1.00085
1
1
1
1
1
1
1
1
1
1
1
1
1
1
1
1
1
1
1
1
0.999646
1
1
1
1
1
1
1
1
1
1
1
1.00006
1
1
1
1
1
1
1
1
1
1
1
1
1
1
1
0.999998
1
1
1
1
0.999984
1
1
1
1
1
1
1
1
1
1
1
1
1
1
1
1
1
1
1
1
1.00028
1
1
1.00027
1
1
1
1
1
1
1
1
1
0.99812
1
0.999998
1
1
1
1
1
1
1
1
1
1
1
1
1
0.999813
1
1
1
1
1
1
0.999992
1
1
0.997655
1
1
1
1
0.999972
1
1
0.99964
1
1
1
1
0.999919
1
1
1
1
1
1
0.995638
1
1
1
1
1
0.999999
1
1
1
1
1
1
1
1
1
0.997404
1
1
0.999872
1
1.00096
1
1
1
1
1
1
0.998306
1
1
1
1
1
1
1
1
1
1
1
1
1
1
1
1
1
1
1
1
1
0.999617
1
1
1
1
0.999999
1
0.998638
1
1
1
1
1
1
1
1
1
1
1
1
1
1
0.999918
1
1
1
1
1
1
1
1
1
1
1
1
0.999896
1.00009
1
1.00118
1
1
1
1
0.999972
1
0.999974
0.997853
1
1
1
1
1
1
1
1
1
0.999972
1
1
1
1
1
1
1
1
1
1
1
1.00003
1
1
1
1
1
1
1.00083
1
1
1
1
1
1
1
1
1
1
1
1
1
1
1.00016
1
1
1
1
1
1
1
1
1
1
1
1
1
1
1
1
1
1
1
1
1
1
1
1
1
0.999978
1
1.00001
1
1
1
1
1
1
1.00004
1
1.00126
1
1
1
1
1
1.00063
1
1
1
1
1
1
1
1
1
1
1
1
1.00005
1
1
1
1
1
1
1
1
1
1
1
1
1
1
1
1
1
1
1
1
1
1
1
1
1
1
1
1
1
1
1
1
1
1
1
1
0.999865
0.999768
1
1
1
1
1
1
1
1
1
1
1
1
1
1
1
1
1
1
1
1
1
1
1
1
1
1
1
1
1
1
1
1
1
1
1
1
1
1
1
1
1
1
1
1
1
1
1
1
1
1
1
1
1
1
1
1
1
1
1
1
1
1
1
1
1
1
1
1
1.00005
1.00008
1
1
1
1
1
1.00001
1
1
1
1
0.992046
1
1
1
1
1
1
1
1
1.00003
1
1
1
1
1
1
1
1
1.00057
1
1
1
1
1
1
1
0.999928
1
1
1
1
1
1
1
0.999064
1
1
1
1
1
1
1
0.999935
1
1
1
1
1.00001
1
1
1
1
1
1
1
1
1
1
1
1
1
1
1
0.999959
1
1
1
1
1
1
1.00002
1
1
1
1
1
1
1
1
1
1
1
1.00035
1
1
1
1
1
1
1
1
1
1
1
1
1
0.991416
1
1
1
1
1
1
1
1
1
1
1
1
1
1
1
1
1
1
1
1
1
1
1
1
0.999981
1
1.00006
0.999782
1
1
1
1
0.99957
0.999354
1
1
1
0.997889
1.00001
1
1.00079
1
1
1
1
1
0.999999
1
1
1
1
1
1
1
1
1
1
1
1
1
1
1
1
1
1
1
1
1
1
1
1
1
1
1
1
1
1
1
1
1
1
1
1
1
1.00041
1
1
1
1
1
1
1
1
1
1
0.999997
1.00157
1
1
1
1.00012
1
1
1
1
1
1
1
1
1
1
1
1
1
1
0.999953
1
1
1
1
1
1
1
1
0.998052
0.99999
1
1
1
1
1
1
1
1
1
1
1
1
1
1
1
1
1
1
1
1
0.998936
1
1
1
1
1
1
1
1
1
1
1
1
1
1
1
1
1
1
1
1
1.0012
1
1
1
1
1
1
1
1
0.999951
1
1
1
1
1
1
1
1.00166
0.999999
1
0.999136
1
1
1
1
0.999972
1
1
1
1
1
1
1
1
1
1
1
1
1
1.00008
1.00009
1
1
0.999233
1
1
1
1
1
1
0.999999
1
1
1
1
1
1
1
1
1
1
1
1
1
1
1
1
1
1
1
1
1
1.00019
1
1
1
1
1
1
1
1
0.999957
1
1
1
1
1
1
1
1
1
1
0.999999
1
1
1
1
1
1
1
1
1
1
1
1
1
1
1
1
1
1
1
1
1
1
1.00002
1
1
1
1.00017
1
1
1
0.999775
1.00081
1
1
0.999843
0.999997
1
1
1
1
1
1
1
1
1
1
0.999804
1
1
1
1
1.00001
1
1
1.00001
1
1
1
1
1
1
1
1
1
1
0.999994
1
1
1
1
1
1.00006
1
1
1
1
1
1
1
1
1
1
1.00001
1
1
1
1
1
1
1
1
1
1
1
1
1
1
1
1
1
1
1
1
1
1
1
1
1
1
0.999958
1
1
1
1
1
1
0.999986
1
1
1
1
1
1
0.999857
1
1
1
1.00018
1
1
1
1
1
1
1
1
0.999962
1
1
1
1
1
1
1
1
1
1
1
1
1
1.00024
1
1
1
0.999999
1
1
1
1
0.999995
1
1
1
1
1.00017
1
1
1
1
1
1
1
1
1
1
1
1
1
1
1
1
1
0.999019
1
1
1
0.999995
1
1
1
1.00003
1
1
1
1
1
1.00002
1
1.00011
1.00013
1
1
1
1
1
1.00004
1
1
1
1
1
1
1.00018
1
1
1
1
1
1
1
1
0.999531
0.999828
1
1
1
1
1
1
1
1
1
0.999976
1
1
0.999871
1
1.00002
1
0.999913
0.99981
1
1
1.00005
1
1
1.00003
1
1
1
1
1
1
1
1
1
0.999998
1
1
1
1
0.998312
1
1
1
1
1
1
1
0.999998
1
1
1
1
1
1
1
1
1
0.999996
1
1
0.995011
1
1
1
1
1
1
1
1
1
1
1
1.00002
1
1
1
1
1
1
1
1
0.999798
1
1
1
1
1
1
0.999737
1
1
1
1
1
1
1
1
1
1
0.999819
1
1
1
1
1
1
1
1
1
1
1
1
1
1
1
1
1
1
1
1
1
1.00144
1
1
1
1
0.999999
1
1
1
1
1
1
1
1
1
0.999993
1
1
1
1
1
1
0.999994
1
1
1
1
1
1
1
1
1
1
1
1
1
0.999605
1.00004
0.999992
1
1
1
1
1
1
1
1
0.999985
1
1
1
1
1
1
1
1
1
1.00001
1.00001
1
0.997694
1
1
1
1
1
1
1
1
1
1
1
1
1
1
1
1
1
1
1
1
1
1
1
1
1
1
1.00018
1
1
1
1
1
1
0.999451
1
1
1
1
1
1
0.999999
1
1
1
1
1
1
0.999879
1
1
1
1
0.999999
1
1
1
1
1
1
0.999417
1
1
1
1
1
1
1
1
1
1
1
1
1
1
1
1
1
0.999999
1
1
1
1
1
1
1
1
1
1
1
1
1
1
1
1
1
1
0.999682
1
1
1
1
0.999368
1
1
1
1
1
1
0.99801
1
1
1
1.00005
1
1
1
1
1
1
1
1
1
1
1
1
1
1
1
1
1
1
1
1
1
1
0.99999
1
1
1
1
1
1
1
1
1
1
1.00058
1
1
1
1
1
1
1
1
1
1
1
0.996403
1
1
1
0.999823
1
1
1
1
1
1
1
1
1
1
1
1
1
1
1
1
1
1
1
1
1
1
1
1
1
1
1
1
0.999999
1
0.999974
0.999972
1
1
1
1
1
1.00003
1
1
1
1
1
1
1
1
1
0.99999
1
1
1
1
1
1
1
1
1
1.00074
1
1
1
1
1
1.00002
1
1
1
1
1
1
1
1
1
1.00001
1
1
1
0.999995
1
1
1
1
0.999999
1
1
1
1
1
1
1
1
1
1
1
1
1
1
1
1
1
1
1
1
1.00005
1
1
1
1
1
1
1
1
1
1
1
1
1
1
1.00007
1
1
1
1
1
1
1
1
1
1
1
1
1
1
1
1
1.00001
1
1
1
1
1
1.00001
1
1
1
1
1
1
1
1
1
1
1
1
0.999946
1
0.999985
1
1
1
1
1
1
1
1
1
1
1
1
1
1
1
1
0.99999
1
1
1
1
1
1
1
1
1
1
1
1
1
1
1
1
1
1
1
1
1
1
1
1
1
1
1
1
1
1
0.999995
1
1
1
1
1
1
1
1
1.00053
0.999902
1
1
1
1
1
1
1
1
1
1
1
1
1
1
1
1
1
1
1
1
1
1
1
1
1
1
1
1
1
1
1
1
1
1
1
1
1
1
1
1
1
1
1
1
1
1
1
1
1
1
1
1
1
1
1
1
0.998225
1
1
1
1
1
1
1
1
1
1
1
1
1
1
1
1
1
1
1.00005
1
1
1
1
1
1
1
1
1
1
1
1
1
1
1
1
1
0.999439
1
1
1
1
1
1
1
1
1
1
1
1
1
1
1
1
1
1
1
1
1
1
1
1
1
1
1
1
1
1
1
1
1
1
1
1
1
1
0.999884
1
0.999313
1
1
1
1
1
1
0.999999
1
1
1
1
1
1
1
0.99708
1
1
1
1
1
0.999998
1
1
1
1
1
0.999995
1
1
1
0.999999
1
1
1
1
1
1
1
1
1
1
1
0.999987
1
1
1
1
1
1
1
1
1
1
1
0.999302
1
1
1
1
1
1
0.999707
1
1
1
1
1
1
1
1
0.999999
1
0.997955
1
1
1
1
1
1
1
1
1
1
1
1
1
1
0.999831
1
1
1
1
0.999998
1.00029
0.999692
1
1
0.998259
1
1
1
1
1
1
1
1
1
1
1
1
1.00017
1
0.999169
1
1
1
0.999271
0.999994
1
1
1
1
1
1
1
1
1.00033
1
1
1
1.0001
1
0.999987
1
1
1
1
1
1
1
1
1
1
1
1
1
1
1
1
1
1
1
1
1
1
1
1
1
1
1
1
1
1
1
1
1
1
1
1
1
1
0.999924
1
1
1
1
1
1
1.00074
1
1
1
1
1
1
1
1
1
1
0.999577
1
0.999433
1
1
1
1
1
1
1
0.999991
1
1
1
1
1
1
1
1
1
1
1
1
1
1
1
1
1
1
1
1
1
1
0.999998
1
1
1
1
1
1
1
1
1
1
1
0.997473
1
1
1
1
1
1
1
1
1
1
1
1
1
1
1
1
1
1
1
1
1
1
1
1
1
1
1
1
1
1
1
0.999287
1
1
1
1
0.999962
1
1
1
1
1
1
1
1
1
1
1
1
1.00012
0.999704
1
1
1
1
1
1
1
1
1
1
1
1
1
1.00002
1
1
1
1
1
1
1
1
1
1
1
1
0.999959
1
1
1
1
1
1
1
1
1
1
1
1
1
1
1
1
1
0.999988
1
1
1
1
1
1
1.00016
1
1
1
1
1
1
1
1
1
1
1
1
1.00001
1
1
1
1
1
1
1
1
1
1
1
1
1
1
1
1
1
1
1
1
0.999778
1
1
1
1.00003
1
0.999623
1
0.999849
1
1
1
1
1
1
1
1
1
1
1
1.00018
1
1
1
1
1.00011
1
1
0.999808
1
1
1
0.999733
1
1
1
1
1
1
1
0.999983
1
1
1
1
1
1
1
1
1
1
1
1
1
1
1
1
1
1
1
1
1
1
1
1
1
1
1
1
1
1
1
1
1
1
1
1
1
1
0.999898
1
0.999988
1
1
1
1
1
0.999973
1
1
1
1
1
1
1
1
1
1
1
1
1
1
1
1
1
1
1
1
1
1
1
1
1
1
0.999937
1
1
1
1
1
1
1
1
1
1
1
1
1
1
1
1
1
1
1
0.999938
1
1
1
1.00004
1
1
1
1
1
1
1
1
1
1
1
1.00046
1
1
1
1
1
1
1
1
1
1
1
1
1
1
1
1.00096
1
1
1
1
1
1
1
1
1
1.00001
1.00017
1
1
1
1
1
1
1
1
1
0.998295
1
1
1
1
0.999997
1
1.00046
1
0.999999
1
1
1
1
1
1
1
1
1
0.999818
1
1
1.00012
1
1
1
1
1
1
1
1.00027
1
1
1
1
1
1
1
1
1.00006
1.00014
1
1.0001
1
1
1
1.00002
1
1
1
1
1
1
1
1
0.999839
1
1
1
1
0.999843
1
0.999552
1
1
1
1
1
1
1
1
1
1
1
1
1
1
1
1
1
1
1
1
1
1
1
1
1
1
1
1
1
0.999975
1
1
1
1
1
1
1
1
1
1
0.999928
1
1
0.999999
1
1
1
1
1
1
1
1.00011
1
1
1
1
0.997681
1
1
1
1
1
1
1
1
1
0.999965
1
1
1
1
1
1
1
1
1
1
1
0.999895
1
1
1
1
1
1
1
0.999997
1
0.999709
1
1
1
1
0.999867
1
1
1
1
1
1
1
1
0.999926
1
1
1
1
0.999998
1
1
1
1
1
1
1
1
1
1
1
1
1.00005
1
1
0.99987
1
1
1
1
1.00001
1
1.00001
1
1
1
1
1
1
1
1
1
1
1
1
1
1
1
1
1
1
1
0.999865
1
1
1
1
0.999783
1
0.999864
0.999792
1
1
0.99996
1
1
1
1
1
1
1
1
1
1
1
1
1
1
1
1
1
1
1
1
1
1
1
1
1
1
1
1
1
1
1
1
1
1
1
1
1
1
1
1
1
1
1
1
1
1
1
1
1
0.999993
1
1
1
1
1
1
1
1
1
1
1
1
1
1
1
1
1
1
1
1
1
1
1
1
1
1
1
1
1
1
1
1
1
1
1
1
1
1
1
1
1
1
1
1
1
1
1
1
1
1
1
1
1
1
1
1
1
1
1
1
1
1
1
1
1
1
1
1
1
1
1
1
1
1
1
1
1
1
1
1
1
1
1
1
1
1
1
1
1
1
1
1
1
1
1
1
1
1
1
1
1
1
1
1
0.998983
1
1
1
1
1
1
1
1
1
1
1
1
1
1
1
1
1
1
1
1
1
1
1
1
1
1
1
1
1
1
1
0.999999
1
1
1
1
1
1
1
1
1
1
1
1
1
1
0.999901
1
1
1
1
1
1
1
1
1
1
1
1
1
1
1
1
1
1
1
1
1
1
1
1
1
1
1
1
1
1
1
1
1
1
1
1
1
1
1
1
1
1
1
1
1
1
1
1
1
1
1
1
1
1
0.999856
1
1
1
1
1
1
1
1
1
1
1
1
1
1
1
1
1
1
1
1
1
1
1
1
1
1
1
1
1
1
1
1
1
1
1.00002
1
1
1
1
1
1
1
1
1
1.00001
1
1
1
1
1.00007
0.999921
1
1
1
1
1
1
1
1
1
1
1
1
1
1
1
1
1
1
1
1
1
1
1
1
1.00008
1
1
1
1
1
1
1
1
1
1
1
1.00038
1
1
1
1
1
1
1
1
1
1
1
1
1
1
1
1
1
1
1
1
1
0.999448
1
1
1
1
1
1
1
1
1
1
1
1
1
1
1
1
1
1
1
1
1
0.999983
0.999964
1
1
1
1
1
1.00002
1
1
1
1
1.00026
1
1
1
1
1
1
1
1
1
1
1
1
1
1
1
1
1
1
1
1
1
1
1
1
1
1
1
1
1
1
1
1
1
1
1
1
1
1
1
1
1
0.999975
1
1
1
1
1
1
1
1
1
1
1
1
1
1
1
1
1
1
1
1
1
0.999825
1
1
1
1
1
1
1
1
1
1
1
1
1
1
1
1
1
1
1
1
1
1.00005
1
0.999991
1
1
0.999959
1
1
1
1
1
1
1
1
1
1
1
1
1
1
1
1
0.999959
1
1
1
1
1
1
0.999999
1
1
1
1
1.00015
1
1
1
1
1
1
1
1
0.999227
1
1
1
1.00001
1
1
1
1
1
1
1
1
1
1
1
0.999999
1
1
1
1
1
1
1
1
1
1
1
1
1
1
1
1
1
1
1
1
1
1
1
1
1
1
1
1
1
1
1
1
1
1
1
1
1
1
1
1
1
1
1
1
1
1
1
1
1
1
1
0.999992
1
1.00005
1
1
1
1
1
1
1
1
1
1
1
1
1
1
1
1
1
1
1
1
1
1
1
1
1
1
1
1
1
1
1
1
1
1
1
1
1
1
1
1
1
1
1
1
1
1
0.999993
1
1
0.999979
1
1
1
1
1
1
1
1
1
1
1
1
1
1
1
1
1
1
1
1
1
1
1
1
1
1
1
1
1
1
1
1
1
1
1
1
1
1
1
1
1
1
1
1
1
1
1
1
1
1
1
1
1
1
1
1
1
1
1
1
1
1
1
1
1
1
1
1
1
1
1
1
1
1
1
1
1
1
1
1
1
1
1
1
1
1
1
1
1
1
1
1
1
1
1
1
1
1
0.999999
1
1
1
1
1
1
1
1
1
1
1
1
0.999967
1
1
1
1
1
1
1
1
1
1
1
1
1
1
1
1
1
1
1
1
1
1
1
1
1
1
1
1
1
1
1
1
1
1
1
0.999912
1
1
1
1
1.00029
1
1.0011
1
1
1
1
1
1
1
1
1
1
1
1
1
1
1
1
1
1
1
1
1
0.999482
1
1
1
1
1
1
1
1
1
1.00116
1
1
1
1
1
1
1
1
1
0.999993
1
1
1
1
1
1
1
1
1
1
1
0.999871
1
1
1
1
1
1
1
1
1
1
1
1
1
1
1
1
1
1
1
1
1
1
1
1
1
1
1
1
1
1
1
1
1
1
1
1
1
1
0.999915
1
1
1
1
1
1
1
1
1
1.00027
1.00001
1
1
1
1
1
1
1
1
1
1
1
1
1
1
1
1
1
1
1
0.999994
1
1
1
1
1
1
1
1
1
1
1
1
1
1
1
1
1
1
1
1
1
1
1
1
1
1
1
1
1
1
1
1
1
1
1
1
1
1
1
1
1
1
1
1
1
1
1
1
1
1
1
1
1
1
1
1
1
1
1
1
1
1
1
1
1
1
1
1
1
1
0.994785
1
1
1
1
1
0.999975
1
1
1
1
1
1
1
1
1
1
1
1
1
1
1
1
1
1
1
1
1
1
1
0.999933
1
1
1
1
1
1
1
1
0.999422
1
1
1
1
1
1
1
1
1
1
1
1
1.00015
1
1
1
1
1
1
1
1
1
1
1
1
1
1
1
1
1
1
1
1
1
1
1
1
1
1
1
1
1
0.999901
1
1
1.00015
1
1
1
1
1
1
1
1
1
1
1
1
1
1
1
1
1
1
1
1
1
1
1
1
1
1
0.999883
1
1
1
1
0.999956
1
1
0.999999
1
0.999502
1
1
1
1
1
1
1
1
1
1
1
1
1
1
1
1
1
1
1
1
1
1
1
1
0.993003
1
1
1
1
1
1
1
1
1
1
1
1
1
1
1
1
1
1
1
1
1
1
1
1
1
1
1
1
1
1
1
1
1
1
1
1
1
1
1
1
1
1
1
1
1
1
1
1
1
1
1
1
1.00003
1
1
1
1
1
1
1
1
1
1
1
1
1
1
1
1
1
1
1
1
1
1
1
1
1
1
1
1
1
0.999955
1
1
1
1
1
1
1
1
1
1
1
1
1
1
1
1
1
1
1
1
1
1
1
1
1
1
1
1
1
1
1
1
1
1
1
1
1
0.99988
1
1
1
1
1.00003
1
1
1
1
1
1
1
1
1
1
1
1
1
1
1
1
1
1
1
1
1
1
1
1
1
1
0.999999
1
1
1
1
1
1
1
1
1
1
1
1
1
1
1
1
1
1
1
1
1
1
1
1
1
1
1
1
1
1
1
1
1
1
1
1
1
1
1
1
1
1
1
1
1
1
1
1
1
1
1
1
1
1
1
1
1
1
1
1
1
1
1
1
1
1
1
1
1
1
1
1
1
1
1
1
1
1
1
1
1
1
1
1
1
1
1
1
1
1
1
1
1
1
1
1
1
1
1
1
1
1
1
1
1
1
1
1
1
1
1
1
1
1
1
1
1
1
1
1
1
1
1
1
1
1
1
1
1
1
1
1
1
1
1
1
1
1
1
1
1
1
1
1
1
1
1
1
1
1
1
1
1
1
1.00111
1
1
1
1
1
1
1
1
1
1
1
1
1
1
1
1
1
1
1
1
0.995548
1
1
1
1.00002
1
1
1
1
1
1
1
1
1
1
1
1
1
1
1
1
1
0.999028
1
1
1
1
1
1
0.999998
1
1
1
1
1
1
1
1
1
1
1
1
1
0.999297
1
1
1
1
1
1
1
0.998274
1.00001
1
1
0.999227
1
1
1.00042
1
1
1
1
1
1
1
1
1
1
1
1
1
1
1
1
1
1
1
0.998348
1
1
1
1
1.00002
1
1
1
1
1
1
1
1
1
1
1
1
1
1
1
1
1
1
1
1
1
0.999979
1
1
0.998699
1
1
1
1
1
1
1
1.00002
1
1
0.996621
1
0.999466
1
1
1
1
1
1
1
1
1
1.00008
1
1
1
1
1
1
1
1
1
1
1
1
1.00004
1
1
1
1
1
1
1
1
1
1
1
1
1.00003
1
1
1
1
1
1
1
1
1
1
1
1
1
1
1
1
1
1.00002
1
1
1
1
1
1
1
1
1.00001
1
1
1
1
1
1
1
1
1.00004
0.999995
1
0.999405
1.00001
1
1
1.00001
1
1
1.00001
1
1
1
1.00001
1
1
1
1
1
1
1
1
1.0002
0.999994
1
1
1
1
0.99994
1.00001
1
1
1
1
1
1
1
1
0.999876
0.99962
1
1
1
1
1
1
1
1
1
0.999993
1
1
1
1
1.00004
1
1
1
1
0.999789
1
1
1
1
0.999984
1
1
1
1
1
1.00006
1
1
1
1
0.999946
1
0.999846
0.999857
0.999832
0.999895
0.999964
1
1
1.00007
1.00012
1
0.999938
1
1
1.00001
1
0.999753
1
1.00003
0.99997
1
1.00001
1.00001
1
0.999689
1.00003
1
1
1
0.999958
1
1
1
1.00001
0.999399
1
1
1
1
1
1
1.0001
1
1
1
1
0.999973
0.999998
0.999927
1.00001
1
1.00002
0.99999
0.999986
1
0.999989
1
1
0.999978
1.00001
0.999971
0.999965
0.999971
1
0.999999
1
1
1
1.00007
1
1
0.999991
0.999419
1
0.999983
0.999988
1
0.999991
1
1
0.999985
1
1
0.99999
1.00003
1
1
1
1
0.999978
1.0001
1
1
0.999862
1
0.999978
1
0.99998
0.999999
1
1
1.00004
1
1
1
1
1
1
1
1
1
1
1
1
1.00017
1
1
1
1.00001
1
1
1
1
1
1
0.999998
1
1
1
1
1
1
1
1
1
1
1
1
1
1
1
1
1
1
1
1
1
1
1
0.999997
1
1
1
1
1
1.00003
1
1
1
1
1
1
1
1
1
1
1
1
1
1
1
1
1
1
1
1
1
1
1
1
1
1
1
1
1
1
1
1
1
1
1
1
1
1
1
1
1
1
1
1
1
1
1
1
1
1
1
1
1
1
1
1
1
1
0.998459
1
1
1
1
1
1
1
1
1
1
1
1
1
1
1
1
1
1
1
1
1
1
1
1
1
1
1
1
1
1
1
1
1
1
1
1
1
1
1
1
1
1
1
1
1
1
1
1
1
1
1
1
1
1
1
1
1
1
1
1
1
1
1
1
1
1
1
1
1
1
1
1
1
1
1
1
1
1
1
1
1
1
1
1
1
1
1
1
1
1
1
1
1
1
1
1
1
1
1
1
1
1
1
1
1
1
0.997646
1
1
1
1
1
1
1.00003
1
1
1
1
1
1
1
1
1
1
1
1
1
1
1
1
1
1
1
1
1
1
1
1
1
1
1
1
1
1
1
1
1
1.00011
1
1
1
1
1
1.00115
1
1
1
1
1
1
1
1
0.99969
1
1
1
1
1
1
1
1
1
1
1
1
1
0.996901
1
1
1
1.00035
1
1
1
1
1
1
1
1
1
1
1
1
1
1
1
1
1
1
1
1
1
1
1
1
1
1
1
1
1
1
0.999994
1
1
1
1
1
1
1
1
0.999999
1
1
1
1
1
1
1
1
1
1
1
1
1
1
1
1
1
1
1
1
1
1
1
1
1
1
1
1
1
1
1
1
1
1
1
1
1
1
1
1
1
1
1
1
1
1
1
1
1
1
1
1
1
1
1
1
1
1
1
0.999279
1
1
1
1
1
1
1
1
1
1
0.999527
1
1
1
1
1
1
1
1
1
1
0.999793
1
1
1
1
1
1
1
1
1
1
1
1
1
1
1
1
1
1
1
1
1
0.999948
1
1
1
1
1
1
1
1
1
1
1
1
1
1
1
1
1
1
1
1
1
1
1
1
1.00001
1
1.00001
1
1
1
1
1
1
1.00003
1
1
1
1
1
1
1
1
1
1
1
1
1
1
1
1
1
1
1
1
1
1
1
1
1
1
1
1
1
1
1
1
1
1
1
1
1
1
0.999829
1
1
1
1
1
1
1
1
1
1
1
1
1
1
1
1
1
1
1
1
1
1
1
1
1
1
1
1
0.999993
1
1
1
1
1
1
1
1
1.00003
1
1
1
1.00001
1
1
1
1
1
0.999995
1
1
1
1
1
1
1
1
1
1
1
1
1
1
1
1
1
1.00001
1
1
1
1
1
1
1
1
0.999999
1
1
1
1
1
1
1
1
1
1
1
1
1
1
1
1
1
1
1
1
1
1
1
1
1
1
1
1
0.999961
1
1
1
1
1
1
1
0.99999
1
1
1
0.999717
1
1
1
1
1
1
1
1
1
1
1
1
1
1
1
1
1
1
1
1
1
1
1
1
1
1
1
1
1
1
1
1
1
1
1
1
1
1
1
1
1
1
1
1
1
1
1
1
1
1
1
1
1
1
1
1
1
1
1
1
1
1
1
1
1
1
1
1
1
1
1
1
1
1
1.0002
1
1.00074
1
1
1
1.00004
1
1
1
1
1
1
1
1
1
1
1
1
1
1
1
1
1
1
1
1
1
1
1
1
1
1
1
1
1
1
1
1
1
0.999741
1
1
1
1
1
1
1
1.00003
1
1
1
1
1
1
1
1
1
1
1
1
1
1
0.999997
1
1
1
1
1
1
1
1
1
1
1
1
1
1
1
1
1.00002
1
1
1
1
0.999151
1
1
1
1
1
1
1
1
1
1
1
1
1
1
1
1
1
1
1
1
1
1
1
1
1
1
1
1
1
1
1
1
1
1
1
1
1
1
0.999915
1
0.999979
1
1
1
1
1
1
1
1
1
1
1
1
1
1
1
1
1
1
1
1
1
1
1
1
1
1
1
1
1
1
1
1
1
1
1
1
1
1
1
1
1
1
1
1.00017
1
1
1
1
1
1
1
1
1
1
1
1
1
1
1
1
1
1
1
1
1
1
1
1
1
1
1
1
1
1
1
1
1
1
1
1
1
1
1
1
1
1
1
1
1
1
1
1
1
1
1
1
1
1
1
1
1
1
1
1
1
1
1
1
1
1
1
1
0.999895
1
1
1
1
1
1
1
1
1
1
1
1
1
1
1
1
1
1
1
1
1
1
1
1
1
1
1
1
1
1
1
0.999511
1
1
1
1
1
1
1
1
1
1
1
1
1
1
1
0.999872
1
1
1
1
1
1
1
1
1
1
1
1
1
1
1
1
1
1
1
1
1
1
1
1
1
1
1
1
1
1
1
1
1
1
1
1
1
1
1
1
1
1
1
1
1
0.999993
1
1
1
1
1
1
1
1
1
1
1
1
1
1
1
1
1
1
1
1
1
1
1
1
1
1
1
1
1
1
1
1
1
1
1
1
1
1
1
1
1
1
1
1
1
1
1
1
1
1
1
1
1
1
1
1
1
1
1
1
1
1
1
1
1
1
1
1
1
1
1
1
1
1
1
1
1
1
1
1
1
1
1
1
1
1
1
1
1
1
1
1
1
1
1
1
1
1
1
1
1
1
1
0.999527
1
1
1
1
1
1
0.997766
1
1
1
1
1
1
1
1
1
1
0.999262
1
1
1
1
1
1
1
1
1
1
1
1
1
1
0.997117
1
1
1
1
1
1
1
1
1
1.00001
1
1
1
1
1
1
1
1
1
1
1
1
1
1
1
0.9962
1
1
1
1
1
1
1
1
1
1
1
1
1
1
1
1
1
1
1
1
1
1
1.00001
1
1
1
1
1
1
1
1
1
1
1
1
1
1
1
1
1
1
1
1
1
1
0.994733
1
1
1
1
1
1
1
1
1
1
1
1
1
1
1
1
0.995651
1
1
1
1
1
1
1
0.998604
1
1
1
1
1
1
1
1
1
1
1
1
1
1
1
1
1
1
1
1
1
1
1
1
0.999385
1
1
1
1.00001
1
1
1
1
1
1
1
1
0.999796
1
1
1
1
1
1
1
1
1
1
1
1
1
1
1
1
0.999947
1
1
1
1
1
1
1
1
1
1
1
1
1
1
1
1
1
1
1
1
1
0.999933
1
1
1
1
1
1
1
0.999964
1
1.00001
1
0.999848
1
0.999947
1
1
1
1.00001
1.00002
1
1
1
1
1
1
1
1
1
0.999997
1
1
1
1
1
1
1
1
1
1
1.00003
1
1
1
1
1
1
1
1
1
1
1
1
1
1
1
1
1.00001
1
1
1
1
1
1
1
1
1
1
1
1
1
1
1
1
1
1
1
1
1
1
1
0.99996
0.999991
1
1
1
1
1
1
1
1
1
1
1
1
1
1
1
1
1
1
1
1
1
1
0.999925
1
1
1
1
1
1
1
1
1
1
1
1
1
1
0.999973
1
1
1
1
1
0.999893
1
1
0.999925
0.999915
1
1
1
1
0.998599
1
0.999946
1
1
1
1
1
1
1
1
1
1
1
1
1
1
1
1
1
1
1
1
1
1
1
1
1.00006
1
1
1
1
1
1
1
1
1
1.00001
0.999961
0.999978
1
1
1
1
1.00005
1
1
1
1
1
1
1
1
1
1
1
1
1
1
1
1
1
1
1
1
1
1.00001
1
1
1
1
1
1
1
1
1
1
1
1
1
1
1
1
1
1
1
1
1
1
1
1
1
0.999972
1
1
0.999981
1
1
0.999979
1
0.999965
1
1
1
1
1
1
1
1.0016
1
1
1
1
1
1
1
1
0.999996
1
1
1
1
1
1
1
1
1
1
1
1
0.999584
1
1
1
0.999989
1
1
1
1
0.999975
1
0.999961
1
1
1
1
1
0.999954
0.999944
1
1
1
1
1
1
1
1
1
1
1
1
1
1
0.999975
1
1
1
1
1
1
1
1
1
1
1
1
1
1
1
1
1
1
1
1
1
1
1
1
1
1
1
0.999999
1
1
1
0.999999
0.99999
1
1
1
1
1
1
1
1
1
1.00001
1
1
1
1
1
1
1
1
1
1
1
1
1
1
1.00001
1
1
1
0.999989
0.999963
1
1
0.999993
1
1
1
1
1
1
1
1
0.999985
1
1
1.00002
1
1
1
1
1
1.00001
1
1
1
1
1
1
1
1
1
1
1
1
1
1
1.00009
1
1
1
1
1.00001
1
1
1
1
0.999996
1
1
1
1
1
1
1
1
1
1
1
1
1
1
1
1
1
1.00006
1
1
1
1
1
1
1
1
1.00004
1
1
1
1
1.0001
1
1
1
1
1
1
1.00002
1
1.00002
1
1
1
1
1
0.999994
1
1
1
1
1
1
0.999966
1
1
1
1
1
0.999876
1
1
1
1
1
1
1
1
1
1
1
1
1
1
1
1
1
1
1
1
1
1
1
1
1
1
1
1
1
1
1
1
1
1
1
1
1
1
1
1
0.999893
1.00017
1
1
1
1
1
1
1
1.00015
1
1
1
1
1.00011
1
1
1
1
1
1
1
1.00007
1
1
1
1
1
1
1
1
1
1
1
1
1
1.00009
1
1.00013
1
1
1
1
0.998796
1
1
1
1
1
1
1
1
1
1
1
1
1
1
1
1
1
1
0.999944
1
1
1
1
1
1
1
1
1
1
1
1
1
1
1
1
1
1
1
1
1
1
1
1
1
1
1
1.00031
1
1
1
1
1
1.00006
1
1
1
1
1
1
1
1
1
1
1
1
1.00008
1
1
1
1
1
1
1
1
1
1
0.999962
1
1
1
1
1
1
0.999806
0.999651
1
1
1
1
1
1
1
1
1
1
1
1
1
1
1
1
1
1
1
1
1
1
1
1
1
1
0.999838
1
1
1
1
1
1
1
1
1
1
1
1
1
1
1
1
1
1
1
1
1
1
1
0.998565
1
1
1
0.999999
1
1
1.00002
1
1
1.00001
1
1
1
1
1
1
1
1
1
1
1
1
1
1
1
1
1
1
1
1
1
1
1
1
1
1
1
1
1
1
1
1
1
1
1
1
1
1
1
0.999957
0.999979
1
1
1
0.999857
1
1
1
1
0.997877
1
1
1.00002
1
1.00001
1
1
1
1
1.00001
1
1
1
0.997806
1
1
1
1
1
1
1.00023
1
1
1
1
1
1
1
1
1
1
1
1
1
1
1
1
0.999988
1
1
0.998214
1
1
1
1
1
1
1
1
1
1
1
1
1
1.00014
1
1
1
1
1
1
1
1
1
1
1
1
1.00025
1
1
1
1
1
1
1
1
1
1
1
1
1
1
1
1
1
1
1
1
1
1
1
1
1
1
0.999974
1
1
1
1
1
1
1
1
1
1
1
1
1
1
1
1
1
1
1
1
1
1
1
0.999983
1
1
1
1
1
1
1
1
1
1
1
1
1
1
1
1
1
1
1
1
1
1
1
0.999978
1
1
1
1
1
1
1
1
1
1
1
1
1
1
1
1
1
1
1
1
1
1
1
1
1
1
1
0.999998
1
1
1
1
1
1
1
1
1
1
1
1
1
1
1
1
1
1
1
1
1
1
1
1
0.922331
1
1
1
1
1
1
1
1
1
1
1
1
1
1
1
1
1
1
1
1
1
1
1
1
1
1
1
1
1
1
1
1
1
1
1
1
1
1
1
1
1
1
1
1
1
1
1
1
1
1
1
1
1
1
1
1
1
1
1
1
1
1
1
1
1
1
1
1
1
1
1.00012
1
1
1
1
1
1
1
1
1
1
1
1
1
1
1
1
1
1
1
1
1
1
1
1
1
1
1
1
1
1
1
1
1
1
1
1
1.00008
1
1
1
1
1
1
1
1
1
1
1
1
1
1
1
1
1
1
1
1
1
1
1
1
1
1
1
1
1
1
1
1
1
1
1
1
1
1
1
1
1
1
1
1
1
1
1
1
1
1
1
1
1
1
1
1
1
1
1
1
1
1
1
1
1
1
1
1
1
1
1
1
1
1
1
1
1
1
1
1
1
1
1
1
1
1
1
1
1
1
1
1
1
1
0.999062
1
1
1
1
1
1
1
1
1
1
1
1
1
1
1
1
1
1
1
1
1
1
1
1
1
1
1
1
1
1
1
1
1
1
1
1
1
1
1
1
1
1
1
1
1
1
1
1
1
1
1
1
1
1
1
1
1
1
1
1
1
1
1
1
1
1
1
1
1
1
1
1
1
0.999996
1
1
1
1
1
1
1
1
1
1
1
1
1
1
1
1
1
0.995978
1
1
1
1
1
1
1
1
1
1
1
0.999997
1
1
1
1
1
1
1
1
1
1
1
1
1
1
1
1
1
1
1
1
1
1
1
1
1
1
1
1
1
1
1
1
1
1
1
1
1
1
1.00006
1
1
1
1
1
1
1
1
1
1
1
1
1
1
1
1
1
1
1
1
1
1
1
1
1
1
1
1
1
1
1
0.999998
1
1
1
1
1
1
1
1
1
1
1
1
1
1
1
1
1
1
1
1
1
1
1
1
1
1
1
1
1
1
1
1
1
1
0.99539
1
1
1
1
1
1
1
1
1
1
1
1
1
1
1
1
1
1
1
1
1
1
1
1
1
1
1
1
1
1
1
1
0.999153
1
1
1
1
1
1
1
1
1
1
0.999994
1
1
1
1
1
1
1
1
1
1
1
1
1
1
1
1
1
1
1
1
1
1
1
1
1
1
1
1
1
1
1
1
1
1
1
1
1
1
1
1
1
1
1
1
1
1
1
1
1.00025
1
1
1
1
1
1
0.996418
1
1
1
1
1
1
1
1
1
1
1
1
1
1
1
1
1
1
1
1
1
1
0.996872
1
1
1
1
1
1
1
1
1
1
1
1
1
1
1
0.999236
1
1
1
1
1
1
1
1
1
1
1
1
1
1
1
1
1
0.998654
1
1
1
1
1
1
1
1
1
1
1
1
1
1
1
1
1
1
1
1
1
0.999995
1
1
1
1
1.00064
1
1
1
1
1
1
1
1
1
1
1
1
1
1
1
1
1
1
1
1
1
1
1
1
1
1
1
1
1
1.00064
1
1
1
1
1
1
1
1
1
1
0.999902
1
1
1
1
1
1
1
1
1
1
1
1
1
0.998949
1
1
1
1
1
1
1
1
1
1
1
1
1
1
1
1
1
1
1
1
1
1
1
1
1
1
1
0.989378
1
1
1
1
1
1
1
1
1
1
1
1
1
1
0.999991
1
1
1
1
1
1
1
1
1
1
1
1
0.999939
1
1
1
0.996299
1
1
1
1.00001
1
1
1
1
1
0.999979
1
1
1
1
1
1
1
1
1
0.999985
1
1
1
1
1
1
1
1
1
1
1
1
1
1
1
1
1
1
1
1
1
1
1
1
1
1
1
1
1
1
1
1
1
1
1
1
1
1
1
1
1
1
1
1
1
1
1
1
1
1
1
1
1
1
1
1
1
1
1
0.999933
1
1
1
1
1
1
1
1.00003
1
1
1
1
1
1
1
1
1
1
1
1
1
1
1
1
1
1
1
1
1
1
1
1
1
1
1
0.99994
1
1
1
1
1
1
1
1
1
1
1
1
1
1
1
1
1
1
1
1
1
1
1
1
1
1
1
1
1
1
1
1
1
1
1
1
1
1
1
1
1
1
1
1
1
1
1
1
1
1
1
1
1
1
1
1
1
1
1
1
1
1
1
1
1
1
1
1
0.999
1
0.997391
1
1
1
1
1
1
1
1
1
1
1
1
1
1
1
1
1
1
1
1
1
1
1
1
1
1
1
1
1
0.999997
1
1
1
1
1
1
1
1
1
1
1
1
1
1
1
1
1
1
1
1
1
0.994334
1
1
1
1
1
1
1
1
1
1
1
1
1
1
1
1
1
1
1
1
0.997549
1
1
1
1
1
1
1
1
1
1
1
1
1
1
1
1
1
1
1
1
1
1
1
1
1
1
1
1
1
1
1
1
1
1
1
1
1
1
0.991828
1
1
0.999998
1
1.00005
1
1
1
1.00001
1
1
1
1
1
1
1
1
1
1
1
1
1
1
1.00001
1
0.999311
1
1
1
1
1
1
1
1
1
1
0.99443
1
1
1
1
1.00002
1
1
1
1
1
1
1
1
1
1
1
1
1
1
1
1.00007
1
1
1
1
1
1
1
1
0.988942
1
1
1
1
1
1
1
1
1
1
1
1
1
1
1
1
1
1
1
1
0.998224
1
1
1
1
1
1
1
1
0.999975
1
1
1
1
0.999998
1
1
1
1
1
1
1
1
1
1
1
1
1
0.999305
1
1
1
1.00001
1
0.998901
1
1
1
1
1
1
1
1
1
1
1
1
1
1
1
1
1
1
1
1
1
1
1
1
1
1
1
1
1
1
1
1.00008
1
1
1
1
0.999985
1
1
1
1
1
1
1
1.00006
1
1
1
1
1
1
1
1
1
1
1
1
1
1
1
1
1
1
1
1
1
1
1
1
1
1
1
1
1
1
1
1
0.996282
1
1
1
1
1
1
1
1
1
1
1
1
1
1
1
1
1
1
0.999956
1
1
1
1
1
1.00002
1
1
1
1
1
1
1
1
1
1.00022
1
1
1
1
1
1
1
1
1
1
1
1
1
1
1
1
1
1
1
1
1
1
1
1
1
1
1
1
1
1
1
1
1
1
1
0.999977
1
1
1
1
1
1
1
1
1
1
1
1
1
1
1
1
1
1
1
1
1
1
1
1
1
1
1
1
1
1
1
1
1
1
1
1
1
1
1
1
1
1
1
1
1
1
1
1
1
1
1
1
1
1
1
1
1.00001
1
1
1
1
1
1
1
1
1
1
1
1
1
1
1
1
1
1
1
1
1
1
1.00306
1
1
1.00002
0.999987
1
1
1
1
1
1
1
1
1
1
1
1
1
1
1
1
1
1
1
1
1
1
1
1
1
1
1
0.993196
1
1
1
1
1
1
1
1
1
1
1
1
1
1
1
1
1
1
0.999804
1
1
1
1
1
1
1
1
1
1
1
1
1
1
0.999979
1.00002
1
1
1
1
1
1
1
1
1
1
1
1
1
1
1
1
1
1
1.00001
1
1
1
1
1
1
1
1
1
1
1
1
1
1
1
1
1
1
1
1
1
1
1
1
1
1
1
1
1.00001
1
1
1
0.999527
1
1
1
1
1
1
1
1
1
1
1
1
1
1
1
1
1
1
1
1
1
1
1
1
1
1
1
1
1
1
1
1
1
1
1
1
1
1
1
1
1
1
1.00008
1
1
1
1.00008
1
1
1
1
1
1
1
1
1
1
1
1
1
0.999994
1
1
0.999994
1
1
0.999981
1
1
1
1
0.991178
1
1
1
1
1
1
1
1
1
1
1
1
1
1
1
1
1
1
1
1
0.999998
1
1.00002
0.999995
1
1
1
1
0.999958
0.992925
1
1
1
1
1
1
1
1
1
1
1
1
1
1
1
1
1
1
1
1
1
1
1
1
1
1
1
1
1.00073
1
1
1
1
1
1
1
1
1
1
1
1
1
1
1
1
1
0.999992
1
1
1
1
1
1
0.999996
1
1
1
1
1
1
1
1
1
1
1
1
1
1
1
1
1
1
1
1
1
1
1
1
1
0.995229
1
1
1
1
1
1
1
1
1
1
1
1
1
1
1
1
1
1
1
0.99976
1
1
1
1
1
1
1
1
1
1
1
1
1
1
1
1
1
1
1
1
1
1
1
1
1
1
1
1
0.999572
1
1
1
1
1
1
1
1
1
1
1
1
1
1
1
1
1
1
1
1
1
1
1
1
1
1
1
1
1
1
1
1
1
1
1
1
1
1.00009
1
1
1
0.999999
1
1
1
1
1
1
1
1.00015
1
1
1
1
0.98599
0.996638
1
1
1
1
1
1
1
1
1
1
1
1
1
1
0.999483
1
0.9995
1
1
1
1
1
1
1
1
1
1
1
1
1
1
1
1
1
1
1
1
1
1
0.998089
0.997785
1
1
1
0.999952
1.00001
1
1
1
1
1
1.0001
1
1
1
0.999997
1
1
1
1
1
1
1
1
1
1
1
1
1
1
0.999318
1
1
1
1
1
1
1
1
1
1
1
1
1
1
1
1
1
1
1
1
1
1
1
1
1
1
1
1
1
1
1
1
1
1
1
1
1
1
1
1
1
1
1
1
1
1.00012
1
0.999969
1
1
1
1
1
1
1
1
1
1
1
1
1
1
1
1
1
1
1
1
1
1
1
1.00001
1
1
1
1
1
1
1
1
0.99976
1
1
1
1
1
1
1
1
1
1
1
1
1
0.999992
1
1
1
1
1
1
1
1
1
1
1
1
1
1
1
1
1
1
1
1
1
1
1
1
1
1
1
1
1
1.00213
1
1
1
1
1
1
1
1
1
1
1
1.00057
1.00016
1
1
1
1
1
1
0.999996
1
1
1
1
1
1
1
1
1
1
0.999998
1
1
1
0.999999
1
1
1
1
1
1
1
1
1
1
0.998521
1
1
1
1
1
1
1
1
1.00005
1
1
1
1
1
1
1
1
1
1
1
1
1
1
1
1
1
1
1
1
1
1
1
1
1.00005
1
1
1
1
1
1
1
1
1
1.00001
1
1
1
1
1
1
1
1
1
1
1
1
1
1
1
1
1
1
1
1
1
1
1
1
1
1
1
1
1
1
1
1
1
0.998972
1
1
1
1
1
1
1
1
1.00001
1
1
1
0.999992
1
1
1
1
1
1
1
1
1
1
1
1
1.00001
1
1
1
1
1
1
1
0.999809
1
1
1
1
1
1
1
1
1
1
1
1
1.00004
1
1
1
1
1
1
1
1
1
1
1
1
0.986822
1
1
1
1
1
1
1
1
1
1
1
1
1
1
1
1
1
1
0.999999
1
1.00009
1
1
1
1
1
1
1
1
1
1
1
0.998811
1
1
1
1
1
1
1
0.99745
1
1
1
1.00008
1
1
1
1
1
1
1
1
0.999566
1
1
1
1
1
1
1
1
0.999999
1
1
1
1
0.999879
1
1
1
1
1
1
1
1.00004
1
1
1
1
1
1
1
1
1
1
0.999999
1
1
1
1
0.999999
1
1
1
1
1
1
1
1
1
1
1
1
1
1
1
1
1.00014
1.00001
1
1
1
1
1
0.999994
1
1
1
1
1
1
1
1
1
1
1
1
1
1
1
1
1
1
1
1
1.00073
1
1.00087
1
1
1
1
0.999997
1
1
1
1
1
1
1
1
1
1
1
1
1
1
1
1
1
1
0.999985
1
1.00001
1
1
1
1
1
1
1
1
1.00001
1
1
1
1
1
1
1
1
0.996291
1
1
1
1
1
1
1
1.00001
1
1
1
1
1
1
1
1
1.00001
1
1
1
1
1
1
1
1
1
0.999474
1
1
1
1
0.990557
1
1
1
1
1
1
1
1
1
0.999997
1
1
1
1
1
1
1.00012
1
1
1
1
1
1
1
1
1
1
1
1
1
1
1
1.00001
0.999826
0.999978
1
1
1
1
1
1
1
1
1
1
0.999963
1
1.00001
1
1
1
1
1
1
1
1
1
1
1
1
1
1
1
1
1
1
1
1
1
1
1
1
1
1
1
1
1
0.996328
1
1
1
1
1
1
1
1
1
1
1
1.00001
1
1
1
1
1
1
0.999999
1
1
1
1
1
1
1
1
1
1
1
1
1
1
1
0.996791
1
1
1
1
1
1
1
1
0.999998
1
1
1
1
1
1
1
1
1
1
1
1
1
1
1
0.999998
1
1
1
1
1
1
1
0.999516
0.996522
0.999991
1
1
1
1
1.00008
0.986814
1
0.99998
1
1
1
1
1
1
1
1
1
1
1
0.999999
1
1
1
1
1
1
1.00001
1
1
1
1
1
1
1
1.00004
0.999998
1
1
1
1
1
1
1
1.00001
1
1
1
1
0.999997
1
1
1.00002
1
1
1
1
1.00001
1
1
1
1
1.00004
1
1.00042
1
1
1
1
1
1
1
0.999983
1
1
1.00007
1
1
1
1
1
1
0.999999
1
1
1
1
1
1
1
1
1
1
1
1
1
1
1
1
1
1
1
1
1
1
1
1
1
1.00008
1
1
1
1
1
1
1
1
1
1
1
1
0.99778
1
1
1
1
1
0.999983
1
1
1.00007
1
0.998832
0.995142
1
1
1
1
1
0.999993
1
1
1
1
1.00007
1
1
1
1
1
1
1
1
1
1
1
1
1
1
0.999999
1
1
1.00005
1
1
1
1
1
1
1
1
1
1
1.00007
1
1
1
1
1
1
1
1
1
1
1
1
1
1
1
1
1
1
1
1
1
1
1
1
1
1
1.00004
1
1
1
1
1.00016
1
1
1
1
1
1
1
1
1
1
1
1
1
1
1
1
1
1
1
1
1
1
1
1
1
1
1
0.996085
1
1
1
1
1
0.999993
1
1
1
1
1
1
1
1
1
1
1
1
1
1
1
1
1
1
1
0.998284
1
1
1
1
1
1
1.00019
1
1
1
1
1
1
0.999995
1
1
1
1
1
1
1
1
1
1
1
1
1
1
1
1
1
1
1
1
1
1
1
1
1
1
1
1
1
1
1
1
1
1
1
0.999161
1
1
1
1
1
1
1
1
1
1
1.00001
0.999999
1
1
0.999996
1
1
0.999967
0.999827
1
1
1
1
1
1
1
0.999821
1
1
1
1.00001
1
0.999934
1
1
1
1
1
1
1
1
1
1
1
1
1
1
1
1
1.00002
1
1.00001
1
1
1
1
1
1
1
1
1
1
1
1
1
1
1
1
1
1
1
1
1
1
1
1
1
1
1
1
1
1
1
1
1
0.99989
1
1
1
1
1
1
1
1
1
1
1
1
1
1
1
1
1
1
1
1
1
0.999985
1
1
1.00013
1
1
1
1
1
1
0.998643
1
1
1
1
1
1
1
1
1
1
1
1
1
1
1
1
1
1
1.00015
1
1
1
0.997544
1
1
1
1
1.00008
1
1
1
1
1
0.997768
1
1
1
1
1
1
1
1
1
1
1
1
1
1
1
1
1.00003
1
1
1
1
1
1
1
1
1
1
1
1
1
1
1
1
1
1
1
1
1
1
1
0.999997
1
1
1
1
1
0.998699
1
1
1
1
1
1
1
1
1
1
1.00035
1
1
1
1
1
1
1
1
1
1
1
1
1
1
1
1
1
1
1
1
1
1
1
1
1
0.999998
1
1
1
1
1
1.0012
1
1
1
1
1
1
1
1
1.00006
1
1
1
1
1
1
1
0.999995
1
1
1
1
0.999998
1
1
1
1.00002
1
1
1
1
0.999973
1
1
1
1
1
1
0.999953
1
1
1
1
1
1
1
1
1
1
1
1
1
1
1
1
1
1
1
1
1
1
1
1
1
1
1
1
1
1
1
1
1
1
1
1
1
1
1
1
1
1
1
1
1
1
0.988376
1.00003
1
1
1
1
1
1
1
1
1
1
1
1
1
1
1
1
1
1
1
1
1
1
1
1
1
1
1
1
1
1
1
1
1
1.00001
1
1
1
1
1
1
1
1
1
1
1
1
1
1
1
1
0.999672
1
1
1
1
1
1
1
1
1
1
1
1
1.00001
1
1
1
1
1
1
1
0.999995
1
1
1
1
1
1
1
1
1
1
1
0.999999
1
1
1
1
0.9999
1
1
0.990198
1.00002
1
1
1.00008
1
1
1
1
1
1.00016
1
1.0002
0.999965
1
1
1
1
1
1
1
1
1
1
1
1
0.999983
1
1.00005
0.999728
1
1
1
1
1
1
1
1
1
1
1
1
1
1.00015
1
1
1
1
0.999993
1
1
0.999612
1
1.00009
1.0001
1
1
1
1
1
1
1
1
1
1
0.999868
1
1
1
1
1
1
1
1
0.999998
1
1
1
1
1
1
1
1
1
1
1
1
1
1
1
1
1
1
1
1
1
1
1
1
1
1
1
1
1
1
1
1
1
1
1
1
1
1
1
1.00008
1
1
1
1
1
1
1
1
1
0.99842
1
1
1
1
1
1
1
1
1
1
1
1
1
1
1
1
1
0.999983
1
1
1.00028
1
1
1
1
1
1
1.00001
1
1
1
0.981451
1
1
1
1
1
1
1
1
1
1
1
1
1.00056
1
1
0.997752
1
1
1
1
1
1
1
0.999918
1
1
1
1
1
1
1
1
1
1
1
1
1
0.999999
1
1
1
1
1
1
1
1
1
1
1.00005
1.00011
0.999996
1
1
1
1
1
1.00002
1
1
0.999963
1
1
1
1.00004
1
0.997731
1
1
1
1
1
1
1
1
1
1
1
1
1
1
0.999914
1.00001
0.999996
1
1
1
0.999952
1
0.999386
1
1
1
1
1
1
1
1
1
1
0.999193
1
1
1
1
1
1
0.999987
1
1
1
1
1
1
1
1
1
1
1
1
1
0.999997
1
1
1
1.00001
1
1
1
1
1
0.997645
1
1
0.999999
1
0.992233
1
1
1
1
1
1
1
0.999999
1
1
1
1
1
1
1
1
1
1
1
1
1
1
1
1
1
1
1
1
1
1
1
1
1
1
1
1
1
1
1
1
1
1
1
0.999556
1
1
1
1
1
1
1
1
1
1
1
1
1
1
1
1
1
1
1
1
0.987724
0.998835
1
1
1
1
1
1
1
1
1.00003
1
1
1
1
1
1
1
0.99998
1
0.999967
1
1
1
1.00001
1
1.0004
1
1
1
1
1
1
1
1
1
1
1
1
1
1
1
1
1
1
1
1
1
1
0.999997
1
1
1
1
1
1
1
1
1
1
0.99896
1.00031
1
1
1
1
1
1
1
1
1
1
1
1
1
1
1
1
1
1
1
1
0.999999
1
1
1
1
1
1
1
1
1.00004
1
1
1
1
1
1
1
1
1
1
1
1
1
1
1
1
1
1
0.999999
1
1
1
1
1
1
0.999998
1
0.99999
1
1
1
1
1
1
1.00012
1
1
1
1
1
1.00004
1
1
1
1
1
1
1
1
1
1
1
1
1.00001
1
1
1
1
1
1
1
1
1
0.994109
1
1
1
1
1
1
1
1
1
1
1
1
1
1
1
1
1
1
1
1
1
1
1
1
1
1
1
1
1
1
1
1.00009
1
1
1.00001
1
1
0.997728
1
1
1
1
0.999997
1
1
1
1
1
1
1
1
1
1.00001
1
1
1
1
1
1
0.999992
1
0.990762
1
1
1
1
1
1
1
1
1.00016
1
1
1
1
1
1
1
1
1
1
1
1
1
1
1
1
1
1
1
1
1
1
1
1
1
1
1
1
1
1
1
1
1
1
0.999699
1
1
0.999986
1
0.99995
1
1
1
1
1
1
1
1
1
0.999579
1
1
1
1
1
1
1
1
1
1
1
1
1
1
0.999357
1
1
1
0.999044
1
1
1
1
1.00002
1
0.999325
1
1
1
1
1
1
1
1
1
1
1
1
1
1
1
0.999877
1
1
1
1
1
1
1
1
1
1
1
1
1
1
1
1
1
1
0.999916
1
0.999602
1
1
1
1
1
1
1
1
1
1
0.999613
1
1
1
1
1
1
1
1
1
1.00002
1
1
1
1
1
1
1
1
1
1
1
1
1
1
1
1
1
1
1
1
1
1
1
1
1
1
1
0.999964
1
1
1
1
1
1
1
1
1
1
1
1
0.999996
1
1
1
1
1
1
1
1
1
1
1
1
1
1
1
1
1
0.999969
0.99999
1
1
1
1
0.99705
1
1
1
1
1
1
1.00001
1
1
1
1
1
1
1
1
1
1
1
1
0.999967
1
1
1.00094
1
0.999987
1
1
1
1
1
1
0.999682
1
1
1
1
1
0.997863
1
1
0.992935
1
1
1
1
1
1
1
1
1
1
1
1
1
1
1
1
1
1
1
1
1
1
1
1
1
0.996676
1
1
1
1
1
1
1
1
1
1
1
0.999987
1
1
1
1
1
1
1
1
1
1
1
1
1
1
0.999999
1.00081
1
1
1
1
1
1
1
1
1
1
1
1
1
1
1
1
1
1
1
1
1
1
1
1
1
1
0.999982
1
1
1
1
1
1
1
1
1
1
1
1
1.00006
1
1
1
1
1
1
0.999635
1
1
1
1
1
1
1
1
1
1
1
1
1
1
1
1
1
1
1
0.999868
1
0.999921
1
1
1
1
1
1
1
1
1
1
1
1
1
1
1
1
1
1
1
1
1
1
1
0.983008
0.997331
1
1
1
1
0.998375
1
1
1
1
0.999997
1
1
1
1
1
1
0.999979
0.999981
1
1
1
1
1
1
1
1.00093
1
1
0.999967
1
1
1
1
1
1
1.00044
1
1
1
1
1
1.00003
1
1
0.986536
1
1
1
1
1
1
1
1
1
1
1
1
1
1
1
1
1
1
1
1
1
1
1
1
1
1
1
0.998601
1
1
1
1
1
1
1
1
1
1
1
1
1
1
1
1
1
1.00001
1
0.999997
1
1
1
1
1
1
1
1
1
1
1
1
1
1
1
1
1
1
1
1
1
0.998571
1
1
1
0.998838
1
1
1
1
1
1
1
1
1
1
1.00012
1
1.00162
1
1
0.997379
0.999977
1.00002
1
1
1
1
1
1
1
1
1
1
1
1
1
1
1
1
1
1
1
1
1
1
0.999903
0.999999
1
1.00001
1
1
1
1
1
1
1
1
0.999979
1
1
1
1
1
1
1
1.00007
1
1
1
1
0.999998
1
1
1
1
1
1
1
1
1
1
0.999966
1
0.997686
1
0.999999
1
1
1
1
1
1
1
1
1
1
1
1
1
1
1
1
1
1
1
1
1
1
1
1
1
1
1
1
1
1
1
1
1
1
1
1
1
0.999377
1
1
1
1
1
1
1
1
1
1
1
1
1
1
1
1
1
1
1
1
1
1
1
1
0.999998
1
1
1
1
1
1
1
1
1
1
1
1
1
1
1
1
1
1
1
0.994797
1
1
1
1.00031
1
1
1
1
1
1
1
1
1
1
1
1
0.987402
1
1
1.00067
1
1
1
1
1
1
1
1
1
1
1
1
1
1
1
1
1
1
1
1
1
1
1
1
1
1
1
1
1
1
1
1
1
1
1
1
1
1
1
1
1
1
1
1
1
1
1
1
1
1
1
1
0.997867
1
1
1
1
1
1
1
1
1
1
1
1
1
1
1
1
1
1
1
1
1
1
1
1
1
1
1
1
1
1
1
1
1
1
1
1
1
1
1
1
1
1
1
1
1
1
1
1
1
1
1
1
1
1
1
1
1
1
1
1
1
1
1
1
1
1
1
1
1
1
1
1
1
1
1
1
1
0.994243
1
1
1
1
1
1
0.998465
1
1
1
1
1
1
1
1
1
1
1
1
1
1
1
1
1
1
1
1
1
1
1
1
1
1
1
1
1
1
1
1
1
1
1
1
1
1
1
1
1
1
1
1
1
1
1
1
1
1
1
1
1
1
1
0.999999
1
1
1
1
1
1
1
1
1
0.999351
1
1
0.998136
1
1
1
1
1
1
1
1
1
1
1
1
1
1
1
1
1
1
1
1
1
1
1
1
1
1
1
1
1
1
1
1
1
1
1
1
1
1
1
1
1
1
1
1
1
1
1
1
1
1
0.996957
1
1
1
1
1
1.00001
1
1
1
1
1
1
1
1
1
1
1
1
1
1
1
1
1
1
1
1
0.995067
1
1
1
1
1
1
1
1
1
1
1
1
1
1
1
1
1
1
1
1
1
1
1
1
1
1
1
1
1
1
1
1
1
1
1
1.00001
1
1
1
0.998347
1
1
1
0.999999
1
1
1
1
1
1
1
1
1
1
1
1
1
1
1.00009
1
1
1
1
1
1
1
1
1
1
1
1
1
1
1
1
1
0.999956
1
1
1
1
1
1
1
1
1
1
1
1
1
0.999631
1
1
1
1
1
1
1
1
1
1
1
1
1
1
1
1
1
1
1
1
0.999998
1
1
1
1
1
1
1
1.00001
1
1
1
1
1
1
1
1
1
1
1
1
1
1
1
1
1
1.00001
1
1
1
1
1
1
1
1
1
1
1
1
1
1.00006
1
1
1
1
1
1
1
1
0.998644
1
1
1
1
1
0.999978
1
1
1
1
1
1
1
1
1
1
0.999999
1
1
1
1
1
1
0.999999
1
1
1
0.999998
1
1
1
1
1
1
1
1
1
1
1
1
1
1
1
1
1
1
1
1
1
1
1
1
1
1
1
1
1
0.999375
1
1
1
1
1
0.999999
1
1
1
1
1
1
0.999998
1
1
1
1
1
0.993439
1
1
1
1
1.00044
1
1
1
1
1
1
1
1
1
1
1
1
1
1
1
1
1
1
1
1
1
1
1
1
0.999998
0.999924
1
1
1
1
1
1
1
1
1
1
1
1
1
1
1.00005
1
1
1
1.00001
0.99999
1
1
1
1
1
1
1
1
1
1
1
1
1
1
1
1
1
1
1
1
1
1
1
1
1
1
1
1
1
1
0.996069
1
1
1
1
1
1
1
1
1
1
1
1
1
1
1
1
1
1
1
1
1
1
1
1
1
1
1
1
1
1
1
1
1
1
1
1
1
1
1
1
1
1
1
1
1
1
1
1
1
1
1
1
1
1
1
1
1
1
1
1
1
1
0.993552
1
1
1
1
1.00001
1
1
1
0.999999
1
1
1
1
1
1
1
1
0.999459
1
1
1
1
1
1
1
1
1
1
1
1
1
1
1
1
1
1
1
1
1
1
1
1
1
1
1
1
1
0.9946
1
1
1
0.999992
1
1
0.998712
1
1
1
1
1
1
1
1
1
1
1
1
1
1
1
1
1
1
1
1
1
1
1
1
1
1
1
1
1
1
1
0.999969
1
1
1
1
1
1
1
1
1
1
1
1
1
1
1
1
1
1
1
1
1
1
1
0.999983
1
1
1
1
1
1
1.00044
1.00221
1
1
0.999564
1
1
1
1
1
0.997296
1
1
1
1
1
1
1
1
1
1
1.00007
1
1
1
1
0.999056
1
1
1
1
1
1
1
1
1
1
1
1.00027
1
1
1
1
1
1
1
1
1
1
1
1
1
1
1
1
1
0.999982
1
1
1
1
1
1
1
1
1
1
1
1
1
1
1
1
1
1
1
1
1
1
1
1
1
1
1
1
1
1
1
1
1
1
1
1
1
1
1.00012
1
1
1
1
1
1
1
1
1
0.999992
1
1
1
1
1
1
1
1
1
1
1
1
1
1
1
1
1
1
1
1
1
1
1
1
1
0.999748
1
1
1
1
1
1
1
1
1
1
1
1
1.00055
1
1
1
1
1
1
1
0.995866
1
1
1
1
1
1
1
1
1
1
1
1
1
1
1
1
1
0.999995
1
1
1
1
1
1
1
1
1
1
1
1
1
1
1
1.00001
1
1
1
1
1
1
1
1
0.999995
1
1
1
1
1
1
1
1
1
1
1
1
1
0.999995
1
1
1
1
1
1
1
1
1
0.999983
1
1
1
1
0.997898
1
1.00001
0.99794
1
1
1
1
1
1
1
1
1
1
1
1
1
0.999999
1
1
1
1
1
1
1
1
1
1
0.998565
1
1
1
1
1
1
1
1
1
1
1
1
1
1
0.999625
1
1
1
0.999998
1
1
1
1
1
1
1
1
1
1
1
1
1
1
1
1
1
1
1
1
0.999989
1
1
1
1
1
1
1
1
1
1
1
1
1
1
1
1
1
1
1
1
1
1
0.999157
1
1
1
1
1
1
1
1
1
1
1
1
1
1
1
1
1
1
1
1
1
1
1
1
1
1
1
1
1
1
1
1
1
1
1
1
1
1
1
1
1
1
1
1
1
1
1
0.999995
1
0.999351
1
1
1
1
1
1
1
1
1
1
1
1
1
1
1
1
0.999999
1
1
1
1
1
1
0.999841
1
1
1
1
1
1
1
1
1
1
1
1
1
1
1
1
1
1
1
1
1
1
0.999999
1
1
1
1
1
1
1
1
1
1
1
1
1
1.00003
1
1
1
1
1
1
1
1
1
1
1
1
1
1
1
1
1
1
1
1
1
1
1
1
1
1
1
0.999975
1
1
1
1
1
1
1
1
1
1
1
1
1
1
1
1
1
1
0.998377
1
1
1
1
1
1
0.999994
1
1
1
1
1
1
1
1
1
1
1
1
1
1
1
1
1
1
1
1
1.00001
0.999998
1
1
1
1
1
1
1
1
1
1
1
1
1
1
0.999272
1
1
1
1
1
1
1
1
1
1
1
1
1
0.999868
1
1
1
1.00011
1
1
1
1
1
1
1
1
0.99997
1
1
1
1
0.999977
1.00015
1
1
1
1
1
1
1
0.999998
1
1
1
1
1
1
1
0.999974
1
1
1
1
1
1
1
1
1
1
1
1
1
1
1
1
1
0.999981
1
1
1
1
1
1
1
1
1
1
0.999993
1
1
1
1
1
1
1
1
1
1
1
1
1.00039
1
0.998821
1
1
1
1
1
1
1
1
1
1
1
1
1
1
1
1
1.00054
0.999999
1.00001
1
1
1
1
1
0.999981
1
1
1
1
1
1
1
1
1
1
1
1
1
1
1.00047
1
1
1
1
1
0.999984
1
1
1.00001
1
1
0.997686
0.999996
1
1
0.999987
0.999832
1
1
1
1
1
1
1
1
1
1
1
1
1
1
1
1
1
1
1
1
1
1
1
0.996144
1
1
1
1
1
1
1
1
1
0.999999
1
1
1
1
1
1
1
1
1
1
0.999993
1
1
1
1
1
1
1
1
1
1
1
1
1
)
;

boundaryField
{
    frontback
    {
        type            empty;
    }
    topbottom
    {
        type            zeroGradient;
    }
    outlet
    {
        type            zeroGradient;
    }
    inlet
    {
        type            fixedValue;
        value           uniform 1;
    }
    walls
    {
        type            zeroGradient;
    }
    procBoundary0to1
    {
        type            processor;
        value           nonuniform List<scalar> 
104
(
1
1
1
1
1
1
1
1
1
0.999876
1
1
1
0.999923
1.00076
1
1
1
1.00003
1
1
1
1
1
1
1
1
1
1
1
1
1
1
1
0.999945
1
1
1
1
1
1
1
0.999168
1
1
1
1
1
1
1
1
1
1
1
0.993667
1
1
1
1
1
1
1
1
1
1
1
1
1
1
1
1
1
1
1
1
1
1
1
1
1
1
0.996874
1
1
1
1
1
1
1
1
1
1
0.999998
1
1
1
1
1
1
1
1
1
1
1
)
;
    }
    procBoundary0to2
    {
        type            processor;
        value           nonuniform List<scalar> 
83
(
1
1
1
1
1
1
1
1
1
1
1
1
1
1
1
1
1
1
1
1
1
1
1
1
1
1
1
1
1
1
1
1
1
1
1
1
1
1
1
1
1
1
1
1
1
1
1
1
1
1
1
1
1
1
1
1
1
1
1
1
1
1
0.999249
1
1
1
1
1
1
1
1
1
1
1
1
1
1
1
1
1
1
1
1
)
;
    }
}


// ************************************************************************* //
