/*--------------------------------*- C++ -*----------------------------------*\
| =========                 |                                                 |
| \\      /  F ield         | OpenFOAM: The Open Source CFD Toolbox           |
|  \\    /   O peration     | Version:  v2012                                 |
|   \\  /    A nd           | Website:  www.openfoam.com                      |
|    \\/     M anipulation  |                                                 |
\*---------------------------------------------------------------------------*/
FoamFile
{
    version     2.0;
    format      ascii;
    class       labelList;
    location    "constant/polyMesh";
    object      cellProcAddressing;
}
// * * * * * * * * * * * * * * * * * * * * * * * * * * * * * * * * * * * * * //


14033
(
0
1
2
13
14
15
18
23
42
45
53
57
62
64
67
70
71
77
78
82
84
88
99
102
106
109
112
113
125
139
141
146
151
158
159
160
161
163
165
171
182
187
198
215
217
218
223
229
232
234
235
237
240
261
268
271
273
280
281
282
287
293
295
299
304
307
309
310
314
324
331
335
338
342
343
347
352
356
360
364
368
369
372
373
383
387
388
393
401
406
411
416
417
423
424
440
452
454
459
460
465
468
487
492
498
503
509
511
516
520
525
527
547
550
553
554
559
561
570
577
589
601
605
618
619
624
639
640
641
656
660
672
674
678
679
681
682
686
696
705
713
714
715
722
733
738
739
743
749
757
759
765
766
776
777
783
784
787
793
798
799
802
811
818
820
826
828
829
835
846
852
853
867
879
882
885
891
895
905
912
915
923
927
936
937
942
946
947
951
953
957
958
962
975
976
979
981
983
985
994
995
1000
1001
1006
1010
1011
1029
1030
1031
1036
1045
1053
1057
1058
1061
1063
1064
1065
1073
1075
1080
1082
1086
1090
1094
1097
1112
1115
1116
1118
1125
1126
1130
1143
1149
1160
1162
1174
1175
1182
1183
1184
1196
1200
1207
1212
1217
1218
1223
1226
1233
1234
1243
1251
1253
1255
1257
1260
1261
1262
1264
1265
1270
1274
1276
1277
1282
1290
1293
1295
1298
1305
1306
1310
1328
1331
1340
1341
1346
1349
1350
1354
1359
1366
1369
1370
1372
1373
1374
1378
1385
1399
1409
1412
1421
1427
1434
1441
1445
1452
1454
1459
1464
1465
1468
1478
1480
1481
1482
1488
1494
1496
1503
1513
1517
1519
1524
1525
1531
1545
1553
1560
1565
1567
1568
1570
1598
1604
1611
1631
1641
1651
1653
1655
1657
1658
1659
1660
1667
1674
1681
1692
1697
1703
1706
1708
1713
1716
1725
1727
1732
1735
1740
1749
1754
1756
1760
1761
1764
1769
1770
1773
1776
1781
1786
1788
1789
1791
1793
1796
1799
1802
1806
1818
1820
1831
1837
1839
1844
1845
1846
1851
1852
1854
1858
1861
1875
1876
1878
1879
1880
1883
1886
1890
1895
1901
1905
1914
1915
1920
1921
1922
1923
1925
1926
1930
1931
1944
1947
1952
1959
1960
1970
1971
1981
1985
1996
1997
1999
2000
2002
2005
2008
2010
2011
2013
2014
2020
2024
2025
2031
2036
2037
2040
2047
2066
2071
2079
2084
2086
2096
2097
2107
2111
2113
2116
2118
2123
2127
2128
2129
2132
2133
2134
2136
2143
2147
2148
2152
2154
2160
2161
2165
2169
2177
2179
2183
2186
2192
2201
2203
2207
2213
2223
2229
2231
2235
2238
2243
2252
2256
2259
2260
2267
2273
2278
2283
2290
2293
2302
2303
2306
2310
2312
2313
2321
2322
2326
2329
2332
2333
2336
2338
2347
2354
2362
2363
2374
2389
2390
2392
2396
2401
2410
2412
2421
2426
2428
2433
2436
2446
2448
2455
2456
2462
2468
2473
2474
2478
2485
2499
2503
2508
2515
2520
2521
2522
2525
2530
2534
2538
2540
2550
2558
2560
2563
2566
2568
2572
2575
2581
2584
2588
2591
2596
2597
2604
2608
2617
2637
2646
2651
2656
2665
2667
2671
2673
2678
2685
2688
2697
2704
2712
2721
2723
2726
2727
2729
2738
2739
2751
2752
2756
2757
2758
2759
2769
2771
2781
2789
2794
2795
2798
2802
2805
2807
2808
2811
2815
2817
2819
2821
2831
2833
2844
2850
2851
2856
2861
2872
2873
2876
2881
2883
2884
2886
2887
2897
2898
2899
2909
2912
2924
2925
2926
2931
2935
2942
2948
2949
2957
2972
2977
2978
2981
2982
2984
2995
3001
3005
3008
3012
3013
3014
3015
3017
3019
3023
3028
3030
3034
3040
3052
3055
3056
3058
3064
3066
3081
3088
3097
3101
3103
3105
3117
3119
3121
3122
3131
3133
3147
3150
3151
3157
3161
3162
3165
3167
3175
3189
3197
3201
3210
3212
3217
3222
3224
3225
3226
3228
3235
3236
3238
3239
3240
3242
3253
3254
3258
3264
3265
3266
3271
3274
3277
3282
3283
3285
3297
3300
3303
3307
3308
3312
3317
3320
3335
3339
3358
3360
3362
3363
3364
3369
3374
3378
3386
3389
3395
3399
3402
3407
3408
3413
3418
3419
3429
3430
3431
3435
3437
3445
3446
3450
3453
3454
3455
3463
3473
3476
3477
3482
3483
3488
3489
3492
3494
3496
3497
3502
3506
3507
3510
3522
3523
3524
3525
3532
3540
3541
3546
3547
3548
3549
3550
3558
3561
3562
3568
3570
3576
3587
3591
3602
3604
3605
3612
3621
3622
3623
3637
3642
3648
3655
3664
3673
3678
3683
3685
3694
3698
3701
3704
3713
3729
3731
3733
3746
3753
3760
3763
3790
3795
3796
3801
3802
3805
3806
3813
3821
3828
3829
3835
3851
3858
3860
3869
3872
3873
3874
3875
3877
3880
3882
3884
3885
3887
3892
3893
3901
3902
3904
3905
3907
3912
3920
3921
3923
3924
3925
3935
3942
3951
3953
3957
3963
3964
3966
3972
3978
3985
3987
4001
4003
4008
4016
4017
4019
4026
4029
4048
4052
4060
4068
4070
4071
4075
4079
4082
4088
4092
4103
4104
4108
4109
4113
4118
4130
4132
4144
4146
4147
4149
4153
4163
4174
4176
4182
4187
4200
4205
4206
4211
4213
4215
4216
4218
4219
4222
4228
4232
4234
4235
4238
4241
4251
4261
4273
4279
4284
4291
4299
4310
4311
4312
4317
4320
4323
4329
4331
4343
4344
4345
4353
4357
4358
4360
4364
4393
4394
4400
4402
4403
4414
4415
4416
4435
4436
4443
4444
4449
4452
4454
4455
4459
4461
4462
4470
4471
4472
4473
4476
4485
4486
4490
4495
4506
4507
4513
4515
4516
4521
4524
4538
4541
4544
4545
4552
4553
4554
4556
4558
4566
4569
4573
4576
4580
4582
4583
4584
4589
4600
4601
4603
4606
4607
4624
4627
4632
4635
4640
4643
4654
4657
4665
4672
4677
4679
4684
4686
4695
4698
4706
4708
4712
4718
4720
4725
4727
4728
4731
4732
4733
4736
4741
4748
4749
4754
4755
4761
4767
4769
4775
4777
4780
4783
4786
4796
4798
4809
4810
4825
4828
4830
4832
4837
4839
4847
4848
4849
4855
4857
4860
4863
4865
4871
4880
4882
4884
4885
4887
4891
4902
4912
4915
4919
4921
4924
4936
4940
4942
4943
4947
4957
4958
4961
4962
4967
4979
4981
4999
5005
5015
5020
5028
5029
5033
5034
5040
5046
5047
5054
5059
5061
5062
5067
5070
5071
5080
5081
5089
5091
5092
5094
5099
5100
5104
5111
5116
5143
5149
5150
5154
5156
5157
5159
5163
5166
5173
5176
5183
5186
5195
5202
5206
5212
5213
5216
5218
5221
5223
5232
5238
5240
5244
5250
5259
5265
5272
5275
5277
5279
5285
5288
5291
5300
5302
5305
5308
5311
5320
5327
5330
5336
5340
5345
5352
5366
5372
5376
5383
5384
5394
5402
5404
5414
5419
5425
5426
5441
5444
5447
5448
5450
5451
5454
5456
5457
5460
5465
5468
5472
5477
5479
5488
5492
5496
5502
5503
5507
5509
5514
5529
5530
5533
5535
5537
5540
5542
5546
5553
5557
5561
5570
5579
5580
5587
5591
5599
5601
5602
5604
5606
5608
5620
5621
5622
5624
5626
5629
5633
5637
5638
5645
5654
5655
5671
5674
5676
5679
5680
5681
5687
5690
5693
5695
5698
5703
5704
5709
5715
5720
5724
5729
5741
5747
5752
5769
5776
5780
5782
5784
5785
5803
5804
5808
5810
5811
5815
5818
5820
5822
5831
5842
5846
5847
5848
5859
5866
5869
5876
5879
5887
5894
5898
5905
5907
5908
5914
5915
5917
5918
5921
5926
5933
5936
5938
5939
5940
5942
5944
5948
5949
5952
5954
5959
5961
5965
5967
5969
5972
5977
5984
5986
5989
5991
6000
6001
6004
6005
6007
6010
6015
6018
6020
6023
6026
6036
6038
6039
6040
6042
6045
6056
6059
6062
6064
6065
6067
6068
6069
6073
6074
6085
6090
6094
6096
6097
6100
6109
6112
6118
6121
6123
6125
6127
6129
6130
6136
6138
6142
6143
6149
6152
6158
6160
6169
6187
6191
6192
6198
6199
6201
6212
6215
6219
6222
6229
6230
6235
6237
6240
6245
6251
6267
6268
6274
6275
6279
6285
6288
6292
6310
6320
6324
6332
6337
6348
6362
6366
6367
6380
6383
6388
6395
6399
6400
6402
6410
6419
6421
6423
6428
6429
6430
6438
6444
6446
6448
6453
6467
6470
6477
6478
6481
6482
6488
6490
6496
6498
6501
6514
6520
6523
6528
6530
6531
6549
6553
6559
6582
6586
6591
6592
6597
6600
6601
6605
6623
6627
6635
6637
6640
6642
6647
6656
6663
6677
6692
6698
6700
6705
6712
6719
6720
6722
6723
6730
6746
6748
6755
6756
6758
6763
6764
6768
6771
6773
6775
6779
6790
6792
6796
6804
6816
6819
6824
6829
6831
6840
6864
6873
6875
6876
6878
6879
6883
6887
6892
6895
6896
6899
6901
6909
6912
6922
6923
6931
6932
6939
6952
6961
6962
6963
6975
6991
6996
6998
7000
7005
7011
7036
7037
7038
7040
7042
7044
7045
7048
7054
7055
7067
7072
7073
7079
7081
7088
7091
7094
7097
7103
7104
7117
7130
7134
7136
7137
7141
7149
7151
7153
7159
7164
7169
7170
7181
7182
7185
7186
7191
7192
7197
7200
7211
7228
7232
7239
7240
7247
7249
7254
7255
7257
7260
7263
7276
7286
7288
7290
7294
7300
7302
7306
7316
7332
7333
7347
7353
7354
7356
7357
7363
7376
7383
7386
7388
7390
7393
7394
7411
7415
7416
7423
7424
7427
7428
7431
7434
7437
7442
7445
7453
7463
7473
7483
7490
7494
7496
7500
7507
7512
7516
7518
7524
7529
7535
7536
7537
7543
7547
7548
7550
7557
7559
7561
7562
7564
7571
7590
7597
7601
7607
7612
7614
7616
7617
7618
7620
7624
7625
7640
7644
7647
7648
7651
7653
7654
7655
7657
7663
7673
7675
7679
7682
7683
7684
7687
7698
7705
7706
7707
7708
7709
7715
7716
7726
7729
7737
7743
7744
7754
7755
7761
7767
7776
7779
7785
7791
7796
7800
7804
7811
7819
7820
7828
7864
7867
7870
7873
7891
7896
7897
7898
7903
7909
7911
7912
7920
7925
7927
7933
7949
7952
7961
7962
7965
7976
7978
7989
7993
7996
8000
8001
8002
8009
8011
8018
8022
8024
8028
8031
8034
8042
8055
8057
8061
8086
8094
8097
8101
8102
8112
8119
8126
8134
8135
8136
8137
8148
8154
8155
8158
8161
8164
8166
8175
8181
8183
8196
8198
8200
8207
8211
8216
8221
8222
8227
8228
8232
8233
8237
8242
8245
8246
8247
8248
8252
8255
8257
8259
8262
8263
8268
8277
8284
8294
8296
8307
8310
8312
8316
8322
8323
8325
8345
8350
8357
8363
8365
8366
8368
8373
8375
8376
8383
8389
8392
8402
8403
8406
8407
8408
8409
8413
8415
8425
8436
8437
8453
8462
8466
8468
8469
8472
8473
8476
8479
8490
8495
8502
8506
8507
8512
8515
8517
8518
8520
8527
8528
8538
8540
8545
8554
8559
8578
8579
8585
8589
8597
8603
8606
8610
8614
8620
8621
8623
8626
8631
8635
8640
8642
8649
8650
8659
8662
8663
8670
8677
8679
8681
8704
8708
8716
8726
8738
8745
8746
8752
8758
8762
8763
8767
8769
8772
8774
8776
8778
8791
8798
8799
8801
8803
8804
8806
8808
8824
8842
8858
8860
8865
8868
8871
8880
8889
8896
8899
8900
8906
8909
8911
8921
8922
8928
8931
8935
8936
8942
8944
8947
8952
8954
8955
8957
8959
8978
8981
8982
8984
8985
8992
8993
8994
8997
8998
8999
9007
9012
9018
9021
9022
9029
9031
9034
9036
9037
9038
9048
9052
9060
9067
9077
9083
9085
9087
9091
9096
9098
9100
9107
9109
9110
9112
9116
9117
9124
9129
9134
9137
9145
9148
9150
9151
9153
9154
9156
9162
9163
9167
9184
9189
9195
9202
9214
9246
9253
9255
9256
9266
9269
9274
9281
9284
9286
9288
9289
9297
9299
9310
9319
9328
9329
9335
9336
9341
9342
9346
9350
9352
9354
9367
9375
9382
9383
9385
9393
9397
9405
9424
9430
9434
9439
9446
9447
9453
9456
9461
9464
9470
9472
9473
9475
9478
9479
9489
9490
9495
9499
9502
9509
9511
9512
9517
9530
9533
9537
9541
9544
9545
9552
9562
9563
9569
9570
9573
9592
9597
9601
9610
9614
9621
9625
9629
9630
9634
9639
9640
9647
9654
9656
9659
9660
9663
9680
9683
9684
9690
9692
9697
9699
9712
9714
9718
9721
9736
9738
9742
9749
9750
9754
9756
9758
9759
9766
9767
9769
9782
9785
9789
9798
9802
9811
9813
9824
9826
9832
9833
9836
9838
9848
9849
9857
9861
9865
9879
9882
9892
9905
9911
9914
9916
9927
9931
9934
9942
9945
9947
9950
9956
9961
9964
9966
9971
9978
9981
9983
9984
9985
9988
9989
9991
10000
10002
10010
10013
10025
10029
10030
10032
10037
10042
10043
10044
10055
10061
10066
10071
10090
10097
10100
10107
10113
10120
10125
10126
10130
10131
10149
10156
10158
10170
10172
10174
10175
10176
10178
10179
10182
10184
10186
10187
10190
10193
10198
10199
10206
10209
10210
10221
10222
10226
10229
10234
10238
10242
10252
10261
10264
10273
10277
10278
10286
10287
10295
10299
10304
10306
10309
10313
10314
10315
10318
10324
10325
10327
10328
10330
10334
10336
10343
10349
10366
10377
10379
10386
10387
10389
10392
10400
10403
10405
10407
10409
10424
10425
10430
10442
10444
10445
10448
10450
10452
10460
10462
10465
10467
10468
10469
10471
10477
10480
10485
10487
10491
10498
10502
10514
10527
10531
10535
10541
10553
10554
10559
10563
10564
10565
10582
10589
10592
10597
10609
10610
10611
10616
10617
10621
10624
10631
10633
10637
10638
10645
10647
10649
10664
10666
10668
10669
10674
10676
10677
10682
10688
10694
10695
10697
10718
10720
10723
10726
10735
10739
10756
10767
10778
10779
10780
10783
10785
10787
10788
10792
10802
10808
10814
10817
10818
10822
10828
10833
10834
10837
10850
10863
10864
10871
10872
10873
10893
10905
10907
10916
10918
10919
10920
10922
10924
10927
10929
10930
10941
10942
10947
10961
10975
10978
10981
10985
10993
10998
11003
11009
11011
11013
11015
11021
11027
11028
11037
11039
11040
11043
11044
11054
11058
11063
11067
11069
11072
11076
11077
11078
11079
11082
11086
11096
11101
11105
11108
11111
11112
11116
11130
11131
11143
11152
11154
11156
11157
11168
11173
11176
11178
11179
11184
11186
11188
11194
11198
11205
11217
11224
11225
11246
11250
11251
11253
11255
11261
11264
11266
11275
11281
11287
11288
11295
11299
11302
11310
11323
11341
11343
11360
11361
11363
11366
11372
11376
11379
11391
11392
11398
11401
11405
11406
11409
11415
11422
11429
11437
11439
11441
11449
11458
11462
11464
11468
11470
11474
11480
11482
11483
11491
11497
11500
11504
11507
11513
11514
11516
11518
11520
11526
11532
11545
11548
11553
11556
11562
11563
11565
11575
11578
11587
11588
11589
11591
11601
11609
11615
11616
11621
11623
11626
11629
11643
11645
11649
11669
11670
11672
11679
11685
11689
11697
11702
11703
11727
11729
11731
11736
11742
11744
11751
11753
11757
11775
11776
11787
11793
11809
11813
11814
11818
11823
11831
11835
11840
11846
11858
11874
11875
11885
11888
11890
11900
11901
11909
11910
11915
11921
11923
11930
11933
11943
11947
11949
11952
11957
11961
11968
11979
11980
11989
11991
12005
12013
12014
12017
12025
12034
12045
12046
12048
12055
12063
12074
12080
12084
12091
12092
12093
12098
12099
12104
12111
12116
12119
12125
12129
12130
12132
12134
12141
12147
12155
12157
12159
12160
12168
12170
12185
12187
12188
12191
12194
12196
12203
12205
12218
12219
12224
12225
12228
12232
12233
12238
12241
12245
12262
12272
12286
12292
12295
12319
12321
12335
12349
12352
12356
12360
12376
12393
12395
12397
12402
12413
12422
12424
12430
12431
12449
12452
12455
12464
12466
12475
12477
12479
12499
12501
12503
12506
12516
12517
12518
12521
12522
12524
12526
12530
12536
12537
12543
12553
12557
12558
12577
12602
12615
12616
12634
12638
12642
12648
12652
12659
12675
12677
12679
12685
12688
12691
12697
12707
12708
12709
12710
12715
12726
12742
12755
12761
12765
12777
12778
12786
12796
12806
12813
12814
12832
12843
12852
12862
12880
12888
12893
12900
12908
12914
12915
12918
12920
12926
12938
12942
12955
12956
12960
12961
12972
12975
12976
12986
12987
12989
12990
12991
12996
12998
13003
13007
13021
13026
13032
13039
13043
13047
13050
13051
13068
13069
13070
13073
13077
13083
13084
13085
13086
13087
13089
13111
13142
13143
13147
13154
13156
13174
13177
13183
13185
13189
13195
13200
13208
13217
13220
13230
13234
13238
13240
13243
13245
13252
13253
13256
13257
13261
13263
13269
13271
13276
13299
13305
13306
13307
13313
13320
13332
13340
13344
13358
13374
13379
13387
13388
13391
13406
13410
13414
13417
13419
13420
13427
13435
13439
13440
13448
13465
13489
13490
13492
13495
13497
13501
13503
13504
13509
13512
13519
13524
13532
13534
13537
13541
13561
13578
13584
13589
13608
13610
13612
13618
13621
13632
13634
13637
13640
13641
13644
13646
13647
13649
13652
13655
13660
13664
13666
13676
13679
13682
13684
13687
13689
13692
13694
13720
13731
13738
13743
13756
13760
13761
13768
13775
13776
13781
13783
13789
13806
13807
13812
13816
13820
13828
13835
13842
13846
13850
13853
13857
13860
13865
13869
13872
13875
13877
13886
13888
13891
13900
13902
13903
13906
13917
13918
13919
13926
13927
13930
13935
13938
13943
13945
13950
13951
13953
13956
13967
13973
13977
13978
13979
13981
13990
13992
13995
13997
14002
14007
14015
14024
14030
14031
14035
14048
14056
14060
14062
14063
14064
14072
14074
14088
14089
14091
14097
14104
14106
14108
14109
14112
14116
14117
14120
14121
14122
14128
14132
14134
14136
14138
14142
14147
14151
14158
14159
14164
14166
14177
14181
14182
14183
14187
14194
14197
14204
14214
14216
14223
14230
14232
14235
14237
14240
14252
14254
14255
14257
14258
14261
14262
14268
14269
14279
14280
14286
14290
14291
14292
14304
14305
14310
14311
14313
14316
14319
14322
14326
14329
14335
14336
14338
14347
14350
14355
14356
14376
14383
14388
14395
14400
14401
14408
14409
14413
14422
14431
14432
14434
14443
14447
14449
14451
14455
14464
14468
14470
14472
14473
14483
14493
14496
14500
14507
14508
14512
14519
14524
14526
14527
14528
14532
14533
14536
14538
14539
14549
14565
14572
14574
14577
14580
14584
14594
14596
14598
14606
14608
14613
14617
14620
14628
14631
14634
14643
14645
14647
14651
14652
14653
14663
14664
14669
14675
14683
14684
14694
14706
14707
14708
14709
14710
14714
14715
14721
14730
14736
14738
14748
14752
14753
14763
14770
14771
14780
14788
14789
14792
14798
14799
14800
14802
14804
14806
14807
14812
14813
14815
14816
14817
14821
14822
14829
14834
14835
14838
14842
14844
14845
14848
14849
14850
14851
14853
14868
14871
14877
14878
14882
14888
14891
14892
14897
14902
14904
14906
14907
14908
14912
14915
14934
14945
14947
14948
14950
14958
14965
14966
14968
14969
14971
14973
14974
14976
14977
14978
14985
14990
14994
14996
14997
15000
15003
15005
15007
15010
15020
15022
15024
15025
15030
15039
15042
15043
15044
15048
15050
15052
15054
15061
15063
15065
15066
15069
15070
15075
15081
15084
15096
15105
15106
15107
15111
15114
15118
15120
15122
15124
15126
15130
15132
15136
15138
15150
15153
15154
15159
15161
15168
15169
15172
15178
15182
15185
15188
15191
15196
15201
15202
15205
15215
15218
15222
15231
15232
15234
15241
15244
15249
15252
15255
15258
15259
15261
15262
15264
15268
15270
15276
15277
15279
15281
15288
15293
15300
15303
15308
15311
15312
15315
15316
15318
15320
15327
15333
15335
15349
15363
15367
15370
15373
15380
15388
15390
15396
15397
15403
15404
15408
15415
15432
15440
15443
15446
15454
15457
15458
15459
15462
15464
15465
15466
15468
15472
15477
15488
15489
15491
15499
15502
15504
15510
15516
15517
15520
15522
15531
15534
15557
15560
15561
15567
15568
15576
15579
15586
15588
15590
15605
15606
15608
15611
15617
15620
15628
15630
15635
15636
15637
15638
15643
15646
15647
15649
15652
15653
15655
15659
15663
15664
15668
15671
15673
15674
15678
15690
15695
15699
15702
15703
15705
15707
15710
15713
15716
15719
15724
15727
15729
15736
15737
15740
15741
15750
15752
15758
15760
15762
15766
15777
15778
15779
15783
15789
15791
15792
15794
15797
15798
15810
15811
15812
15820
15826
15827
15830
15835
15836
15839
15840
15841
15847
15859
15862
15864
15868
15872
15873
15874
15877
15898
15901
15905
15908
15913
15915
15917
15918
15919
15921
15924
15928
15930
15939
15942
15944
15953
15954
15955
15956
15959
15961
15966
15974
15979
15982
15983
15986
15987
15988
15989
15993
15998
16000
16004
16006
16007
16008
16011
16012
16015
16017
16025
16029
16040
16042
16046
16047
16049
16058
16059
16060
16067
16071
16083
16088
16095
16096
16099
16107
16112
16116
16126
16127
16132
16145
16152
16154
16155
16162
16163
16169
16175
16176
16184
16185
16187
16189
16192
16193
16199
16202
16208
16211
16214
16222
16224
16229
16234
16235
16241
16243
16253
16254
16258
16262
16264
16265
16267
16269
16270
16271
16272
16273
16274
16275
16276
16279
16280
16281
16284
16286
16290
16296
16297
16298
16300
16304
16305
16307
16314
16317
16318
16324
16327
16328
16339
16340
16345
16346
16347
16348
16353
16356
16367
16368
16371
16375
16376
16380
16381
16383
16385
16395
16396
16401
16406
16410
16412
16420
16425
16428
16430
16436
16437
16438
16440
16442
16448
16449
16450
16459
16461
16465
16469
16472
16474
16475
16476
16477
16479
16485
16496
16497
16499
16503
16504
16506
16508
16520
16527
16533
16534
16536
16538
16539
16540
16541
16543
16546
16548
16549
16552
16554
16560
16568
16569
16573
16574
16583
16586
16587
16591
16592
16594
16596
16599
16601
16605
16612
16613
16623
16633
16635
16647
16671
16680
16688
16689
16693
16696
16699
16700
16703
16706
16709
16713
16717
16720
16724
16726
16727
16730
16732
16733
16734
16742
16744
16745
16746
16748
16749
16751
16752
16755
16756
16758
16762
16763
16766
16771
16775
16777
16778
16783
16784
16785
16790
16791
16795
16797
16798
16800
16803
16805
16808
16811
16817
16818
16819
16822
16823
16828
16830
16831
16835
16837
16838
16851
16861
16862
16865
16869
16871
16874
16876
16878
16884
16885
16887
16894
16903
16904
16905
16910
16912
16913
16923
16926
16927
16928
16930
16933
16935
16938
16945
16946
16948
16951
16953
16959
16965
16966
16969
16971
16975
16978
16979
16981
16984
16993
16998
17001
17006
17007
17009
17012
17020
17021
17023
17032
17037
17038
17041
17049
17052
17057
17058
17059
17060
17065
17067
17078
17083
17085
17091
17092
17093
17094
17098
17105
17109
17110
17111
17114
17117
17118
17119
17122
17125
17129
17135
17138
17139
17140
17142
17148
17157
17162
17163
17165
17168
17170
17171
17180
17182
17183
17185
17191
17194
17199
17202
17204
17207
17210
17211
17213
17217
17218
17219
17223
17224
17225
17231
17233
17235
17241
17244
17247
17248
17261
17263
17266
17271
17273
17275
17276
17277
17280
17281
17284
17286
17290
17294
17298
17302
17312
17313
17314
17321
17326
17329
17334
17340
17341
17342
17352
17356
17357
17362
17367
17376
17382
17383
17391
17397
17403
17404
17422
17424
17429
17440
17444
17449
17459
17464
17471
17475
17483
17486
17489
17493
17506
17509
17512
17513
17514
17517
17522
17523
17526
17533
17534
17540
17542
17545
17548
17549
17550
17554
17556
17566
17574
17580
17583
17589
17594
17596
17597
17600
17610
17611
17612
17613
17614
17615
17617
17621
17623
17624
17626
17628
17631
17636
17640
17644
17647
17649
17658
17659
17660
17671
17673
17675
17676
17680
17696
17698
17701
17706
17708
17715
17717
17724
17725
17726
17735
17738
17739
17741
17751
17776
17780
17781
17783
17795
17799
17808
17810
17819
17820
17822
17832
17836
17841
17849
17850
17851
17852
17855
17856
17864
17865
17868
17877
17886
17887
17888
17889
17890
17891
17894
17896
17899
17902
17906
17909
17910
17919
17922
17923
17928
17933
17936
17944
17952
17954
17964
17967
17970
17983
17984
17986
17988
17989
17995
18011
18014
18018
18025
18029
18041
18044
18046
18053
18056
18059
18061
18063
18066
18069
18075
18079
18080
18098
18099
18102
18109
18111
18113
18119
18123
18125
18128
18136
18137
18148
18149
18152
18153
18154
18163
18171
18173
18175
18176
18178
18183
18185
18196
18198
18202
18203
18204
18209
18210
18218
18223
18229
18230
18239
18240
18248
18252
18255
18261
18262
18265
18267
18281
18285
18286
18291
18297
18300
18303
18310
18311
18321
18322
18327
18329
18331
18335
18337
18358
18359
18362
18363
18367
18368
18371
18372
18377
18382
18383
18384
18402
18419
18421
18423
18430
18432
18447
18451
18452
18454
18456
18461
18463
18466
18470
18476
18483
18486
18493
18496
18503
18511
18512
18513
18522
18533
18543
18544
18564
18565
18571
18577
18590
18594
18596
18600
18607
18608
18611
18618
18619
18620
18623
18632
18633
18636
18646
18648
18649
18657
18659
18663
18664
18676
18681
18682
18686
18687
18690
18691
18697
18698
18711
18729
18730
18734
18738
18739
18740
18750
18754
18758
18762
18764
18769
18770
18772
18775
18777
18780
18782
18784
18787
18793
18795
18796
18797
18805
18806
18807
18809
18810
18812
18818
18820
18826
18827
18828
18835
18854
18859
18862
18865
18868
18869
18884
18897
18902
18912
18913
18918
18920
18923
18924
18926
18941
18942
18955
18956
18958
18960
18963
18972
18977
18978
18985
18986
18996
18997
19005
19006
19007
19011
19012
19013
19014
19017
19018
19030
19034
19037
19043
19044
19046
19052
19054
19063
19066
19067
19076
19086
19088
19091
19092
19093
19096
19101
19112
19117
19118
19119
19121
19122
19129
19132
19134
19135
19136
19138
19146
19148
19150
19151
19153
19166
19167
19171
19172
19173
19176
19178
19180
19194
19204
19207
19209
19211
19212
19214
19216
19219
19230
19231
19233
19235
19236
19240
19244
19250
19257
19259
19265
19266
19268
19270
19272
19278
19279
19283
19289
19297
19303
19311
19312
19313
19314
19316
19321
19335
19336
19347
19348
19349
19353
19357
19358
19360
19363
19370
19371
19376
19377
19378
19380
19385
19386
19387
19388
19392
19394
19401
19409
19410
19411
19412
19413
19421
19433
19437
19440
19445
19451
19455
19459
19463
19465
19466
19468
19469
19471
19475
19478
19479
19480
19481
19483
19491
19496
19497
19499
19500
19505
19508
19519
19521
19523
19527
19529
19530
19534
19537
19539
19548
19549
19554
19555
19557
19568
19574
19575
19578
19580
19581
19582
19586
19587
19588
19592
19593
19594
19598
19601
19602
19608
19612
19614
19619
19621
19622
19632
19634
19639
19641
19652
19656
19657
19658
19659
19664
19668
19670
19678
19679
19680
19685
19687
19688
19694
19698
19703
19709
19710
19711
19712
19714
19715
19716
19718
19719
19732
19737
19741
19746
19752
19754
19755
19757
19759
19761
19766
19767
19769
19774
19777
19780
19781
19782
19783
19788
19799
19802
19806
19814
19816
19819
19820
19821
19822
19826
19827
19831
19832
19842
19844
19846
19848
19853
19855
19857
19858
19861
19862
19878
19887
19892
19893
19897
19900
19903
19905
19909
19914
19915
19921
19926
19932
19935
19937
19939
19943
19945
19953
19959
19964
19969
19973
19974
19975
19982
19984
19987
19989
19990
19994
19999
20013
20015
20018
20019
20026
20034
20036
20037
20047
20049
20051
20053
20057
20060
20063
20064
20065
20066
20067
20068
20069
20072
20073
20074
20075
20076
20085
20093
20095
20098
20100
20101
20103
20107
20111
20118
20123
20124
20125
20128
20129
20133
20134
20136
20137
20139
20140
20143
20144
20148
20149
20151
20153
20156
20157
20161
20162
20165
20166
20169
20170
20173
20178
20181
20182
20183
20184
20186
20194
20196
20218
20222
20228
20235
20239
20240
20242
20244
20250
20252
20255
20260
20264
20265
20266
20268
20278
20279
20289
20296
20298
20302
20304
20308
20309
20311
20313
20314
20315
20318
20320
20322
20324
20328
20332
20335
20337
20338
20339
20346
20348
20349
20350
20352
20353
20357
20364
20365
20368
20377
20380
20382
20384
20385
20390
20391
20392
20393
20395
20397
20398
20400
20401
20402
20404
20407
20412
20418
20425
20426
20427
20431
20432
20433
20434
20435
20436
20438
20439
20440
20443
20454
20460
20461
20466
20482
20485
20489
20490
20491
20493
20501
20502
20507
20511
20514
20517
20523
20526
20527
20528
20529
20533
20536
20537
20539
20541
20543
20544
20548
20556
20557
20562
20567
20574
20578
20580
20582
20584
20587
20595
20600
20603
20606
20608
20610
20612
20617
20620
20621
20627
20628
20631
20632
20639
20646
20647
20650
20651
20652
20653
20659
20670
20672
20677
20680
20689
20691
20693
20694
20695
20700
20708
20711
20716
20719
20726
20731
20732
20737
20738
20744
20745
20755
20756
20758
20762
20763
20764
20767
20769
20770
20779
20780
20783
20789
20791
20794
20797
20798
20799
20803
20805
20813
20821
20822
20824
20832
20833
20839
20840
20842
20845
20846
20847
20881
20884
20891
20892
20896
20899
20900
20903
20904
20906
20907
20913
20914
20919
20920
20924
20927
20930
20941
20945
20947
20948
20953
20957
20960
20963
20964
20965
20967
20972
20975
20982
20987
20989
20997
20999
21000
21007
21009
21010
21011
21013
21014
21018
21020
21025
21032
21035
21037
21038
21040
21045
21052
21057
21062
21066
21071
21073
21078
21085
21089
21090
21092
21094
21098
21103
21109
21110
21112
21113
21114
21117
21119
21125
21127
21128
21132
21134
21137
21139
21140
21143
21145
21148
21151
21154
21155
21166
21169
21175
21179
21184
21189
21192
21193
21201
21202
21203
21206
21210
21211
21212
21216
21217
21218
21219
21221
21229
21231
21238
21243
21244
21247
21250
21256
21261
21266
21267
21269
21272
21275
21278
21282
21287
21290
21291
21294
21296
21300
21304
21311
21313
21321
21326
21327
21329
21331
21334
21337
21340
21343
21347
21349
21350
21352
21356
21360
21362
21363
21366
21367
21369
21371
21373
21374
21380
21394
21395
21399
21400
21401
21402
21406
21407
21408
21409
21410
21413
21417
21422
21425
21427
21429
21436
21439
21445
21447
21452
21454
21456
21460
21467
21469
21470
21472
21474
21483
21486
21488
21498
21504
21505
21506
21508
21509
21521
21524
21530
21535
21537
21541
21543
21546
21547
21548
21556
21557
21558
21564
21569
21570
21578
21582
21588
21590
21594
21595
21597
21601
21603
21608
21609
21610
21613
21614
21618
21621
21629
21631
21633
21634
21637
21639
21642
21644
21645
21650
21654
21655
21657
21658
21659
21660
21665
21668
21670
21672
21673
21675
21678
21679
21687
21689
21693
21700
21702
21707
21713
21714
21717
21718
21724
21729
21733
21734
21743
21745
21746
21748
21749
21753
21756
21757
21758
21762
21763
21764
21765
21768
21769
21776
21777
21779
21783
21784
21788
21792
21793
21797
21798
21804
21805
21810
21811
21812
21815
21816
21819
21825
21826
21827
21828
21829
21831
21835
21837
21842
21843
21844
21847
21848
21849
21854
21855
21856
21857
21861
21862
21863
21865
21866
21868
21869
21871
21872
21874
21878
21880
21881
21882
21883
21886
21889
21893
21895
21898
21899
21900
21902
21904
21905
21908
21909
21912
21913
21915
21916
21919
21921
21922
21923
21924
21927
21929
21931
21932
21935
21936
21938
21940
21944
21946
21948
21952
21953
21960
21961
21962
21967
21969
21975
21976
21980
21982
21987
21988
21989
21990
21991
21993
21994
21995
21997
21998
21999
22009
22021
22022
22024
22025
22026
22027
22028
22029
22033
22036
22038
22041
22042
22043
22046
22048
22050
22053
22056
22057
22061
22065
22069
22070
22071
22073
22074
22079
22081
22086
22091
22098
22101
22102
22103
22106
22108
22114
22121
22130
22133
22136
22138
22141
22144
22145
22146
22147
22148
22151
22153
22156
22160
22161
22162
22163
22168
22169
22170
22173
22177
22181
22182
22184
22188
22190
22191
22195
22196
22200
22201
22204
22207
22212
22213
22217
22220
22221
22222
22223
22226
22231
22234
22235
22236
22240
22241
22243
22247
22249
22251
22252
22253
22254
22258
22260
22263
22264
22265
22266
22267
22270
22271
22274
22276
22277
22279
22282
22283
22284
22286
22287
22288
22290
22296
22297
22300
22301
22307
22309
22316
22318
22321
22323
22324
22326
22328
22329
22330
22333
22335
22337
22339
22341
22342
22344
22350
22352
22353
22354
22355
22358
22366
22368
22371
22373
22374
22375
22377
22378
22381
22382
22384
22385
22388
22393
22400
22402
22409
22410
22411
22412
22413
22414
22415
22419
22420
22421
22425
22426
22431
22432
22433
22434
22435
22436
22438
22440
22442
22443
22445
22452
22454
22455
22458
22459
22462
22464
22465
22467
22468
22469
22476
22477
22479
22483
22485
22486
22492
22493
22495
22501
22509
22510
22512
22513
22516
22523
22525
22527
22528
22531
22532
22536
22539
22541
22547
22549
22550
22553
22555
22556
22558
22559
22562
22563
22570
22571
22575
22581
22592
22594
22595
22596
22599
22601
22605
22609
22611
22613
22614
22615
22616
22625
22631
22634
22638
22642
22644
22650
22651
22656
22657
22659
22665
22666
22668
22672
22673
22674
22677
22680
22682
22685
22687
22691
22695
22696
22697
22698
22700
22701
22703
22704
22706
22708
22712
22714
22719
22720
22721
22722
22725
22726
22727
22729
22731
22734
22737
22743
22748
22749
22753
22755
22769
22770
22773
22779
22781
22786
22788
22790
22791
22792
22793
22795
22799
22800
22803
22804
22805
22806
22809
22810
22811
22815
22816
22817
22819
22825
22828
22829
22831
22834
22842
22843
22846
22847
22848
22850
22856
22859
22865
22866
22871
22873
22874
22881
22882
22883
22884
22888
22890
22891
22893
22895
22897
22900
22909
22912
22913
22914
22915
22916
22918
22925
22926
22928
22929
22931
22932
22935
22936
22937
22941
22943
22947
22952
22954
22955
22957
22958
22961
22964
22966
22968
22970
22971
22973
22976
22979
22985
22986
22992
22996
22998
22999
23000
23001
23002
23003
23004
23005
23006
23008
23009
23010
23013
23014
23015
23016
23023
23025
23026
23028
23029
23031
23033
23035
23037
23041
23042
23048
23049
23051
23052
23053
23055
23058
23059
23061
23063
23064
23069
23070
23072
23076
23077
23078
23085
23088
23089
23090
23094
23103
23104
23105
23106
23109
23110
23112
23117
23121
23122
23124
23130
23131
23132
23133
23134
23142
23143
23144
23149
23154
23155
23156
23160
23163
23164
23168
23174
23177
23179
23182
23183
23192
23198
23199
23201
23208
23209
23215
23218
23221
23223
23225
23226
23229
23232
23236
23239
23241
23252
23253
23254
23256
23276
23277
23278
23281
23282
23285
23289
23298
23300
23301
23305
23306
23307
23308
23311
23319
23320
23321
23323
23327
23328
23331
23335
23336
23337
23340
23342
23344
23345
23349
23351
23352
23360
23366
23368
23371
23372
23373
23377
23378
23381
23384
23393
23394
23396
23397
23398
23400
23403
23404
23406
23409
23410
23411
23413
23418
23419
23420
23422
23423
23424
23426
23432
23434
23438
23439
23440
23441
23442
23449
23450
23451
23452
23453
23454
23463
23466
23468
23469
23471
23475
23479
23480
23481
23482
23483
23485
23486
23487
23489
23490
23491
23492
23496
23501
23507
23508
23510
23511
23512
23515
23517
23518
23519
23520
23521
23527
23531
23532
23534
23538
23539
23540
23541
23543
23544
23545
23548
23549
23551
23555
23558
23560
23562
23563
23566
23567
23568
23580
23582
23584
23587
23589
23592
23593
23595
23597
23598
23603
23606
23607
23621
23622
23624
23625
23627
23628
23634
23636
23638
23640
23643
23644
23645
23650
23651
23652
23653
23657
23663
23671
23672
23673
23674
23676
23678
23679
23680
23681
23682
23683
23684
23686
23688
23689
23691
23693
23694
23697
23698
23699
23701
23706
23708
23714
23716
23720
23724
23732
23734
23735
23739
23740
23743
23748
23751
23753
23754
23760
23761
23763
23765
23768
23770
23771
23772
23773
23775
23778
23784
23785
23789
23791
23792
23793
23796
23797
23801
23802
23805
23807
23814
23816
23820
23822
23823
23826
23828
23835
23837
23841
23844
23846
23847
23849
23851
23852
23853
23854
23856
23859
23861
23865
23866
23867
23869
23872
23874
23875
23876
23879
23883
23889
23892
23894
23902
23905
23906
23908
23910
23911
23912
23915
23919
23923
23924
23925
23926
23927
23928
23929
23931
23935
23936
23938
23939
23940
23948
23954
23955
23956
23959
23964
23966
23968
23969
23970
23971
23972
23973
23976
23977
23978
23979
23980
23981
23982
23983
23986
23987
23989
23990
23992
23993
23995
24001
24002
24010
24013
24015
24019
24020
24021
24024
24025
24028
24029
24031
24032
24033
24037
24038
24039
24042
24046
24048
24050
24052
24055
24059
24061
24062
24063
24065
24066
24071
24074
24078
24079
24082
24083
24084
24088
24089
24090
24091
24093
24098
24100
24101
24105
24106
24108
24111
24115
24118
24119
24120
24133
24134
24135
24139
24141
24144
24145
24148
24150
24151
24155
24156
24157
24165
24170
24178
24180
24181
24182
24189
24190
24191
24193
24194
24195
24197
24200
24201
24202
24203
24204
24206
24209
24212
24213
24214
24218
24220
24225
24228
24232
24234
24235
24236
24237
24242
24243
24245
24248
24250
24251
24256
24257
24263
24265
24267
24268
24269
24270
24271
24273
24279
24280
24283
24285
24289
24291
24292
24293
24294
24296
24297
24299
24300
24304
24305
24307
24309
24311
24313
24314
24318
24322
24324
24327
24328
24329
24331
24333
24336
24337
24340
24343
24345
24346
24347
24348
24351
24352
24353
24356
24358
24360
24363
24364
24365
24366
24368
24369
24372
24374
24375
24377
24378
24381
24383
24385
24387
24389
24392
24393
24394
24396
24397
24400
24402
24407
24410
24411
24413
24414
24420
24421
24426
24427
24428
24434
24436
24447
24450
24452
24454
24456
24457
24458
24460
24461
24465
24468
24470
24473
24474
24475
24480
24481
24483
24485
24488
24489
24491
24493
24498
24503
24506
24516
24519
24520
24529
24531
24533
24536
24537
24540
24541
24544
24549
24554
24555
24556
24559
24561
24564
24567
24569
24571
24573
24574
24575
24579
24583
24586
24591
24592
24593
24595
24599
24601
24602
24603
24608
24609
24612
24613
24614
24616
24617
24619
24620
24626
24629
24633
24637
24639
24647
24648
24659
24660
24661
24662
24663
24666
24670
24677
24683
24684
24687
24690
24691
24694
24695
24699
24701
24708
24716
24717
24718
24719
24720
24724
24725
24726
24728
24730
24731
24732
24736
24737
24743
24746
24749
24757
24758
24759
24764
24766
24768
24770
24772
24774
24776
24777
24780
24784
24785
24786
24793
24794
24798
24800
24801
24805
24806
24810
24813
24817
24819
24821
24824
24831
24835
24836
24848
24849
24851
24852
24854
24865
24866
24873
24874
24875
24879
24880
24881
24884
24885
24886
24902
24904
24905
24906
24911
24912
24913
24915
24926
24929
24932
24934
24937
24938
24939
24940
24941
24943
24945
24946
24948
24949
24951
24953
24954
24959
24961
24968
24969
24971
24972
24977
24981
24983
24988
25005
25006
25007
25008
25009
25010
25011
25012
25013
25014
25015
25016
25017
25018
25019
25020
25021
25024
25025
25026
25027
25030
25031
25033
25036
25038
25039
25040
25044
25046
25050
25051
25052
25053
25061
25063
25067
25068
25071
25076
25081
25082
25083
25088
25090
25091
25099
25100
25102
25106
25108
25110
25111
25112
25115
25118
25119
25121
25122
25124
25125
25126
25128
25130
25134
25139
25142
25143
25148
25151
25154
25156
25163
25165
25166
25169
25171
25175
25177
25179
25180
25182
25183
25184
25186
25189
25194
25196
25200
25201
25204
25207
25209
25217
25219
25220
25224
25235
25236
25237
25240
25244
25246
25249
25254
25255
25256
25257
25258
25260
25261
25262
25265
25266
25270
25271
25275
25280
25282
25287
25288
25289
25290
25293
25295
25296
25297
25298
25300
25307
25311
25314
25317
25321
25324
25325
25327
25336
25337
25339
25344
25345
25347
25348
25349
25350
25352
25354
25355
25357
25358
25361
25362
25364
25365
25370
25372
25381
25383
25389
25391
25392
25394
25396
25399
25400
25401
25402
25406
25408
25412
25414
25416
25419
25420
25422
25424
25428
25429
25432
25434
25435
25437
25440
25441
25442
25443
25451
25453
25455
25456
25461
25462
25463
25464
25465
25469
25471
25472
25473
25475
25479
25482
25488
25491
25492
25498
25500
25501
25504
25505
25508
25509
25510
25520
25521
25525
25527
25529
25530
25533
25534
25536
25538
25539
25543
25544
25546
25551
25552
25553
25560
25565
25566
25569
25570
25571
25572
25573
25575
25580
25581
25583
25591
25594
25597
25598
25600
25610
25611
25621
25624
25629
25634
25646
25648
25652
25653
25654
25656
25660
25662
25663
25665
25666
25667
25670
25675
25676
25677
25682
25687
25688
25690
25691
25695
25696
25698
25699
25702
25706
25707
25708
25710
25713
25714
25721
25727
25728
25731
25733
25736
25737
25738
25739
25743
25752
25754
25758
25759
25762
25766
25767
25769
25770
25772
25779
25781
25782
25785
25787
25788
25790
25792
25794
25796
25798
25800
25802
25805
25808
25809
25810
25811
25815
25818
25819
25822
25825
25826
25827
25828
25835
25836
25838
25840
25841
25843
25844
25845
25846
25848
25852
25853
25856
25857
25860
25865
25867
25871
25876
25877
25879
25880
25886
25896
25898
25900
25902
25903
25905
25911
25912
25914
25916
25917
25925
25928
25929
25931
25933
25935
25936
25941
25942
25944
25945
25950
25955
25958
25961
25962
25963
25965
25966
25967
25968
25973
25976
25980
25982
25983
25985
25989
25993
25999
26001
26003
26004
26006
26007
26009
26010
26011
26012
26014
26017
26019
26022
26023
26024
26027
26028
26029
26030
26035
26037
26039
26041
26042
26043
26044
26046
26047
26048
26050
26054
26057
26062
26066
26067
26070
26072
26078
26080
26085
26087
26089
26091
26092
26095
26096
26098
26104
26105
26106
26108
26113
26115
26116
26121
26122
26124
26127
26128
26131
26132
26134
26135
26137
26142
26143
26144
26146
26150
26151
26152
26154
26160
26163
26165
26166
26171
26173
26175
26182
26183
26185
26187
26188
26192
26197
26198
26202
26204
26211
26213
26215
26218
26221
26222
26226
26232
26235
26236
26237
26238
26241
26242
26244
26247
26250
26251
26254
26256
26257
26264
26267
26268
26269
26270
26271
26281
26290
26292
26293
26295
26298
26299
26303
26305
26306
26307
26309
26311
26312
26313
26316
26319
26321
26324
26328
26329
26331
26332
26333
26337
26339
26340
26343
26344
26345
26347
26348
26350
26351
26352
26353
26355
26357
26358
26360
26364
26365
26366
26368
26377
26378
26381
26385
26391
26399
26400
26401
26403
26411
26414
26415
26416
26427
26428
26430
26431
26433
26434
26435
26436
26437
26442
26443
26445
26451
26453
26456
26457
26459
26462
26463
26465
26466
26472
26475
26476
26479
26480
26485
26486
26488
26490
26492
26499
26500
26503
26507
26508
26519
26521
26522
26528
26533
26535
26536
26538
26539
26540
26545
26546
26550
26553
26555
26559
26560
26563
26566
26570
26571
26574
26575
26577
26578
26584
26586
26588
26589
26593
26597
26600
26605
26607
26609
26612
26613
26615
26620
26624
26625
26626
26629
26631
26637
26639
26642
26643
26645
26646
26649
26651
26652
26654
26657
26658
26659
26662
26663
26667
26669
26672
26673
26675
26677
26679
26680
26681
26682
26683
26684
26688
26691
26696
26697
26698
26699
26702
26703
26713
26714
26715
26716
26718
26719
26720
26722
26724
26727
26728
26733
26735
26736
26737
26739
26743
26744
26747
26750
26754
26755
26763
26765
26767
26769
26771
26772
26777
26785
26787
26789
26790
26792
26794
26796
26797
26798
26800
26803
26804
26807
26808
26810
26811
26814
26817
26819
26821
26824
26827
26834
26843
26846
26847
26849
26851
26853
26857
26858
26861
26862
26863
26865
26868
26870
26871
26874
26875
26876
26884
26886
26887
26888
26889
26890
26891
26892
26894
26895
26897
26898
26902
26903
26906
26907
26909
26911
26915
26918
26919
26921
26926
26929
26930
26932
26933
26936
26937
26938
26945
26947
26950
26951
26958
26961
26962
26965
26966
26967
26973
26974
26976
26978
26982
26987
26989
26990
26995
26998
27003
27005
27007
27011
27023
27025
27026
27029
27031
27032
27034
27035
27042
27043
27047
27053
27054
27056
27061
27062
27063
27065
27069
27071
27072
27076
27077
27079
27081
27084
27088
27089
27091
27092
27093
27097
27100
27105
27106
27111
27114
27123
27128
27129
27130
27131
27132
27133
27134
27139
27140
27142
27145
27149
27154
27155
27164
27165
27167
27168
27174
27176
27178
27179
27182
27183
27185
27186
27187
27190
27191
27194
27195
27200
27201
27202
27203
27206
27209
27210
27211
27213
27216
27217
27219
27222
27223
27225
27227
27229
27233
27238
27241
27242
27246
27248
27249
27250
27251
27252
27259
27264
27269
27270
27272
27273
27274
27279
27280
27281
27285
27286
27287
27288
27295
27296
27298
27303
27305
27306
27310
27318
27321
27324
27329
27330
27331
27333
27337
27339
27345
27350
27351
27358
27360
27363
27364
27378
27379
27380
27381
27383
27384
27387
27388
27393
27394
27396
27398
27399
27400
27403
27404
27407
27413
27414
27420
27423
27425
27427
27428
27429
27431
27433
27436
27440
27444
27446
27447
27448
27454
27462
27464
27467
27469
27475
27476
27478
27480
27481
27483
27486
27488
27489
27498
27500
27501
27503
27511
27512
27517
27519
27524
27528
27530
27531
27532
27533
27537
27546
27547
27548
27552
27554
27557
27559
27561
27562
27563
27565
27572
27574
27576
27579
27580
27581
27583
27584
27590
27591
27593
27596
27599
27601
27602
27605
27607
27609
27610
27611
27613
27614
27615
27616
27617
27618
27619
27624
27627
27629
27630
27632
27633
27634
27638
27639
27641
27642
27646
27650
27652
27654
27655
27656
27659
27660
27661
27663
27664
27665
27672
27674
27675
27676
27677
27679
27680
27681
27684
27685
27686
27688
27689
27692
27693
27704
27706
27707
27709
27714
27715
27716
27718
27721
27728
27730
27731
27735
27736
27742
27750
27752
27753
27760
27763
27767
27771
27774
27780
27782
27783
27786
27789
27791
27795
27796
27798
27799
27803
27808
27810
27812
27814
27819
27823
27825
27826
27827
27831
27832
27833
27836
27838
27839
27847
27850
27853
27856
27860
27863
27866
27869
27874
27877
27880
27882
27883
27885
27886
27887
27888
27889
27894
27895
27898
27899
27901
27907
27908
27911
27914
27915
27925
27927
27928
27929
27935
27937
27938
27939
27946
27952
27953
27957
27958
27959
27961
27968
27971
27972
27973
27976
27977
27980
27983
27984
27985
27990
27992
27996
27997
27999
28000
28002
28010
28015
28016
28018
28019
28020
28021
28022
28023
28024
28027
28028
28041
28045
28046
28050
28051
28052
28054
28059
28060
28061
28062
28066
28068
28073
28081
28082
28083
28084
28086
28087
28088
28089
28091
28096
28105
28107
28109
28112
28116
28117
28118
28120
28122
28127
28132
28134
28136
28139
28140
28146
28152
28154
28155
28156
28157
28165
28167
28171
28173
28174
28175
28176
28184
28186
28188
28192
28194
28198
28200
28201
28202
28206
28213
28215
28217
28218
28220
28221
28224
28231
28232
28237
28238
28239
28240
28242
28244
28245
28246
28249
28250
28252
28254
28255
28256
28257
28259
28261
28265
28268
28271
28272
28275
28277
28278
28280
28281
28282
28283
28284
28286
28287
28289
28292
28295
28298
28299
28305
28307
28309
28313
28314
28316
28325
28335
28339
28341
28344
28345
28347
28351
28354
28359
28360
28361
28368
28371
28375
28376
28377
28378
28379
28381
28383
28385
28386
28388
28391
28394
28398
28403
28404
28407
28408
28409
28410
28414
28417
28418
28419
28421
28423
28424
28425
28426
28428
28429
28431
28432
28433
28434
28435
28438
28442
28445
28448
28449
28453
28454
28456
28462
28465
28467
28471
28476
28479
28480
28481
28483
28485
28487
28488
28491
28493
28497
28502
28504
28509
28512
28514
28518
28520
28532
28538
28543
28544
28545
28550
28552
28555
28557
28559
28561
28563
28564
28565
28568
28570
28571
28575
28577
28579
28581
28582
28583
28585
28586
28589
28591
28592
28596
28600
28602
28603
28604
28609
28613
28620
28630
28631
28635
28638
28639
28640
28643
28644
28645
28647
28648
28650
28652
28654
28659
28666
28672
28674
28676
28683
28684
28691
28697
28698
28699
28701
28703
28705
28708
28712
28714
28720
28726
28728
28731
28732
28734
28735
28737
28739
28741
28743
28745
28746
28747
28750
28756
28760
28762
28768
28771
28773
28778
28780
28781
28785
28789
28792
28794
28795
28796
28800
28801
28802
28803
28809
28812
28813
28815
28818
28823
28825
28829
28830
28831
28837
28840
28841
28843
28845
28848
28853
28854
28855
28865
28866
28869
28873
28875
28879
28880
28881
28882
28883
28888
28894
28896
28897
28899
28901
28911
28918
28919
28921
28922
28924
28926
28927
28928
28933
28940
28943
28949
28952
28953
28955
28960
28966
28967
28968
28970
28973
28976
28982
28986
28987
28990
28991
28995
29001
29002
29004
29005
29007
29015
29019
29020
29021
29022
29025
29028
29035
29036
29039
29040
29043
29050
29051
29053
29056
29057
29058
29060
29062
29063
29066
29068
29076
29078
29081
29082
29083
29087
29088
29091
29094
29098
29106
29107
29111
29113
29116
29119
29121
29124
29126
29128
29131
29134
29135
29138
29141
29145
29147
29148
29149
29151
29152
29153
29159
29164
29171
29173
29175
29180
29181
29183
29184
29186
29190
29193
29196
29199
29200
29202
29209
29210
29217
29222
29223
29226
29240
29243
29245
29254
29255
29256
29259
29260
29261
29264
29267
29268
29269
29271
29272
29274
29275
29283
29284
29286
29289
29293
29314
29315
29320
29325
29326
29327
29331
29332
29333
29334
29335
29338
29340
29343
29345
29347
29352
29353
29355
29356
29362
29376
29377
29378
29380
29383
29385
29386
29387
29394
29395
29398
29402
29405
29407
29410
29412
29414
29415
29421
29427
29428
29431
29434
29438
29440
29442
29444
29446
29448
29451
29456
29457
29458
29463
29470
29474
29477
29479
29481
29483
29486
29487
29488
29489
29496
29498
29505
29506
29512
29517
29519
29522
29526
29527
29528
29536
29537
29543
29549
29552
29554
29561
29562
29564
29566
29570
29571
29574
29577
29581
29583
29587
29592
29596
29599
29600
29609
29610
29611
29613
29615
29617
29626
29627
29630
29634
29640
29648
29659
29660
29661
29663
29668
29671
29672
29675
29682
29702
29712
29715
29716
29718
29720
29721
29722
29725
29728
29734
29736
29740
29742
29743
29747
29748
29749
29753
29755
29760
29761
29762
29763
29769
29770
29776
29782
29789
29791
29792
29793
29794
29795
29796
29800
29803
29804
29807
29810
29811
29812
29814
29815
29816
29818
29819
29825
29833
29834
29840
29841
29847
29850
29852
29854
29865
29866
29868
29873
29874
29876
29878
29881
29885
29887
29903
29905
29907
29909
29911
29912
29916
29917
29919
29922
29928
29931
29934
29936
29942
29944
29945
29951
29957
29958
29960
29963
29965
29967
29968
29969
29970
29971
29973
29981
29982
29983
29984
29988
29991
29992
29993
29995
29997
29998
30000
30001
30010
30011
30016
30018
30030
30036
30038
30042
30044
30045
30046
30048
30061
30066
30067
30070
30071
30074
30076
30077
30078
30082
30085
30088
30094
30095
30107
30109
30112
30115
30122
30123
30124
30130
30132
30136
30142
30145
30146
30148
30155
30158
30159
30163
30167
30175
30185
30188
30190
30192
30193
30194
30195
30200
30201
30202
30204
30208
30212
30216
30219
30220
30223
30228
30229
30231
30233
30234
30237
30244
30249
30250
30259
30264
30265
30266
30268
30272
30276
30278
30279
30280
30282
30283
30293
30299
30301
30303
30304
30309
30310
30312
30314
30318
30319
30321
30322
30323
30324
30325
30332
30334
30335
30336
30337
30339
30340
30341
30343
30344
30347
30352
30354
30356
30357
30358
30359
30360
30367
30370
30371
30373
30375
30378
30379
30380
30384
30387
30390
30394
30396
30397
30398
30399
30406
30410
30411
30412
30413
30417
30418
30419
30421
30428
30431
30433
30441
30443
30450
30452
30470
30472
30473
30475
30485
30487
30488
30494
30503
30508
30515
30519
30521
30524
30529
30530
30532
30540
30543
30544
30545
30551
30552
30555
30559
30560
30562
30563
30569
30571
30574
30578
30586
30587
30600
30605
30610
30615
30617
30618
30622
30624
30625
30636
30641
30646
30649
30651
30658
30679
30689
30690
30692
30693
30694
30699
30700
30702
30704
30712
30729
30737
30738
30741
30742
30745
30750
30753
30757
30762
30764
30766
30767
30768
30771
30774
30775
30776
30778
30779
30788
30792
30794
30797
30800
30806
30807
30812
30814
30816
30818
30827
30833
30834
30838
30841
30843
30844
30846
30849
30854
30863
30864
30866
30869
30874
30887
30889
30897
30898
30907
30910
30913
30916
30924
30929
30931
30932
30933
30935
30936
30941
30947
30948
30950
30951
30956
30958
30959
30964
30965
30967
30968
30978
30983
30987
30988
30990
30991
30992
30993
30996
30997
30998
31004
31006
31011
31012
31014
31017
31020
31024
31026
31032
31034
31035
31036
31038
31040
31047
31049
31056
31062
31063
31065
31068
31069
31070
31080
31082
31085
31086
31090
31091
31092
31097
31100
31107
31108
31114
31115
31122
31125
31128
31132
31139
31141
31142
31145
31147
31150
31153
31154
31155
31159
31165
31179
31182
31183
31186
31188
31190
31195
31198
31206
31208
31212
31218
31219
31220
31222
31227
31229
31232
31234
31238
31240
31245
31248
31254
31256
31257
31258
31259
31264
31265
31270
31272
31274
31278
31286
31287
31289
31290
31294
31301
31305
31306
31307
31314
31315
31317
31318
31319
31320
31322
31333
31334
31335
31345
31353
31357
31359
31360
31362
31365
31368
31371
31372
31380
31387
31391
31395
31397
31398
31400
31401
31402
31405
31408
31410
31413
31418
31421
31424
31432
31434
31439
31443
31448
31450
31452
31453
31456
31461
31463
31471
31473
31476
31477
31481
31482
31483
31488
31489
31491
31504
31506
31509
31516
31519
31520
31527
31531
31532
31533
31534
31542
31553
31557
31562
31566
31570
31575
31583
31589
31592
31596
31597
31599
31601
31602
31616
31620
31624
31626
31629
31631
31633
31654
31658
31668
31670
31672
31673
31674
31685
31688
31689
31691
31692
31701
31702
31704
31705
31706
31709
31710
31713
31723
31730
31734
31736
31739
31740
31741
31742
31747
31748
31749
31754
31756
31757
31758
31765
31771
31772
31775
31776
31782
31784
31792
31794
31796
31801
31807
31810
31813
31817
31818
31820
31824
31832
31837
31842
31845
31852
31853
31856
31859
31863
31865
31868
31871
31872
31881
31886
31889
31895
31897
31899
31902
31905
31906
31909
31913
31914
31915
31923
31929
31930
31931
31932
31933
31934
31936
31945
31946
31947
31955
31973
31982
31984
31988
32006
32010
32012
32014
32015
32016
32019
32023
32024
32029
32032
32036
32040
32042
32048
32049
32061
32062
32065
32066
32072
32073
32075
32078
32081
32091
32093
32095
32101
32107
32108
32127
32140
32146
32148
32151
32152
32154
32156
32161
32163
32164
32167
32169
32181
32182
32183
32192
32195
32196
32198
32200
32201
32202
32212
32220
32233
32235
32239
32240
32244
32247
32254
32258
32263
32270
32276
32281
32286
32287
32288
32290
32293
32298
32299
32300
32307
32310
32329
32333
32336
32340
32345
32347
32349
32355
32358
32359
32365
32370
32371
32372
32373
32377
32378
32379
32381
32397
32404
32405
32408
32414
32418
32420
32423
32429
32434
32438
32444
32452
32459
32463
32467
32468
32471
32481
32483
32494
32495
32499
32503
32506
32509
32516
32517
32519
32523
32524
32528
32540
32541
32543
32546
32548
32553
32556
32558
32565
32570
32572
32578
32583
32584
32586
32593
32605
32607
32608
32613
32616
32617
32618
32628
32632
32634
32635
32643
32648
32649
32651
32664
32667
32671
32674
32676
32684
32689
32690
32691
32694
32701
32706
32708
32710
32714
32717
32725
32729
32731
32733
32734
32737
32738
32747
32750
32754
32755
32763
32767
32772
32773
32777
32784
32785
32786
32790
32797
32804
32806
32809
32810
32813
32814
32824
32826
32828
32830
32845
32847
32849
32856
32860
32863
32865
32866
32870
32876
32880
32882
32883
32885
32891
32895
32898
32907
32908
32919
32934
32935
32946
32949
32950
32952
32959
32961
32966
32969
32977
32982
32989
32991
32996
32998
33000
33002
33003
33004
33010
33012
33015
33018
33021
33022
33025
33027
33029
33031
33034
33035
33036
33038
33039
33043
33048
33053
33057
33062
33075
33077
33083
33085
33090
33096
33097
33109
33117
33118
33123
33125
33127
33133
33135
33140
33147
33153
33154
33155
33156
33159
33160
33166
33170
33171
33172
33173
33174
33176
33182
33193
33197
33201
33208
33210
33211
33223
33226
33227
33229
33233
33238
33242
33244
33254
33255
33258
33260
33262
33271
33272
33273
33280
33283
33284
33289
33290
33292
33296
33303
33305
33306
33310
33316
33330
33333
33339
33341
33342
33353
33354
33362
33365
33368
33370
33372
33374
33379
33384
33385
33386
33388
33393
33397
33399
33400
33408
33410
33413
33414
33416
33422
33423
33428
33429
33431
33432
33438
33439
33441
33449
33450
33451
33452
33455
33456
33459
33461
33462
33465
33466
33468
33474
33475
33479
33488
33490
33495
33498
33502
33505
33508
33509
33515
33517
33518
33524
33526
33529
33533
33534
33541
33543
33551
33558
33559
33561
33573
33591
33598
33599
33600
33601
33604
33610
33612
33624
33625
33626
33627
33629
33638
33640
33645
33646
33649
33655
33660
33661
33662
33674
33676
33677
33678
33684
33685
33694
33699
33700
33701
33706
33711
33719
33721
33731
33732
33734
33737
33739
33740
33747
33748
33752
33757
33760
33762
33763
33766
33768
33770
33773
33774
33775
33781
33783
33789
33792
33794
33798
33800
33801
33818
33824
33835
33842
33852
33855
33856
33871
33885
33886
33898
33903
33906
33913
33922
33926
33932
33934
33937
33938
33940
33942
33943
33946
33950
33954
33958
33961
33964
33965
33967
33970
33971
33972
33975
33977
33980
33986
33988
33990
33991
33993
33995
33998
33999
34005
34008
34015
34016
34018
34019
34022
34026
34027
34030
34031
34032
34034
34039
34040
34041
34043
34054
34055
34062
34063
34065
34069
34071
34073
34074
34078
34081
34082
34085
34090
34091
34098
34101
34107
34109
34110
34116
34118
34119
34120
34121
34124
34135
34137
34139
34141
34142
34146
34156
34160
34170
34171
34187
34199
34204
34205
34206
34220
34236
34238
34239
34240
34243
34250
34251
34254
34256
34257
34259
34261
34263
34264
34267
34273
34277
34280
34284
34285
34288
34291
34293
34299
34301
34306
34307
34309
34324
34327
34337
34345
34347
34348
34354
34357
34362
34367
34370
34371
34372
34380
34387
34388
34396
34405
34415
34416
34418
34426
34433
34434
34436
34440
34441
34443
34458
34459
34469
34475
34481
34482
34488
34489
34492
34493
34494
34508
34509
34510
34514
34527
34528
34529
34532
34534
34536
34540
34541
34542
34546
34548
34551
34555
34556
34562
34563
34568
34571
34576
34579
34583
34585
34587
34590
34596
34602
34603
34604
34610
34611
34612
34615
34624
34626
34634
34635
34637
34641
34642
34644
34645
34650
34651
34652
34655
34660
34667
34668
34672
34673
34678
34680
34683
34690
34691
34693
34695
34699
34701
34714
34719
34724
34733
34735
34740
34742
34748
34765
34768
34771
34772
34778
34779
34783
34785
34788
34797
34799
34801
34802
34804
34811
34812
34815
34816
34821
34825
34826
34837
34848
34855
34856
34857
34864
34866
34872
34874
34875
34876
34877
34878
34880
34881
34884
34888
34891
34895
34899
34901
34908
34913
34917
34921
34922
34923
34924
34929
34932
34933
34935
34936
34942
34943
34944
34948
34949
34954
34959
34960
34963
34964
34968
34979
34982
34988
34992
34994
34996
34997
35000
35001
35002
35004
35014
35019
35021
35030
35040
35045
35047
35051
35054
35056
35057
35071
35077
35083
35085
35090
35111
35112
35113
35114
35115
35118
35120
35127
35128
35130
35134
35135
35139
35141
35149
35151
35166
35168
35170
35171
35175
35184
35185
35188
35190
35191
35193
35194
35196
35197
35199
35200
35207
35208
35209
35210
35214
35217
35219
35220
35222
35224
35225
35227
35233
35235
35237
35240
35243
35245
35253
35257
35262
35265
35266
35269
35271
35276
35278
35287
35289
35297
35307
35311
35314
35316
35317
35324
35335
35338
35339
35341
35344
35351
35354
35357
35364
35368
35370
35374
35379
35386
35387
35392
35394
35397
35398
35400
35401
35406
35407
35409
35411
35412
35413
35414
35419
35421
35425
35428
35433
35436
35440
35441
35443
35447
35453
35459
35465
35467
35469
35473
35477
35484
35486
35491
35493
35494
35496
35498
35509
35512
35514
35523
35525
35527
35529
35530
35532
35539
35543
35546
35550
35551
35554
35555
35556
35559
35563
35565
35567
35573
35574
35575
35578
35579
35580
35585
35587
35592
35593
35594
35598
35603
35605
35608
35609
35623
35624
35626
35628
35631
35632
35633
35635
35640
35650
35654
35656
35664
35666
35667
35668
35675
35676
35678
35680
35687
35689
35702
35705
35706
35713
35717
35723
35725
35727
35730
35733
35735
35738
35739
35741
35742
35749
35750
35751
35756
35758
35760
35767
35768
35772
35773
35777
35778
35780
35781
35791
35794
35795
35796
35798
35804
35809
35813
35816
35821
35833
35842
35843
35847
35848
35851
35853
35854
35856
35857
35858
35864
35872
35875
35883
35885
35887
35898
35908
35911
35912
35915
35920
35924
35928
35929
35932
35937
35938
35939
35945
35946
35958
35965
35971
35984
35987
35991
35997
36001
36006
36012
36018
36029
36033
36035
36042
36043
36053
36054
36060
36062
36065
36066
36068
36074
36076
36080
36083
36084
36089
36095
36097
36105
36109
36112
36120
36121
36124
36125
36128
36131
36133
36138
36144
36150
36153
36159
36162
36166
36169
36177
36179
36180
36182
36187
36195
36197
36200
36212
36213
36216
36218
36233
36239
36240
36245
36252
36253
36258
36262
36264
36268
36278
36280
36287
36288
36292
36299
36303
36309
36311
36315
36318
36324
36332
36333
36337
36339
36342
36344
36345
36348
36349
36354
36355
36356
36360
36361
36363
36364
36365
36366
36371
36372
36375
36378
36379
36381
36383
36384
36386
36389
36391
36395
36405
36407
36410
36411
36412
36417
36422
36425
36428
36430
36434
36435
36438
36439
36441
36442
36446
36448
36449
36453
36454
36456
36463
36465
36466
36481
36485
36490
36492
36494
36495
36499
36506
36508
36512
36515
36518
36519
36521
36529
36533
36536
36539
36541
36543
36546
36556
36557
36558
36563
36570
36576
36577
36579
36580
36581
36582
36591
36595
36601
36604
36607
36610
36612
36614
36632
36639
36640
36643
36644
36651
36655
36659
36660
36662
36665
36668
36669
36672
36679
36683
36691
36704
36706
36707
36712
36718
36720
36726
36727
36731
36734
36736
36738
36739
36744
36746
36748
36753
36754
36756
36757
36760
36764
36765
36766
36767
36768
36769
36777
36781
36784
36798
36799
36809
36813
36818
36824
36825
36829
36830
36835
36838
36850
36852
36855
36860
36861
36862
36864
36865
36874
36883
36884
36889
36895
36897
36898
36905
36911
36916
36917
36920
36923
36928
36929
36930
36934
36939
36940
36949
36950
36952
36956
36958
36961
36963
36966
36968
36970
36975
36977
36980
36991
36994
36997
37001
37002
37003
37006
37014
37015
37017
37022
37037
37040
37046
37050
37055
37063
37069
37070
37071
37075
37076
37078
37080
37081
37084
37086
37101
37106
37108
37112
37119
37121
37127
37132
37143
37144
37147
37148
37152
37154
37155
37157
37159
37164
37179
37182
37186
37191
37195
37199
37202
37204
37210
37223
37240
37246
37247
37265
37268
37270
37271
37275
37279
37284
37293
37298
37299
37303
37308
37312
37313
37316
37324
37328
37335
37337
37338
37340
37341
37347
37363
37364
37365
37366
37369
37380
37381
37382
37387
37408
37412
37417
37418
37422
37428
37430
37433
37437
37442
37444
37450
37453
37460
37465
37467
37475
37478
37480
37486
37491
37496
37499
37500
37501
37515
37518
37522
37528
37533
37534
37538
37544
37545
37546
37547
37548
37549
37552
37556
37557
37570
37581
37585
37589
37590
37596
37601
37602
37606
37608
37615
37616
37619
37622
37632
37633
37637
37639
37640
37642
37643
37653
37655
37658
37659
37662
37665
37670
37679
37680
37684
37685
37686
37688
37690
37693
37694
37697
37703
37705
37709
37714
37717
37724
37729
37730
37735
37737
37742
37753
37755
37756
37757
37761
37765
37781
37786
37789
37790
37796
37802
37805
37820
37825
37826
37828
37834
37837
37843
37844
37849
37851
37862
37872
37875
37879
37882
37884
37889
37891
37892
37894
37901
37905
37908
37912
37918
37926
37927
37940
37944
37946
37948
37952
37955
37957
37959
37969
37981
37982
37989
37991
37992
37994
37996
38001
38003
38006
38007
38010
38012
38013
38014
38021
38045
38046
38047
38052
38058
38059
38065
38069
38070
38072
38079
38080
38082
38095
38099
38101
38103
38111
38119
38121
38123
38124
38132
38133
38134
38136
38141
38148
38150
38151
38154
38160
38163
38171
38178
38182
38187
38190
38191
38193
38200
38204
38211
38212
38216
38218
38225
38229
38231
38232
38240
38243
38244
38246
38254
38260
38266
38270
38287
38294
38296
38302
38313
38316
38322
38329
38332
38336
38337
38355
38357
38363
38366
38369
38376
38378
38389
38393
38395
38399
38402
38404
38415
38416
38424
38428
38430
38438
38439
38449
38456
38468
38469
38472
38473
38476
38477
38478
38481
38483
38484
38495
38496
38498
38499
38500
38501
38504
38507
38511
38512
38514
38516
38518
38521
38522
38530
38531
38533
38536
38539
38543
38544
38547
38562
38565
38572
38580
38584
38586
38587
38588
38591
38592
38607
38610
38618
38619
38627
38633
38637
38639
38642
38648
38652
38656
38657
38661
38662
38671
38679
38682
38691
38695
38696
38699
38703
38715
38717
38718
38726
38732
38734
38735
38736
38746
38747
38760
38764
38766
38769
38770
38778
38779
38797
38798
38799
38801
38803
38818
38822
38823
38828
38833
38834
38842
38843
38846
38850
38869
38871
38881
38895
38897
38907
38910
38912
38913
38914
38915
38921
38924
38927
38942
38950
38953
38961
38964
38968
38972
38975
38979
38984
38989
38991
38994
39005
39008
39012
39017
39022
39023
39024
39032
39039
39042
39044
39048
39052
39054
39060
39061
39069
39071
39072
39073
39076
39079
39086
39089
39094
39096
39102
39105
39106
39107
39111
39121
39134
39144
39145
39149
39150
39152
39153
39156
39157
39158
39162
39164
39179
39182
39183
39185
39188
39195
39199
39204
39211
39215
39231
39238
39241
39243
39244
39245
39246
39251
39252
39259
39264
39265
39266
39271
39272
39273
39292
39294
39299
39303
39305
39306
39308
39314
39317
39320
39324
39329
39340
39342
39354
39358
39366
39369
39376
39383
39385
39387
39392
39398
39410
39414
39418
39431
39435
39437
39448
39449
39455
39469
39475
39486
39493
39506
39508
39525
39529
39531
39533
39534
39540
39544
39545
39551
39555
39558
39573
39576
39579
39585
39590
39593
39608
39610
39613
39615
39617
39630
39633
39634
39635
39636
39642
39656
39663
39664
39669
39672
39677
39679
39682
39685
39687
39691
39692
39699
39702
39704
39708
39712
39715
39716
39718
39719
39722
39725
39730
39743
39744
39747
39748
39750
39752
39754
39755
39759
39765
39767
39769
39770
39772
39791
39792
39794
39797
39800
39801
39809
39823
39825
39831
39832
39835
39836
39841
39847
39850
39851
39858
39860
39868
39873
39876
39883
39885
39892
39894
39902
39910
39912
39925
39927
39931
39933
39938
39939
39945
39951
39955
39957
39959
39964
39975
39977
39985
39987
39989
39992
39997
39999
40016
40024
40033
40038
40041
40047
40052
40053
40054
40060
40061
40075
40077
40082
40083
40087
40094
40095
40103
40116
40117
40133
40134
40135
40137
40144
40150
40155
40156
40178
40184
40192
40195
40200
40202
40210
40215
40217
40219
40221
40224
40229
40230
40235
40241
40243
40248
40259
40262
40270
40280
40281
40289
40295
40297
40300
40303
40308
40318
40321
40326
40331
40337
40352
40360
40366
40372
40377
40389
40394
40404
40407
40413
40424
40426
40427
40429
40431
40432
40434
40435
40453
40454
40460
40479
40480
40483
40489
40491
40497
40499
40504
40509
40511
40519
40525
40547
40549
40560
40568
40569
40572
40573
40574
40581
40587
40596
40599
40613
40616
40618
40621
40624
40626
40632
40637
40638
40644
40647
40651
40666
40677
40684
40686
40695
40698
40701
40702
40705
40708
40712
40716
40720
40721
40725
40732
40737
40745
40746
40753
40754
40756
40760
40763
40768
40773
40775
40778
40782
40785
40787
40788
40789
40794
40797
40806
40820
40822
40826
40828
40829
40836
40847
40851
40853
40870
40871
40877
40888
40892
40896
40897
40901
40904
40913
40920
40924
40926
40933
40936
40938
40940
40942
40944
40950
40954
40958
40963
40964
40983
40991
40992
40993
41004
41006
41011
41013
41016
41025
41028
41037
41040
41044
41045
41048
41049
41052
41065
41071
41077
41096
41098
41100
41107
41111
41112
41114
41115
41124
41128
41131
41135
41136
41145
41150
41155
41156
41162
41168
41173
41180
41196
41197
41198
41199
41204
41205
41216
41220
41222
41231
41232
41233
41235
41236
41241
41242
41244
41245
41246
41250
41256
41258
41260
41261
41265
41266
41286
41290
41292
41293
41294
41297
41301
41302
41305
41314
41322
41324
41329
41330
41337
41338
41339
41345
41352
41354
41362
41365
41367
41369
41373
41375
41376
41377
41378
41379
41380
41388
41392
41396
41399
41401
41405
41406
41408
41411
41417
41418
41420
41424
41432
41449
41450
41455
41485
41489
41490
41496
41498
41503
41510
41517
41519
41520
41522
41528
41530
41533
41534
41537
41538
41548
41555
41557
41562
41565
41567
41570
41574
41578
41590
41593
41595
41596
41597
41601
41605
41608
41613
41617
41618
41620
41623
41635
41644
41669
41671
41675
41679
41682
41684
41686
41687
41695
41697
41704
41705
41706
41707
41708
41722
41723
41726
41727
41731
41734
41736
41738
41739
41752
41754
41758
41767
41772
41775
41777
41778
41780
41781
41787
41788
41789
41794
41798
41801
41809
41816
41823
41838
41841
41843
41844
41846
41852
41867
41882
41883
41885
41889
41892
41896
41899
41910
41914
41921
41922
41924
41937
41942
41947
41952
41957
41963
41966
41970
41972
41979
41982
41984
41986
41989
41992
41996
42008
42011
42014
42021
42026
42030
42034
42053
42057
42064
42065
42068
42074
42083
42094
42112
42116
42117
42132
42140
42141
42148
42149
42155
42159
42165
42174
42176
42178
42187
42191
42195
42200
42206
42208
42216
42218
42223
42225
42244
42245
42248
42256
42264
42266
42275
42279
42283
42291
42294
42304
42305
42308
42310
42313
42314
42322
42324
42325
42328
42341
42344
42348
42360
42363
42365
42381
42387
42392
42408
42417
42425
42433
42442
42444
42451
42454
42458
42464
42475
42477
42478
42479
42481
42484
42488
42496
42515
42533
42535
42547
42564
42568
42571
42572
42574
42578
42584
42585
42586
42589
42590
42593
42595
42602
42604
42605
42613
42615
42618
42621
42623
42630
42638
42644
42654
42658
42661
42663
42667
42670
42673
42679
42686
42691
42699
42705
42708
42713
42725
42733
42737
42746
42751
42755
42763
42766
42774
42776
42777
42782
42783
42787
42793
42795
42796
42806
42807
42813
42815
42824
42826
42828
42831
42835
42836
42846
42849
42851
42857
42861
42868
42873
42876
42878
42883
42884
42897
42900
42908
42911
42934
42937
42940
42943
42959
42962
42966
42969
42975
42983
42985
42991
42997
42999
43005
43008
43009
43018
43024
43026
43039
43047
43054
43059
43061
43072
43080
43083
43090
43094
43097
43115
43123
43125
43129
43133
43136
43139
43140
43143
43146
43151
43154
43155
43162
43164
43166
43172
43177
43180
43182
43190
43203
43209
43212
43214
43219
43224
43225
43233
43235
43236
43238
43252
43254
43264
43266
43268
43269
43274
43276
43279
43287
43290
43299
43318
43320
43325
43331
43347
43351
43352
43360
43368
43369
43371
43373
43379
43382
43384
43386
43388
43393
43396
43398
43402
43404
43406
43407
43408
43417
43423
43428
43443
43456
43457
43466
43467
43468
43471
43475
43494
43504
43508
43519
43528
43545
43548
43550
43563
43564
43579
43592
43593
43603
43604
43612
43614
43627
43629
43630
43635
43636
43642
43643
43663
43665
43667
43670
43671
43680
43683
43684
43693
43696
43705
43708
43710
43712
43713
43725
43726
43727
43728
43741
43752
43768
43770
43771
43775
43787
43810
43812
43821
43822
43825
43828
43835
43842
43843
43844
43846
43849
43857
43859
43870
43875
43880
43896
43912
43920
43922
43923
43926
43929
43932
43936
43940
43946
43952
43956
43970
43972
43983
43988
43990
44003
44008
44011
44013
44014
44019
44041
44045
44048
44056
44058
44061
44070
44076
44077
44088
44089
44098
44101
44107
44113
44118
44129
44137
44138
44139
44142
44149
44151
44157
44160
44161
44163
44167
44170
44172
44177
44185
44187
44189
44193
44198
44202
44209
44210
44216
44218
44220
44222
44230
44231
44234
44237
44239
44242
44244
44247
44253
44255
44258
44260
44262
44266
44267
44272
44276
44283
44288
44291
44292
44302
44306
44308
44309
44324
44327
44333
44338
44340
44343
44344
44352
44353
44360
44362
44363
44365
44367
44369
44380
44390
44391
44392
44396
44397
44400
44405
44411
44412
44414
44419
44429
44434
44442
44443
44445
44446
44450
44457
44463
44464
44465
44476
44491
44492
44493
44495
44498
44510
44514
44518
44529
44531
44536
44540
44549
44550
44552
44562
44593
44600
44606
44614
44617
44621
44625
44645
44646
44649
44653
44660
44661
44667
44668
44674
44676
44677
44682
44690
44692
44694
44698
44702
44703
44711
44717
44720
44724
44727
44730
44736
44738
44745
44752
44754
44763
44764
44766
44770
44776
44790
44793
44800
44804
44805
44807
44808
44817
44819
44820
44829
44831
44833
44840
44841
44842
44843
44857
44861
44864
44869
44872
44873
44876
44883
44889
44899
44900
44902
44904
44914
44917
44918
44919
44928
44932
44933
44934
44942
44948
44966
44968
44976
44981
44990
45000
45004
45006
45007
45013
45015
45019
45020
45028
45036
45051
45059
45063
45075
45077
45080
45082
45092
45095
45098
45100
45101
45103
45108
45116
45129
45133
45137
45138
45139
45141
45154
45167
45169
45170
45174
45175
45180
45185
45190
45193
45195
45198
45206
45207
45212
45218
45228
45238
45245
45246
45249
45257
45264
45277
45279
45285
45289
45293
45298
45301
45307
45309
45310
45312
45314
45324
45359
45360
45362
45364
45367
45375
45381
45383
45384
45385
45390
45391
45399
45415
45417
45419
45421
45422
45423
45424
45430
45432
45438
45440
45442
45444
45445
45448
45451
45454
45456
45457
45458
45462
45466
45473
45475
45486
45488
45492
45503
45504
45511
45520
45527
45528
45529
45535
45542
45544
45547
45551
45559
45560
45565
45577
45579
45583
45584
45590
45592
45598
45600
45601
45603
45604
45607
45617
45623
45625
45627
45642
45652
45654
45659
45662
45672
45678
45680
45689
45695
45696
45698
45708
45710
45712
45714
45717
45718
45725
45729
45734
45735
45737
45739
45740
45745
45749
45755
45765
45767
45770
45781
45783
45789
45790
45793
45795
45810
45813
45815
45828
45831
45832
45833
45834
45837
45838
45841
45842
45843
45844
45845
45847
45866
45869
45873
45879
45883
45884
45887
45901
45907
45916
45924
45929
45937
45939
45940
45941
45946
45957
45964
45965
45966
45970
45973
45978
45980
45991
45994
45995
45997
46008
46009
46011
46029
46030
46033
46034
46035
46041
46054
46055
46059
46061
46062
46067
46071
46072
46077
46078
46091
46098
46102
46111
46120
46121
46124
46125
46126
46133
46141
46149
46150
46158
46160
46161
46172
46178
46186
46190
46198
46204
46205
46209
46222
46228
46230
46247
46249
46259
46260
46262
46264
46268
46279
46281
46282
46285
46286
46291
46299
46308
46310
46315
46317
46321
46323
46327
46328
46335
46339
46349
46359
46363
46364
46365
46366
46367
46368
46371
46378
46389
46393
46399
46401
46406
46407
46408
46413
46420
46424
46428
46438
46440
46442
46444
46445
46450
46453
46454
46458
46459
46462
46463
46471
46473
46475
46480
46489
46490
46497
46501
46502
46506
46509
46525
46536
46538
46539
46546
46553
46556
46561
46564
46566
46570
46571
46578
46581
46582
46589
46591
46597
46607
46609
46616
46628
46631
46638
46639
46642
46643
46655
46658
46664
46671
46674
46678
46681
46682
46687
46689
46693
46697
46705
46706
46713
46714
46717
46719
46721
46723
46724
46729
46735
46738
46739
46742
46743
46744
46748
46750
46752
46755
46762
46771
46772
46774
46786
46790
46791
46792
46793
46794
46798
46799
46800
46806
46807
46810
46812
46813
46825
46830
46831
46834
46838
46841
46846
46849
46851
46852
46853
46862
46864
46869
46873
46879
46883
46885
46890
46892
46903
46906
46915
46918
46920
46922
46924
46928
46929
46934
46935
46949
46958
46959
46967
46976
46979
46986
46991
46996
46997
47000
47003
47004
47007
47009
47010
47011
47015
47021
47022
47024
47025
47030
47032
47033
47040
47044
47052
47053
47057
47060
47061
47070
47071
47073
47076
47078
47093
47098
47106
47108
47109
47115
47116
47118
47120
47122
47131
47143
47145
47153
47158
47159
47160
47164
47165
47168
47175
47179
47183
47196
47199
47205
47208
47209
47210
47222
47225
47227
47233
47237
47239
47243
47247
47248
47249
47256
47259
47265
47268
47269
47272
47279
47280
47285
47289
47290
47293
47295
47299
47302
47324
47333
47338
47345
47346
47360
47361
47374
47377
47385
47386
47387
47389
47406
47409
47411
47415
47422
47424
47425
47427
47435
47436
47437
47442
47444
47445
47458
47459
47460
47463
47464
47465
47469
47472
47473
47474
47483
47487
47489
47492
47507
47508
47509
47521
47527
47530
47531
47539
47542
47544
47545
47548
47550
47558
47564
47569
47571
47580
47585
47593
47598
47604
47609
47610
47627
47630
47633
47634
47637
47639
47643
47644
47648
47649
47653
47665
47667
47669
47673
47678
47679
47685
47686
47689
47692
47694
47700
47702
47704
47709
47713
47715
47720
47724
47725
47728
47732
47733
47734
47740
47741
47756
47758
47762
47764
47769
47770
47772
47778
47781
47782
47785
47800
47804
47806
47809
47813
47819
47820
47834
47835
47841
47845
47848
47851
47852
47855
47858
47863
47865
47877
47880
47888
47891
47895
47906
47907
47908
47909
47912
47925
47936
47939
47941
47945
47947
47952
47955
47957
47971
47975
47977
47982
47989
47990
47991
47993
47994
47996
47997
47998
48001
48002
48007
48010
48011
48013
48014
48015
48016
48017
48018
48022
48024
48035
48042
48044
48048
48055
48059
48063
48070
48076
48081
48085
48086
48095
48098
48099
48106
48112
48118
48126
48129
48133
48135
48137
48139
48144
48146
48151
48152
48153
48155
48163
48172
48179
48187
48189
48191
48198
48199
48200
48206
48221
48224
48243
48245
48248
48271
48274
48279
48281
48288
48297
48305
48309
48310
48318
48322
48332
48333
48334
48339
48342
48347
48348
48352
48356
48361
48363
48383
48386
48387
48389
48394
48402
48413
48418
48424
48429
48432
48435
48445
48451
48468
48473
48474
48476
48481
48486
48487
48489
48493
48494
48496
48498
48500
48503
48507
48508
48512
48513
48514
48520
48530
48536
48538
48541
48544
48552
48557
48563
48570
48571
48579
48585
48586
48597
48598
48600
48604
48606
48608
48615
48621
48622
48627
48643
48644
48645
48648
48652
48654
48657
48660
48663
48677
48679
48681
48683
48686
48694
48698
48700
48704
48710
48717
48718
48722
48725
48729
48733
48735
48737
48738
48751
48758
48769
48771
48772
48777
48781
48789
48792
48800
48805
48812
48815
48817
48818
48828
48836
48840
48842
48847
48851
48870
48874
48876
48878
48884
48890
48899
48901
48920
48921
48922
48932
48934
48935
48942
48944
48948
48957
48964
48965
48967
48982
48988
48998
48999
49000
49004
49013
49017
49019
49025
49028
49036
49038
49039
49045
49047
49050
49056
49057
49068
49075
49080
49090
49100
49111
49115
49118
49123
49136
49137
49141
49146
49157
49158
49166
49175
49177
49180
49182
49184
49189
49210
49212
49216
49219
49228
49229
49234
49236
49239
49242
49256
49273
49278
49280
49282
49283
49285
49287
49296
49304
49306
49309
49313
49316
49324
49326
49331
49333
49334
49335
49344
49350
49354
49355
49357
49360
49361
49367
49398
49400
49403
49408
49414
49420
49426
49427
49428
49437
49438
49443
49445
49452
49455
49464
49467
49475
49476
49480
49481
49490
49491
49492
49502
49510
49512
49519
49527
49538
49547
49561
49566
49575
49577
49581
49588
49591
49592
49600
49616
49618
49619
49620
49621
49624
49628
49629
49638
49642
49646
49658
49670
49671
49682
49684
49687
49693
49694
49699
49700
49703
49704
49707
49708
49709
49713
49714
49720
49731
49736
49738
49739
49740
49746
49749
49755
49756
49757
49760
49762
49771
49775
49777
49783
49786
49789
49796
49797
49803
49807
49820
49823
49826
49837
49838
49840
49843
49846
49851
49855
49859
49861
49864
49867
49869
49870
49872
49878
49887
49888
49894
49900
49906
49908
49913
49930
49935
49937
49941
49942
49944
49945
49965
49968
49970
49973
49976
49988
49989
49995
49999
50000
50009
50011
50012
50014
50015
50018
50019
50027
50029
50030
50031
50034
50035
50038
50040
50041
50042
50044
50046
50051
50055
50058
50064
50068
50069
50073
50077
50078
50082
50088
50098
50100
50104
50116
50117
50118
50125
50127
50135
50143
50148
50149
50151
50160
50164
50165
50167
50170
50172
50176
50178
50180
50182
50184
50186
50195
50209
50212
50218
50223
50227
50228
50240
50241
50255
50256
50264
50268
50269
50270
50273
50274
50276
50277
50279
50290
50292
50303
50306
50314
50315
50316
50320
50326
50327
50333
50338
50342
50349
50350
50357
50359
50363
50364
50369
50379
50380
50384
50397
50398
50399
50402
50409
50420
50434
50440
50446
50449
50451
50454
50455
50463
50469
50471
50474
50478
50479
50481
50485
50488
50490
50501
50503
50505
50511
50520
50521
50523
50525
50528
50531
50532
50533
50535
50540
50541
50552
50553
50558
50572
50574
50575
50578
50579
50583
50589
50594
50595
50596
50603
50606
50618
50622
50623
50628
50640
50642
50646
50647
50655
50671
50688
50693
50694
50696
50732
50735
50736
50739
50744
50748
50754
50757
50761
50764
50771
50773
50776
50779
50780
50787
50790
50793
50796
50799
50808
50814
50818
50825
50827
50832
50838
50842
50845
50847
50852
50859
50861
50870
50871
50874
50878
50883
50886
50896
50898
50902
50903
50907
50916
50922
50924
50930
50934
50936
50940
50943
50945
50951
50969
50970
50979
50983
50984
50992
50995
50996
51000
51007
51012
51013
51019
51031
51042
51049
51052
51057
51059
51060
51063
51064
51075
51076
51080
51091
51093
51098
51102
51105
51106
51110
51115
51120
51121
51127
51134
51137
51148
51150
51157
51158
51159
51162
51181
51182
51198
51200
51202
51204
51208
51212
51223
51225
51226
51227
51234
51237
51238
51247
51261
51262
51265
51274
51276
51279
51287
51291
51295
51298
51301
51304
51306
51308
51310
51318
51320
51322
51325
51330
51332
51340
51354
51355
51360
51363
51364
51368
51370
51394
51396
51398
51401
51403
51410
51429
51435
51437
51444
51456
51457
51462
51466
51471
51473
51474
51480
51486
51491
51500
51501
51502
51503
51506
51509
51511
51516
51519
51531
51537
51544
51546
51547
51551
51555
51561
51567
51569
51570
51573
51579
51583
51585
51588
51591
51592
51593
51597
51598
51600
51602
51607
51609
51612
51621
51624
51625
51630
51633
51634
51641
51644
51646
51647
51650
51654
51659
51663
51664
51668
51670
51681
51682
51694
51698
51701
51703
51711
51720
51727
51731
51739
51740
51744
51745
51746
51757
51759
51761
51762
51766
51772
51779
51782
51783
51784
51795
51801
51806
51808
51814
51820
51827
51830
51831
51843
51845
51849
51852
51859
51860
51868
51871
51872
51876
51882
51885
51890
51892
51903
51905
51907
51912
51927
51935
51944
51963
51968
51969
51971
51979
51980
51982
51983
51986
51987
51988
51997
52000
52007
52016
52018
52027
52031
52037
52040
52042
52044
52047
52048
52053
52054
52056
52057
52069
52073
52075
52090
52092
52093
52094
52101
52103
52106
52111
52113
52114
52117
52122
52123
52124
52127
52129
52130
52133
52136
52138
52148
52149
52156
52165
52167
52172
52178
52180
52183
52188
52191
52196
52200
52203
52213
52215
52218
52221
52233
52236
52241
52243
52251
52254
52258
52260
52262
52263
52267
52270
52272
52277
52285
52287
52289
52296
52298
52304
52305
52306
52307
52308
52309
52313
52318
52329
52334
52338
52344
52345
52348
52362
52366
52371
52378
52382
52387
52393
52395
52396
52400
52413
52418
52420
52423
52430
52433
52438
52440
52441
52449
52451
52459
52464
52466
52469
52472
52475
52484
52489
52501
52505
52507
52508
52514
52516
52518
52521
52528
52539
52544
52554
52556
52560
52567
52569
52577
52586
52587
52588
52591
52595
52601
52602
52610
52623
52625
52627
52642
52643
52645
52651
52653
52655
52656
52658
52665
52666
52671
52674
52676
52677
52685
52692
52698
52699
52702
52708
52710
52724
52727
52735
52737
52744
52751
52759
52785
52787
52788
52790
52791
52795
52798
52799
52803
52818
52819
52832
52835
52842
52848
52854
52859
52865
52866
52868
52878
52882
52884
52897
52904
52906
52910
52922
52925
52926
52931
52933
52936
52939
52943
52947
52951
52954
52958
52965
52967
52970
52979
52980
52982
52985
52991
52992
52994
52996
53028
53041
53043
53046
53048
53059
53061
53062
53066
53067
53068
53077
53084
53087
53091
53097
53101
53114
53115
53125
53131
53133
53139
53149
53150
53151
53160
53161
53163
53165
53167
53169
53171
53174
53175
53179
53184
53187
53188
53190
53193
53200
53201
53202
53207
53228
53232
53236
53241
53247
53250
53260
53270
53275
53277
53287
53290
53291
53297
53301
53307
53309
53310
53311
53312
53323
53326
53327
53330
53340
53342
53347
53353
53356
53371
53374
53382
53384
53393
53394
53397
53402
53404
53412
53420
53422
53428
53432
53435
53444
53445
53446
53447
53450
53452
53454
53461
53469
53487
53488
53489
53505
53508
53517
53520
53521
53522
53527
53530
53536
53537
53540
53541
53542
53545
53546
53547
53548
53552
53553
53557
53558
53560
53561
53564
53565
53566
53567
53572
53577
53579
53583
53590
53592
53593
53597
53600
53609
53614
53616
53619
53626
53631
53632
53635
53636
53640
53641
53655
53659
53665
53666
53667
53668
53670
53674
53677
53678
53679
53684
53686
53688
53690
53692
53700
53704
53714
53718
53721
53733
53735
53736
53740
53743
53745
53748
53752
53753
53756
53757
53763
53764
53770
53785
53792
53796
53802
53816
53817
53820
53823
53830
53832
53835
53836
53844
53848
53857
53861
53865
53872
53876
53879
53880
53897
53900
53907
53915
53918
53919
53927
53928
53931
53939
53940
53943
53945
53947
53948
53949
53951
53970
53971
53972
53976
53979
53982
53990
53991
53997
54005
54014
54017
54023
54024
54025
54029
54032
54040
54043
54061
54062
54064
54068
54076
54082
54086
54087
54088
54095
54098
54111
54116
54119
54121
54129
54131
54135
54137
54139
54142
54160
54166
54168
54176
54177
54181
54182
54183
54190
54191
54211
54212
54222
54229
54235
54245
54261
54266
54270
54274
54279
54307
54309
54311
54314
54326
54331
54333
54335
54338
54354
54355
54363
54364
54366
54371
54373
54374
54377
54386
54387
54390
54392
54393
54395
54397
54405
54409
54412
54413
54424
54425
54435
54439
54443
54445
54450
54451
54458
54461
54463
54464
54474
54475
54490
54492
54493
54495
54496
54506
54511
54525
54531
54533
54543
54551
54555
54557
54558
54562
54573
54578
54581
54600
54608
54618
54619
54622
54629
54632
54635
54638
54639
54641
54642
54651
54671
54685
54700
54706
54722
54723
54740
54741
54764
54768
54774
54778
54781
54787
54790
54816
54818
54831
54833
54840
54859
54866
54877
54878
54891
54894
54903
54907
54924
54925
54929
54930
54942
54960
54966
54970
54973
54976
54977
54981
54984
55004
55013
55015
55017
55018
55022
55023
55034
55038
55039
55044
55045
55046
55049
55052
55058
55061
55067
55081
55083
55099
55124
55134
55147
55149
55156
55164
55169
55172
55176
55177
55178
55184
55188
55194
55197
55202
55206
55213
55215
55216
55234
55244
55251
55260
55264
55265
55272
55277
55279
55291
55295
55298
55299
55305
55324
55327
55328
55331
55333
55339
55342
55344
55345
55346
55352
55357
55358
55359
55363
55370
55384
55386
55389
55391
55397
55402
55421
55458
55462
55468
55476
55485
55486
55487
55494
55496
55502
55512
55531
55538
55539
55552
55556
55557
55560
)


// ************************************************************************* //
