/*--------------------------------*- C++ -*----------------------------------*\
| =========                 |                                                 |
| \\      /  F ield         | OpenFOAM: The Open Source CFD Toolbox           |
|  \\    /   O peration     | Version:  v2012                                 |
|   \\  /    A nd           | Website:  www.openfoam.com                      |
|    \\/     M anipulation  |                                                 |
\*---------------------------------------------------------------------------*/
FoamFile
{
    version     2.0;
    format      ascii;
    class       labelList;
    location    "constant/polyMesh";
    object      pointProcAddressing;
}
// * * * * * * * * * * * * * * * * * * * * * * * * * * * * * * * * * * * * * //


14182
(
1
5
9
13
53
54
55
56
57
58
59
60
61
62
63
64
65
66
67
68
69
70
71
72
73
74
75
76
77
78
79
80
81
82
83
84
85
86
87
88
89
90
91
92
93
94
95
96
97
98
99
100
101
102
103
104
105
106
107
108
109
110
111
112
113
114
115
116
117
118
119
120
121
122
123
124
125
126
127
128
129
130
131
132
133
134
135
136
137
138
139
140
141
142
143
144
145
146
147
148
149
150
151
152
153
154
155
156
157
158
159
160
161
162
163
164
165
166
167
168
169
170
171
172
173
174
175
176
177
178
179
180
181
182
546
547
548
549
550
551
552
553
554
555
556
557
558
559
560
561
562
563
564
565
566
567
568
569
570
571
572
573
574
575
576
577
578
579
580
581
582
807
808
809
810
811
812
813
814
815
816
817
818
819
820
821
822
823
824
825
826
827
828
829
830
831
832
833
834
835
836
837
838
839
840
841
842
843
844
845
846
847
848
849
850
851
852
853
854
855
856
857
858
859
860
861
862
863
864
865
866
867
868
869
870
871
872
873
874
875
876
877
878
879
880
881
882
883
884
885
886
887
888
889
890
891
892
893
894
895
896
897
898
899
900
901
902
903
904
905
906
907
908
909
910
911
912
913
914
915
916
917
918
919
920
921
922
923
924
925
926
927
928
929
930
931
932
933
934
935
936
1300
1301
1302
1303
1304
1305
1306
1307
1308
1309
1310
1311
1312
1313
1314
1315
1316
1317
1318
1319
1320
1321
1322
1323
1324
1325
1326
1327
1328
1329
1330
1331
1332
1333
1334
1335
1336
1524
1527
1546
1547
1556
1565
1568
1569
1570
1573
1575
1577
1579
1580
1583
1587
1591
1598
1602
1606
1609
1611
1619
1621
1623
1626
1629
1630
1633
1666
1668
1679
1680
1682
1684
1685
1686
1692
1693
1695
1697
1698
1702
1708
1711
1723
1725
1726
1727
1731
1735
1743
1744
1745
1749
1753
1754
1755
1756
1757
1758
1761
2092
2165
2168
2169
2170
2171
2172
2173
2174
2177
2180
2181
2182
2183
2185
2187
2188
2191
2192
2193
2194
2197
2198
2199
2200
2201
2202
2203
2204
2205
2206
2207
2208
2209
2210
2211
2212
2213
2214
2215
2216
2217
2218
2219
2220
2221
2222
2223
2224
2225
2226
2227
2228
2229
2230
2231
2232
2233
2234
2235
2236
2237
2238
2239
2240
2241
2242
2243
2244
2245
2246
2247
2248
2249
2250
2251
2252
2253
2254
2255
2256
2257
2258
2259
2260
2261
2262
2263
2264
2265
2266
2267
2268
2269
2270
2271
2272
2273
2274
2275
2276
2277
2278
2279
2280
2281
2282
2283
2284
2285
2286
2287
2288
2289
2290
2291
2292
2293
2294
2295
2296
2329
2330
2331
2362
2363
2364
2365
2368
2369
2370
2396
2397
2398
2405
2406
2407
2408
2412
2413
2414
2415
2418
2419
2420
2421
2422
2425
2426
2427
2431
2432
2438
2439
2440
2441
2447
2448
2449
2450
2453
2454
2455
2456
2457
2462
2463
2464
2468
2469
2470
2471
2472
2476
2477
2478
2479
2480
2481
2482
2483
2484
2485
2488
2489
2490
2491
2494
2495
2498
2499
2500
2501
2504
2505
2506
2507
2508
2509
2510
2513
2514
2515
2516
2517
2518
2519
2520
2521
2522
2523
2524
2525
2526
2529
2530
2533
2534
2535
2537
2538
2539
2540
2543
2544
2547
2548
2549
2550
2553
2554
2555
2556
2557
2558
2559
2564
2565
2566
2567
2568
2571
2572
2573
2574
2639
2640
2641
2642
2643
2644
2645
2646
2872
2874
2876
2877
2878
2879
2880
2881
2882
2883
2884
2885
2886
2887
2888
2889
2890
2891
2892
2893
2894
2895
2896
2897
2900
2901
2902
2903
2906
2907
2911
2912
2913
2914
2915
2916
2920
2921
2922
2923
2924
2925
2926
2927
2928
2929
2932
2933
2934
2935
2936
2937
2951
2952
2955
2956
2957
2958
2959
2970
2971
2972
2973
2974
2975
2976
2977
2978
2979
2980
2981
2982
2983
2984
2985
2986
2987
2988
2989
2990
2991
2992
2993
2994
2995
2996
2997
2998
2999
3000
3001
3002
3003
3004
3005
3006
3007
3008
3009
3010
3011
3012
3033
3034
3132
3149
3150
3155
3156
3157
3159
3160
3161
3162
3168
3169
3181
3182
3188
3189
3190
3191
3192
3194
3204
3205
3206
3207
3208
3209
3210
3211
3212
3214
3217
3218
3221
3225
3226
3227
3228
3232
3235
3236
3240
3241
3242
3245
3246
3249
3250
3251
3255
3260
3261
3269
3270
3273
3274
3275
3276
3277
3280
3294
3295
3296
3297
3298
3299
3300
3301
3302
3303
3304
3305
3308
3309
3310
3324
3343
3344
3347
3348
3349
3350
3351
3355
3389
3390
3391
3392
3393
3394
3395
3396
3397
3399
3400
3401
3402
3403
3404
3405
3406
3407
3408
3409
3410
3411
3412
3413
3414
3415
3416
3417
3418
3419
3420
3421
3422
3423
3424
3425
3426
3428
3429
3430
3431
3432
3433
3434
3435
3436
3445
3446
3450
3451
3452
3453
3454
3455
3457
3460
3461
3462
3470
3474
3475
3476
3477
3478
3479
3480
3481
3482
3484
3485
3486
3487
3494
3495
3496
3497
3498
3499
3500
3501
3502
3508
3509
3510
3511
3512
3513
3514
3515
3522
3523
3524
3525
3526
3527
3528
3529
3905
3906
3907
3908
3909
3911
3912
3913
3919
3920
3924
3925
3926
3927
3928
3929
3930
3931
4003
4004
4012
4013
4014
4015
4016
4017
4018
4019
4020
4021
4022
4023
4024
4025
4027
4039
4041
4042
4043
4044
4050
4051
4054
4055
4057
4058
4059
4060
4061
4062
4063
4064
4065
4066
4067
4068
4069
4070
4077
4078
4117
4121
4124
4125
4126
4127
4128
4129
4130
4136
4137
4138
4140
4149
4150
4156
4157
4158
4159
4160
4161
4185
4186
4189
4190
4191
4201
4202
4203
4204
4205
4206
4207
4208
4209
4210
4211
4212
4213
4214
4215
4216
4217
4218
4221
4225
4226
4227
4228
4234
4235
4236
4237
4265
4266
4267
4268
4270
4271
4280
4282
4283
4284
4285
4290
4291
4296
4297
4315
4329
4330
4331
4332
4335
4336
4337
4338
4339
4341
4342
4343
4344
4345
4346
4347
4348
4349
4350
4351
4359
4360
4361
4362
4363
4364
4403
4515
4516
4517
4518
4519
4520
4521
4522
4523
4524
4782
4783
4797
4798
4799
4800
4801
4802
4803
4804
4805
4806
4826
4827
4828
4829
4830
4831
4832
4833
4834
4835
4836
4837
4838
4839
4840
4841
4842
4843
4844
4845
4846
4847
4848
4849
4850
4851
4852
4853
4854
4870
4871
4872
4873
4874
4875
4876
4877
4878
4879
4880
4881
4882
4885
4886
4887
4889
4890
4893
4894
4895
4896
4897
4898
4899
4900
4901
4942
4943
4955
4956
4960
4961
5030
5040
5041
5042
5043
5044
5057
5058
5059
5060
5061
5062
5063
5064
5065
5066
5067
5068
5069
5070
5071
5072
5073
5074
5075
5076
5077
5078
5079
5080
5081
5082
5083
5084
5085
5086
5087
5088
5089
5090
5091
5092
5093
5094
5095
5096
5097
5098
5099
5100
5101
5102
5103
5104
5105
5106
5107
5108
5109
5110
5111
5112
5113
5114
5115
5116
5117
5118
5119
5120
5121
5122
5123
5124
5125
5126
5127
5128
5129
5130
5131
5132
5133
5134
5135
5136
5137
5138
5139
5140
5141
5142
5143
5144
5145
5146
5147
5148
5149
5150
5151
5152
5153
5154
5155
5156
5157
5158
5159
5160
5161
5162
5163
5164
5165
5166
5167
5168
5169
5170
5171
5172
5173
5174
5175
5176
5177
5178
5179
5180
5181
5371
5372
5373
5374
5375
5376
5380
5381
5389
5390
5395
5396
5397
5414
5415
5423
5424
5426
5427
5428
5429
5430
5431
5432
5446
5451
5461
5462
5463
5464
5469
5470
5471
5472
5473
5474
5475
5476
5477
5478
5479
5480
5481
5482
5483
5486
5487
5488
5499
5500
5501
5502
5508
5509
5510
5511
5512
5513
5514
5515
5518
5535
5536
5537
5538
5545
5546
5555
5562
5564
5565
5566
5567
5568
5574
5576
5577
5578
5579
5580
5584
5585
5588
5589
5590
5591
5592
5612
5613
5614
5615
5623
5624
5625
5626
5627
5628
5629
5630
5631
5632
5633
5634
5635
5636
5637
5638
5639
5640
5641
5642
5643
5644
5645
5646
5647
5653
5654
5659
5664
5681
5684
5685
5686
5698
5699
5700
5709
5710
5711
5712
5713
5714
5715
5810
5811
5812
5813
5814
5815
5816
5818
5822
5823
5824
5825
5838
5839
5840
5841
5846
5848
5850
5851
5852
5853
5870
5871
5872
5873
5874
5875
5880
5886
5887
5888
5889
5890
5891
5911
5913
5916
5917
5926
5935
5936
5937
5942
5943
5944
5945
5946
5953
5954
5957
5958
5959
5960
5966
5967
5968
5969
5970
5971
5972
5973
5974
5975
6004
6005
6006
6010
6011
6018
6020
6021
6022
6029
6039
6040
6041
6050
6052
6053
6083
6084
6085
6086
6087
6088
6090
6091
6094
6095
6096
6099
6107
6108
6109
6158
6159
6167
6168
6169
6170
6171
6172
6173
6174
6175
6176
6177
6178
6179
6180
6181
6182
6187
6188
6189
6190
6191
6192
6193
6194
6200
6201
6202
6203
6204
6207
6208
6209
6210
6226
6227
6228
6229
6230
6232
6233
6239
6240
6241
6242
6243
6244
6250
6251
6252
6257
6265
6269
6345
6351
6352
6354
6355
6359
6360
6361
6362
6365
6366
6367
6368
6369
6376
6377
6378
6379
6380
6388
6389
6390
6391
6392
6397
6398
6399
6400
6401
6402
6403
6404
6405
6406
6407
6408
6409
6410
6411
6412
6413
6414
6415
6416
6417
6418
6419
6420
6421
6422
6423
6424
6425
6426
6427
6428
6436
6437
6438
6439
6440
6441
6445
6446
6447
6448
6449
6453
6454
6459
6476
6485
6486
6490
6570
6578
6579
6582
6583
6584
6585
6586
6587
6588
6589
6590
6591
6592
6593
6594
6595
6596
6597
6604
6605
6606
6607
6618
6620
6627
6633
6672
6699
6700
6705
6706
6708
6709
6710
6711
6717
6718
6725
6726
6734
6735
6736
6737
6738
6739
6740
6742
6743
6745
6746
6747
6748
6749
6760
6762
6763
6764
6766
6767
6768
6775
6776
6779
6780
6782
6783
6784
6790
6791
6792
6794
6795
6796
6797
6803
6804
6805
6812
6818
6819
6820
6821
6822
6823
6824
6825
6826
6827
6828
6830
6831
6834
6835
6838
6843
6847
6848
6852
6853
6854
6856
6862
6863
6864
6865
6871
6872
6873
6874
6875
6876
6877
6885
6895
6896
6917
6928
6929
6930
6943
6944
6949
6950
6965
7000
7001
7002
7003
7004
7005
7006
7007
7008
7009
7010
7011
7012
7013
7014
7085
7090
7092
7093
7094
7095
7096
7097
7098
7099
7100
7101
7102
7106
7112
7113
7114
7116
7117
7122
7124
7125
7126
7133
7134
7135
7136
7160
7161
7169
7170
7171
7177
7178
7179
7180
7182
7187
7188
7192
7193
7194
7195
7197
7198
7210
7211
7234
7235
7382
7383
7384
7386
7387
7398
7399
7400
7646
7647
7648
7650
7651
7652
7653
7654
7655
7656
7657
7658
7659
7660
7661
7662
7663
7676
7677
7679
7680
7696
7700
7701
7702
7703
7726
7727
7729
7752
7753
7761
7762
7806
7809
8155
8182
8246
8247
8250
8251
8252
8253
8254
8255
8258
8260
8270
8271
8272
8292
8293
8294
8295
8296
8297
8298
8299
8300
8301
8302
8303
8304
8305
8306
8307
8308
8309
8310
8311
8316
8324
8332
8333
8335
8336
8337
8338
8340
8345
8346
8347
8348
8349
8351
8370
8371
8372
8373
8374
8375
8376
8377
8378
8383
8426
8427
8428
8429
8430
8431
8432
8433
8434
8435
8436
8437
8438
8439
8440
8452
8460
8461
8462
8463
8464
8465
8466
8467
8468
8470
8473
8476
8477
8479
8481
8483
8484
8485
8486
8487
8488
8489
8490
8491
8492
8493
8494
8495
8496
8497
8498
8499
8500
8502
8503
8504
8505
8506
8507
8508
8509
8510
8511
8512
8513
8514
8515
8516
8517
8552
8558
8561
8562
8563
8564
8565
8566
8567
8568
8569
8570
8571
8572
8573
8574
8575
8576
8579
8580
8581
8583
8587
8588
8590
8591
8592
8606
8607
8611
8612
8613
8614
8615
8616
8617
8618
8619
8620
8621
8622
8623
8624
8625
8626
8627
8628
8629
8630
8631
8632
8633
8634
8635
8636
8638
8639
8640
8641
8643
8644
8646
8648
8649
8670
8671
8672
8673
8674
8675
8676
8677
8678
8679
8680
8681
8691
8701
8702
8703
8704
8705
8706
8707
8708
8709
8710
8714
8715
8716
8717
8718
8719
8720
8721
8722
8723
8732
8733
8734
8735
8736
8737
8738
8739
8740
8741
8742
8743
8744
8745
8746
8747
8748
8749
8750
8751
8752
8753
8754
8755
8756
8757
8758
8759
8760
8761
8762
8763
8764
8765
8766
8767
8768
8769
8770
8771
8772
8773
8774
8775
8776
8777
8778
8779
8780
8781
8782
8783
8784
8785
8786
8787
8788
8789
8790
8791
8792
8795
8809
8819
8826
8827
8828
8829
8830
8831
8832
8833
8834
8835
8836
8837
8838
8839
8841
8842
8843
8844
8845
8846
8847
8848
8849
8850
8851
8852
8853
8854
8855
8877
8878
8879
8880
8881
8891
8894
8895
8896
8897
8898
8904
8915
8925
8926
8934
8935
8946
8947
8950
8951
8952
8953
8962
8964
8972
8982
8983
8984
8985
8996
9004
9018
9019
9034
9035
9070
9071
9072
9082
9093
9094
9108
9109
9118
9119
9120
9126
9127
9134
9135
9136
9137
9140
9146
9149
9150
9152
9154
9168
9176
9190
9191
9192
9196
9197
9207
9210
9216
9217
9218
9220
9228
9229
9230
9231
9232
9233
9246
9247
9251
9260
9271
9277
9278
9279
9308
9314
9327
9329
9330
9360
9367
9370
9371
9372
9373
9374
9375
9376
9377
9378
9379
9380
9381
9382
9383
9384
9386
9387
9392
9395
9400
9405
9406
9408
9414
9419
9425
9427
9433
9434
9435
9448
9462
9466
9468
9469
9470
9471
9472
9473
9489
9490
9493
9494
9498
9499
9505
9508
9509
9537
9540
9547
9609
9610
9614
9627
9628
9631
9633
9641
9642
9657
9658
9687
9749
9752
9753
9757
9758
9765
9766
9767
9768
9769
9792
9813
9814
9815
9830
9837
9840
9844
9848
9849
9857
9877
9878
9879
9881
9882
9884
9885
9895
9897
9898
9902
9908
9909
9912
9924
9926
9929
9930
9931
9934
9935
9945
9946
9947
9948
9949
9967
9972
9973
9974
9975
9976
9977
9978
9979
9980
9988
9989
9990
10005
10006
10011
10013
10014
10035
10036
10037
10038
10039
10040
10053
10057
10058
10082
10083
10085
10093
10095
10096
10097
10098
10103
10104
10105
10117
10118
10121
10123
10125
10133
10134
10135
10156
10165
10166
10167
10168
10169
10170
10171
10187
10188
10191
10194
10195
10199
10200
10201
10202
10203
10204
10205
10206
10207
10208
10210
10211
10212
10213
10214
10215
10216
10217
10222
10223
10224
10225
10226
10227
10228
10229
10230
10236
10237
10263
10266
10274
10275
10276
10278
10279
10280
10282
10284
10300
10301
10305
10306
10309
10310
10311
10313
10319
10320
10321
10334
10335
10357
10358
10359
10360
10361
10362
10363
10364
10365
10366
10368
10369
10370
10371
10372
10373
10374
10375
10376
10377
10378
10380
10381
10382
10383
10384
10386
10387
10388
10389
10390
10397
10398
10440
10441
10442
10445
10446
10447
10448
10449
10450
10451
10452
10453
10454
10455
10456
10457
10458
10459
10463
10464
10472
10474
10476
10481
10484
10489
10493
10528
10532
10533
10534
10535
10538
10560
10561
10562
10572
10580
10588
10595
10596
10601
10621
10622
10624
10629
10630
10631
10632
10635
10637
10638
10647
10648
10650
10653
10654
10655
10657
10658
10662
10665
10666
10667
10668
10669
10670
10671
10672
10673
10674
10675
10677
10679
10692
10693
10695
10698
10703
10704
10713
10714
10715
10716
10717
10719
10720
10724
10729
10752
10756
10762
10763
10764
10765
10769
10770
10832
10833
10836
10837
10849
10851
10856
10865
10875
10877
10879
10880
10882
10888
10896
10932
10933
10934
10935
10936
10937
10938
10939
10940
10941
10945
10946
10947
10948
10951
10952
10953
10954
10955
10956
10957
10958
10959
10960
10961
10962
10963
10964
10965
10966
10967
10968
10969
10970
10983
10994
10995
10996
11008
11011
11015
11050
11055
11056
11057
11060
11061
11084
11085
11086
11087
11103
11110
11111
11116
11131
11132
11133
11134
11135
11136
11137
11138
11139
11141
11144
11145
11146
11149
11155
11157
11161
11162
11163
11164
11169
11170
11171
11172
11173
11188
11189
11190
11191
11192
11193
11194
11197
11198
11199
11200
11201
11202
11203
11204
11205
11206
11207
11208
11209
11214
11215
11216
11217
11221
11225
11231
11233
11237
11247
11248
11249
11250
11251
11252
11253
11254
11282
11286
11289
11290
11293
11294
11297
11303
11312
11313
11316
11318
11329
11334
11335
11336
11338
11340
11341
11342
11346
11347
11348
11364
11365
11366
11367
11368
11374
11379
11380
11384
11387
11388
11389
11390
11391
11392
11393
11408
11409
11410
11421
11429
11430
11435
11437
11439
11440
11441
11442
11443
11446
11447
11464
11468
11469
11475
11476
11481
11482
11490
11510
11511
11512
11517
11518
11519
11520
11521
11534
11539
11540
11544
11546
11552
11553
11554
11555
11556
11570
11577
11612
11619
11634
11636
11643
11644
11649
11650
11655
11656
11657
11658
11659
11669
11670
11682
11683
11704
11705
11706
11711
11712
11713
11720
11732
11736
11751
11752
11753
11754
11755
11756
11757
11758
11759
11760
11761
11762
11763
11764
11768
11772
11773
11780
11781
11782
11802
11803
11818
11819
11832
11841
11842
11845
11852
11870
11872
11873
11874
11875
11879
11884
11899
11910
11912
11920
11925
11927
11928
11929
11930
11937
11939
11942
11943
11944
11945
11946
11947
11948
11949
11963
11964
11965
12046
12047
12071
12072
12077
12084
12085
12107
12108
12109
12110
12111
12115
12122
12123
12124
12126
12130
12133
12136
12138
12142
12144
12145
12156
12158
12160
12179
12180
12185
12188
12189
12194
12196
12197
12199
12200
12206
12207
12208
12209
12212
12213
12215
12216
12218
12219
12224
12225
12226
12227
12231
12241
12251
12252
12253
12256
12258
12259
12260
12263
12265
12266
12268
12269
12270
12271
12272
12274
12275
12276
12277
12279
12288
12289
12290
12291
12294
12295
12296
12297
12298
12299
12300
12303
12304
12305
12308
12313
12314
12315
12316
12338
12339
12341
12342
12346
12347
12348
12350
12363
12371
12373
12377
12380
12383
12384
12385
12387
12388
12392
12394
12395
12396
12397
12398
12399
12400
12401
12402
12403
12404
12405
12418
12420
12421
12422
12432
12433
12434
12439
12444
12448
12455
12456
12462
12463
12465
12467
12468
12485
12486
12487
12495
12496
12514
12515
12516
12520
12521
12522
12524
12525
12527
12528
12529
12530
12531
12532
12537
12544
12545
12547
12549
12554
12556
12557
12562
12574
12583
12584
12585
12586
12601
12604
12605
12606
12607
12610
12611
12614
12632
12633
12635
12637
12638
12639
12642
12644
12646
12647
12648
12656
12659
12660
12671
12672
12692
12693
12696
12703
12704
12714
12715
12716
12717
12718
12722
12723
12724
12725
12728
12729
12738
12744
12748
12749
12763
12777
12779
12781
12787
12788
12789
12790
12796
12797
12816
12817
12819
12820
12821
12822
12832
12833
12860
12862
12878
12879
12880
12881
12882
12883
12884
12885
12886
12887
12888
12889
12890
12891
12892
12893
12894
12895
12896
12897
12898
12899
12900
12901
12902
12903
12904
12905
12906
12907
12908
12909
12910
12911
12912
12913
12914
12915
12916
12917
12929
12930
12933
12934
12935
12936
12938
12939
12940
12942
12943
12944
12945
12947
12952
12958
12963
12968
12969
12979
12983
12992
12998
13000
13001
13004
13010
13015
13016
13017
13018
13019
13020
13025
13026
13027
13028
13029
13036
13037
13038
13045
13046
13047
13048
13064
13065
13066
13067
13068
13069
13070
13071
13073
13076
13078
13079
13081
13082
13083
13084
13090
13091
13092
13093
13096
13099
13113
13114
13115
13136
13149
13150
13153
13160
13161
13162
13163
13208
13209
13219
13220
13221
13222
13225
13226
13239
13241
13262
13264
13269
13270
13282
13285
13294
13299
13300
13305
13306
13307
13308
13309
13310
13311
13312
13313
13314
13315
13316
13317
13318
13322
13323
13324
13325
13326
13327
13328
13343
13344
13356
13357
13358
13359
13368
13385
13387
13388
13392
13403
13420
13421
13446
13457
13466
13471
13472
13519
13525
13526
13527
13528
13529
13530
13531
13532
13533
13534
13535
13536
13537
13538
13539
13540
13541
13542
13543
13544
13545
13546
13564
13569
13571
13585
13586
13587
13588
13591
13606
13617
13618
13619
13622
13626
13628
13634
13635
13640
13671
13672
13673
13683
13684
13687
13688
13695
13699
13700
13702
13703
13704
13709
13710
13712
13713
13715
13718
13720
13721
13722
13723
13724
13725
13727
13728
13729
13734
13735
13736
13737
13739
13740
13744
13745
13746
13747
13748
13750
13752
13753
13756
13758
13759
13760
13761
13762
13763
13764
13765
13781
13782
13785
13786
13787
13788
13789
13790
13793
13794
13795
13797
13798
13799
13800
13801
13803
13823
13825
13826
13835
13840
13841
13845
13856
13857
13858
13859
13884
13886
13887
13903
13904
13905
13906
13907
13908
13909
13910
13911
13912
13923
13924
13925
13926
13927
13929
13932
13937
13938
13939
13940
13941
13942
13943
13944
13949
13952
13953
13955
13956
13957
13958
13959
13960
13966
13967
13968
13969
13970
13975
13976
13980
13985
13987
13994
13995
13996
13997
13998
13999
14000
14001
14009
14012
14038
14039
14040
14041
14042
14043
14044
14047
14051
14052
14053
14057
14058
14060
14061
14080
14082
14083
14084
14085
14086
14087
14088
14089
14090
14092
14093
14094
14095
14100
14102
14105
14106
14115
14117
14121
14122
14123
14124
14125
14126
14128
14135
14136
14144
14153
14155
14156
14157
14162
14163
14164
14167
14168
14171
14172
14176
14177
14178
14179
14180
14181
14190
14191
14192
14193
14194
14196
14197
14198
14204
14205
14206
14211
14237
14264
14265
14266
14269
14272
14278
14313
14321
14322
14326
14327
14328
14333
14340
14343
14347
14352
14356
14357
14358
14368
14373
14374
14375
14376
14380
14381
14389
14390
14392
14393
14403
14408
14410
14412
14413
14425
14436
14442
14443
14444
14450
14454
14455
14456
14457
14460
14473
14474
14482
14483
14484
14485
14491
14494
14495
14496
14500
14505
14506
14519
14520
14521
14522
14526
14527
14528
14532
14535
14536
14548
14549
14554
14556
14557
14558
14559
14560
14561
14582
14617
14618
14619
14629
14630
14631
14641
14647
14649
14650
14652
14668
14669
14675
14676
14677
14678
14680
14691
14693
14694
14695
14696
14708
14715
14716
14717
14718
14720
14721
14722
14723
14724
14741
14742
14743
14744
14745
14746
14826
14827
14828
14839
14840
14841
14842
14843
14854
14855
14856
14857
14858
14859
14861
14882
14890
14891
14903
14904
14905
14906
14907
14918
14924
14925
14929
14937
14957
14966
14968
14972
14974
14975
14980
14995
14999
15000
15001
15002
15004
15005
15018
15019
15024
15029
15032
15033
15049
15052
15053
15054
15061
15062
15063
15064
15071
15073
15074
15077
15078
15085
15086
15087
15088
15089
15090
15116
15117
15119
15127
15137
15138
15141
15142
15143
15151
15157
15169
15170
15171
15172
15173
15180
15186
15194
15200
15201
15202
15216
15222
15224
15239
15240
15243
15244
15245
15258
15259
15264
15265
15266
15267
15268
15272
15286
15287
15293
15296
15299
15300
15301
15302
15311
15319
15327
15336
15343
15344
15350
15351
15352
15360
15361
15362
15365
15366
15368
15370
15371
15372
15373
15374
15383
15387
15389
15390
15396
15399
15403
15411
15412
15413
15415
15416
15417
15418
15419
15420
15421
15423
15425
15429
15430
15431
15432
15433
15434
15455
15456
15462
15463
15464
15465
15466
15467
15468
15469
15470
15471
15472
15473
15474
15477
15478
15479
15480
15486
15499
15502
15507
15508
15509
15510
15511
15515
15517
15519
15520
15521
15522
15523
15524
15525
15526
15527
15528
15529
15530
15531
15532
15533
15534
15535
15536
15545
15552
15561
15562
15563
15564
15565
15566
15567
15568
15572
15573
15574
15579
15580
15581
15582
15583
15584
15585
15586
15587
15588
15589
15590
15592
15594
15603
15605
15613
15614
15615
15616
15617
15621
15632
15633
15634
15635
15640
15641
15642
15644
15650
15651
15664
15665
15667
15671
15673
15675
15681
15682
15687
15688
15692
15700
15709
15714
15715
15718
15721
15722
15724
15734
15736
15737
15747
15748
15749
15751
15752
15753
15757
15758
15772
15773
15774
15783
15784
15787
15801
15802
15805
15813
15820
15823
15825
15834
15835
15836
15837
15839
15841
15848
15854
15855
15861
15862
15863
15864
15873
15883
15909
15910
15911
15912
15917
15918
15932
15933
15935
15936
15937
15938
15939
15940
15941
15942
15953
15954
15955
15956
15957
15964
15967
15968
15969
15970
15971
15972
15973
15974
15975
15986
15987
15993
15998
15999
16000
16001
16003
16005
16006
16009
16016
16017
16022
16023
16024
16026
16033
16034
16035
16036
16037
16048
16067
16071
16072
16073
16074
16075
16081
16085
16088
16089
16102
16103
16104
16105
16107
16116
16121
16123
16124
16125
16140
16145
16146
16147
16150
16151
16152
16153
16154
16161
16163
16165
16172
16173
16176
16177
16178
16179
16180
16181
16182
16183
16184
16185
16186
16187
16189
16190
16191
16212
16213
16231
16232
16233
16234
16236
16239
16242
16243
16247
16265
16266
16267
16268
16273
16274
16275
16277
16278
16283
16297
16298
16299
16305
16306
16309
16355
16373
16374
16375
16376
16377
16378
16379
16380
16383
16384
16385
16395
16404
16405
16406
16407
16408
16409
16415
16416
16417
16419
16420
16424
16444
16454
16455
16457
16460
16461
16462
16463
16464
16482
16483
16486
16487
16488
16489
16490
16491
16492
16494
16497
16498
16499
16528
16529
16532
16533
16535
16545
16546
16547
16548
16549
16556
16561
16562
16566
16567
16568
16571
16572
16579
16590
16592
16593
16594
16595
16596
16597
16598
16599
16600
16603
16611
16614
16615
16616
16617
16620
16623
16624
16627
16634
16635
16641
16642
16643
16644
16658
16660
16663
16664
16665
16676
16695
16710
16711
16718
16719
16720
16721
16737
16752
16753
16754
16765
16766
16767
16768
16770
16771
16780
16781
16782
16789
16795
16799
16800
16813
16814
16818
16831
16832
16833
16834
16839
16845
16846
16909
16924
16925
16928
16944
16945
16948
16964
16965
16966
16967
16970
16971
16976
16991
16992
16993
17001
17002
17013
17015
17021
17023
17025
17028
17029
17030
17033
17050
17051
17052
17053
17054
17055
17056
17057
17058
17059
17062
17069
17070
17071
17073
17097
17098
17099
17117
17118
17119
17138
17142
17156
17159
17171
17172
17175
17177
17178
17192
17193
17195
17200
17201
17202
17203
17204
17206
17207
17235
17250
17257
17258
17263
17264
17274
17284
17285
17297
17298
17301
17302
17308
17317
17318
17319
17320
17321
17326
17329
17338
17339
17340
17344
17345
17347
17356
17358
17361
17366
17367
17369
17401
17420
17422
17423
17431
17433
17434
17435
17436
17437
17438
17439
17440
17448
17450
17451
17455
17461
17466
17470
17480
17490
17492
17493
17494
17495
17499
17500
17501
17503
17504
17522
17533
17534
17535
17548
17550
17562
17563
17565
17566
17575
17619
17636
17637
17644
17645
17648
17649
17650
17651
17652
17655
17658
17659
17660
17661
17681
17682
17690
17706
17714
17724
17732
17733
17735
17736
17737
17740
17754
17757
17758
17759
17760
17763
17764
17765
17766
17767
17768
17769
17790
17816
17817
17867
17868
17869
17870
17871
17872
17873
17874
17875
17876
17891
17892
17893
17898
17902
17903
17922
17923
17924
17925
17926
17927
17928
17929
17930
17935
17940
17947
17949
17961
17987
17988
17989
17992
17993
18004
18005
18013
18014
18015
18032
18036
18044
18047
18049
18069
18070
18073
18089
18108
18109
18113
18114
18122
18123
18124
18126
18127
18130
18131
18132
18133
18134
18138
18139
18155
18161
18162
18163
18164
18188
18189
18190
18191
18192
18193
18206
18207
18208
18209
18221
18233
18234
18235
18236
18242
18252
18253
18255
18256
18257
18266
18272
18273
18274
18275
18276
18277
18278
18279
18280
18281
18282
18283
18284
18285
18286
18287
18288
18289
18295
18296
18297
18298
18299
18300
18301
18302
18303
18304
18313
18314
18315
18316
18330
18331
18332
18333
18334
18335
18336
18337
18348
18380
18381
18382
18383
18384
18385
18386
18392
18393
18394
18416
18465
18466
18467
18470
18475
18476
18479
18480
18481
18482
18483
18484
18485
18486
18487
18488
18489
18490
18491
18492
18507
18509
18517
18527
18528
18529
18530
18531
18661
18665
18670
18671
18672
18685
18693
18699
18700
18701
18702
18703
18726
18727
18728
18743
18772
18777
18778
18793
18795
18796
18797
18819
18826
18834
18835
18836
18837
18838
18840
18841
18860
18861
18862
18863
18871
18872
18876
18877
18878
18879
18890
18893
18894
18895
18896
18897
18898
18899
18900
18901
18929
18930
18947
18948
19036
19037
19038
19039
19040
19041
19042
19106
19123
19124
19208
19226
19227
19228
19350
19369
19370
19371
19372
19373
19374
19375
19376
19385
19386
19387
19413
19414
19450
19458
19463
19489
19496
19497
19504
19510
19511
19512
19513
19522
19523
19571
19572
19577
19617
19618
19645
19653
19654
19659
19661
19665
19666
19667
19668
19669
19670
19671
19673
19674
19675
19688
19711
19712
19720
19722
19723
19725
19726
19727
19728
19733
19741
19743
19744
19745
19806
19813
19866
19867
19871
19872
19900
19901
19902
19903
19904
19919
19920
19921
19922
19924
19925
19926
19945
19947
19948
19949
19990
20013
20014
20015
20016
20024
20050
20051
20053
20062
20063
20070
20097
20104
20136
20160
20167
20173
20174
20193
20222
20241
20242
20250
20254
20261
20262
20267
20268
20269
20299
20314
20320
20327
20328
20329
20330
20354
20376
20377
20378
20379
20380
20385
20386
20390
20391
20392
20393
20395
20400
20408
20410
20411
20412
20413
20414
20417
20418
20419
20420
20421
20422
20424
20425
20426
20427
20428
20429
20431
20433
20436
20437
20438
20444
20445
20446
20447
20448
20449
20450
20451
20452
20453
20454
20458
20466
20490
20509
20534
20535
20541
20542
20544
20545
20546
20547
20555
20556
20557
20565
20567
20571
20573
20574
20583
20589
20595
20596
20597
20598
20599
20601
20604
20610
20612
20626
20636
20640
20641
20642
20643
20644
20645
20649
20650
20651
20658
20659
20665
20669
20670
20671
20675
20683
20689
20690
20693
20694
20695
20712
20713
20716
20719
20722
20726
20741
20758
20759
20762
20766
20767
20769
20775
20777
20794
20798
20799
20801
20802
20803
20804
20811
20820
20824
20829
20834
20844
20849
20852
20858
20859
20863
20865
20875
20876
20877
20878
20879
20880
20881
20882
20883
20885
20886
20887
20890
20891
20892
20893
20903
20905
20906
20907
20908
20909
20910
20911
20912
20913
20914
20916
20917
20918
20920
20921
20923
20942
20943
20945
20946
20947
20948
20957
20960
20965
20973
20977
20982
20983
20985
20988
20991
20994
20997
20999
21000
21001
21019
21021
21022
21037
21038
21039
21040
21041
21042
21043
21044
21045
21046
21047
21048
21049
21057
21059
21060
21061
21062
21068
21069
21071
21072
21073
21075
21076
21077
21078
21079
21081
21084
21091
21092
21093
21094
21099
21103
21104
21111
21113
21114
21116
21121
21122
21123
21124
21125
21126
21133
21134
21135
21148
21150
21151
21152
21153
21154
21165
21166
21170
21178
21179
21180
21181
21182
21183
21184
21185
21190
21191
21200
21201
21208
21209
21218
21219
21220
21221
21223
21224
21225
21229
21232
21233
21234
21247
21248
21255
21256
21258
21259
21260
21263
21265
21268
21276
21277
21281
21285
21289
21290
21291
21292
21293
21294
21295
21296
21297
21300
21301
21308
21309
21310
21311
21312
21313
21318
21320
21321
21322
21323
21324
21325
21326
21327
21328
21329
21330
21331
21332
21333
21334
21335
21336
21337
21338
21339
21349
21350
21352
21362
21364
21365
21366
21367
21368
21384
21385
21387
21388
21389
21390
21391
21392
21398
21431
21433
21434
21440
21441
21442
21443
21446
21447
21450
21451
21452
21453
21454
21455
21456
21477
21480
21481
21483
21489
21490
21491
21492
21493
21494
21495
21499
21500
21513
21515
21519
21523
21524
21525
21526
21527
21528
21529
21530
21534
21540
21541
21542
21543
21544
21546
21549
21557
21559
21562
21563
21564
21565
21566
21567
21568
21570
21571
21573
21579
21580
21582
21586
21606
21609
21610
21611
21613
21616
21617
21618
21640
21644
21645
21646
21647
21649
21650
21661
21662
21663
21664
21665
21666
21667
21668
21669
21691
21695
21696
21697
21706
21707
21708
21709
21710
21711
21712
21713
21715
21724
21725
21730
21731
21736
21740
21741
21742
21744
21745
21746
21747
21748
21749
21751
21752
21753
21761
21764
21765
21766
21767
21769
21770
21771
21772
21774
21776
21788
21796
21797
21798
21800
21807
21808
21809
21810
21811
21813
21814
21815
21817
21818
21819
21823
21824
21825
21826
21827
21832
21833
21837
21838
21839
21841
21844
21847
21848
21849
21851
21853
21856
21860
21861
21864
21868
21870
21871
21872
21873
21874
21875
21877
21878
21880
21881
21882
21886
21888
21889
21902
21903
21907
21908
21909
21910
21912
21920
21921
21923
21924
21925
21926
21931
21932
21936
21937
21938
21942
21945
21946
21947
21948
21949
21953
21957
21960
21961
21962
21963
21964
21994
21995
21996
21997
21998
21999
22000
22001
22002
22003
22004
22005
22006
22007
22008
22019
22020
22021
22022
22023
22024
22025
22026
22035
22043
22052
22055
22056
22057
22058
22059
22061
22062
22063
22064
22065
22066
22067
22068
22069
22070
22072
22073
22074
22076
22077
22078
22079
22080
22083
22084
22085
22086
22087
22089
22090
22091
22092
22095
22096
22101
22104
22105
22106
22107
22113
22121
22122
22123
22130
22133
22134
22135
22136
22137
22141
22142
22143
22144
22145
22146
22149
22150
22153
22154
22156
22157
22160
22165
22167
22177
22178
22180
22182
22184
22186
22188
22189
22191
22194
22195
22196
22198
22199
22200
22202
22205
22206
22208
22209
22210
22214
22215
22216
22217
22220
22223
22225
22227
22229
22234
22236
22238
22240
22244
22246
22249
22251
22252
22254
22259
22261
22264
22267
22275
22280
22281
22282
22283
22288
22291
22292
22295
22296
22298
22301
22304
22305
22307
22308
22310
22314
22315
22316
22317
22319
22320
22322
22324
22327
22329
22330
22331
22332
22333
22338
22342
22344
22345
22348
22349
22350
22355
22357
22359
22360
22363
22364
22367
22368
22369
22371
22373
22374
22375
22376
22377
22379
22380
22384
22385
22390
22391
22394
22395
22396
22399
22400
22406
22414
22415
22417
22419
22420
22421
22428
22429
22432
22435
22441
22442
22443
22445
22448
22449
22450
22453
22459
22461
22462
22466
22468
22475
22476
22478
22488
22489
22492
22493
22497
22498
22502
22503
22504
22505
22506
22507
22510
22511
22513
22515
22518
22520
22521
22522
22524
22530
22534
22539
22542
22544
22545
22546
22549
22551
22552
22553
22561
22562
22563
22569
22570
22571
22573
22576
22586
22587
22591
22594
22595
22596
22597
22604
22607
22608
22610
22611
22612
22615
22616
22622
22625
22626
22629
22633
22635
22637
22640
22641
22643
22644
22646
22647
22650
22653
22654
22655
22659
22660
22663
22664
22665
22666
22667
22669
22670
22671
22676
22677
22678
22680
22682
22689
22691
22696
22700
22702
22704
22706
22707
22710
22713
22715
22717
22721
22725
22727
22728
22729
22731
22732
22733
22734
22735
22744
22746
22750
22752
22753
22754
22757
22758
22761
22769
22771
22772
22778
22784
22785
22786
22787
22788
22792
22794
22796
22797
22799
22801
22805
22806
22807
22808
22809
22812
22813
22818
22823
22825
22826
22827
22829
22830
22833
22836
22840
22843
22844
22845
22847
22850
22851
22852
22855
22856
22857
22858
22861
22862
22865
22867
22870
22872
22873
22874
22875
22879
22880
22882
22885
22886
22888
22891
22892
22895
22896
22897
22898
22899
22902
22906
22910
22913
22915
22916
22917
22919
22926
22928
22933
22937
22939
22948
22949
22952
22954
22963
22964
22967
22969
22973
22974
22975
22976
22978
22979
22980
22982
22983
22984
22987
22989
22991
22996
22997
22998
23008
23009
23013
23014
23018
23020
23025
23026
23035
23036
23037
23065
23071
23074
23076
23081
23085
23087
23088
23089
23092
23098
23099
23108
23109
23111
23113
23114
23117
23120
23122
23126
23141
23143
23147
23156
23160
23162
23169
23189
23212
23218
23226
23227
23234
23239
23246
23250
23255
23256
23264
23265
23273
23274
23281
23282
23283
23287
23294
23298
23300
23303
23305
23306
23307
23308
23310
23314
23319
23328
23329
23330
23336
23352
23353
23354
23360
23362
23369
23383
23386
23390
23392
23394
23397
23402
23407
23414
23423
23426
23427
23428
23439
23444
23446
23455
23456
23457
23463
23470
23471
23474
23475
23478
23481
23482
23484
23488
23489
23495
23507
23513
23515
23517
23529
23535
23538
23542
23547
23553
23557
23558
23559
23560
23566
23567
23568
23572
23575
23576
23577
23582
23589
23590
23595
23601
23602
23612
23616
23620
23627
23629
23630
23635
23637
23639
23641
23653
23657
23665
23667
23670
23672
23675
23683
23687
23690
23691
23694
23701
23709
23717
23718
23719
23723
23729
23731
23732
23733
23742
23755
23756
23758
23772
23773
23774
23776
23778
23780
23788
23799
23805
23810
23811
23813
23817
23822
23823
23824
23826
23828
23829
23842
23843
23844
23863
23865
23876
23880
23886
23901
23902
23920
23922
23924
23931
23935
23938
23945
23951
23965
23971
23974
23976
23981
23985
23987
23996
24009
24014
24017
24020
24023
24032
24057
24067
24083
24084
24105
24106
24107
24109
24117
24121
24127
24130
24131
24138
24139
24141
24147
24157
24160
24168
24182
24184
24185
24186
24189
24191
24201
24208
24232
24249
24250
24253
24255
24266
24274
24285
24288
24290
24300
24306
24325
24329
24342
24343
24349
24355
24358
24368
24371
24372
24389
24390
24398
24399
24418
24424
24426
24428
24435
24436
24445
24449
24451
24460
24471
24472
24476
24479
24488
24512
24513
24514
24517
24522
24524
24525
24526
24532
24537
24541
24548
24552
24558
24560
24564
24567
24569
24571
24576
24577
24578
24582
24584
24596
24606
24607
24615
24619
24622
24627
24628
24629
24631
24632
24638
24641
24643
24646
24647
24648
24652
24657
24662
24671
24675
24678
24679
24682
24687
24690
24691
24692
24699
24703
24710
24715
24716
24718
24721
24725
24729
24732
24737
24738
24740
24741
24747
24752
24760
24766
24768
24770
24778
24780
24784
24785
24790
24793
24794
24795
24802
24804
24806
24816
24817
24819
24821
24823
24827
24833
24834
24835
24837
24848
24849
24853
24856
24857
24861
24862
24867
24871
24873
24879
24880
24896
24903
24904
24910
24913
24917
24919
24923
24926
24929
24933
24934
24936
24937
24939
24940
24941
24947
24951
24959
24961
24962
24963
24965
24967
24969
24975
24979
24982
24998
24999
25005
25010
25011
25019
25030
25031
25032
25035
25036
25045
25047
25055
25057
25058
25060
25065
25067
25068
25078
25080
25081
25084
25085
25087
25091
25093
25098
25102
25107
25110
25116
25140
25144
25150
25151
25154
25161
25170
25176
25177
25182
25185
25188
25192
25194
25196
25198
25200
25201
25213
25226
25228
25232
25237
25249
25258
25263
25268
25269
25273
25275
25278
25283
25296
25297
25304
25313
25323
25326
25333
25352
25354
25361
25363
25372
25375
25382
25388
25389
25390
25394
25397
25398
25402
25403
25411
25414
25420
25427
25429
25449
25458
25461
25466
25467
25479
25481
25486
25487
25488
25489
25500
25504
25505
25507
25509
25511
25517
25524
25526
25528
25535
25538
25540
25554
25557
25561
25568
25573
25576
25578
25579
25588
25591
25603
25604
25605
25607
25609
25611
25613
25616
25618
25626
25632
25636
25641
25647
25649
25652
25653
25654
25657
25659
25661
25664
25667
25669
25670
25671
25675
25676
25682
25686
25693
25694
25698
25711
25716
25718
25725
25729
25737
25743
25749
25755
25756
25761
25763
25766
25770
25771
25776
25780
25783
25784
25794
25803
25804
25805
25810
25817
25824
25830
25834
25835
25838
25841
25858
25860
25870
25871
25873
25874
25880
25886
25888
25891
25895
25896
25898
25908
25909
25914
25927
25934
25935
25937
25942
25952
25953
25954
25963
25965
25968
25975
25986
25988
25989
25992
25993
25999
26003
26009
26016
26017
26022
26025
26026
26027
26028
26032
26033
26044
26045
26047
26048
26051
26052
26054
26064
26065
26073
26076
26077
26080
26083
26088
26095
26096
26104
26111
26112
26116
26117
26133
26137
26141
26142
26143
26144
26159
26163
26164
26180
26184
26192
26204
26207
26209
26216
26225
26233
26235
26236
26240
26241
26243
26245
26246
26257
26259
26261
26262
26267
26277
26278
26279
26282
26283
26284
26286
26288
26291
26292
26293
26297
26300
26313
26319
26325
26333
26334
26345
26348
26355
26365
26366
26370
26374
26377
26383
26385
26389
26393
26394
26403
26406
26407
26413
26414
26419
26420
26421
26424
26425
26428
26429
26430
26436
26445
26446
26453
26456
26461
26465
26466
26467
26469
26470
26471
26475
26476
26477
26486
26498
26499
26508
26510
26512
26513
26516
26520
26523
26527
26540
26541
26551
26556
26570
26571
26577
26581
26589
26592
26595
26604
26609
26611
26617
26620
26621
26625
26632
26639
26640
26646
26661
26671
26678
26679
26680
26686
26689
26703
26712
26715
26716
26726
26727
26729
26730
26731
26739
26745
26749
26754
26762
26764
26765
26767
26769
26773
26777
26781
26785
26789
26796
26798
26802
26816
26818
26819
26822
26826
26828
26831
26832
26833
26835
26839
26843
26846
26848
26854
26855
26860
26861
26867
26870
26871
26873
26877
26891
26893
26894
26898
26900
26903
26904
26911
26917
26918
26919
26930
26932
26933
26938
26940
26941
26949
26952
26954
26956
26978
26983
26986
26987
26988
26991
26992
26993
26998
26999
27005
27006
27015
27019
27026
27030
27034
27035
27040
27042
27048
27050
27054
27058
27060
27067
27074
27075
27077
27082
27090
27091
27094
27099
27102
27107
27109
27112
27114
27121
27127
27133
27143
27144
27145
27147
27152
27154
27157
27159
27162
27167
27173
27174
27178
27179
27184
27187
27189
27190
27193
27195
27200
27206
27209
27214
27215
27216
27217
27222
27223
27224
27226
27229
27230
27234
27236
27245
27248
27261
27262
27263
27271
27272
27276
27287
27291
27297
27300
27301
27306
27316
27317
27326
27328
27329
27333
27336
27348
27351
27353
27360
27366
27376
27383
27387
27388
27409
27413
27418
27424
27431
27432
27433
27436
27437
27438
27439
27440
27443
27449
27452
27453
27455
27457
27458
27461
27468
27470
27475
27488
27490
27506
27510
27515
27527
27529
27532
27534
27537
27540
27543
27546
27553
27554
27557
27559
27568
27569
27575
27579
27582
27586
27589
27591
27596
27601
27610
27612
27613
27621
27623
27625
27643
27647
27648
27660
27661
27662
27666
27675
27676
27678
27687
27688
27690
27691
27694
27698
27712
27720
27723
27728
27730
27732
27733
27737
27739
27755
27756
27765
27766
27767
27770
27777
27780
27781
27784
27786
27787
27788
27796
27797
27799
27804
27807
27809
27817
27818
27828
27832
27833
27839
27844
27846
27848
27857
27860
27861
27862
27863
27870
27873
27877
27884
27885
27890
27891
27893
27898
27899
27905
27906
27910
27911
27914
27918
27926
27927
27928
27935
27942
27946
27951
27954
27959
27964
27965
27971
27973
27975
27976
27981
27984
28002
28006
28009
28010
28013
28020
28025
28028
28030
28043
28044
28045
28047
28048
28049
28050
28057
28066
28068
28085
28088
28089
28096
28102
28103
28107
28108
28110
28113
28115
28117
28119
28120
28122
28126
28130
28131
28144
28145
28147
28149
28152
28158
28160
28172
28177
28178
28182
28186
28188
28191
28193
28194
28196
28199
28201
28212
28216
28219
28224
28234
28235
28254
28255
28260
28269
28270
28285
28286
28290
28304
28308
28310
28328
28329
28333
28336
28337
28338
28340
28354
28355
28356
28357
28360
28366
28368
28371
28372
28384
28385
28393
28397
28411
28412
28414
28422
28425
28433
28435
28450
28457
28458
28461
28466
28479
28482
28484
28486
28506
28508
28513
28514
28516
28521
28523
28527
28529
28530
28532
28533
28535
28540
28544
28550
28553
28554
28560
28576
28577
28580
28581
28585
28589
28598
28603
28619
28621
28632
28644
28649
28650
28657
28660
28668
28677
28678
28688
28697
28699
28701
28710
28714
28731
28735
28736
28739
28746
28747
28752
28753
28758
28759
28760
28762
28765
28772
28773
28777
28778
28783
28791
28792
28796
28803
28806
28808
28809
28810
28814
28819
28829
28830
28834
28840
28876
28885
28888
28895
28907
28916
28917
28919
28924
28927
28928
28931
28932
28936
28938
28942
28946
28952
28956
28960
28963
28965
28966
28967
28970
28971
28974
28983
28984
28989
28995
28998
29003
29010
29011
29013
29014
29017
29022
29039
29040
29041
29042
29046
29050
29054
29056
29057
29059
29065
29069
29073
29080
29081
29084
29091
29095
29101
29102
29103
29105
29107
29112
29113
29114
29115
29123
29124
29125
29126
29151
29153
29172
29175
29182
29184
29187
29206
29207
29216
29225
29228
29229
29230
29233
29235
29237
29239
29240
29243
29247
29251
29258
29262
29266
29269
29271
29279
29281
29283
29286
29289
29290
29293
29326
29328
29339
29340
29342
29344
29345
29346
29352
29353
29355
29357
29358
29362
29368
29371
29383
29385
29386
29387
29391
29395
29403
29404
29405
29409
29413
29414
29415
29416
29417
29418
29421
29752
29825
29828
29829
29830
29831
29832
29833
29834
29837
29840
29841
29842
29843
29845
29847
29848
29851
29852
29853
29854
29857
29858
29859
29860
29861
29862
29863
29864
29865
29866
29867
29868
29869
29870
29871
29872
29873
29874
29875
29876
29877
29878
29879
29880
29881
29882
29883
29884
29885
29886
29887
29888
29889
29890
29891
29892
29893
29894
29895
29896
29897
29898
29899
29900
29901
29902
29903
29904
29905
29906
29907
29908
29909
29910
29911
29912
29913
29914
29915
29916
29917
29918
29919
29920
29921
29922
29923
29924
29925
29926
29927
29928
29929
29930
29931
29932
29933
29934
29935
29936
29937
29938
29939
29940
29941
29942
29943
29944
29945
29946
29947
29948
29949
29950
29951
29952
29953
29954
29955
29956
29989
29990
29991
30022
30023
30024
30025
30028
30029
30030
30056
30057
30058
30065
30066
30067
30068
30072
30073
30074
30075
30078
30079
30080
30081
30082
30085
30086
30087
30091
30092
30098
30099
30100
30101
30107
30108
30109
30110
30113
30114
30115
30116
30117
30122
30123
30124
30128
30129
30130
30131
30132
30136
30137
30138
30139
30140
30141
30142
30143
30144
30145
30148
30149
30150
30151
30154
30155
30158
30159
30160
30161
30164
30165
30166
30167
30168
30169
30170
30173
30174
30175
30176
30177
30178
30179
30180
30181
30182
30183
30184
30185
30186
30189
30190
30193
30194
30195
30197
30198
30199
30200
30203
30204
30207
30208
30209
30210
30213
30214
30215
30216
30217
30218
30219
30224
30225
30226
30227
30228
30231
30232
30233
30234
30299
30300
30301
30302
30303
30304
30305
30306
30532
30534
30536
30537
30538
30539
30540
30541
30542
30543
30544
30545
30546
30547
30548
30549
30550
30551
30552
30553
30554
30555
30556
30557
30560
30561
30562
30563
30566
30567
30571
30572
30573
30574
30575
30576
30580
30581
30582
30583
30584
30585
30586
30587
30588
30589
30592
30593
30594
30595
30596
30597
30611
30612
30615
30616
30617
30618
30619
30630
30631
30632
30633
30634
30635
30636
30637
30638
30639
30640
30641
30642
30643
30644
30645
30646
30647
30648
30649
30650
30651
30652
30653
30654
30655
30656
30657
30658
30659
30660
30661
30662
30663
30664
30665
30666
30667
30668
30669
30670
30671
30672
30693
30694
30792
30809
30810
30815
30816
30817
30819
30820
30821
30822
30828
30829
30841
30842
30848
30849
30850
30851
30852
30854
30864
30865
30866
30867
30868
30869
30870
30871
30872
30874
30877
30878
30881
30885
30886
30887
30888
30892
30895
30896
30900
30901
30902
30905
30906
30909
30910
30911
30915
30920
30921
30929
30930
30933
30934
30935
30936
30937
30940
30954
30955
30956
30957
30958
30959
30960
30961
30962
30963
30964
30965
30968
30969
30970
30984
31003
31004
31007
31008
31009
31010
31011
31015
31049
31050
31051
31052
31053
31054
31055
31056
31057
31059
31060
31061
31062
31063
31064
31065
31066
31067
31068
31069
31070
31071
31072
31073
31074
31075
31076
31077
31078
31079
31080
31081
31082
31083
31084
31085
31086
31088
31089
31090
31091
31092
31093
31094
31095
31096
31105
31106
31110
31111
31112
31113
31114
31115
31117
31120
31121
31122
31130
31134
31135
31136
31137
31138
31139
31140
31141
31142
31144
31145
31146
31147
31154
31155
31156
31157
31158
31159
31160
31161
31162
31168
31169
31170
31171
31172
31173
31174
31175
31182
31183
31184
31185
31186
31187
31188
31189
31565
31566
31567
31568
31569
31571
31572
31573
31579
31580
31584
31585
31586
31587
31588
31589
31590
31591
31663
31664
31672
31673
31674
31675
31676
31677
31678
31679
31680
31681
31682
31683
31684
31685
31687
31699
31701
31702
31703
31704
31710
31711
31714
31715
31717
31718
31719
31720
31721
31722
31723
31724
31725
31726
31727
31728
31729
31730
31737
31738
31777
31781
31784
31785
31786
31787
31788
31789
31790
31796
31797
31798
31800
31809
31810
31816
31817
31818
31819
31820
31821
31845
31846
31849
31850
31851
31861
31862
31863
31864
31865
31866
31867
31868
31869
31870
31871
31872
31873
31874
31875
31876
31877
31878
31881
31885
31886
31887
31888
31894
31895
31896
31897
31925
31926
31927
31928
31930
31931
31940
31942
31943
31944
31945
31950
31951
31956
31957
31975
31989
31990
31991
31992
31995
31996
31997
31998
31999
32001
32002
32003
32004
32005
32006
32007
32008
32009
32010
32011
32019
32020
32021
32022
32023
32024
32063
32175
32176
32177
32178
32179
32180
32181
32182
32183
32184
32442
32443
32457
32458
32459
32460
32461
32462
32463
32464
32465
32466
32486
32487
32488
32489
32490
32491
32492
32493
32494
32495
32496
32497
32498
32499
32500
32501
32502
32503
32504
32505
32506
32507
32508
32509
32510
32511
32512
32513
32514
32530
32531
32532
32533
32534
32535
32536
32537
32538
32539
32540
32541
32542
32545
32546
32547
32549
32550
32553
32554
32555
32556
32557
32558
32559
32560
32561
32602
32603
32615
32616
32620
32621
32690
32700
32701
32702
32703
32704
32717
32718
32719
32720
32721
32722
32723
32724
32725
32726
32727
32728
32729
32730
32731
32732
32733
32734
32735
32736
32737
32738
32739
32740
32741
32742
32743
32744
32745
32746
32747
32748
32749
32750
32751
32752
32753
32754
32755
32756
32757
32758
32759
32760
32761
32762
32763
32764
32765
32766
32767
32768
32769
32770
32771
32772
32773
32774
32775
32776
32777
32778
32779
32780
32781
32782
32783
32784
32785
32786
32787
32788
32789
32790
32791
32792
32793
32794
32795
32796
32797
32798
32799
32800
32801
32802
32803
32804
32805
32806
32807
32808
32809
32810
32811
32812
32813
32814
32815
32816
32817
32818
32819
32820
32821
32822
32823
32824
32825
32826
32827
32828
32829
32830
32831
32832
32833
32834
32835
32836
32837
32838
32839
32840
32841
33031
33032
33033
33034
33035
33036
33040
33041
33049
33050
33055
33056
33057
33074
33075
33083
33084
33086
33087
33088
33089
33090
33091
33092
33106
33111
33121
33122
33123
33124
33129
33130
33131
33132
33133
33134
33135
33136
33137
33138
33139
33140
33141
33142
33143
33146
33147
33148
33159
33160
33161
33162
33168
33169
33170
33171
33172
33173
33174
33175
33178
33195
33196
33197
33198
33205
33206
33215
33222
33224
33225
33226
33227
33228
33234
33236
33237
33238
33239
33240
33244
33245
33248
33249
33250
33251
33252
33272
33273
33274
33275
33283
33284
33285
33286
33287
33288
33289
33290
33291
33292
33293
33294
33295
33296
33297
33298
33299
33300
33301
33302
33303
33304
33305
33306
33307
33313
33314
33319
33324
33341
33344
33345
33346
33358
33359
33360
33369
33370
33371
33372
33373
33374
33375
33470
33471
33472
33473
33474
33475
33476
33478
33482
33483
33484
33485
33498
33499
33500
33501
33506
33508
33510
33511
33512
33513
33530
33531
33532
33533
33534
33535
33540
33546
33547
33548
33549
33550
33551
33571
33573
33576
33577
33586
33595
33596
33597
33602
33603
33604
33605
33606
33613
33614
33617
33618
33619
33620
33626
33627
33628
33629
33630
33631
33632
33633
33634
33635
33664
33665
33666
33670
33671
33678
33680
33681
33682
33689
33699
33700
33701
33710
33712
33713
33743
33744
33745
33746
33747
33748
33750
33751
33754
33755
33756
33759
33767
33768
33769
33818
33819
33827
33828
33829
33830
33831
33832
33833
33834
33835
33836
33837
33838
33839
33840
33841
33842
33847
33848
33849
33850
33851
33852
33853
33854
33860
33861
33862
33863
33864
33867
33868
33869
33870
33886
33887
33888
33889
33890
33892
33893
33899
33900
33901
33902
33903
33904
33910
33911
33912
33917
33925
33929
34005
34011
34012
34014
34015
34019
34020
34021
34022
34025
34026
34027
34028
34029
34036
34037
34038
34039
34040
34048
34049
34050
34051
34052
34057
34058
34059
34060
34061
34062
34063
34064
34065
34066
34067
34068
34069
34070
34071
34072
34073
34074
34075
34076
34077
34078
34079
34080
34081
34082
34083
34084
34085
34086
34087
34088
34096
34097
34098
34099
34100
34101
34105
34106
34107
34108
34109
34113
34114
34119
34136
34145
34146
34150
34230
34238
34239
34242
34243
34244
34245
34246
34247
34248
34249
34250
34251
34252
34253
34254
34255
34256
34257
34264
34265
34266
34267
34278
34280
34287
34293
34332
34359
34360
34365
34366
34368
34369
34370
34371
34377
34378
34385
34386
34394
34395
34396
34397
34398
34399
34400
34402
34403
34405
34406
34407
34408
34409
34420
34422
34423
34424
34426
34427
34428
34435
34436
34439
34440
34442
34443
34444
34450
34451
34452
34454
34455
34456
34457
34463
34464
34465
34472
34478
34479
34480
34481
34482
34483
34484
34485
34486
34487
34488
34490
34491
34494
34495
34498
34503
34507
34508
34512
34513
34514
34516
34522
34523
34524
34525
34531
34532
34533
34534
34535
34536
34537
34545
34555
34556
34577
34588
34589
34590
34603
34604
34609
34610
34625
34660
34661
34662
34663
34664
34665
34666
34667
34668
34669
34670
34671
34672
34673
34674
34745
34750
34752
34753
34754
34755
34756
34757
34758
34759
34760
34761
34762
34766
34772
34773
34774
34776
34777
34782
34784
34785
34786
34793
34794
34795
34796
34820
34821
34829
34830
34831
34837
34838
34839
34840
34842
34847
34848
34852
34853
34854
34855
34857
34858
34870
34871
34894
34895
35042
35043
35044
35046
35047
35058
35059
35060
35306
35307
35308
35310
35311
35312
35313
35314
35315
35316
35317
35318
35319
35320
35321
35322
35323
35336
35337
35339
35340
35356
35360
35361
35362
35363
35386
35387
35389
35412
35413
35421
35422
35466
35469
35815
35842
35906
35907
35910
35911
35912
35913
35914
35915
35918
35920
35930
35931
35932
35952
35953
35954
35955
35956
35957
35958
35959
35960
35961
35962
35963
35964
35965
35966
35967
35968
35969
35970
35971
35976
35984
35992
35993
35995
35996
35997
35998
36000
36005
36006
36007
36008
36009
36011
36030
36031
36032
36033
36034
36035
36036
36037
36038
36043
36086
36087
36088
36089
36090
36091
36092
36093
36094
36095
36096
36097
36098
36099
36100
36112
36120
36121
36122
36123
36124
36125
36126
36127
36128
36130
36133
36136
36137
36139
36141
36143
36144
36145
36146
36147
36148
36149
36150
36151
36152
36153
36154
36155
36156
36157
36158
36159
36160
36162
36163
36164
36165
36166
36167
36168
36169
36170
36171
36172
36173
36174
36175
36176
36177
36212
36218
36221
36222
36223
36224
36225
36226
36227
36228
36229
36230
36231
36232
36233
36234
36235
36236
36239
36240
36241
36243
36247
36248
36250
36251
36252
36266
36267
36271
36272
36273
36274
36275
36276
36277
36278
36279
36280
36281
36282
36283
36284
36285
36286
36287
36288
36289
36290
36291
36292
36293
36294
36295
36296
36298
36299
36300
36301
36303
36304
36306
36308
36309
36330
36331
36332
36333
36334
36335
36336
36337
36338
36339
36340
36341
36351
36361
36362
36363
36364
36365
36366
36367
36368
36369
36370
36374
36375
36376
36377
36378
36379
36380
36381
36382
36383
36392
36393
36394
36395
36396
36397
36398
36399
36400
36401
36402
36403
36404
36405
36406
36407
36408
36409
36410
36411
36412
36413
36414
36415
36416
36417
36418
36419
36420
36421
36422
36423
36424
36425
36426
36427
36428
36429
36430
36431
36432
36433
36434
36435
36436
36437
36438
36439
36440
36441
36442
36443
36444
36445
36446
36447
36448
36449
36450
36451
36452
36455
36469
36479
36486
36487
36488
36489
36490
36491
36492
36493
36494
36495
36496
36497
36498
36499
36501
36502
36503
36504
36505
36506
36507
36508
36509
36510
36511
36512
36513
36514
36515
36537
36538
36539
36540
36541
36551
36554
36555
36556
36557
36558
36564
36575
36585
36586
36594
36595
36606
36607
36610
36611
36612
36613
36622
36624
36632
36642
36643
36644
36645
36656
36664
36678
36679
36694
36695
36730
36731
36732
36742
36753
36754
36768
36769
36778
36779
36780
36786
36787
36794
36795
36796
36797
36800
36806
36809
36810
36812
36814
36828
36836
36850
36851
36852
36856
36857
36867
36870
36876
36877
36878
36880
36888
36889
36890
36891
36892
36893
36906
36907
36911
36920
36931
36937
36938
36939
36968
36974
36987
36989
36990
37020
37027
37030
37031
37032
37033
37034
37035
37036
37037
37038
37039
37040
37041
37042
37043
37044
37046
37047
37052
37055
37060
37065
37066
37068
37074
37079
37085
37087
37093
37094
37095
37108
37122
37126
37128
37129
37130
37131
37132
37133
37149
37150
37153
37154
37158
37159
37165
37168
37169
37197
37200
37207
37269
37270
37274
37287
37288
37291
37293
37301
37302
37317
37318
37347
37409
37412
37413
37417
37418
37425
37426
37427
37428
37429
37452
37473
37474
37475
37490
37497
37500
37504
37508
37509
37517
37537
37538
37539
37541
37542
37544
37545
37555
37557
37558
37562
37568
37569
37572
37584
37586
37589
37590
37591
37594
37595
37605
37606
37607
37608
37609
37627
37632
37633
37634
37635
37636
37637
37638
37639
37640
37648
37649
37650
37665
37666
37671
37673
37674
37695
37696
37697
37698
37699
37700
37713
37717
37718
37742
37743
37745
37753
37755
37756
37757
37758
37763
37764
37765
37777
37778
37781
37783
37785
37793
37794
37795
37816
37825
37826
37827
37828
37829
37830
37831
37847
37848
37851
37854
37855
37859
37860
37861
37862
37863
37864
37865
37866
37867
37868
37870
37871
37872
37873
37874
37875
37876
37877
37882
37883
37884
37885
37886
37887
37888
37889
37890
37896
37897
37923
37926
37934
37935
37936
37938
37939
37940
37942
37944
37960
37961
37965
37966
37969
37970
37971
37973
37979
37980
37981
37994
37995
38017
38018
38019
38020
38021
38022
38023
38024
38025
38026
38028
38029
38030
38031
38032
38033
38034
38035
38036
38037
38038
38040
38041
38042
38043
38044
38046
38047
38048
38049
38050
38057
38058
38100
38101
38102
38105
38106
38107
38108
38109
38110
38111
38112
38113
38114
38115
38116
38117
38118
38119
38123
38124
38132
38134
38136
38141
38144
38149
38153
38188
38192
38193
38194
38195
38198
38220
38221
38222
38232
38240
38248
38255
38256
38261
38281
38282
38284
38289
38290
38291
38292
38295
38297
38298
38307
38308
38310
38313
38314
38315
38317
38318
38322
38325
38326
38327
38328
38329
38330
38331
38332
38333
38334
38335
38337
38339
38352
38353
38355
38358
38363
38364
38373
38374
38375
38376
38377
38379
38380
38384
38389
38412
38416
38422
38423
38424
38425
38429
38430
38492
38493
38496
38497
38509
38511
38516
38525
38535
38537
38539
38540
38542
38548
38556
38592
38593
38594
38595
38596
38597
38598
38599
38600
38601
38605
38606
38607
38608
38611
38612
38613
38614
38615
38616
38617
38618
38619
38620
38621
38622
38623
38624
38625
38626
38627
38628
38629
38630
38643
38654
38655
38656
38668
38671
38675
38710
38715
38716
38717
38720
38721
38744
38745
38746
38747
38763
38770
38771
38776
38791
38792
38793
38794
38795
38796
38797
38798
38799
38801
38804
38805
38806
38809
38815
38817
38821
38822
38823
38824
38829
38830
38831
38832
38833
38848
38849
38850
38851
38852
38853
38854
38857
38858
38859
38860
38861
38862
38863
38864
38865
38866
38867
38868
38869
38874
38875
38876
38877
38881
38885
38891
38893
38897
38907
38908
38909
38910
38911
38912
38913
38914
38942
38946
38949
38950
38953
38954
38957
38963
38972
38973
38976
38978
38989
38994
38995
38996
38998
39000
39001
39002
39006
39007
39008
39024
39025
39026
39027
39028
39034
39039
39040
39044
39047
39048
39049
39050
39051
39052
39053
39068
39069
39070
39081
39089
39090
39095
39097
39099
39100
39101
39102
39103
39106
39107
39124
39128
39129
39135
39136
39141
39142
39150
39170
39171
39172
39177
39178
39179
39180
39181
39194
39199
39200
39204
39206
39212
39213
39214
39215
39216
39230
39237
39272
39279
39294
39296
39303
39304
39309
39310
39315
39316
39317
39318
39319
39329
39330
39342
39343
39364
39365
39366
39371
39372
39373
39380
39392
39396
39411
39412
39413
39414
39415
39416
39417
39418
39419
39420
39421
39422
39423
39424
39428
39432
39433
39440
39441
39442
39462
39463
39478
39479
39492
39501
39502
39505
39512
39530
39532
39533
39534
39535
39539
39544
39559
39570
39572
39580
39585
39587
39588
39589
39590
39597
39599
39602
39603
39604
39605
39606
39607
39608
39609
39623
39624
39625
39706
39707
39731
39732
39737
39744
39745
39767
39768
39769
39770
39771
39775
39782
39783
39784
39786
39790
39793
39796
39798
39802
39804
39805
39816
39818
39820
39839
39840
39845
39848
39849
39854
39856
39857
39859
39860
39866
39867
39868
39869
39872
39873
39875
39876
39878
39879
39884
39885
39886
39887
39891
39901
39911
39912
39913
39916
39918
39919
39920
39923
39925
39926
39928
39929
39930
39931
39932
39934
39935
39936
39937
39939
39948
39949
39950
39951
39954
39955
39956
39957
39958
39959
39960
39963
39964
39965
39968
39973
39974
39975
39976
39998
39999
40001
40002
40006
40007
40008
40010
40023
40031
40033
40037
40040
40043
40044
40045
40047
40048
40052
40054
40055
40056
40057
40058
40059
40060
40061
40062
40063
40064
40065
40078
40080
40081
40082
40092
40093
40094
40099
40104
40108
40115
40116
40122
40123
40125
40127
40128
40145
40146
40147
40155
40156
40174
40175
40176
40180
40181
40182
40184
40185
40187
40188
40189
40190
40191
40192
40197
40204
40205
40207
40209
40214
40216
40217
40222
40234
40243
40244
40245
40246
40261
40264
40265
40266
40267
40270
40271
40274
40292
40293
40295
40297
40298
40299
40302
40304
40306
40307
40308
40316
40319
40320
40331
40332
40352
40353
40356
40363
40364
40374
40375
40376
40377
40378
40382
40383
40384
40385
40388
40389
40398
40404
40408
40409
40423
40437
40439
40441
40447
40448
40449
40450
40456
40457
40476
40477
40479
40480
40481
40482
40492
40493
40520
40522
40538
40539
40540
40541
40542
40543
40544
40545
40546
40547
40548
40549
40550
40551
40552
40553
40554
40555
40556
40557
40558
40559
40560
40561
40562
40563
40564
40565
40566
40567
40568
40569
40570
40571
40572
40573
40574
40575
40576
40577
40589
40590
40593
40594
40595
40596
40598
40599
40600
40602
40603
40604
40605
40607
40612
40618
40623
40628
40629
40639
40643
40652
40658
40660
40661
40664
40670
40675
40676
40677
40678
40679
40680
40685
40686
40687
40688
40689
40696
40697
40698
40705
40706
40707
40708
40724
40725
40726
40727
40728
40729
40730
40731
40733
40736
40738
40739
40741
40742
40743
40744
40750
40751
40752
40753
40756
40759
40773
40774
40775
40796
40809
40810
40813
40820
40821
40822
40823
40868
40869
40879
40880
40881
40882
40885
40886
40899
40901
40922
40924
40929
40930
40942
40945
40954
40959
40960
40965
40966
40967
40968
40969
40970
40971
40972
40973
40974
40975
40976
40977
40978
40982
40983
40984
40985
40986
40987
40988
41003
41004
41016
41017
41018
41019
41028
41045
41047
41048
41052
41063
41080
41081
41106
41117
41126
41131
41132
41179
41185
41186
41187
41188
41189
41190
41191
41192
41193
41194
41195
41196
41197
41198
41199
41200
41201
41202
41203
41204
41205
41206
41224
41229
41231
41245
41246
41247
41248
41251
41266
41277
41278
41279
41282
41286
41288
41294
41295
41300
41331
41332
41333
41343
41344
41347
41348
41355
41359
41360
41362
41363
41364
41369
41370
41372
41373
41375
41378
41380
41381
41382
41383
41384
41385
41387
41388
41389
41394
41395
41396
41397
41399
41400
41404
41405
41406
41407
41408
41410
41412
41413
41416
41418
41419
41420
41421
41422
41423
41424
41425
41441
41442
41445
41446
41447
41448
41449
41450
41453
41454
41455
41457
41458
41459
41460
41461
41463
41483
41485
41486
41495
41500
41501
41505
41516
41517
41518
41519
41544
41546
41547
41563
41564
41565
41566
41567
41568
41569
41570
41571
41572
41583
41584
41585
41586
41587
41589
41592
41597
41598
41599
41600
41601
41602
41603
41604
41609
41612
41613
41615
41616
41617
41618
41619
41620
41626
41627
41628
41629
41630
41635
41636
41640
41645
41647
41654
41655
41656
41657
41658
41659
41660
41661
41669
41672
41698
41699
41700
41701
41702
41703
41704
41707
41711
41712
41713
41717
41718
41720
41721
41740
41742
41743
41744
41745
41746
41747
41748
41749
41750
41752
41753
41754
41755
41760
41762
41765
41766
41775
41777
41781
41782
41783
41784
41785
41786
41788
41795
41796
41804
41813
41815
41816
41817
41822
41823
41824
41827
41828
41831
41832
41836
41837
41838
41839
41840
41841
41850
41851
41852
41853
41854
41856
41857
41858
41864
41865
41866
41871
41897
41924
41925
41926
41929
41932
41938
41973
41981
41982
41986
41987
41988
41993
42000
42003
42007
42012
42016
42017
42018
42028
42033
42034
42035
42036
42040
42041
42049
42050
42052
42053
42063
42068
42070
42072
42073
42085
42096
42102
42103
42104
42110
42114
42115
42116
42117
42120
42133
42134
42142
42143
42144
42145
42151
42154
42155
42156
42160
42165
42166
42179
42180
42181
42182
42186
42187
42188
42192
42195
42196
42208
42209
42214
42216
42217
42218
42219
42220
42221
42242
42277
42278
42279
42289
42290
42291
42301
42307
42309
42310
42312
42328
42329
42335
42336
42337
42338
42340
42351
42353
42354
42355
42356
42368
42375
42376
42377
42378
42380
42381
42382
42383
42384
42401
42402
42403
42404
42405
42406
42486
42487
42488
42499
42500
42501
42502
42503
42514
42515
42516
42517
42518
42519
42521
42542
42550
42551
42563
42564
42565
42566
42567
42578
42584
42585
42589
42597
42617
42626
42628
42632
42634
42635
42640
42655
42659
42660
42661
42662
42664
42665
42678
42679
42684
42689
42692
42693
42709
42712
42713
42714
42721
42722
42723
42724
42731
42733
42734
42737
42738
42745
42746
42747
42748
42749
42750
42776
42777
42779
42787
42797
42798
42801
42802
42803
42811
42817
42829
42830
42831
42832
42833
42840
42846
42854
42860
42861
42862
42876
42882
42884
42899
42900
42903
42904
42905
42918
42919
42924
42925
42926
42927
42928
42932
42946
42947
42953
42956
42959
42960
42961
42962
42971
42979
42987
42996
43003
43004
43010
43011
43012
43020
43021
43022
43025
43026
43028
43030
43031
43032
43033
43034
43043
43047
43049
43050
43056
43059
43063
43071
43072
43073
43075
43076
43077
43078
43079
43080
43081
43083
43085
43089
43090
43091
43092
43093
43094
43115
43116
43122
43123
43124
43125
43126
43127
43128
43129
43130
43131
43132
43133
43134
43137
43138
43139
43140
43146
43159
43162
43167
43168
43169
43170
43171
43175
43177
43179
43180
43181
43182
43183
43184
43185
43186
43187
43188
43189
43190
43191
43192
43193
43194
43195
43196
43205
43212
43221
43222
43223
43224
43225
43226
43227
43228
43232
43233
43234
43239
43240
43241
43242
43243
43244
43245
43246
43247
43248
43249
43250
43252
43254
43263
43265
43273
43274
43275
43276
43277
43281
43292
43293
43294
43295
43300
43301
43302
43304
43310
43311
43324
43325
43327
43331
43333
43335
43341
43342
43347
43348
43352
43360
43369
43374
43375
43378
43381
43382
43384
43394
43396
43397
43407
43408
43409
43411
43412
43413
43417
43418
43432
43433
43434
43443
43444
43447
43461
43462
43465
43473
43480
43483
43485
43494
43495
43496
43497
43499
43501
43508
43514
43515
43521
43522
43523
43524
43533
43543
43569
43570
43571
43572
43577
43578
43592
43593
43595
43596
43597
43598
43599
43600
43601
43602
43613
43614
43615
43616
43617
43624
43627
43628
43629
43630
43631
43632
43633
43634
43635
43646
43647
43653
43658
43659
43660
43661
43663
43665
43666
43669
43676
43677
43682
43683
43684
43686
43693
43694
43695
43696
43697
43708
43727
43731
43732
43733
43734
43735
43741
43745
43748
43749
43762
43763
43764
43765
43767
43776
43781
43783
43784
43785
43800
43805
43806
43807
43810
43811
43812
43813
43814
43821
43823
43825
43832
43833
43836
43837
43838
43839
43840
43841
43842
43843
43844
43845
43846
43847
43849
43850
43851
43872
43873
43891
43892
43893
43894
43896
43899
43902
43903
43907
43925
43926
43927
43928
43933
43934
43935
43937
43938
43943
43957
43958
43959
43965
43966
43969
44015
44033
44034
44035
44036
44037
44038
44039
44040
44043
44044
44045
44055
44064
44065
44066
44067
44068
44069
44075
44076
44077
44079
44080
44084
44104
44114
44115
44117
44120
44121
44122
44123
44124
44142
44143
44146
44147
44148
44149
44150
44151
44152
44154
44157
44158
44159
44188
44189
44192
44193
44195
44205
44206
44207
44208
44209
44216
44221
44222
44226
44227
44228
44231
44232
44239
44250
44252
44253
44254
44255
44256
44257
44258
44259
44260
44263
44271
44274
44275
44276
44277
44280
44283
44284
44287
44294
44295
44301
44302
44303
44304
44318
44320
44323
44324
44325
44336
44355
44370
44371
44378
44379
44380
44381
44397
44412
44413
44414
44425
44426
44427
44428
44430
44431
44440
44441
44442
44449
44455
44459
44460
44473
44474
44478
44491
44492
44493
44494
44499
44505
44506
44569
44584
44585
44588
44604
44605
44608
44624
44625
44626
44627
44630
44631
44636
44651
44652
44653
44661
44662
44673
44675
44681
44683
44685
44688
44689
44690
44693
44710
44711
44712
44713
44714
44715
44716
44717
44718
44719
44722
44729
44730
44731
44733
44757
44758
44759
44777
44778
44779
44798
44802
44816
44819
44831
44832
44835
44837
44838
44852
44853
44855
44860
44861
44862
44863
44864
44866
44867
44895
44910
44917
44918
44923
44924
44934
44944
44945
44957
44958
44961
44962
44968
44977
44978
44979
44980
44981
44986
44989
44998
44999
45000
45004
45005
45007
45016
45018
45021
45026
45027
45029
45061
45080
45082
45083
45091
45093
45094
45095
45096
45097
45098
45099
45100
45108
45110
45111
45115
45121
45126
45130
45140
45150
45152
45153
45154
45155
45159
45160
45161
45163
45164
45182
45193
45194
45195
45208
45210
45222
45223
45225
45226
45235
45279
45296
45297
45304
45305
45308
45309
45310
45311
45312
45315
45318
45319
45320
45321
45341
45342
45350
45366
45374
45384
45392
45393
45395
45396
45397
45400
45414
45417
45418
45419
45420
45423
45424
45425
45426
45427
45428
45429
45450
45476
45477
45527
45528
45529
45530
45531
45532
45533
45534
45535
45536
45551
45552
45553
45558
45562
45563
45582
45583
45584
45585
45586
45587
45588
45589
45590
45595
45600
45607
45609
45621
45647
45648
45649
45652
45653
45664
45665
45673
45674
45675
45692
45696
45704
45707
45709
45729
45730
45733
45749
45768
45769
45773
45774
45782
45783
45784
45786
45787
45790
45791
45792
45793
45794
45798
45799
45815
45821
45822
45823
45824
45848
45849
45850
45851
45852
45853
45866
45867
45868
45869
45881
45893
45894
45895
45896
45902
45912
45913
45915
45916
45917
45926
45932
45933
45934
45935
45936
45937
45938
45939
45940
45941
45942
45943
45944
45945
45946
45947
45948
45949
45955
45956
45957
45958
45959
45960
45961
45962
45963
45964
45973
45974
45975
45976
45990
45991
45992
45993
45994
45995
45996
45997
46008
46040
46041
46042
46043
46044
46045
46046
46052
46053
46054
46076
46125
46126
46127
46130
46135
46136
46139
46140
46141
46142
46143
46144
46145
46146
46147
46148
46149
46150
46151
46152
46167
46169
46177
46187
46188
46189
46190
46191
46321
46325
46330
46331
46332
46345
46353
46359
46360
46361
46362
46363
46386
46387
46388
46403
46432
46437
46438
46453
46455
46456
46457
46479
46486
46494
46495
46496
46497
46498
46500
46501
46520
46521
46522
46523
46531
46532
46536
46537
46538
46539
46550
46553
46554
46555
46556
46557
46558
46559
46560
46561
46589
46590
46607
46608
46696
46697
46698
46699
46700
46701
46702
46766
46783
46784
46868
46886
46887
46888
47010
47029
47030
47031
47032
47033
47034
47035
47036
47045
47046
47047
47073
47074
47110
47118
47123
47149
47156
47157
47164
47170
47171
47172
47173
47182
47183
47231
47232
47237
47277
47278
47305
47313
47314
47319
47321
47325
47326
47327
47328
47329
47330
47331
47333
47334
47335
47348
47371
47372
47380
47382
47383
47385
47386
47387
47388
47393
47401
47403
47404
47405
47466
47473
47526
47527
47531
47532
47560
47561
47562
47563
47564
47579
47580
47581
47582
47584
47585
47586
47605
47607
47608
47609
47650
47673
47674
47675
47676
47684
47710
47711
47713
47722
47723
47730
47757
47764
47796
47820
47827
47833
47834
47853
47882
47901
47902
47910
47914
47921
47922
47927
47928
47929
47959
47974
47980
47987
47988
47989
47990
48014
48036
48037
48038
48039
48040
48045
48046
48050
48051
48052
48053
48055
48060
48068
48070
48071
48072
48073
48074
48077
48078
48079
48080
48081
48082
48084
48085
48086
48087
48088
48089
48091
48093
48096
48097
48098
48104
48105
48106
48107
48108
48109
48110
48111
48112
48113
48114
48118
48126
48150
48169
48194
48195
48201
48202
48204
48205
48206
48207
48215
48216
48217
48225
48227
48231
48233
48234
48243
48249
48255
48256
48257
48258
48259
48261
48264
48270
48272
48286
48296
48300
48301
48302
48303
48304
48305
48309
48310
48311
48318
48319
48325
48329
48330
48331
48335
48343
48349
48350
48353
48354
48355
48372
48373
48376
48379
48382
48386
48401
48418
48419
48422
48426
48427
48429
48435
48437
48454
48458
48459
48461
48462
48463
48464
48471
48480
48484
48489
48494
48504
48509
48512
48518
48519
48523
48525
48535
48536
48537
48538
48539
48540
48541
48542
48543
48545
48546
48547
48550
48551
48552
48553
48563
48565
48566
48567
48568
48569
48570
48571
48572
48573
48574
48576
48577
48578
48580
48581
48583
48602
48603
48605
48606
48607
48608
48617
48620
48625
48633
48637
48642
48643
48645
48648
48651
48654
48657
48659
48660
48661
48679
48681
48682
48697
48698
48699
48700
48701
48702
48703
48704
48705
48706
48707
48708
48709
48717
48719
48720
48721
48722
48728
48729
48731
48732
48733
48735
48736
48737
48738
48739
48741
48744
48751
48752
48753
48754
48759
48763
48764
48771
48773
48774
48776
48781
48782
48783
48784
48785
48786
48793
48794
48795
48808
48810
48811
48812
48813
48814
48825
48826
48830
48838
48839
48840
48841
48842
48843
48844
48845
48850
48851
48860
48861
48868
48869
48878
48879
48880
48881
48883
48884
48885
48889
48892
48893
48894
48907
48908
48915
48916
48918
48919
48920
48923
48925
48928
48936
48937
48941
48945
48949
48950
48951
48952
48953
48954
48955
48956
48957
48960
48961
48968
48969
48970
48971
48972
48973
48978
48980
48981
48982
48983
48984
48985
48986
48987
48988
48989
48990
48991
48992
48993
48994
48995
48996
48997
48998
48999
49009
49010
49012
49022
49024
49025
49026
49027
49028
49044
49045
49047
49048
49049
49050
49051
49052
49058
49091
49093
49094
49100
49101
49102
49103
49106
49107
49110
49111
49112
49113
49114
49115
49116
49137
49140
49141
49143
49149
49150
49151
49152
49153
49154
49155
49159
49160
49173
49175
49179
49183
49184
49185
49186
49187
49188
49189
49190
49194
49200
49201
49202
49203
49204
49206
49209
49217
49219
49222
49223
49224
49225
49226
49227
49228
49230
49231
49233
49239
49240
49242
49246
49266
49269
49270
49271
49273
49276
49277
49278
49300
49304
49305
49306
49307
49309
49310
49321
49322
49323
49324
49325
49326
49327
49328
49329
49351
49355
49356
49357
49366
49367
49368
49369
49370
49371
49372
49373
49375
49384
49385
49390
49391
49396
49400
49401
49402
49404
49405
49406
49407
49408
49409
49411
49412
49413
49421
49424
49425
49426
49427
49429
49430
49431
49432
49434
49436
49448
49456
49457
49458
49460
49467
49468
49469
49470
49471
49473
49474
49475
49477
49478
49479
49483
49484
49485
49486
49487
49492
49493
49497
49498
49499
49501
49504
49507
49508
49509
49511
49513
49516
49520
49521
49524
49528
49530
49531
49532
49533
49534
49535
49537
49538
49540
49541
49542
49546
49548
49549
49562
49563
49567
49568
49569
49570
49572
49580
49581
49583
49584
49585
49586
49591
49592
49596
49597
49598
49602
49605
49606
49607
49608
49609
49613
49617
49620
49621
49622
49623
49624
49654
49655
49656
49657
49658
49659
49660
49661
49662
49663
49664
49665
49666
49667
49668
49679
49680
49681
49682
49683
49684
49685
49686
49695
49703
49712
49715
49716
49717
49718
49719
49721
49722
49723
49724
49725
49726
49727
49728
49729
49730
49732
49733
49734
49736
49737
49738
49739
49740
49743
49744
49745
49746
49747
49749
49750
49751
49752
49755
49756
49761
49764
49765
49766
49767
49773
49781
49782
49783
49790
49793
49794
49795
49796
49797
49801
49802
49803
49804
49805
49806
49809
49810
49813
49814
49816
49817
49820
49825
49827
49837
49838
49840
49842
49844
49846
49848
49849
49851
49854
49855
49856
49858
49859
49860
49862
49865
49866
49868
49869
49870
49874
49875
49876
49877
49880
49883
49885
49887
49889
49894
49896
49898
49900
49904
49906
49909
49911
49912
49914
49919
49921
49924
49927
49935
49940
49941
49942
49943
49948
49951
49952
49955
49956
49958
49961
49964
49965
49967
49968
49970
49974
49975
49976
49977
49979
49980
49982
49984
49987
49989
49990
49991
49992
49993
49998
50002
50004
50005
50008
50009
50010
50015
50017
50019
50020
50023
50024
50027
50028
50029
50031
50033
50034
50035
50036
50037
50039
50040
50044
50045
50050
50051
50054
50055
50056
50059
50060
50066
50074
50075
50077
50079
50080
50081
50088
50089
50092
50095
50101
50102
50103
50105
50108
50109
50110
50113
50119
50121
50122
50126
50128
50135
50136
50138
50148
50149
50152
50153
50157
50158
50162
50163
50164
50165
50166
50167
50170
50171
50173
50175
50178
50180
50181
50182
50184
50190
50194
50199
50202
50204
50205
50206
50209
50211
50212
50213
50221
50222
50223
50229
50230
50231
50233
50236
50246
50247
50251
50254
50255
50256
50257
50264
50267
50268
50270
50271
50272
50275
50276
50282
50285
50286
50289
50293
50295
50297
50300
50301
50303
50304
50306
50307
50310
50313
50314
50315
50319
50320
50323
50324
50325
50326
50327
50329
50330
50331
50336
50337
50338
50340
50342
50349
50351
50356
50360
50362
50364
50366
50367
50370
50373
50375
50377
50381
50385
50387
50388
50389
50391
50392
50393
50394
50395
50404
50406
50410
50412
50413
50414
50417
50418
50421
50429
50431
50432
50438
50444
50445
50446
50447
50448
50452
50454
50456
50457
50459
50461
50465
50466
50467
50468
50469
50472
50473
50478
50483
50485
50486
50487
50489
50490
50493
50496
50500
50503
50504
50505
50507
50510
50511
50512
50515
50516
50517
50518
50521
50522
50525
50527
50530
50532
50533
50534
50535
50539
50540
50542
50545
50546
50548
50551
50552
50555
50556
50557
50558
50559
50562
50566
50570
50573
50575
50576
50577
50579
50586
50588
50593
50597
50599
50608
50609
50612
50614
50623
50624
50627
50629
50633
50634
50635
50636
50638
50639
50640
50642
50643
50644
50647
50649
50651
50656
50657
50658
50668
50669
50673
50674
50678
50680
50685
50686
50695
50696
50697
50725
50731
50734
50736
50741
50745
50747
50748
50749
50752
50758
50759
50768
50769
50771
50773
50774
50777
50780
50782
50786
50801
50803
50807
50816
50820
50822
50829
50849
50872
50878
50886
50887
50894
50899
50906
50910
50915
50916
50924
50925
50933
50934
50941
50942
50943
50947
50954
50958
50960
50963
50965
50966
50967
50968
50970
50974
50979
50988
50989
50990
50996
51012
51013
51014
51020
51022
51029
51043
51046
51050
51052
51054
51057
51062
51067
51074
51083
51086
51087
51088
51099
51104
51106
51115
51116
51117
51123
51130
51131
51134
51135
51138
51141
51142
51144
51148
51149
51155
51167
51173
51175
51177
51189
51195
51198
51202
51207
51213
51217
51218
51219
51220
51226
51227
51228
51232
51235
51236
51237
51242
51249
51250
51255
51261
51262
51272
51276
51280
51287
51289
51290
51295
51297
51299
51301
51313
51317
51325
51327
51330
51332
51335
51343
51347
51350
51351
51354
51361
51369
51377
51378
51379
51383
51389
51391
51392
51393
51402
51415
51416
51418
51432
51433
51434
51436
51438
51440
51448
51459
51465
51470
51471
51473
51477
51482
51483
51484
51486
51488
51489
51502
51503
51504
51523
51525
51536
51540
51546
51561
51562
51580
51582
51584
51591
51595
51598
51605
51611
51625
51631
51634
51636
51641
51645
51647
51656
51669
51674
51677
51680
51683
51692
51717
51727
51743
51744
51765
51766
51767
51769
51777
51781
51787
51790
51791
51798
51799
51801
51807
51817
51820
51828
51842
51844
51845
51846
51849
51851
51861
51868
51892
51909
51910
51913
51915
51926
51934
51945
51948
51950
51960
51966
51985
51989
52002
52003
52009
52015
52018
52028
52031
52032
52049
52050
52058
52059
52078
52084
52086
52088
52095
52096
52105
52109
52111
52120
52131
52132
52136
52139
52148
52172
52173
52174
52177
52182
52184
52185
52186
52192
52197
52201
52208
52212
52218
52220
52224
52227
52229
52231
52236
52237
52238
52242
52244
52256
52266
52267
52275
52279
52282
52287
52288
52289
52291
52292
52298
52301
52303
52306
52307
52308
52312
52317
52322
52331
52335
52338
52339
52342
52347
52350
52351
52352
52359
52363
52370
52375
52376
52378
52381
52385
52389
52392
52397
52398
52400
52401
52407
52412
52420
52426
52428
52430
52438
52440
52444
52445
52450
52453
52454
52455
52462
52464
52466
52476
52477
52479
52481
52483
52487
52493
52494
52495
52497
52508
52509
52513
52516
52517
52521
52522
52527
52531
52533
52539
52540
52556
52563
52564
52570
52573
52577
52579
52583
52586
52589
52593
52594
52596
52597
52599
52600
52601
52607
52611
52619
52621
52622
52623
52625
52627
52629
52635
52639
52642
52658
52659
52665
52670
52671
52679
52690
52691
52692
52695
52696
52705
52707
52715
52717
52718
52720
52725
52727
52728
52738
52740
52741
52744
52745
52747
52751
52753
52758
52762
52767
52770
52776
52800
52804
52810
52811
52814
52821
52830
52836
52837
52842
52845
52848
52852
52854
52856
52858
52860
52861
52873
52886
52888
52892
52897
52909
52918
52923
52928
52929
52933
52935
52938
52943
52956
52957
52964
52973
52983
52986
52993
53012
53014
53021
53023
53032
53035
53042
53048
53049
53050
53054
53057
53058
53062
53063
53071
53074
53080
53087
53089
53109
53118
53121
53126
53127
53139
53141
53146
53147
53148
53149
53160
53164
53165
53167
53169
53171
53177
53184
53186
53188
53195
53198
53200
53214
53217
53221
53228
53233
53236
53238
53239
53248
53251
53263
53264
53265
53267
53269
53271
53273
53276
53278
53286
53292
53296
53301
53307
53309
53312
53313
53314
53317
53319
53321
53324
53327
53329
53330
53331
53335
53336
53342
53346
53353
53354
53358
53371
53376
53378
53385
53389
53397
53403
53409
53415
53416
53421
53423
53426
53430
53431
53436
53440
53443
53444
53454
53463
53464
53465
53470
53477
53484
53490
53494
53495
53498
53501
53518
53520
53530
53531
53533
53534
53540
53546
53548
53551
53555
53556
53558
53568
53569
53574
53587
53594
53595
53597
53602
53612
53613
53614
53623
53625
53628
53635
53646
53648
53649
53652
53653
53659
53663
53669
53676
53677
53682
53685
53686
53687
53688
53692
53693
53704
53705
53707
53708
53711
53712
53714
53724
53725
53733
53736
53737
53740
53743
53748
53755
53756
53764
53771
53772
53776
53777
53793
53797
53801
53802
53803
53804
53819
53823
53824
53840
53844
53852
53864
53867
53869
53876
53885
53893
53895
53896
53900
53901
53903
53905
53906
53917
53919
53921
53922
53927
53937
53938
53939
53942
53943
53944
53946
53948
53951
53952
53953
53957
53960
53973
53979
53985
53993
53994
54005
54008
54015
54025
54026
54030
54034
54037
54043
54045
54049
54053
54054
54063
54066
54067
54073
54074
54079
54080
54081
54084
54085
54088
54089
54090
54096
54105
54106
54113
54116
54121
54125
54126
54127
54129
54130
54131
54135
54136
54137
54146
54158
54159
54168
54170
54172
54173
54176
54180
54183
54187
54200
54201
54211
54216
54230
54231
54237
54241
54249
54252
54255
54264
54269
54271
54277
54280
54281
54285
54292
54299
54300
54306
54321
54331
54338
54339
54340
54346
54349
54363
54372
54375
54376
54386
54387
54389
54390
54391
54399
54405
54409
54414
54422
54424
54425
54427
54429
54433
54437
54441
54445
54449
54456
54458
54462
54476
54478
54479
54482
54486
54488
54491
54492
54493
54495
54499
54503
54506
54508
54514
54515
54520
54521
54527
54530
54531
54533
54537
54551
54553
54554
54558
54560
54563
54564
54571
54577
54578
54579
54590
54592
54593
54598
54600
54601
54609
54612
54614
54616
54638
54643
54646
54647
54648
54651
54652
54653
54658
54659
54665
54666
54675
54679
54686
54690
54694
54695
54700
54702
54708
54710
54714
54718
54720
54727
54734
54735
54737
54742
54750
54751
54754
54759
54762
54767
54769
54772
54774
54781
54787
54793
54803
54804
54805
54807
54812
54814
54817
54819
54822
54827
54833
54834
54838
54839
54844
54847
54849
54850
54853
54855
54860
54866
54869
54874
54875
54876
54877
54882
54883
54884
54886
54889
54890
54894
54896
54905
54908
54921
54922
54923
54931
54932
54936
54947
54951
54957
54960
54961
54966
54976
54977
54986
54988
54989
54993
54996
55008
55011
55013
55020
55026
55036
55043
55047
55048
55069
55073
55078
55084
55091
55092
55093
55096
55097
55098
55099
55100
55103
55109
55112
55113
55115
55117
55118
55121
55128
55130
55135
55148
55150
55166
55170
55175
55187
55189
55192
55194
55197
55200
55203
55206
55213
55214
55217
55219
55228
55229
55235
55239
55242
55246
55249
55251
55256
55261
55270
55272
55273
55281
55283
55285
55303
55307
55308
55320
55321
55322
55326
55335
55336
55338
55347
55348
55350
55351
55354
55358
55372
55380
55383
55388
55390
55392
55393
55397
55399
55415
55416
55425
55426
55427
55430
55437
55440
55441
55444
55446
55447
55448
55456
55457
55459
55464
55467
55469
55477
55478
55488
55492
55493
55499
55504
55506
55508
55517
55520
55521
55522
55523
55530
55533
55537
55544
55545
55550
55551
55553
55558
55559
55565
55566
55570
55571
55574
55578
55586
55587
55588
55595
55602
55606
55611
55614
55619
55624
55625
55631
55633
55635
55636
55641
55644
55662
55666
55669
55670
55673
55680
55685
55688
55690
55703
55704
55705
55707
55708
55709
55710
55717
55726
55728
55745
55748
55749
55756
55762
55763
55767
55768
55770
55773
55775
55777
55779
55780
55782
55786
55790
55791
55804
55805
55807
55809
55812
55818
55820
55832
55837
55838
55842
55846
55848
55851
55853
55854
55856
55859
55861
55872
55876
55879
55884
55894
55895
55914
55915
55920
55929
55930
55945
55946
55950
55964
55968
55970
55988
55989
55993
55996
55997
55998
56000
56014
56015
56016
56017
56020
56026
56028
56031
56032
56044
56045
56053
56057
56071
56072
56074
56082
56085
56093
56095
56110
56117
56118
56121
56126
56139
56142
56144
56146
56166
56168
56173
56174
56176
56181
56183
56187
56189
56190
56192
56193
56195
56200
56204
56210
56213
56214
56220
56236
56237
56240
56241
56245
56249
56258
56263
56279
56281
56292
56304
56309
56310
56317
56320
56328
56337
56338
56348
56357
56359
56361
56370
56374
56391
56395
56396
56399
56406
56407
56412
56413
56418
56419
56420
56422
56425
56432
56433
56437
56438
56443
56451
56452
56456
56463
56466
56468
56469
56470
56474
56479
56489
56490
56494
56500
56536
56545
56548
56555
56567
56576
56577
56579
56584
56587
56588
56591
56592
56596
56598
56602
56606
56612
56616
56620
56623
56625
56626
56627
56630
56631
56634
56643
56644
56649
56655
56658
56663
56670
56671
56673
56674
56677
56682
56699
56700
56701
56702
56706
56710
56714
56716
56717
56719
56725
56729
56733
56740
56741
56744
56751
56755
56761
56762
56763
56765
56767
56772
56773
56774
56775
56783
56784
56785
56786
56811
56813
56832
56835
56842
)


// ************************************************************************* //
