/*--------------------------------*- C++ -*----------------------------------*\
| =========                 |                                                 |
| \\      /  F ield         | OpenFOAM: The Open Source CFD Toolbox           |
|  \\    /   O peration     | Version:  v2012                                 |
|   \\  /    A nd           | Website:  www.openfoam.com                      |
|    \\/     M anipulation  |                                                 |
\*---------------------------------------------------------------------------*/
FoamFile
{
    version     2.0;
    format      ascii;
    class       labelList;
    location    "constant/polyMesh";
    object      pointProcAddressing;
}
// * * * * * * * * * * * * * * * * * * * * * * * * * * * * * * * * * * * * * //


14488
(
2
6
11
15
182
183
184
185
186
187
188
189
190
191
192
193
194
195
196
197
198
199
200
201
202
203
204
205
206
207
208
209
210
211
212
213
214
252
253
254
255
256
257
258
259
260
261
262
263
264
265
266
267
268
269
270
271
272
273
274
275
276
277
278
279
280
281
282
283
284
285
286
287
288
289
290
291
292
293
294
295
296
297
298
299
300
301
302
303
304
305
306
307
308
309
310
311
312
313
314
315
316
317
318
319
320
321
322
323
324
325
326
327
328
329
330
331
332
333
334
335
336
337
338
339
340
341
342
343
344
345
346
347
587
588
589
590
591
592
593
594
595
596
597
598
599
600
601
602
603
604
605
606
607
608
609
610
611
612
613
614
615
616
617
618
936
937
938
939
940
941
942
943
944
945
946
947
948
949
950
951
952
953
954
955
956
957
958
959
960
961
962
963
964
965
966
967
968
1006
1007
1008
1009
1010
1011
1012
1013
1014
1015
1016
1017
1018
1019
1020
1021
1022
1023
1024
1025
1026
1027
1028
1029
1030
1031
1032
1033
1034
1035
1036
1037
1038
1039
1040
1041
1042
1043
1044
1045
1046
1047
1048
1049
1050
1051
1052
1053
1054
1055
1056
1057
1058
1059
1060
1061
1062
1063
1064
1065
1066
1067
1068
1069
1070
1071
1072
1073
1074
1075
1076
1077
1078
1079
1080
1081
1082
1083
1084
1085
1086
1087
1088
1089
1090
1091
1092
1093
1094
1095
1096
1097
1098
1099
1100
1101
1341
1342
1343
1344
1345
1346
1347
1348
1349
1350
1351
1352
1353
1354
1355
1356
1357
1358
1359
1360
1361
1362
1363
1364
1365
1366
1367
1368
1369
1370
1371
1372
1525
1526
1536
1537
1545
1564
1571
1572
1574
1576
1580
1582
1588
1590
1599
1601
1605
1607
1610
1612
1616
1620
1624
1625
1657
1659
1663
1667
1671
1672
1673
1674
1684
1688
1691
1694
1696
1699
1700
1701
1704
1706
1710
1718
1722
1726
1739
1740
1741
1742
1746
1747
1748
1750
1751
1752
1759
1760
1920
1921
1922
1923
1924
1925
1926
1927
1928
1929
1930
1931
1932
1933
1934
1935
1936
1937
1938
1939
1940
1941
1942
1943
1944
1945
1946
1947
1948
1949
1950
1951
1952
1953
1954
1955
1956
1957
1958
1959
1960
1961
1962
1963
1964
1965
1966
1967
1968
1969
1970
1971
1972
1973
1974
1975
1976
1977
1978
1979
1980
1981
1982
1983
1984
1985
1986
1987
1988
1989
1990
1991
1992
1993
1994
1995
1996
1997
1998
1999
2000
2001
2002
2003
2004
2005
2006
2007
2008
2009
2010
2011
2012
2013
2014
2015
2016
2017
2018
2019
2020
2021
2022
2023
2024
2025
2026
2027
2028
2029
2030
2031
2032
2033
2034
2035
2036
2037
2038
2039
2040
2041
2042
2043
2044
2045
2046
2047
2048
2049
2050
2051
2052
2053
2054
2055
2056
2057
2058
2059
2060
2061
2062
2063
2064
2065
2066
2067
2068
2069
2070
2071
2072
2073
2074
2075
2076
2077
2078
2079
2080
2081
2082
2083
2084
2085
2086
2087
2088
2089
2090
2091
2092
2093
2094
2095
2096
2097
2098
2099
2100
2101
2102
2103
2104
2105
2106
2107
2108
2109
2110
2111
2112
2113
2114
2115
2116
2117
2118
2119
2120
2121
2122
2123
2124
2125
2126
2127
2128
2129
2130
2131
2132
2133
2134
2135
2136
2137
2138
2139
2140
2141
2142
2143
2144
2145
2146
2147
2148
2149
2150
2151
2152
2153
2154
2188
2189
2190
2191
2192
2193
2194
2197
2198
2199
2202
2203
2204
2205
2209
2211
2216
2221
2222
2238
2434
2516
2589
2590
2591
2592
2593
2594
2595
2596
2597
2598
2599
2600
2601
2602
2603
2604
2605
2606
2607
2608
2609
2610
2611
2612
2613
2614
2615
2616
2617
2618
2619
2620
2621
2622
2623
2624
2625
2626
2627
2628
2629
2630
2631
2632
2633
2634
2635
2636
2637
2638
2639
2640
2641
2642
2643
2644
2645
2646
2647
2648
2649
2650
2651
2652
2653
2654
2655
2671
2672
2673
2674
2675
2685
2690
2691
2692
2693
2716
2717
2895
2896
2897
2900
2901
2903
2904
2906
2907
2909
2910
2911
2912
2913
2914
2915
2916
2917
2918
2919
2920
2921
2930
2931
2934
2935
2939
2941
2942
2943
2944
2945
2946
2947
2948
2949
2950
2951
2952
2953
2954
2955
2956
2957
2958
2959
2960
2961
2962
2963
2964
2965
2966
2967
2968
2969
2970
2971
2972
2973
2974
2975
2976
2977
2978
2979
2980
2981
2982
2983
2984
2985
2986
2987
2988
2989
2990
2991
2992
2993
2994
2995
2996
2997
2998
3000
3001
3002
3018
3031
3041
3044
3045
3046
3047
3049
3050
3055
3056
3057
3058
3059
3060
3061
3062
3063
3064
3065
3066
3268
3274
3275
3276
3277
3278
3279
3280
3281
3282
3288
3289
3290
3291
3292
3293
3294
3295
3296
3297
3298
3299
3300
3301
3302
3303
3304
3305
3306
3307
3308
3309
3310
3311
3312
3313
3314
3315
3316
3317
3318
3319
3320
3321
3322
3323
3324
3325
3326
3327
3328
3329
3330
3331
3332
3333
3334
3335
3336
3337
3338
3339
3340
3341
3342
3343
3344
3345
3346
3347
3348
3349
3350
3351
3352
3353
3354
3355
3356
3357
3358
3359
3360
3361
3362
3363
3364
3365
3366
3367
3368
3369
3370
3371
3372
3373
3374
3375
3376
3377
3378
3379
3380
3381
3382
3383
3384
3385
3386
3387
3388
3389
3390
3391
3392
3393
3394
3395
3403
3404
3410
3435
3436
3437
3438
3439
3440
3441
3442
3443
3444
3445
3446
3447
3448
3449
3450
3451
3452
3453
3454
3455
3468
3469
3470
3471
3478
3479
3480
3481
3482
3483
3484
3485
3492
3493
3496
3497
3498
3499
3500
3501
3502
3503
3504
3505
3506
3510
3511
3512
3513
3514
3515
3516
3517
3550
3564
3565
3566
3596
3617
3618
3631
3632
3646
3647
3648
3649
3656
3657
3658
3659
3660
3661
3662
3663
3664
3770
3771
3775
3787
3788
3789
3790
3791
3792
3793
3806
3807
3808
3809
3810
3814
3820
3821
3829
3871
3878
3883
3898
3899
3901
3902
3908
3915
3916
3924
3925
3926
3927
3929
3930
3959
3961
3984
3985
3986
3987
3990
3991
3992
3993
3994
3995
3996
3997
3998
3999
4000
4001
4002
4003
4004
4005
4006
4007
4008
4009
4010
4011
4012
4013
4014
4015
4016
4017
4018
4019
4020
4021
4022
4049
4058
4059
4060
4061
4062
4063
4064
4065
4066
4067
4068
4069
4070
4072
4099
4101
4102
4111
4117
4118
4121
4123
4124
4127
4129
4138
4139
4145
4146
4147
4148
4149
4150
4151
4152
4153
4154
4155
4156
4157
4158
4159
4160
4161
4162
4163
4164
4165
4166
4167
4168
4169
4170
4171
4172
4173
4174
4175
4176
4179
4256
4257
4269
4270
4292
4293
4316
4317
4318
4319
4320
4343
4344
4345
4361
4362
4367
4369
4370
4371
4372
4373
4374
4375
4376
4377
4378
4379
4380
4381
4386
4387
4389
4390
4391
4392
4404
4407
4408
4415
4417
4422
4423
4428
4429
4430
4436
4437
4438
4443
4444
4447
4450
4451
4452
4453
4454
4455
4456
4457
4458
4459
4460
4461
4462
4463
4464
4465
4466
4467
4468
4469
4470
4471
4472
4473
4474
4475
4476
4477
4478
4479
4487
4488
4490
4492
4493
4494
4495
4496
4497
4498
4499
4500
4501
4502
4503
4504
4505
4506
4507
4508
4509
4510
4511
4512
4513
4514
4515
4516
4517
4518
4519
4520
4521
4522
4523
4524
4529
4530
4558
4559
4560
4561
4562
4563
4566
4567
4568
4569
4570
4571
4572
4615
4617
4618
4641
4642
4652
4653
4654
4655
4661
4662
4663
4665
4666
4668
4691
4692
4693
4694
4695
4696
4697
4700
4701
4702
4703
4704
4705
4706
4707
4708
4709
4710
4711
4712
4713
4714
4715
4716
4717
4718
4719
4720
4721
4722
4723
4725
4833
4834
4835
4845
4849
4850
4871
4884
4905
4906
4913
4914
4920
4921
4922
4923
4924
4925
4926
4927
4928
4929
4930
4931
4932
4933
4934
5089
5095
5096
5097
5098
5099
5100
5101
5102
5103
5104
5108
5109
5110
5111
5112
5113
5114
5115
5116
5117
5118
5119
5120
5121
5122
5123
5124
5125
5126
5127
5128
5129
5130
5131
5132
5419
5420
5421
5422
5423
5424
5425
5426
5427
5428
5429
5430
5431
5432
5438
5442
5443
5455
5516
5517
5518
5519
5521
5522
5523
5524
5525
5527
5528
5529
5530
5531
5532
5533
5534
5535
5536
5537
5538
5539
5540
5541
5542
5543
5544
5545
5546
5547
5548
5549
5550
5551
5552
5553
5554
5555
5556
5557
5558
5559
5560
5561
5562
5563
5564
5565
5566
5567
5568
5569
5570
5571
5572
5573
5574
5575
5576
5577
5578
5579
5580
5581
5582
5583
5585
5586
5587
5588
5589
5604
5605
5606
5607
5618
5621
5622
5711
5712
5713
5714
5722
5726
5734
5736
5740
5741
5742
5743
5747
5748
5749
5750
5751
5752
5753
5754
5762
5766
5767
5768
5769
5770
5771
5772
5773
5774
5775
5780
5781
5785
5786
5809
5810
5811
5812
5813
5815
5821
5849
5850
5851
5852
5853
5854
5855
5856
5869
5870
5875
5876
5877
5878
5879
5880
5881
5882
5896
5898
5918
5919
5920
5921
5922
5924
5925
5926
5927
5929
5930
5931
5932
5933
5934
5935
5936
5937
5938
5939
5940
5941
5942
5943
5944
5945
5946
5949
5952
5953
5954
5955
5956
5957
5958
5959
5960
5961
5962
5963
5971
5973
5974
5975
5976
5979
5984
5985
5994
5995
5996
5997
6008
6009
6048
6049
6050
6051
6065
6066
6067
6085
6087
6088
6089
6090
6091
6092
6093
6094
6095
6096
6097
6100
6101
6102
6103
6105
6106
6110
6111
6114
6146
6149
6153
6158
6165
6166
6167
6168
6169
6170
6171
6185
6189
6190
6191
6192
6193
6194
6195
6196
6197
6198
6199
6200
6201
6207
6209
6210
6211
6212
6213
6214
6215
6216
6217
6218
6224
6225
6229
6235
6236
6237
6238
6254
6255
6256
6259
6260
6266
6267
6268
6269
6270
6271
6272
6273
6274
6275
6276
6277
6278
6279
6280
6281
6282
6283
6284
6285
6286
6287
6288
6289
6290
6291
6292
6293
6294
6295
6296
6297
6298
6299
6300
6301
6302
6303
6304
6305
6306
6307
6308
6309
6310
6311
6312
6313
6383
6384
6391
6392
6393
6394
6395
6396
6397
6398
6399
6400
6401
6402
6403
6404
6405
6409
6412
6422
6423
6424
6425
6441
6442
6443
6447
6448
6449
6450
6453
6458
6459
6460
6488
6489
6490
6491
6492
6493
6494
6495
6496
6497
6498
6499
6500
6501
6502
6503
6504
6505
6508
6509
6510
6511
6512
6513
6514
6515
6536
6537
6538
6539
6540
6548
6549
6551
6552
6553
6555
6557
6558
6559
6560
6561
6562
6563
6564
6565
6566
6567
6568
6569
6570
6571
6572
6573
6574
6575
6576
6577
6578
6579
6580
6581
6582
6583
6590
6591
6603
6604
6605
6606
6621
6622
6623
6638
6692
6693
6736
6744
6764
6787
6802
6803
6804
6806
6807
6808
6815
6816
6817
6818
6819
6820
6828
6836
6851
6852
6853
6876
6877
6878
6880
6881
6887
6888
6889
6890
6891
6892
6893
6894
6897
6908
6909
6910
6911
6919
6933
6946
6947
6948
6949
6965
6966
6967
6968
6969
6981
6982
6995
6998
7013
7014
7015
7016
7017
7019
7020
7021
7024
7025
7026
7029
7030
7042
7053
7056
7064
7067
7068
7069
7070
7071
7072
7073
7074
7075
7076
7077
7078
7079
7080
7081
7082
7083
7084
7086
7092
7094
7095
7096
7097
7099
7100
7105
7106
7145
7158
7165
7166
7167
7174
7175
7176
7181
7185
7188
7189
7202
7203
7204
7205
7206
7207
7208
7209
7210
7211
7212
7213
7214
7215
7216
7217
7218
7219
7220
7221
7222
7223
7224
7225
7226
7227
7228
7229
7230
7231
7232
7233
7234
7235
7236
7237
7238
7239
7240
7241
7242
7243
7244
7245
7246
7269
7326
7377
7378
7380
7381
7382
7445
7446
7447
7448
7479
7484
7497
7498
7502
7503
7504
7505
7506
7508
7519
7522
7523
7538
7541
7542
7566
7606
7607
7608
7609
7610
7611
7612
7613
7614
7615
7616
7617
7618
7619
7622
7630
7631
7637
7638
7640
7650
7651
7655
7658
7661
7662
7665
7681
7685
7686
7696
7698
7700
7701
7715
7716
7723
7724
7735
7748
7749
7750
7751
7752
7753
7754
7755
7756
7757
7758
7759
7760
7761
7762
7766
7769
7775
7779
7780
7784
7786
7787
7788
7790
7791
7792
7793
7794
7795
7796
7797
7798
7800
7801
7802
7805
7806
7817
7818
7819
7820
7822
7825
7826
7827
7831
7839
7840
7841
7842
7843
7846
7847
7848
7849
7850
7851
7852
7853
7854
7855
7856
7857
7858
7859
7860
7861
7862
7863
7864
7865
7866
7896
7900
7901
7902
7920
7921
7923
7924
7925
7926
7927
7928
7929
7930
7931
7932
7933
7934
7935
7936
7937
7938
7997
7998
7999
8016
8017
8018
8019
8020
8021
8022
8023
8024
8025
8026
8027
8028
8029
8030
8031
8032
8033
8034
8035
8036
8037
8038
8039
8040
8041
8042
8043
8044
8045
8046
8047
8048
8049
8050
8051
8052
8053
8054
8055
8056
8057
8058
8062
8063
8064
8065
8066
8067
8068
8069
8070
8071
8075
8079
8080
8082
8085
8089
8090
8093
8094
8095
8096
8102
8136
8138
8140
8141
8142
8143
8144
8146
8147
8148
8149
8150
8151
8153
8154
8161
8166
8167
8168
8169
8170
8171
8172
8173
8174
8176
8177
8178
8184
8189
8190
8191
8192
8193
8194
8195
8196
8197
8198
8199
8200
8201
8202
8224
8226
8227
8229
8233
8234
8236
8239
8241
8266
8274
8287
8288
8289
8290
8291
8292
8294
8303
8317
8318
8319
8320
8321
8322
8324
8339
8340
8341
8344
8345
8346
8347
8352
8353
8354
8355
8357
8358
8359
8360
8361
8362
8363
8364
8370
8371
8372
8373
8374
8375
8376
8377
8378
8379
8380
8381
8384
8392
8395
8396
8397
8398
8399
8400
8401
8420
8421
8422
8423
8424
8425
8426
8435
8436
8437
8438
8439
8441
8442
8446
8458
8471
8472
8477
8479
8481
8483
8484
8485
8486
8492
8493
8501
8506
8507
8510
8526
8540
8543
8544
8569
8581
8582
8600
8601
8602
8603
8604
8615
8625
8626
8627
8630
8638
8641
8642
8654
8655
8656
8658
8659
8660
8697
8701
8704
8705
8710
8711
8714
8721
8729
8730
8731
8737
8738
8739
8740
8741
8742
8743
8744
8745
8746
8747
8748
8749
8750
8751
8752
8753
8754
8755
8774
8778
8779
8783
8784
8785
8786
8787
8788
8792
8795
8799
8800
8803
8810
8811
8812
8813
8918
8919
8920
8921
8922
8923
8924
8927
8948
8956
8957
8958
8971
8977
8978
8980
8981
8987
8993
8994
8995
9000
9001
9002
9004
9012
9030
9031
9032
9033
9034
9036
9037
9041
9042
9043
9046
9047
9048
9050
9055
9056
9057
9080
9081
9082
9083
9104
9107
9111
9116
9119
9125
9127
9131
9140
9141
9142
9143
9160
9161
9164
9178
9179
9180
9193
9194
9195
9197
9202
9207
9208
9213
9214
9221
9235
9236
9241
9242
9243
9251
9255
9263
9268
9269
9270
9271
9272
9276
9277
9280
9282
9283
9284
9286
9287
9289
9292
9293
9304
9305
9306
9307
9308
9333
9334
9336
9337
9339
9349
9350
9352
9361
9366
9369
9370
9371
9373
9374
9381
9383
9386
9387
9388
9389
9390
9391
9392
9393
9403
9404
9406
9407
9413
9414
9416
9417
9418
9419
9420
9421
9427
9438
9441
9448
9451
9452
9453
9454
9455
9456
9457
9458
9460
9470
9471
9475
9476
9479
9480
9481
9488
9489
9490
9491
9505
9508
9509
9511
9512
9514
9521
9540
9541
9542
9543
9544
9559
9560
9563
9564
9567
9568
9571
9572
9580
9581
9585
9589
9594
9595
9596
9597
9598
9599
9600
9601
9633
9636
9639
9648
9649
9650
9651
9656
9657
9658
9685
9686
9687
9688
9689
9690
9691
9692
9693
9698
9703
9704
9733
9737
9738
9747
10207
10208
10211
10219
10223
10231
10248
10272
10273
10276
10277
10287
10289
10296
10298
10299
10300
10301
10302
10303
10304
10305
10306
10307
10308
10312
10313
10315
10317
10318
10319
10320
10324
10325
10331
10332
10337
10348
10349
10352
10353
10359
10363
10365
10366
10367
10380
10384
10391
10392
10393
10394
10396
10397
10433
10438
10439
10440
10444
10446
10466
10467
10470
10472
10473
10474
10475
10476
10477
10478
10479
10480
10481
10482
10483
10484
10485
10486
10487
10488
10489
10490
10491
10492
10493
10494
10495
10496
10497
10498
10499
10500
10501
10502
10503
10504
10505
10506
10507
10508
10509
10510
10511
10512
10514
10515
10516
10518
10519
10520
10521
10522
10523
10526
10527
10528
10529
10532
10533
10534
10535
10536
10537
10538
10539
10541
10542
10543
10544
10545
10546
10562
10563
10564
10565
10566
10567
10568
10569
10570
10571
10572
10573
10574
10575
10576
10577
10578
10579
10580
10581
10582
10583
10584
10585
10586
10587
10588
10589
10590
10591
10592
10593
10594
10595
10596
10597
10598
10599
10600
10601
10602
10603
10604
10605
10610
10618
10619
10628
10629
10635
10649
10652
10654
10665
10668
10673
10675
10676
10687
10697
10698
10704
10712
10715
10716
10717
10722
10723
10725
10729
10730
10738
10739
10740
10746
10747
10748
10749
10756
10765
10770
10771
10772
10773
10774
10777
10778
10779
10780
10781
10782
10783
10784
10785
10786
10788
10789
10790
10797
10802
10810
10811
10812
10818
10824
10830
10835
10843
10845
10855
10856
10862
10864
10872
10873
10882
10897
10899
10900
10901
10919
10929
10930
10932
10933
10948
10950
10955
10956
10957
10960
10961
10965
10967
10968
10969
10970
10971
10973
10974
10975
10983
10984
10985
10986
10987
10988
10989
10990
10991
10992
10993
11004
11007
11009
11010
11011
11012
11013
11014
11015
11017
11018
11019
11021
11023
11025
11028
11034
11050
11051
11052
11053
11054
11057
11058
11059
11312
11313
11314
11331
11332
11333
11334
11345
11346
11347
11348
11349
11350
11351
11352
11353
11354
11355
11356
11357
11358
11359
11360
11364
11365
11370
11374
11375
11385
11388
11389
11395
11396
11400
11401
11406
11409
11410
11411
11416
11417
11418
11420
11421
11422
11423
11424
11425
11426
11427
11428
11429
11430
11444
11450
11451
11452
11463
11634
11635
11652
11653
11654
11655
11656
11660
11661
11664
11665
11666
11667
11671
11672
11681
11682
11684
11685
11686
11694
11699
11706
11711
11712
11713
11714
11715
11716
11717
11718
11719
11740
11741
11742
11743
11744
11745
11746
11747
11753
11754
11755
11756
11760
11767
11768
11770
11774
11778
11781
11788
11789
11798
11799
11803
11805
11806
11810
11811
11822
11823
11824
11827
11835
11836
11851
11852
11860
11868
11871
11872
11875
11876
11877
11879
11880
11881
11882
11891
11897
11898
11905
11906
11907
11908
11909
11910
11911
11912
11913
11917
11923
11925
11926
11938
11949
11950
11952
11953
11954
11955
11956
11960
11961
11964
11971
11972
11973
11975
11979
11980
11984
11991
11992
11993
12001
12003
12006
12007
12008
12009
12010
12011
12012
12018
12020
12021
12023
12024
12025
12026
12027
12045
12046
12047
12052
12054
12056
12057
12058
12063
12064
12065
12068
12073
12075
12090
12091
12092
12093
12094
12107
12108
12109
12110
12114
12115
12117
12118
12119
12124
12125
12151
12152
12153
12157
12167
12168
12169
12170
12171
12172
12173
12174
12175
12178
12184
12186
12188
12191
12200
12204
12207
12210
12211
12213
12216
12224
12225
12226
12232
12236
12237
12238
12239
12241
12247
12248
12249
12250
12252
12253
12255
12256
12264
12266
12273
12276
12280
12283
12284
12287
12288
12290
12298
12299
12303
12312
12313
12315
12322
12329
12330
12331
12332
12338
12339
12340
12352
12354
12355
12360
12361
12368
12369
12370
12373
12382
12383
12384
12385
12386
12396
12397
12398
12409
12410
12411
12412
12421
12425
12426
12431
12432
12433
12435
12442
12450
12466
12467
12469
12476
12486
12487
12488
12494
12495
12496
12497
12498
12499
12505
12514
12516
12517
12519
12530
12531
12532
12533
12534
12548
12549
12550
12551
12552
12553
12554
12567
12568
12570
12580
12581
12582
12585
12586
12591
12595
12597
12598
12600
12603
12604
12605
12606
12607
12608
12609
12610
12618
12623
12627
12628
12629
12630
12635
12638
12664
12665
12671
12677
12679
12680
12683
12684
12685
12686
12694
12698
12710
12711
12712
12715
12716
12719
12720
12721
12748
12754
12755
12772
12775
12776
12798
12868
12871
12878
12879
12890
12903
12904
12932
12945
12953
12954
12955
12966
12967
12971
12974
12975
12994
12995
13003
13004
13014
13016
13024
13040
13045
13053
13062
13067
13074
13076
13084
13085
13094
13122
13125
13127
13128
13147
13148
13149
13165
13167
13169
13185
13204
13205
13206
13207
13225
13226
13227
13228
13230
13231
13235
13239
13241
13242
13248
13267
13268
13269
13270
13324
13329
13330
13331
13332
13333
13334
13335
13336
13337
13338
13339
13340
13341
13342
13343
13344
13345
13346
13353
13354
13359
13366
13367
13372
13373
13375
13391
13394
13395
13397
13411
13415
13416
13419
13427
13432
13434
13435
13436
13437
13438
13448
13449
13450
13454
13455
13456
13458
13459
13486
13489
13493
13496
13501
13502
13503
13504
13509
13510
13516
13517
13518
13519
13520
13525
13526
13539
13540
13547
13550
13551
13555
13556
13557
13558
13559
13561
13568
13569
13570
13571
13572
13583
13586
13587
13588
13604
13605
13606
13607
13608
13613
13618
13619
13620
13629
13630
13639
13641
13647
13648
13655
13665
13666
13679
13684
13685
13686
13687
13695
13696
13699
13700
13710
13711
13720
13722
13723
13725
13726
13727
13735
13736
13737
13740
13746
13747
13748
13749
13757
13758
13759
13766
13767
13768
13769
13770
13772
13784
13788
13791
13793
13794
13797
13798
13799
13800
13804
13805
13806
13807
13808
13809
13810
13812
13814
13815
13816
13817
13818
13819
13820
13821
13822
13823
13824
13825
13826
13827
13828
13846
13848
13849
13913
13914
13915
13916
13917
13923
13925
13926
13928
13929
13934
13935
13938
13952
13961
13962
13965
14065
14066
14067
14103
14104
14115
14116
14128
14132
14143
14144
14147
14148
14149
14150
14156
14164
14168
14169
14172
14177
14186
14187
14188
14193
14196
14197
14208
14211
14216
14217
14218
14219
14223
14226
14230
14231
14232
14236
14246
14252
14260
14263
14264
14274
14297
14298
14306
14307
14311
14312
14316
14317
14318
14325
14332
14333
14338
14339
14340
14341
14342
14343
14353
14354
14355
14356
14363
14366
14374
14376
14382
14383
14386
14387
14388
14389
14390
14394
14398
14402
14405
14406
14410
14413
14419
14420
14421
14422
14423
14424
14425
14445
14449
14451
14452
14461
14464
14467
14476
14481
14482
14483
14484
14496
14498
14500
14501
14518
14519
14520
14521
14522
14523
14524
14525
14526
14528
14547
14548
14549
14565
14580
14587
14597
14598
14599
14600
14615
14619
14624
14625
14645
14657
14695
14698
14699
14700
14705
14707
14708
14720
14729
14730
14732
14762
14763
14764
14773
14777
14778
14780
14781
14784
14789
14790
14791
14792
14793
14795
14796
14800
14805
14806
14807
14808
14809
14810
14812
14815
14816
14826
14827
14828
14829
14830
14832
14833
14837
14838
14859
14861
14862
14867
14871
14881
14882
14884
14896
14898
14899
14900
14901
14902
14903
14918
14920
14921
14924
14925
14949
14950
14951
14964
14971
14977
14978
14979
14980
14981
14982
14983
14997
14998
15000
15018
15019
15020
15021
15027
15041
15042
15048
15049
15052
15053
15055
15060
15061
15068
15076
15077
15079
15080
15081
15082
15083
15084
15085
15086
15091
15097
15098
15100
15102
15105
15108
15112
15113
15118
15119
15124
15132
15133
15134
15135
15136
15137
15138
15139
15144
15145
15155
15157
15161
15167
15168
15172
15173
15177
15178
15180
15181
15184
15185
15187
15188
15189
15190
15193
15194
15196
15197
15202
15206
15207
15222
15223
15224
15227
15228
15235
15236
15237
15238
15243
15244
15247
15248
15249
15250
15267
15273
15279
15282
15283
15284
15286
15287
15290
15294
15295
15296
15298
15299
15300
15307
15308
15309
15310
15311
15322
15323
15329
15343
15350
15351
15369
15370
15374
15375
15383
15384
15385
15390
15393
15394
15399
15401
15402
15414
15415
15421
15422
15423
15424
15434
15438
15439
15440
15441
15442
15450
15451
15455
15456
15489
15491
15492
15493
15494
15502
15503
15504
15516
15517
15519
15523
15525
15527
15532
15537
15538
15539
15540
15541
15546
15553
15556
15558
15562
15583
15584
15604
15608
15611
15613
15614
15618
15619
15635
15640
15649
15661
15663
15664
15671
15672
15673
15674
15675
15676
15680
15681
15682
15689
15691
15697
15700
15707
15708
15711
15716
15717
15718
15720
15728
15732
15733
15734
15739
15743
15744
15745
15746
15747
15748
15749
15757
15759
15762
15769
15779
15802
15811
15822
15826
15846
15847
15848
15849
15853
15854
15855
15856
15857
15858
15859
15864
15871
15878
15879
15884
15885
15886
15887
15888
15892
15893
15904
15914
15915
15919
15922
15923
15933
15942
15943
15944
15970
16008
16009
16016
16019
16021
16022
16023
16024
16028
16030
16031
16032
16044
16048
16052
16060
16061
16065
16080
16081
16082
16083
16084
16088
16107
16113
16114
16115
16122
16123
16124
16128
16129
16130
16151
16195
16196
16201
16202
16203
16206
16207
16225
16226
16230
16243
16245
16290
16294
16300
16310
16311
16325
16326
16327
16335
16348
16356
16361
16367
16370
16371
16372
16376
16377
16384
16401
16409
16423
16437
16438
16447
16449
16450
16455
16456
16457
16493
16494
16495
16496
16502
16504
16505
16506
16509
16511
16512
16513
16514
16516
16519
16520
16521
16522
16524
16531
16533
16548
16550
16552
16553
16555
16556
16561
16562
16566
16567
16574
16575
16576
16583
16596
16597
16602
16603
16605
16622
16623
16627
16628
16634
16637
16658
16665
16688
16694
16704
16705
16709
16722
16723
16726
16733
16739
16740
16741
16742
16747
16754
16760
16761
16762
16763
16764
16765
16775
16776
16791
16793
16807
16817
16822
16823
16824
16825
16827
16828
16829
16832
16833
16843
16844
16845
16851
16862
16863
16878
16882
16883
16886
16887
16888
16889
16890
16891
16892
16893
16894
16895
16896
16897
16898
16899
16900
16901
16902
16903
16904
16905
16906
16907
16911
16920
16921
16923
16924
16925
16941
16942
16949
16956
16961
16962
16963
16967
16968
16977
16978
16992
16998
17001
17005
17013
17014
17022
17023
17034
17037
17044
17045
17046
17047
17057
17063
17066
17095
17107
17108
17109
17110
17114
17129
17130
17131
17133
17143
17144
17149
17152
17153
17154
17155
17156
17159
17160
17161
17162
17164
17165
17170
17191
17192
17193
17200
17204
17205
17206
17207
17220
17226
17227
17228
17233
17242
17244
17255
17269
17276
17277
17278
17279
17280
17281
17282
17283
17284
17285
17286
17287
17288
17289
17290
17291
17292
17293
17294
17300
17320
17321
17326
17327
17328
17332
17333
17334
17335
17336
17337
17338
17339
17340
17342
17349
17353
17355
17358
17359
17360
17361
17362
17363
17364
17365
17366
17367
17368
17369
17374
17375
17383
17390
17395
17396
17397
17400
17403
17405
17410
17420
17421
17422
17423
17424
17427
17430
17431
17432
17433
17434
17435
17436
17444
17458
17461
17462
17463
17464
17465
17466
17482
17485
17492
17493
17495
17499
17507
17516
17517
17524
17525
17528
17529
17531
17534
17535
17536
17537
17539
17540
17556
17557
17559
17569
17570
17571
17572
17573
17574
17578
17592
17606
17607
17608
17609
17610
17632
17677
17696
17699
17703
17707
17716
17719
17737
17738
17739
17740
17746
17747
17748
17749
17750
17753
17762
17764
17765
17766
17767
17769
17770
17771
17772
17773
17805
17806
17807
17808
17818
17819
17820
17919
17936
17937
17953
17954
17963
17964
17985
17986
17987
17993
17994
18011
18013
18014
18031
18033
18034
18039
18040
18072
18077
18081
18082
18083
18093
18094
18096
18119
18120
18211
18212
18214
18215
18216
18221
18223
18224
18225
18226
18227
18228
18229
18230
18231
18232
18233
18234
18235
18243
18262
18263
18264
18267
18268
18269
18272
18273
18274
18310
18335
18336
18340
18341
18342
18343
18344
18345
18360
18363
18364
18365
18366
18387
18388
18389
18409
18410
18418
18430
18431
18461
18462
18463
18464
18465
18466
18467
18468
18479
18480
18488
18528
18547
18553
18580
18581
18607
18610
18611
18616
18627
18628
18629
18630
18631
18632
18633
18677
18689
18690
18691
18692
18693
18694
18695
18696
18714
18715
18736
18737
18738
18739
18740
18813
18837
18851
18856
18857
18858
18859
18988
18989
18990
18991
18992
18994
19062
19071
19088
19089
19090
19091
19125
19159
19160
19161
19162
19163
19164
19189
19193
19198
19199
19200
19201
19202
19203
19204
19205
19206
19212
19214
19215
19216
19218
19219
19220
19221
19222
19223
19226
19227
19228
19229
19230
19236
19237
19240
19246
19271
19272
19273
19274
19275
19276
19278
19279
19280
19282
19283
19284
19285
19310
19328
19330
19331
19332
19333
19337
19338
19341
19342
19343
19344
19345
19347
19351
19352
19353
19354
19366
19368
19369
19370
19371
19372
19373
19374
19375
19376
19377
19378
19388
19391
19392
19405
19406
19412
19429
19430
19438
19451
19454
19455
19456
19457
19458
19459
19460
19461
19462
19463
19464
19468
19469
19489
19519
19526
19527
19528
19529
19530
19531
19532
19533
19534
19535
19536
19537
19538
19539
19540
19558
19559
19560
19584
19607
19618
19619
19620
19628
19649
19651
19652
19696
19709
19710
19715
19717
19718
19719
19730
19753
19761
19762
19763
19781
19782
19783
19784
19785
19786
19789
19797
19798
19799
19800
19801
19802
19807
19810
19820
19825
19837
19839
19851
19854
19869
19877
19878
19879
19880
19903
19940
19941
19943
19953
19956
19957
19958
19967
19978
19994
19997
19998
20035
20045
20046
20047
20048
20049
20050
20051
20052
20053
20054
20084
20085
20086
20087
20088
20089
20090
20091
20092
20093
20094
20100
20101
20103
20104
20105
20106
20120
20121
20122
20123
20124
20125
20126
20127
20128
20129
20130
20131
20132
20133
20137
20138
20157
20159
20178
20180
20181
20182
20183
20185
20187
20190
20191
20193
20195
20196
20197
20198
20199
20202
20203
20204
20205
20206
20207
20208
20209
20220
20221
20222
20224
20225
20227
20232
20233
20234
20235
20236
20246
20247
20251
20265
20268
20269
20275
20282
20283
20284
20286
20296
20297
20298
20300
20301
20302
20303
20304
20314
20323
20327
20328
20334
20335
20336
20337
20361
20363
20364
20365
20391
20400
20408
20410
20411
20412
20413
20414
20415
20417
20419
20420
20422
20423
20424
20425
20426
20427
20435
20437
20438
20439
20440
20441
20442
20444
20445
20447
20448
20449
20450
20451
20452
20453
20455
20460
20465
20473
20474
20476
20477
20491
20494
20495
20498
20515
20516
20519
20520
20521
20522
20523
20524
20525
20532
20545
20554
20567
20568
20572
20573
20574
20575
20578
20579
20580
20581
20582
20583
20584
20585
20586
20588
20592
20593
20594
20595
20596
20609
20610
20611
20612
20614
20615
20618
20621
20622
20625
20626
20630
20635
20637
20639
20643
20644
20646
20657
20658
20660
20666
20668
20673
20675
20686
20687
20688
20689
20690
20691
20692
20693
20694
20695
20696
20697
20698
20699
20700
20701
20702
20703
20704
20705
20706
20710
20716
20717
20720
20721
20722
20723
20724
20725
20729
20730
20731
20744
20745
20746
20747
20748
20749
20754
20755
20763
20764
20771
20775
20780
20781
20784
20787
20788
20789
20803
20804
20805
20806
20808
20809
20810
20812
20813
20816
20818
20828
20829
20830
20831
20832
20833
20834
20835
20836
20837
20838
20839
20840
20843
20844
20845
20849
20853
20854
20886
20891
20899
20905
20906
20907
20911
20912
20913
20914
20915
20916
20917
20921
20923
20938
20939
20940
20951
20955
20957
20965
20966
20967
20968
20969
20970
20971
20975
20976
20982
20996
20997
20998
20999
21000
21001
21003
21004
21007
21008
21016
21019
21020
21024
21025
21026
21028
21029
21030
21031
21043
21044
21045
21046
21049
21050
21051
21054
21055
21056
21060
21063
21064
21070
21071
21073
21084
21085
21092
21094
21095
21108
21109
21110
21111
21112
21113
21115
21116
21117
21123
21127
21129
21130
21131
21132
21133
21138
21140
21142
21143
21144
21147
21148
21150
21156
21160
21161
21162
21165
21166
21173
21175
21176
21177
21178
21179
21180
21181
21182
21183
21184
21188
21189
21197
21199
21200
21201
21202
21203
21204
21205
21206
21209
21211
21220
21222
21223
21226
21227
21228
21229
21230
21232
21233
21234
21235
21236
21239
21240
21241
21242
21243
21245
21246
21247
21248
21249
21250
21251
21252
21253
21260
21263
21264
21265
21266
21274
21275
21280
21281
21283
21284
21286
21288
21292
21293
21299
21303
21305
21306
21326
21327
21328
21329
21330
21331
21332
21334
21335
21336
21337
21338
21339
21345
21346
21347
21348
21349
21350
21352
21357
21358
21359
21360
21361
21362
21363
21367
21368
21369
21370
21372
21377
21378
21379
21380
21381
21382
21383
21384
21385
21386
21392
21393
21394
21395
21396
21397
21400
21409
21410
21411
21412
21413
21414
21415
21416
21417
21418
21419
21420
21421
21422
21424
21425
21426
21427
21428
21429
21430
21431
21432
21433
21434
21435
21436
21437
21438
21439
21440
21441
21442
21444
21446
21448
21449
21457
21458
21459
21460
21465
21466
21467
21469
21470
21471
21472
21473
21474
21488
21490
21495
21499
21505
21507
21508
21510
21512
21513
21519
21520
21521
21522
21523
21524
21525
21526
21527
21528
21529
21530
21531
21532
21533
21534
21535
21536
21537
21538
21539
21540
21541
21542
21543
21544
21545
21546
21548
21552
21555
21556
21560
21562
21565
21567
21571
21572
21577
21579
21585
21586
21588
21589
21590
21591
21593
21597
21598
21602
21603
21604
21605
21606
21607
21611
21613
21614
21615
21616
21617
21618
21619
21623
21625
21626
21639
21647
21648
21649
21652
21653
21654
21655
21656
21657
21658
21659
21660
21661
21662
21663
21664
21665
21666
21667
21668
21669
21670
21671
21673
21676
21677
21678
21679
21680
21681
21688
21690
21694
21695
21696
21697
21699
21700
21707
21711
21712
21713
21714
21721
21723
21725
21726
21727
21730
21731
21735
21745
21748
21757
21759
21760
21761
21770
21773
21775
21776
21777
21782
21785
21786
21806
21838
21846
21847
21848
21849
21850
21851
21852
21853
21854
21855
21856
21857
21858
21859
21860
21861
21862
21863
21864
21865
21866
21867
21868
21869
21870
21871
21872
21873
21874
21875
21876
21877
21878
21879
21880
21881
21882
21883
21884
21885
21886
21887
21888
21889
21890
21891
21892
21893
21894
21895
21896
21897
21898
21899
21900
21901
21902
21903
21904
21905
21906
21907
21908
21909
21910
21911
21912
21913
21914
21915
21916
21917
21918
21919
21920
21921
21922
21923
21924
21925
21926
21927
21928
21929
21930
21931
21932
21933
21934
21935
21936
21937
21938
21939
21940
21941
21952
21953
21954
21955
21956
21957
21958
21959
21960
21961
21962
21964
21965
21966
21967
21968
21972
21976
21977
21978
21981
21982
21983
21984
21985
21986
21987
21988
21989
21990
21991
21992
21993
21994
21995
22001
22002
22003
22004
22005
22006
22007
22008
22009
22020
22021
22022
22038
22040
22043
22046
22051
22052
22055
22056
22057
22063
22064
22067
22068
22079
22082
22083
22086
22089
22098
22101
22103
22104
22106
22107
22109
22110
22113
22114
22124
22127
22129
22130
22134
22140
22143
22148
22151
22152
22155
22160
22163
22168
22170
22172
22174
22176
22178
22179
22183
22184
22185
22186
22189
22192
22194
22196
22197
22198
22202
22205
22206
22209
22210
22215
22217
22218
22220
22221
22222
22226
22227
22228
22230
22236
22237
22242
22243
22245
22246
22249
22251
22252
22257
22259
22264
22267
22268
22272
22273
22275
22276
22279
22285
22286
22288
22289
22290
22291
22292
22294
22296
22297
22298
22301
22304
22314
22315
22317
22318
22321
22324
22327
22331
22336
22337
22342
22343
22344
22345
22351
22355
22360
22365
22370
22371
22372
22373
22374
22375
22376
22377
22381
22382
22383
22384
22385
22386
22393
22395
22396
22400
22401
22404
22410
22417
22419
22420
22421
22424
22426
22428
22430
22436
22444
22445
22449
22450
22457
22462
22464
22467
22470
22472
22477
22478
22479
22483
22485
22488
22489
22491
22500
22501
22502
22503
22505
22510
22518
22520
22521
22523
22527
22528
22529
22531
22532
22533
22534
22536
22540
22541
22542
22545
22546
22547
22548
22549
22552
22555
22558
22559
22560
22566
22579
22582
22584
22585
22587
22591
22604
22606
22607
22611
22614
22616
22617
22622
22624
22626
22627
22632
22633
22634
22635
22650
22655
22657
22659
22661
22664
22668
22670
22671
22672
22673
22674
22676
22679
22683
22684
22690
22691
22697
22698
22701
22703
22704
22706
22709
22712
22713
22714
22716
22720
22721
22724
22726
22732
22739
22740
22741
22743
22744
22745
22746
22749
22752
22754
22755
22756
22757
22758
22759
22760
22761
22764
22768
22771
22772
22774
22787
22800
22805
22807
22811
22812
22817
22822
22824
22828
22832
22833
22834
22835
22836
22838
22839
22841
22843
22848
22850
22853
22859
22866
22869
22872
22875
22876
22896
22898
22899
22905
22906
22915
22917
22921
22922
22923
22931
22936
22955
22959
22963
22965
22968
22972
22974
22975
22976
22994
22995
22996
22997
23003
23006
23009
23013
23014
23015
23019
23022
23023
23025
23026
23027
23033
23036
23043
23049
23052
23063
23091
23097
23102
23103
23119
23120
23123
23125
23134
23139
23154
23158
23166
23168
23169
23172
23180
23181
23195
23196
23197
23198
23200
23206
23207
23208
23210
23212
23214
23215
23218
23221
23222
23223
23228
23233
23235
23249
23254
23255
23256
23259
23260
23261
23266
23269
23275
23277
23280
23282
23287
23290
23291
23292
23296
23297
23298
23300
23302
23306
23307
23311
23318
23320
23321
23325
23327
23330
23334
23337
23339
23340
23354
23355
23357
23359
23362
23365
23369
23378
23380
23381
23389
23390
23391
23400
23402
23404
23407
23426
23432
23436
23438
23440
23445
23450
23457
23458
23461
23462
23469
23470
23473
23481
23485
23488
23490
23496
23500
23502
23505
23507
23508
23509
23511
23515
23522
23523
23524
23525
23527
23528
23529
23534
23535
23542
23543
23546
23548
23554
23556
23558
23571
23574
23575
23582
23586
23587
23589
23592
23593
23594
23597
23604
23607
23608
23609
23612
23622
23623
23628
23629
23632
23635
23638
23641
23642
23643
23649
23650
23652
23653
23654
23658
23666
23670
23671
23673
23675
23680
23681
23682
23687
23688
23689
23693
23694
23695
23697
23698
23699
23702
23705
23712
23713
23717
23722
23723
23727
23734
23739
23743
23749
23752
23761
23768
23769
23771
23772
23774
23776
23779
23783
23786
23787
23794
23795
23797
23799
23801
23811
23818
23819
23821
23825
23850
23853
23854
23859
23862
23877
23885
23894
23896
23907
23908
23909
23912
23918
23919
23920
23922
23923
23925
23926
23935
23938
23945
23954
23957
23961
23968
23983
23991
23993
24004
24007
24022
24033
24057
24076
24078
24084
24093
24099
24103
24107
24108
24111
24118
24132
24137
24142
24143
24151
24154
24155
24156
24161
24179
24180
24194
24202
24204
24211
24215
24221
24230
24234
24235
24241
24242
24247
24248
24254
24265
24266
24278
24283
24284
24288
24289
24291
24295
24296
24297
24311
24314
24318
24323
24324
24329
24337
24338
24340
24344
24347
24349
24380
24382
24383
24389
24404
24406
24407
24415
24416
24419
24432
24448
24456
24457
24462
24468
24474
24477
24478
24479
24484
24485
24488
24489
24499
24501
24505
24508
24510
24511
24516
24518
24527
24534
24547
24554
24558
24562
24567
24578
24582
24584
24592
24601
24602
24603
24616
24619
24622
24633
24634
24639
24640
24641
24643
24645
24646
24658
24667
24670
24671
24672
24673
24676
24680
24696
24699
24704
24710
24712
24717
24719
24722
24725
24729
24733
24737
24742
24745
24746
24764
24769
24772
24778
24780
24785
24790
24794
24795
24800
24805
24806
24807
24811
24812
24813
24816
24817
24818
24821
24823
24824
24825
24827
24833
24841
24842
24843
24845
24847
24856
24871
24872
24874
24876
24880
24882
24885
24891
24898
24899
24907
24914
24918
24919
24923
24924
24925
24929
24937
24942
24952
24953
24954
24957
24964
24969
24975
24980
24982
24986
24987
24993
25006
25008
25009
25011
25015
25025
25029
25032
25044
25047
25048
25053
25054
25055
25061
25063
25073
25080
25085
25086
25089
25093
25097
25100
25102
25103
25114
25122
25124
25125
25129
25133
25143
25145
25147
25155
25158
25160
25161
25165
25168
25170
25177
25179
25187
25193
25202
25204
25210
25214
25216
25217
25225
25227
25229
25233
25236
25237
25239
25241
25251
25257
25258
25264
25292
25295
25297
25299
25300
25304
25309
25314
25324
25334
25343
25349
25352
25360
25369
25376
25381
25382
25395
25407
25410
25415
25431
25435
25443
25449
25455
25457
25466
25468
25470
25473
25475
25477
25479
25480
25482
25483
25484
25485
25490
25491
25494
25495
25499
25501
25506
25507
25514
25515
25518
25528
25536
25538
25539
25546
25550
25555
25556
25560
25561
25562
25566
25570
25574
25578
25579
25591
25597
25608
25612
25619
25622
25625
25626
25634
25636
25637
25649
25655
25658
25661
25662
25670
25671
25674
25676
25677
25683
25684
25689
25691
25694
25699
25703
25704
25707
25708
25712
25715
25716
25718
25719
25732
25743
25754
25758
25760
25764
25766
25767
25773
25774
25780
25781
25782
25784
25786
25787
25788
25792
25803
25804
25806
25815
25828
25829
25835
25839
25840
25843
25845
25852
25856
25858
25866
25868
25869
25875
25878
25891
25892
25894
25895
25908
25924
25933
25938
25944
25945
25951
25957
25960
25966
25976
25977
25981
25986
25989
25991
25999
26007
26008
26012
26021
26022
26025
26026
26033
26048
26056
26063
26066
26073
26081
26082
26083
26086
26088
26089
26092
26093
26097
26099
26102
26104
26106
26107
26108
26117
26122
26125
26131
26139
26142
26148
26154
26156
26160
26161
26165
26171
26174
26175
26181
26184
26191
26193
26194
26196
26198
26199
26204
26205
26212
26213
26214
26217
26221
26222
26228
26238
26243
26245
26250
26255
26259
26262
26264
26266
26268
26270
26282
26284
26292
26298
26299
26302
26310
26311
26316
26317
26321
26322
26326
26329
26331
26337
26344
26345
26347
26350
26354
26357
26358
26372
26375
26377
26383
26384
26387
26388
26390
26396
26398
26400
26401
26402
26403
26407
26418
26419
26421
26423
26426
26432
26438
26443
26444
26445
26453
26454
26457
26458
26461
26462
26470
26471
26484
26485
26486
26487
26488
26490
26496
26502
26504
26520
26522
26525
26529
26532
26536
26541
26542
26545
26557
26560
26563
26568
26573
26579
26583
26587
26589
26593
26597
26604
26611
26615
26617
26620
26624
26632
26633
26637
26638
26643
26656
26658
26659
26664
26667
26672
26680
26691
26692
26695
26696
26697
26700
26702
26704
26710
26717
26721
26727
26730
26731
26733
26738
26748
26753
26757
26759
26761
26766
26767
26777
26784
26785
26787
26789
26792
26796
26798
26799
26801
26806
26808
26811
26814
26815
26816
26818
26820
26830
26845
26847
26854
26860
26866
26872
26873
26881
26885
26886
26892
26893
26896
26897
26899
26900
26906
26907
26909
26911
26913
26915
26918
26919
26922
26924
26928
26931
26940
26952
26956
26958
26962
26963
26964
26970
26971
26983
26984
26987
26989
26993
26994
26996
26999
27001
27002
27010
27012
27016
27022
27024
27026
27028
27029
27030
27033
27042
27043
27044
27045
27055
27057
27065
27066
27067
27072
27079
27092
27095
27097
27100
27101
27108
27112
27121
27126
27127
27133
27138
27146
27147
27148
27149
27151
27161
27163
27167
27175
27179
27180
27181
27184
27194
27197
27201
27203
27211
27219
27225
27233
27234
27236
27241
27249
27254
27260
27267
27273
27277
27281
27284
27289
27290
27295
27303
27306
27311
27312
27313
27314
27318
27328
27331
27332
27344
27355
27358
27360
27362
27363
27364
27370
27374
27382
27383
27387
27393
27397
27404
27412
27414
27416
27417
27422
27426
27430
27431
27438
27440
27451
27452
27457
27461
27464
27472
27473
27476
27477
27482
27490
27492
27494
27495
27506
27508
27509
27513
27530
27534
27537
27570
27576
27583
27586
27587
27591
27595
27597
27601
27611
27613
27614
27616
27617
27619
27621
27626
27632
27633
27634
27644
27646
27654
27659
27676
27684
27689
27694
27695
27700
27707
27710
27714
27718
27728
27733
27737
27739
27743
27745
27755
27756
27760
27770
27775
27782
27789
27794
27798
27819
27821
27824
27829
27830
27835
27836
27837
27849
27856
27858
27861
27863
27864
27875
27880
27882
27883
27884
27885
27889
27896
27898
27900
27904
27914
27915
27916
27918
27920
27925
27926
27929
27932
27933
27934
27945
27948
27952
27977
27978
27981
27992
27995
28001
28008
28015
28017
28018
28020
28029
28030
28035
28037
28041
28044
28046
28050
28051
28059
28060
28061
28075
28083
28095
28099
28103
28105
28107
28110
28115
28117
28122
28123
28129
28130
28131
28136
28142
28146
28147
28158
28167
28168
28178
28179
28184
28195
28204
28206
28210
28213
28215
28218
28219
28224
28225
28230
28234
28235
28236
28240
28242
28246
28260
28263
28266
28267
28281
28284
28285
28288
28289
28292
28294
28297
28301
28303
28304
28313
28314
28328
28334
28338
28339
28356
28358
28359
28366
28370
28371
28372
28373
28382
28384
28387
28395
28396
28403
28423
28427
28429
28435
28436
28447
28451
28456
28464
28471
28479
28483
28484
28486
28503
28504
28509
28523
28527
28532
28533
28540
28542
28547
28550
28558
28567
28571
28577
28588
28592
28609
28643
28655
28666
28669
28670
28673
28674
28677
28680
28682
28683
28684
28690
28693
28701
28706
28707
28711
28712
28714
28725
28730
28733
28740
28742
28754
28763
28764
28766
28775
28780
28782
28784
28788
28791
28796
28798
28802
28806
28818
28822
28823
28826
28827
28830
28838
28842
28843
28847
28855
28856
28862
28864
28868
28870
28873
28887
28890
28895
28906
28914
28917
28918
28920
28926
28927
28937
28938
28946
28965
28972
28973
28975
28977
28981
28983
28989
28991
29000
29002
29006
29008
29011
29013
29017
29021
29025
29026
29058
29060
29064
29068
29072
29073
29074
29075
29085
29089
29092
29095
29097
29100
29101
29102
29105
29107
29111
29119
29123
29127
29140
29141
29142
29143
29147
29148
29149
29151
29152
29153
29160
29161
29321
29322
29323
29324
29325
29326
29327
29328
29329
29330
29331
29332
29333
29334
29335
29336
29337
29338
29339
29340
29341
29342
29343
29344
29345
29346
29347
29348
29349
29350
29351
29352
29353
29354
29355
29356
29357
29358
29359
29360
29361
29362
29363
29364
29365
29366
29367
29368
29369
29370
29371
29372
29373
29374
29375
29376
29377
29378
29379
29380
29381
29382
29383
29384
29385
29386
29387
29388
29389
29390
29391
29392
29393
29394
29395
29396
29397
29398
29399
29400
29401
29402
29403
29404
29405
29406
29407
29408
29409
29410
29411
29412
29413
29414
29415
29416
29417
29418
29419
29420
29421
29422
29423
29424
29425
29426
29427
29428
29429
29430
29431
29432
29433
29434
29435
29436
29437
29438
29439
29440
29441
29442
29443
29444
29445
29446
29447
29448
29449
29450
29451
29452
29453
29454
29455
29456
29457
29458
29459
29460
29461
29462
29463
29464
29465
29466
29467
29468
29469
29470
29471
29472
29473
29474
29475
29476
29477
29478
29479
29480
29481
29482
29483
29484
29485
29486
29487
29488
29489
29490
29491
29492
29493
29494
29495
29496
29497
29498
29499
29500
29501
29502
29503
29504
29505
29506
29507
29508
29509
29510
29511
29512
29513
29514
29515
29516
29517
29518
29519
29520
29521
29522
29523
29524
29525
29526
29527
29528
29529
29530
29531
29532
29533
29534
29535
29536
29537
29538
29539
29540
29541
29542
29543
29544
29545
29546
29547
29548
29549
29550
29551
29552
29553
29554
29555
29589
29590
29591
29592
29593
29594
29595
29598
29599
29600
29603
29604
29605
29606
29610
29612
29617
29622
29623
29639
29835
29917
29990
29991
29992
29993
29994
29995
29996
29997
29998
29999
30000
30001
30002
30003
30004
30005
30006
30007
30008
30009
30010
30011
30012
30013
30014
30015
30016
30017
30018
30019
30020
30021
30022
30023
30024
30025
30026
30027
30028
30029
30030
30031
30032
30033
30034
30035
30036
30037
30038
30039
30040
30041
30042
30043
30044
30045
30046
30047
30048
30049
30050
30051
30052
30053
30054
30055
30056
30072
30073
30074
30075
30076
30086
30091
30092
30093
30094
30117
30118
30296
30297
30298
30301
30302
30304
30305
30307
30308
30310
30311
30312
30313
30314
30315
30316
30317
30318
30319
30320
30321
30322
30331
30332
30335
30336
30340
30342
30343
30344
30345
30346
30347
30348
30349
30350
30351
30352
30353
30354
30355
30356
30357
30358
30359
30360
30361
30362
30363
30364
30365
30366
30367
30368
30369
30370
30371
30372
30373
30374
30375
30376
30377
30378
30379
30380
30381
30382
30383
30384
30385
30386
30387
30388
30389
30390
30391
30392
30393
30394
30395
30396
30397
30398
30399
30401
30402
30403
30419
30432
30442
30445
30446
30447
30448
30450
30451
30456
30457
30458
30459
30460
30461
30462
30463
30464
30465
30466
30467
30669
30675
30676
30677
30678
30679
30680
30681
30682
30683
30689
30690
30691
30692
30693
30694
30695
30696
30697
30698
30699
30700
30701
30702
30703
30704
30705
30706
30707
30708
30709
30710
30711
30712
30713
30714
30715
30716
30717
30718
30719
30720
30721
30722
30723
30724
30725
30726
30727
30728
30729
30730
30731
30732
30733
30734
30735
30736
30737
30738
30739
30740
30741
30742
30743
30744
30745
30746
30747
30748
30749
30750
30751
30752
30753
30754
30755
30756
30757
30758
30759
30760
30761
30762
30763
30764
30765
30766
30767
30768
30769
30770
30771
30772
30773
30774
30775
30776
30777
30778
30779
30780
30781
30782
30783
30784
30785
30786
30787
30788
30789
30790
30791
30792
30793
30794
30795
30796
30804
30805
30811
30836
30837
30838
30839
30840
30841
30842
30843
30844
30845
30846
30847
30848
30849
30850
30851
30852
30853
30854
30855
30856
30869
30870
30871
30872
30879
30880
30881
30882
30883
30884
30885
30886
30893
30894
30897
30898
30899
30900
30901
30902
30903
30904
30905
30906
30907
30911
30912
30913
30914
30915
30916
30917
30918
30951
30965
30966
30967
30997
31018
31019
31032
31033
31047
31048
31049
31050
31057
31058
31059
31060
31061
31062
31063
31064
31065
31171
31172
31176
31188
31189
31190
31191
31192
31193
31194
31207
31208
31209
31210
31211
31215
31221
31222
31230
31272
31279
31284
31299
31300
31302
31303
31309
31316
31317
31325
31326
31327
31328
31330
31331
31360
31362
31385
31386
31387
31388
31391
31392
31393
31394
31395
31396
31397
31398
31399
31400
31401
31402
31403
31404
31405
31406
31407
31408
31409
31410
31411
31412
31413
31414
31415
31416
31417
31418
31419
31420
31421
31422
31423
31450
31459
31460
31461
31462
31463
31464
31465
31466
31467
31468
31469
31470
31471
31473
31500
31502
31503
31512
31518
31519
31522
31524
31525
31528
31530
31539
31540
31546
31547
31548
31549
31550
31551
31552
31553
31554
31555
31556
31557
31558
31559
31560
31561
31562
31563
31564
31565
31566
31567
31568
31569
31570
31571
31572
31573
31574
31575
31576
31577
31580
31657
31658
31670
31671
31693
31694
31717
31718
31719
31720
31721
31744
31745
31746
31762
31763
31768
31770
31771
31772
31773
31774
31775
31776
31777
31778
31779
31780
31781
31782
31787
31788
31790
31791
31792
31793
31805
31808
31809
31816
31818
31823
31824
31829
31830
31831
31837
31838
31839
31844
31845
31848
31851
31852
31853
31854
31855
31856
31857
31858
31859
31860
31861
31862
31863
31864
31865
31866
31867
31868
31869
31870
31871
31872
31873
31874
31875
31876
31877
31878
31879
31880
31888
31889
31891
31893
31894
31895
31896
31897
31898
31899
31900
31901
31902
31903
31904
31905
31906
31907
31908
31909
31910
31911
31912
31913
31914
31915
31916
31917
31918
31919
31920
31921
31922
31923
31924
31925
31930
31931
31959
31960
31961
31962
31963
31964
31967
31968
31969
31970
31971
31972
31973
32016
32018
32019
32042
32043
32053
32054
32055
32056
32062
32063
32064
32066
32067
32069
32092
32093
32094
32095
32096
32097
32098
32101
32102
32103
32104
32105
32106
32107
32108
32109
32110
32111
32112
32113
32114
32115
32116
32117
32118
32119
32120
32121
32122
32123
32124
32126
32234
32235
32236
32246
32250
32251
32272
32285
32306
32307
32314
32315
32321
32322
32323
32324
32325
32326
32327
32328
32329
32330
32331
32332
32333
32334
32335
32490
32496
32497
32498
32499
32500
32501
32502
32503
32504
32505
32509
32510
32511
32512
32513
32514
32515
32516
32517
32518
32519
32520
32521
32522
32523
32524
32525
32526
32527
32528
32529
32530
32531
32532
32533
32820
32821
32822
32823
32824
32825
32826
32827
32828
32829
32830
32831
32832
32833
32839
32843
32844
32856
32917
32918
32919
32920
32922
32923
32924
32925
32926
32928
32929
32930
32931
32932
32933
32934
32935
32936
32937
32938
32939
32940
32941
32942
32943
32944
32945
32946
32947
32948
32949
32950
32951
32952
32953
32954
32955
32956
32957
32958
32959
32960
32961
32962
32963
32964
32965
32966
32967
32968
32969
32970
32971
32972
32973
32974
32975
32976
32977
32978
32979
32980
32981
32982
32983
32984
32986
32987
32988
32989
32990
33005
33006
33007
33008
33019
33022
33023
33112
33113
33114
33115
33123
33127
33135
33137
33141
33142
33143
33144
33148
33149
33150
33151
33152
33153
33154
33155
33163
33167
33168
33169
33170
33171
33172
33173
33174
33175
33176
33181
33182
33186
33187
33210
33211
33212
33213
33214
33216
33222
33250
33251
33252
33253
33254
33255
33256
33257
33270
33271
33276
33277
33278
33279
33280
33281
33282
33283
33297
33299
33319
33320
33321
33322
33323
33325
33326
33327
33328
33330
33331
33332
33333
33334
33335
33336
33337
33338
33339
33340
33341
33342
33343
33344
33345
33346
33347
33350
33353
33354
33355
33356
33357
33358
33359
33360
33361
33362
33363
33364
33372
33374
33375
33376
33377
33380
33385
33386
33395
33396
33397
33398
33409
33410
33449
33450
33451
33452
33466
33467
33468
33486
33488
33489
33490
33491
33492
33493
33494
33495
33496
33497
33498
33501
33502
33503
33504
33506
33507
33511
33512
33515
33547
33550
33554
33559
33566
33567
33568
33569
33570
33571
33572
33586
33590
33591
33592
33593
33594
33595
33596
33597
33598
33599
33600
33601
33602
33608
33610
33611
33612
33613
33614
33615
33616
33617
33618
33619
33625
33626
33630
33636
33637
33638
33639
33655
33656
33657
33660
33661
33667
33668
33669
33670
33671
33672
33673
33674
33675
33676
33677
33678
33679
33680
33681
33682
33683
33684
33685
33686
33687
33688
33689
33690
33691
33692
33693
33694
33695
33696
33697
33698
33699
33700
33701
33702
33703
33704
33705
33706
33707
33708
33709
33710
33711
33712
33713
33714
33784
33785
33792
33793
33794
33795
33796
33797
33798
33799
33800
33801
33802
33803
33804
33805
33806
33810
33813
33823
33824
33825
33826
33842
33843
33844
33848
33849
33850
33851
33854
33859
33860
33861
33889
33890
33891
33892
33893
33894
33895
33896
33897
33898
33899
33900
33901
33902
33903
33904
33905
33906
33909
33910
33911
33912
33913
33914
33915
33916
33937
33938
33939
33940
33941
33949
33950
33952
33953
33954
33956
33958
33959
33960
33961
33962
33963
33964
33965
33966
33967
33968
33969
33970
33971
33972
33973
33974
33975
33976
33977
33978
33979
33980
33981
33982
33983
33984
33991
33992
34004
34005
34006
34007
34022
34023
34024
34039
34093
34094
34137
34145
34165
34188
34203
34204
34205
34207
34208
34209
34216
34217
34218
34219
34220
34221
34229
34237
34252
34253
34254
34277
34278
34279
34281
34282
34288
34289
34290
34291
34292
34293
34294
34295
34298
34309
34310
34311
34312
34320
34334
34347
34348
34349
34350
34366
34367
34368
34369
34370
34382
34383
34396
34399
34414
34415
34416
34417
34418
34420
34421
34422
34425
34426
34427
34430
34431
34443
34454
34457
34465
34468
34469
34470
34471
34472
34473
34474
34475
34476
34477
34478
34479
34480
34481
34482
34483
34484
34485
34487
34493
34495
34496
34497
34498
34500
34501
34506
34507
34546
34559
34566
34567
34568
34575
34576
34577
34582
34586
34589
34590
34603
34604
34605
34606
34607
34608
34609
34610
34611
34612
34613
34614
34615
34616
34617
34618
34619
34620
34621
34622
34623
34624
34625
34626
34627
34628
34629
34630
34631
34632
34633
34634
34635
34636
34637
34638
34639
34640
34641
34642
34643
34644
34645
34646
34647
34670
34727
34778
34779
34781
34782
34783
34846
34847
34848
34849
34880
34885
34898
34899
34903
34904
34905
34906
34907
34909
34920
34923
34924
34939
34942
34943
34967
35007
35008
35009
35010
35011
35012
35013
35014
35015
35016
35017
35018
35019
35020
35023
35031
35032
35038
35039
35041
35051
35052
35056
35059
35062
35063
35066
35082
35086
35087
35097
35099
35101
35102
35116
35117
35124
35125
35136
35149
35150
35151
35152
35153
35154
35155
35156
35157
35158
35159
35160
35161
35162
35163
35167
35170
35176
35180
35181
35185
35187
35188
35189
35191
35192
35193
35194
35195
35196
35197
35198
35199
35201
35202
35203
35206
35207
35218
35219
35220
35221
35223
35226
35227
35228
35232
35240
35241
35242
35243
35244
35247
35248
35249
35250
35251
35252
35253
35254
35255
35256
35257
35258
35259
35260
35261
35262
35263
35264
35265
35266
35267
35297
35301
35302
35303
35321
35322
35324
35325
35326
35327
35328
35329
35330
35331
35332
35333
35334
35335
35336
35337
35338
35339
35398
35399
35400
35417
35418
35419
35420
35421
35422
35423
35424
35425
35426
35427
35428
35429
35430
35431
35432
35433
35434
35435
35436
35437
35438
35439
35440
35441
35442
35443
35444
35445
35446
35447
35448
35449
35450
35451
35452
35453
35454
35455
35456
35457
35458
35459
35463
35464
35465
35466
35467
35468
35469
35470
35471
35472
35476
35480
35481
35483
35486
35490
35491
35494
35495
35496
35497
35503
35537
35539
35541
35542
35543
35544
35545
35547
35548
35549
35550
35551
35552
35554
35555
35562
35567
35568
35569
35570
35571
35572
35573
35574
35575
35577
35578
35579
35585
35590
35591
35592
35593
35594
35595
35596
35597
35598
35599
35600
35601
35602
35603
35625
35627
35628
35630
35634
35635
35637
35640
35642
35667
35675
35688
35689
35690
35691
35692
35693
35695
35704
35718
35719
35720
35721
35722
35723
35725
35740
35741
35742
35745
35746
35747
35748
35753
35754
35755
35756
35758
35759
35760
35761
35762
35763
35764
35765
35771
35772
35773
35774
35775
35776
35777
35778
35779
35780
35781
35782
35785
35793
35796
35797
35798
35799
35800
35801
35802
35821
35822
35823
35824
35825
35826
35827
35836
35837
35838
35839
35840
35842
35843
35847
35859
35872
35873
35878
35880
35882
35884
35885
35886
35887
35893
35894
35902
35907
35908
35911
35927
35941
35944
35945
35970
35982
35983
36001
36002
36003
36004
36005
36016
36026
36027
36028
36031
36039
36042
36043
36055
36056
36057
36059
36060
36061
36098
36102
36105
36106
36111
36112
36115
36122
36130
36131
36132
36138
36139
36140
36141
36142
36143
36144
36145
36146
36147
36148
36149
36150
36151
36152
36153
36154
36155
36156
36175
36179
36180
36184
36185
36186
36187
36188
36189
36193
36196
36200
36201
36204
36211
36212
36213
36214
36319
36320
36321
36322
36323
36324
36325
36328
36349
36357
36358
36359
36372
36378
36379
36381
36382
36388
36394
36395
36396
36401
36402
36403
36405
36413
36431
36432
36433
36434
36435
36437
36438
36442
36443
36444
36447
36448
36449
36451
36456
36457
36458
36481
36482
36483
36484
36505
36508
36512
36517
36520
36526
36528
36532
36541
36542
36543
36544
36561
36562
36565
36579
36580
36581
36594
36595
36596
36598
36603
36608
36609
36614
36615
36622
36636
36637
36642
36643
36644
36652
36656
36664
36669
36670
36671
36672
36673
36677
36678
36681
36683
36684
36685
36687
36688
36690
36693
36694
36705
36706
36707
36708
36709
36734
36735
36737
36738
36740
36750
36751
36753
36762
36767
36770
36771
36772
36774
36775
36782
36784
36787
36788
36789
36790
36791
36792
36793
36794
36804
36805
36807
36808
36814
36815
36817
36818
36819
36820
36821
36822
36828
36839
36842
36849
36852
36853
36854
36855
36856
36857
36858
36859
36861
36871
36872
36876
36877
36880
36881
36882
36889
36890
36891
36892
36906
36909
36910
36912
36913
36915
36922
36941
36942
36943
36944
36945
36960
36961
36964
36965
36968
36969
36972
36973
36981
36982
36986
36990
36995
36996
36997
36998
36999
37000
37001
37002
37034
37037
37040
37049
37050
37051
37052
37057
37058
37059
37086
37087
37088
37089
37090
37091
37092
37093
37094
37099
37104
37105
37134
37138
37139
37148
37608
37609
37612
37620
37624
37632
37649
37673
37674
37677
37678
37688
37690
37697
37699
37700
37701
37702
37703
37704
37705
37706
37707
37708
37709
37713
37714
37716
37718
37719
37720
37721
37725
37726
37732
37733
37738
37749
37750
37753
37754
37760
37764
37766
37767
37768
37781
37785
37792
37793
37794
37795
37797
37798
37834
37839
37840
37841
37845
37847
37867
37868
37871
37873
37874
37875
37876
37877
37878
37879
37880
37881
37882
37883
37884
37885
37886
37887
37888
37889
37890
37891
37892
37893
37894
37895
37896
37897
37898
37899
37900
37901
37902
37903
37904
37905
37906
37907
37908
37909
37910
37911
37912
37913
37915
37916
37917
37919
37920
37921
37922
37923
37924
37927
37928
37929
37930
37933
37934
37935
37936
37937
37938
37939
37940
37942
37943
37944
37945
37946
37947
37963
37964
37965
37966
37967
37968
37969
37970
37971
37972
37973
37974
37975
37976
37977
37978
37979
37980
37981
37982
37983
37984
37985
37986
37987
37988
37989
37990
37991
37992
37993
37994
37995
37996
37997
37998
37999
38000
38001
38002
38003
38004
38005
38006
38011
38019
38020
38029
38030
38036
38050
38053
38055
38066
38069
38074
38076
38077
38088
38098
38099
38105
38113
38116
38117
38118
38123
38124
38126
38130
38131
38139
38140
38141
38147
38148
38149
38150
38157
38166
38171
38172
38173
38174
38175
38178
38179
38180
38181
38182
38183
38184
38185
38186
38187
38189
38190
38191
38198
38203
38211
38212
38213
38219
38225
38231
38236
38244
38246
38256
38257
38263
38265
38273
38274
38283
38298
38300
38301
38302
38320
38330
38331
38333
38334
38349
38351
38356
38357
38358
38361
38362
38366
38368
38369
38370
38371
38372
38374
38375
38376
38384
38385
38386
38387
38388
38389
38390
38391
38392
38393
38394
38405
38408
38410
38411
38412
38413
38414
38415
38416
38418
38419
38420
38422
38424
38426
38429
38435
38451
38452
38453
38454
38455
38458
38459
38460
38713
38714
38715
38732
38733
38734
38735
38746
38747
38748
38749
38750
38751
38752
38753
38754
38755
38756
38757
38758
38759
38760
38761
38765
38766
38771
38775
38776
38786
38789
38790
38796
38797
38801
38802
38807
38810
38811
38812
38817
38818
38819
38821
38822
38823
38824
38825
38826
38827
38828
38829
38830
38831
38845
38851
38852
38853
38864
39035
39036
39053
39054
39055
39056
39057
39061
39062
39065
39066
39067
39068
39072
39073
39082
39083
39085
39086
39087
39095
39100
39107
39112
39113
39114
39115
39116
39117
39118
39119
39120
39141
39142
39143
39144
39145
39146
39147
39148
39154
39155
39156
39157
39161
39168
39169
39171
39175
39179
39182
39189
39190
39199
39200
39204
39206
39207
39211
39212
39223
39224
39225
39228
39236
39237
39252
39253
39261
39269
39272
39273
39276
39277
39278
39280
39281
39282
39283
39292
39298
39299
39306
39307
39308
39309
39310
39311
39312
39313
39314
39318
39324
39326
39327
39339
39350
39351
39353
39354
39355
39356
39357
39361
39362
39365
39372
39373
39374
39376
39380
39381
39385
39392
39393
39394
39402
39404
39407
39408
39409
39410
39411
39412
39413
39419
39421
39422
39424
39425
39426
39427
39428
39446
39447
39448
39453
39455
39457
39458
39459
39464
39465
39466
39469
39474
39476
39491
39492
39493
39494
39495
39508
39509
39510
39511
39515
39516
39518
39519
39520
39525
39526
39552
39553
39554
39558
39568
39569
39570
39571
39572
39573
39574
39575
39576
39579
39585
39587
39589
39592
39601
39605
39608
39611
39612
39614
39617
39625
39626
39627
39633
39637
39638
39639
39640
39642
39648
39649
39650
39651
39653
39654
39656
39657
39665
39667
39674
39677
39681
39684
39685
39688
39689
39691
39699
39700
39704
39713
39714
39716
39723
39730
39731
39732
39733
39739
39740
39741
39753
39755
39756
39761
39762
39769
39770
39771
39774
39783
39784
39785
39786
39787
39797
39798
39799
39810
39811
39812
39813
39822
39826
39827
39832
39833
39834
39836
39843
39851
39867
39868
39870
39877
39887
39888
39889
39895
39896
39897
39898
39899
39900
39906
39915
39917
39918
39920
39931
39932
39933
39934
39935
39949
39950
39951
39952
39953
39954
39955
39968
39969
39971
39981
39982
39983
39986
39987
39992
39996
39998
39999
40001
40004
40005
40006
40007
40008
40009
40010
40011
40019
40024
40028
40029
40030
40031
40036
40039
40065
40066
40072
40078
40080
40081
40084
40085
40086
40087
40095
40099
40111
40112
40113
40116
40117
40120
40121
40122
40149
40155
40156
40173
40176
40177
40199
40269
40272
40279
40280
40291
40304
40305
40333
40346
40354
40355
40356
40367
40368
40372
40375
40376
40395
40396
40404
40405
40415
40417
40425
40441
40446
40454
40463
40468
40475
40477
40485
40486
40495
40523
40526
40528
40529
40548
40549
40550
40566
40568
40570
40586
40605
40606
40607
40608
40626
40627
40628
40629
40631
40632
40636
40640
40642
40643
40649
40668
40669
40670
40671
40725
40730
40731
40732
40733
40734
40735
40736
40737
40738
40739
40740
40741
40742
40743
40744
40745
40746
40747
40754
40755
40760
40767
40768
40773
40774
40776
40792
40795
40796
40798
40812
40816
40817
40820
40828
40833
40835
40836
40837
40838
40839
40849
40850
40851
40855
40856
40857
40859
40860
40887
40890
40894
40897
40902
40903
40904
40905
40910
40911
40917
40918
40919
40920
40921
40926
40927
40940
40941
40948
40951
40952
40956
40957
40958
40959
40960
40962
40969
40970
40971
40972
40973
40984
40987
40988
40989
41005
41006
41007
41008
41009
41014
41019
41020
41021
41030
41031
41040
41042
41048
41049
41056
41066
41067
41080
41085
41086
41087
41088
41096
41097
41100
41101
41111
41112
41121
41123
41124
41126
41127
41128
41136
41137
41138
41141
41147
41148
41149
41150
41158
41159
41160
41167
41168
41169
41170
41171
41173
41185
41189
41192
41194
41195
41198
41199
41200
41201
41205
41206
41207
41208
41209
41210
41211
41213
41215
41216
41217
41218
41219
41220
41221
41222
41223
41224
41225
41226
41227
41228
41229
41247
41249
41250
41314
41315
41316
41317
41318
41324
41326
41327
41329
41330
41335
41336
41339
41353
41362
41363
41366
41466
41467
41468
41504
41505
41516
41517
41529
41533
41544
41545
41548
41549
41550
41551
41557
41565
41569
41570
41573
41578
41587
41588
41589
41594
41597
41598
41609
41612
41617
41618
41619
41620
41624
41627
41631
41632
41633
41637
41647
41653
41661
41664
41665
41675
41698
41699
41707
41708
41712
41713
41717
41718
41719
41726
41733
41734
41739
41740
41741
41742
41743
41744
41754
41755
41756
41757
41764
41767
41775
41777
41783
41784
41787
41788
41789
41790
41791
41795
41799
41803
41806
41807
41811
41814
41820
41821
41822
41823
41824
41825
41826
41846
41850
41852
41853
41862
41865
41868
41877
41882
41883
41884
41885
41897
41899
41901
41902
41919
41920
41921
41922
41923
41924
41925
41926
41927
41929
41948
41949
41950
41966
41981
41988
41998
41999
42000
42001
42016
42020
42025
42026
42046
42058
42096
42099
42100
42101
42106
42108
42109
42121
42130
42131
42133
42163
42164
42165
42174
42178
42179
42181
42182
42185
42190
42191
42192
42193
42194
42196
42197
42201
42206
42207
42208
42209
42210
42211
42213
42216
42217
42227
42228
42229
42230
42231
42233
42234
42238
42239
42260
42262
42263
42268
42272
42282
42283
42285
42297
42299
42300
42301
42302
42303
42304
42319
42321
42322
42325
42326
42350
42351
42352
42365
42372
42378
42379
42380
42381
42382
42383
42384
42398
42399
42401
42419
42420
42421
42422
42428
42442
42443
42449
42450
42453
42454
42456
42461
42462
42469
42477
42478
42480
42481
42482
42483
42484
42485
42486
42487
42492
42498
42499
42501
42503
42506
42509
42513
42514
42519
42520
42525
42533
42534
42535
42536
42537
42538
42539
42540
42545
42546
42556
42558
42562
42568
42569
42573
42574
42578
42579
42581
42582
42585
42586
42588
42589
42590
42591
42594
42595
42597
42598
42603
42607
42608
42623
42624
42625
42628
42629
42636
42637
42638
42639
42644
42645
42648
42649
42650
42651
42668
42674
42680
42683
42684
42685
42687
42688
42691
42695
42696
42697
42699
42700
42701
42708
42709
42710
42711
42712
42723
42724
42730
42744
42751
42752
42770
42771
42775
42776
42784
42785
42786
42791
42794
42795
42800
42802
42803
42815
42816
42822
42823
42824
42825
42835
42839
42840
42841
42842
42843
42851
42852
42856
42857
42890
42892
42893
42894
42895
42903
42904
42905
42917
42918
42920
42924
42926
42928
42933
42938
42939
42940
42941
42942
42947
42954
42957
42959
42963
42984
42985
43005
43009
43012
43014
43015
43019
43020
43036
43041
43050
43062
43064
43065
43072
43073
43074
43075
43076
43077
43081
43082
43083
43090
43092
43098
43101
43108
43109
43112
43117
43118
43119
43121
43129
43133
43134
43135
43140
43144
43145
43146
43147
43148
43149
43150
43158
43160
43163
43170
43180
43203
43212
43223
43227
43247
43248
43249
43250
43254
43255
43256
43257
43258
43259
43260
43265
43272
43279
43280
43285
43286
43287
43288
43289
43293
43294
43305
43315
43316
43320
43323
43324
43334
43343
43344
43345
43371
43409
43410
43417
43420
43422
43423
43424
43425
43429
43431
43432
43433
43445
43449
43453
43461
43462
43466
43481
43482
43483
43484
43485
43489
43508
43514
43515
43516
43523
43524
43525
43529
43530
43531
43552
43596
43597
43602
43603
43604
43607
43608
43626
43627
43631
43644
43646
43691
43695
43701
43711
43712
43726
43727
43728
43736
43749
43757
43762
43768
43771
43772
43773
43777
43778
43785
43802
43810
43824
43838
43839
43848
43850
43851
43856
43857
43858
43894
43895
43896
43897
43903
43905
43906
43907
43910
43912
43913
43914
43915
43917
43920
43921
43922
43923
43925
43932
43934
43949
43951
43953
43954
43956
43957
43962
43963
43967
43968
43975
43976
43977
43984
43997
43998
44003
44004
44006
44023
44024
44028
44029
44035
44038
44059
44066
44089
44095
44105
44106
44110
44123
44124
44127
44134
44140
44141
44142
44143
44148
44155
44161
44162
44163
44164
44165
44166
44176
44177
44192
44194
44208
44218
44223
44224
44225
44226
44228
44229
44230
44233
44234
44244
44245
44246
44252
44263
44264
44279
44283
44284
44287
44288
44289
44290
44291
44292
44293
44294
44295
44296
44297
44298
44299
44300
44301
44302
44303
44304
44305
44306
44307
44308
44312
44321
44322
44324
44325
44326
44342
44343
44350
44357
44362
44363
44364
44368
44369
44378
44379
44393
44399
44402
44406
44414
44415
44423
44424
44435
44438
44445
44446
44447
44448
44458
44464
44467
44496
44508
44509
44510
44511
44515
44530
44531
44532
44534
44544
44545
44550
44553
44554
44555
44556
44557
44560
44561
44562
44563
44565
44566
44571
44592
44593
44594
44601
44605
44606
44607
44608
44621
44627
44628
44629
44634
44643
44645
44656
44670
44677
44678
44679
44680
44681
44682
44683
44684
44685
44686
44687
44688
44689
44690
44691
44692
44693
44694
44695
44701
44721
44722
44727
44728
44729
44733
44734
44735
44736
44737
44738
44739
44740
44741
44743
44750
44754
44756
44759
44760
44761
44762
44763
44764
44765
44766
44767
44768
44769
44770
44775
44776
44784
44791
44796
44797
44798
44801
44804
44806
44811
44821
44822
44823
44824
44825
44828
44831
44832
44833
44834
44835
44836
44837
44845
44859
44862
44863
44864
44865
44866
44867
44883
44886
44893
44894
44896
44900
44908
44917
44918
44925
44926
44929
44930
44932
44935
44936
44937
44938
44940
44941
44957
44958
44960
44970
44971
44972
44973
44974
44975
44979
44993
45007
45008
45009
45010
45011
45033
45078
45097
45100
45104
45108
45117
45120
45138
45139
45140
45141
45147
45148
45149
45150
45151
45154
45163
45165
45166
45167
45168
45170
45171
45172
45173
45174
45206
45207
45208
45209
45219
45220
45221
45320
45337
45338
45354
45355
45364
45365
45386
45387
45388
45394
45395
45412
45414
45415
45432
45434
45435
45440
45441
45473
45478
45482
45483
45484
45494
45495
45497
45520
45521
45612
45613
45615
45616
45617
45622
45624
45625
45626
45627
45628
45629
45630
45631
45632
45633
45634
45635
45636
45644
45663
45664
45665
45668
45669
45670
45673
45674
45675
45711
45736
45737
45741
45742
45743
45744
45745
45746
45761
45764
45765
45766
45767
45788
45789
45790
45810
45811
45819
45831
45832
45862
45863
45864
45865
45866
45867
45868
45869
45880
45881
45889
45929
45948
45954
45981
45982
46008
46011
46012
46017
46028
46029
46030
46031
46032
46033
46034
46078
46090
46091
46092
46093
46094
46095
46096
46097
46115
46116
46137
46138
46139
46140
46141
46214
46238
46252
46257
46258
46259
46260
46389
46390
46391
46392
46393
46395
46463
46472
46489
46490
46491
46492
46526
46560
46561
46562
46563
46564
46565
46590
46594
46599
46600
46601
46602
46603
46604
46605
46606
46607
46613
46615
46616
46617
46619
46620
46621
46622
46623
46624
46627
46628
46629
46630
46631
46637
46638
46641
46647
46672
46673
46674
46675
46676
46677
46679
46680
46681
46683
46684
46685
46686
46711
46729
46731
46732
46733
46734
46738
46739
46742
46743
46744
46745
46746
46748
46752
46753
46754
46755
46767
46769
46770
46771
46772
46773
46774
46775
46776
46777
46778
46779
46789
46792
46793
46806
46807
46813
46830
46831
46839
46852
46855
46856
46857
46858
46859
46860
46861
46862
46863
46864
46865
46869
46870
46890
46920
46927
46928
46929
46930
46931
46932
46933
46934
46935
46936
46937
46938
46939
46940
46941
46959
46960
46961
46985
47008
47019
47020
47021
47029
47050
47052
47053
47097
47110
47111
47116
47118
47119
47120
47131
47154
47162
47163
47164
47182
47183
47184
47185
47186
47187
47190
47198
47199
47200
47201
47202
47203
47208
47211
47221
47226
47238
47240
47252
47255
47270
47278
47279
47280
47281
47304
47341
47342
47344
47354
47357
47358
47359
47368
47379
47395
47398
47399
47436
47446
47447
47448
47449
47450
47451
47452
47453
47454
47455
47485
47486
47487
47488
47489
47490
47491
47492
47493
47494
47495
47501
47502
47504
47505
47506
47507
47521
47522
47523
47524
47525
47526
47527
47528
47529
47530
47531
47532
47533
47534
47538
47539
47558
47560
47579
47581
47582
47583
47584
47586
47588
47591
47592
47594
47596
47597
47598
47599
47600
47603
47604
47605
47606
47607
47608
47609
47610
47621
47622
47623
47625
47626
47628
47633
47634
47635
47636
47637
47647
47648
47652
47666
47669
47670
47676
47683
47684
47685
47687
47697
47698
47699
47701
47702
47703
47704
47705
47715
47724
47728
47729
47735
47736
47737
47738
47762
47764
47765
47766
47792
47801
47809
47811
47812
47813
47814
47815
47816
47818
47820
47821
47823
47824
47825
47826
47827
47828
47836
47838
47839
47840
47841
47842
47843
47845
47846
47848
47849
47850
47851
47852
47853
47854
47856
47861
47866
47874
47875
47877
47878
47892
47895
47896
47899
47916
47917
47920
47921
47922
47923
47924
47925
47926
47933
47946
47955
47968
47969
47973
47974
47975
47976
47979
47980
47981
47982
47983
47984
47985
47986
47987
47989
47993
47994
47995
47996
47997
48010
48011
48012
48013
48015
48016
48019
48022
48023
48026
48027
48031
48036
48038
48040
48044
48045
48047
48058
48059
48061
48067
48069
48074
48076
48087
48088
48089
48090
48091
48092
48093
48094
48095
48096
48097
48098
48099
48100
48101
48102
48103
48104
48105
48106
48107
48111
48117
48118
48121
48122
48123
48124
48125
48126
48130
48131
48132
48145
48146
48147
48148
48149
48150
48155
48156
48164
48165
48172
48176
48181
48182
48185
48188
48189
48190
48204
48205
48206
48207
48209
48210
48211
48213
48214
48217
48219
48229
48230
48231
48232
48233
48234
48235
48236
48237
48238
48239
48240
48241
48244
48245
48246
48250
48254
48255
48287
48292
48300
48306
48307
48308
48312
48313
48314
48315
48316
48317
48318
48322
48324
48339
48340
48341
48352
48356
48358
48366
48367
48368
48369
48370
48371
48372
48376
48377
48383
48397
48398
48399
48400
48401
48402
48404
48405
48408
48409
48417
48420
48421
48425
48426
48427
48429
48430
48431
48432
48444
48445
48446
48447
48450
48451
48452
48455
48456
48457
48461
48464
48465
48471
48472
48474
48485
48486
48493
48495
48496
48509
48510
48511
48512
48513
48514
48516
48517
48518
48524
48528
48530
48531
48532
48533
48534
48539
48541
48543
48544
48545
48548
48549
48551
48557
48561
48562
48563
48566
48567
48574
48576
48577
48578
48579
48580
48581
48582
48583
48584
48585
48589
48590
48598
48600
48601
48602
48603
48604
48605
48606
48607
48610
48612
48621
48623
48624
48627
48628
48629
48630
48631
48633
48634
48635
48636
48637
48640
48641
48642
48643
48644
48646
48647
48648
48649
48650
48651
48652
48653
48654
48661
48664
48665
48666
48667
48675
48676
48681
48682
48684
48685
48687
48689
48693
48694
48700
48704
48706
48707
48727
48728
48729
48730
48731
48732
48733
48735
48736
48737
48738
48739
48740
48746
48747
48748
48749
48750
48751
48753
48758
48759
48760
48761
48762
48763
48764
48768
48769
48770
48771
48773
48778
48779
48780
48781
48782
48783
48784
48785
48786
48787
48793
48794
48795
48796
48797
48798
48801
48810
48811
48812
48813
48814
48815
48816
48817
48818
48819
48820
48821
48822
48823
48825
48826
48827
48828
48829
48830
48831
48832
48833
48834
48835
48836
48837
48838
48839
48840
48841
48842
48843
48845
48847
48849
48850
48858
48859
48860
48861
48866
48867
48868
48870
48871
48872
48873
48874
48875
48889
48891
48896
48900
48906
48908
48909
48911
48913
48914
48920
48921
48922
48923
48924
48925
48926
48927
48928
48929
48930
48931
48932
48933
48934
48935
48936
48937
48938
48939
48940
48941
48942
48943
48944
48945
48946
48947
48949
48953
48956
48957
48961
48963
48966
48968
48972
48973
48978
48980
48986
48987
48989
48990
48991
48992
48994
48998
48999
49003
49004
49005
49006
49007
49008
49012
49014
49015
49016
49017
49018
49019
49020
49024
49026
49027
49040
49048
49049
49050
49053
49054
49055
49056
49057
49058
49059
49060
49061
49062
49063
49064
49065
49066
49067
49068
49069
49070
49071
49072
49074
49077
49078
49079
49080
49081
49082
49089
49091
49095
49096
49097
49098
49100
49101
49108
49112
49113
49114
49115
49122
49124
49126
49127
49128
49131
49132
49136
49146
49149
49158
49160
49161
49162
49171
49174
49176
49177
49178
49183
49186
49187
49207
49239
49247
49248
49249
49250
49251
49252
49253
49254
49255
49256
49257
49258
49259
49260
49261
49262
49263
49264
49265
49266
49267
49268
49269
49270
49271
49272
49273
49274
49275
49276
49277
49278
49279
49280
49281
49282
49283
49284
49285
49286
49287
49288
49289
49290
49291
49292
49293
49294
49295
49296
49297
49298
49299
49300
49301
49302
49303
49304
49305
49306
49307
49308
49309
49310
49311
49312
49313
49314
49315
49316
49317
49318
49319
49320
49321
49322
49323
49324
49325
49326
49327
49328
49329
49330
49331
49332
49333
49334
49335
49336
49337
49338
49339
49340
49341
49342
49353
49354
49355
49356
49357
49358
49359
49360
49361
49362
49363
49365
49366
49367
49368
49369
49373
49377
49378
49379
49382
49383
49384
49385
49386
49387
49388
49389
49390
49391
49392
49393
49394
49395
49396
49402
49403
49404
49405
49406
49407
49408
49409
49410
49421
49422
49423
49439
49441
49444
49447
49452
49453
49456
49457
49458
49464
49465
49468
49469
49480
49483
49484
49487
49490
49499
49502
49504
49505
49507
49508
49510
49511
49514
49515
49525
49528
49530
49531
49535
49541
49544
49549
49552
49553
49556
49561
49564
49569
49571
49573
49575
49577
49579
49580
49584
49585
49586
49587
49590
49593
49595
49597
49598
49599
49603
49606
49607
49610
49611
49616
49618
49619
49621
49622
49623
49627
49628
49629
49631
49637
49638
49643
49644
49646
49647
49650
49652
49653
49658
49660
49665
49668
49669
49673
49674
49676
49677
49680
49686
49687
49689
49690
49691
49692
49693
49695
49697
49698
49699
49702
49705
49715
49716
49718
49719
49722
49725
49728
49732
49737
49738
49743
49744
49745
49746
49752
49756
49761
49766
49771
49772
49773
49774
49775
49776
49777
49778
49782
49783
49784
49785
49786
49787
49794
49796
49797
49801
49802
49805
49811
49818
49820
49821
49822
49825
49827
49829
49831
49837
49845
49846
49850
49851
49858
49863
49865
49868
49871
49873
49878
49879
49880
49884
49886
49889
49890
49892
49901
49902
49903
49904
49906
49911
49919
49921
49922
49924
49928
49929
49930
49932
49933
49934
49935
49937
49941
49942
49943
49946
49947
49948
49949
49950
49953
49956
49959
49960
49961
49967
49980
49983
49985
49986
49988
49992
50005
50007
50008
50012
50015
50017
50018
50023
50025
50027
50028
50033
50034
50035
50036
50051
50056
50058
50060
50062
50065
50069
50071
50072
50073
50074
50075
50077
50080
50084
50085
50091
50092
50098
50099
50102
50104
50105
50107
50110
50113
50114
50115
50117
50121
50122
50125
50127
50133
50140
50141
50142
50144
50145
50146
50147
50150
50153
50155
50156
50157
50158
50159
50160
50161
50162
50165
50169
50172
50173
50175
50188
50201
50206
50208
50212
50213
50218
50223
50225
50229
50233
50234
50235
50236
50237
50239
50240
50242
50244
50249
50251
50254
50260
50267
50270
50273
50276
50277
50297
50299
50300
50306
50307
50316
50318
50322
50323
50324
50332
50337
50356
50360
50364
50366
50369
50373
50375
50376
50377
50395
50396
50397
50398
50404
50407
50410
50414
50415
50416
50420
50423
50424
50426
50427
50428
50434
50437
50444
50450
50453
50464
50492
50498
50503
50504
50520
50521
50524
50526
50535
50540
50555
50559
50567
50569
50570
50573
50581
50582
50596
50597
50598
50599
50601
50607
50608
50609
50611
50613
50615
50616
50619
50622
50623
50624
50629
50634
50636
50650
50655
50656
50657
50660
50661
50662
50667
50670
50676
50678
50681
50683
50688
50691
50692
50693
50697
50698
50699
50701
50703
50707
50708
50712
50719
50721
50722
50726
50728
50731
50735
50738
50740
50741
50755
50756
50758
50760
50763
50766
50770
50779
50781
50782
50790
50791
50792
50801
50803
50805
50808
50827
50833
50837
50839
50841
50846
50851
50858
50859
50862
50863
50870
50871
50874
50882
50886
50889
50891
50897
50901
50903
50906
50908
50909
50910
50912
50916
50923
50924
50925
50926
50928
50929
50930
50935
50936
50943
50944
50947
50949
50955
50957
50959
50972
50975
50976
50983
50987
50988
50990
50993
50994
50995
50998
51005
51008
51009
51010
51013
51023
51024
51029
51030
51033
51036
51039
51042
51043
51044
51050
51051
51053
51054
51055
51059
51067
51071
51072
51074
51076
51081
51082
51083
51088
51089
51090
51094
51095
51096
51098
51099
51100
51103
51106
51113
51114
51118
51123
51124
51128
51135
51140
51144
51150
51153
51162
51169
51170
51172
51173
51175
51177
51180
51184
51187
51188
51195
51196
51198
51200
51202
51212
51219
51220
51222
51226
51251
51254
51255
51260
51263
51278
51286
51295
51297
51308
51309
51310
51313
51319
51320
51321
51323
51324
51326
51327
51336
51339
51346
51355
51358
51362
51369
51384
51392
51394
51405
51408
51423
51434
51458
51477
51479
51485
51494
51500
51504
51508
51509
51512
51519
51533
51538
51543
51544
51552
51555
51556
51557
51562
51580
51581
51595
51603
51605
51612
51616
51622
51631
51635
51636
51642
51643
51648
51649
51655
51666
51667
51679
51684
51685
51689
51690
51692
51696
51697
51698
51712
51715
51719
51724
51725
51730
51738
51739
51741
51745
51748
51750
51781
51783
51784
51790
51805
51807
51808
51816
51817
51820
51833
51849
51857
51858
51863
51869
51875
51878
51879
51880
51885
51886
51889
51890
51900
51902
51906
51909
51911
51912
51917
51919
51928
51935
51948
51955
51959
51963
51968
51979
51983
51985
51993
52002
52003
52004
52017
52020
52023
52034
52035
52040
52041
52042
52044
52046
52047
52059
52068
52071
52072
52073
52074
52077
52081
52097
52100
52105
52111
52113
52118
52120
52123
52126
52130
52134
52138
52143
52146
52147
52165
52170
52173
52179
52181
52186
52191
52195
52196
52201
52206
52207
52208
52212
52213
52214
52217
52218
52219
52222
52224
52225
52226
52228
52234
52242
52243
52244
52246
52248
52257
52272
52273
52275
52277
52281
52283
52286
52292
52299
52300
52308
52315
52319
52320
52324
52325
52326
52330
52338
52343
52353
52354
52355
52358
52365
52370
52376
52381
52383
52387
52388
52394
52407
52409
52410
52412
52416
52426
52430
52433
52445
52448
52449
52454
52455
52456
52462
52464
52474
52481
52486
52487
52490
52494
52498
52501
52503
52504
52515
52523
52525
52526
52530
52534
52544
52546
52548
52556
52559
52561
52562
52566
52569
52571
52578
52580
52588
52594
52603
52605
52611
52615
52617
52618
52626
52628
52630
52634
52637
52638
52640
52642
52652
52658
52659
52665
52693
52696
52698
52700
52701
52705
52710
52715
52725
52735
52744
52750
52753
52761
52770
52777
52782
52783
52796
52808
52811
52816
52832
52836
52844
52850
52856
52858
52867
52869
52871
52874
52876
52878
52880
52881
52883
52884
52885
52886
52891
52892
52895
52896
52900
52902
52907
52908
52915
52916
52919
52929
52937
52939
52940
52947
52951
52956
52957
52961
52962
52963
52967
52971
52975
52979
52980
52992
52998
53009
53013
53020
53023
53026
53027
53035
53037
53038
53050
53056
53059
53062
53063
53071
53072
53075
53077
53078
53084
53085
53090
53092
53095
53100
53104
53105
53108
53109
53113
53116
53117
53119
53120
53133
53144
53155
53159
53161
53165
53167
53168
53174
53175
53181
53182
53183
53185
53187
53188
53189
53193
53204
53205
53207
53216
53229
53230
53236
53240
53241
53244
53246
53253
53257
53259
53267
53269
53270
53276
53279
53292
53293
53295
53296
53309
53325
53334
53339
53345
53346
53352
53358
53361
53367
53377
53378
53382
53387
53390
53392
53400
53408
53409
53413
53422
53423
53426
53427
53434
53449
53457
53464
53467
53474
53482
53483
53484
53487
53489
53490
53493
53494
53498
53500
53503
53505
53507
53508
53509
53518
53523
53526
53532
53540
53543
53549
53555
53557
53561
53562
53566
53572
53575
53576
53582
53585
53592
53594
53595
53597
53599
53600
53605
53606
53613
53614
53615
53618
53622
53623
53629
53639
53644
53646
53651
53656
53660
53663
53665
53667
53669
53671
53683
53685
53693
53699
53700
53703
53711
53712
53717
53718
53722
53723
53727
53730
53732
53738
53745
53746
53748
53751
53755
53758
53759
53773
53776
53778
53784
53785
53788
53789
53791
53797
53799
53801
53802
53803
53804
53808
53819
53820
53822
53824
53827
53833
53839
53844
53845
53846
53854
53855
53858
53859
53862
53863
53871
53872
53885
53886
53887
53888
53889
53891
53897
53903
53905
53921
53923
53926
53930
53933
53937
53942
53943
53946
53958
53961
53964
53969
53974
53980
53984
53988
53990
53994
53998
54005
54012
54016
54018
54021
54025
54033
54034
54038
54039
54044
54057
54059
54060
54065
54068
54073
54081
54092
54093
54096
54097
54098
54101
54103
54105
54111
54118
54122
54128
54131
54132
54134
54139
54149
54154
54158
54160
54162
54167
54168
54178
54185
54186
54188
54190
54193
54197
54199
54200
54202
54207
54209
54212
54215
54216
54217
54219
54221
54231
54246
54248
54255
54261
54267
54273
54274
54282
54286
54287
54293
54294
54297
54298
54300
54301
54307
54308
54310
54312
54314
54316
54319
54320
54323
54325
54329
54332
54341
54353
54357
54359
54363
54364
54365
54371
54372
54384
54385
54388
54390
54394
54395
54397
54400
54402
54403
54411
54413
54417
54423
54425
54427
54429
54430
54431
54434
54443
54444
54445
54446
54456
54458
54466
54467
54468
54473
54480
54493
54496
54498
54501
54502
54509
54513
54522
54527
54528
54534
54539
54547
54548
54549
54550
54552
54562
54564
54568
54576
54580
54581
54582
54585
54595
54598
54602
54604
54612
54620
54626
54634
54635
54637
54642
54650
54655
54661
54668
54674
54678
54682
54685
54690
54691
54696
54704
54707
54712
54713
54714
54715
54719
54729
54732
54733
54745
54756
54759
54761
54763
54764
54765
54771
54775
54783
54784
54788
54794
54798
54805
54813
54815
54817
54818
54823
54827
54831
54832
54839
54841
54852
54853
54858
54862
54865
54873
54874
54877
54878
54883
54891
54893
54895
54896
54907
54909
54910
54914
54931
54935
54938
54971
54977
54984
54987
54988
54992
54996
54998
55002
55012
55014
55015
55017
55018
55020
55022
55027
55033
55034
55035
55045
55047
55055
55060
55077
55085
55090
55095
55096
55101
55108
55111
55115
55119
55129
55134
55138
55140
55144
55146
55156
55157
55161
55171
55176
55183
55190
55195
55199
55220
55222
55225
55230
55231
55236
55237
55238
55250
55257
55259
55262
55264
55265
55276
55281
55283
55284
55285
55286
55290
55297
55299
55301
55305
55315
55316
55317
55319
55321
55326
55327
55330
55333
55334
55335
55346
55349
55353
55378
55379
55382
55393
55396
55402
55409
55416
55418
55419
55421
55430
55431
55436
55438
55442
55445
55447
55451
55452
55460
55461
55462
55476
55484
55496
55500
55504
55506
55508
55511
55516
55518
55523
55524
55530
55531
55532
55537
55543
55547
55548
55559
55568
55569
55579
55580
55585
55596
55605
55607
55611
55614
55616
55619
55620
55625
55626
55631
55635
55636
55637
55641
55643
55647
55661
55664
55667
55668
55682
55685
55686
55689
55690
55693
55695
55698
55702
55704
55705
55714
55715
55729
55735
55739
55740
55757
55759
55760
55767
55771
55772
55773
55774
55783
55785
55788
55796
55797
55804
55824
55828
55830
55836
55837
55848
55852
55857
55865
55872
55880
55884
55885
55887
55904
55905
55910
55924
55928
55933
55934
55941
55943
55948
55951
55959
55968
55972
55978
55989
55993
56010
56044
56056
56067
56070
56071
56074
56075
56078
56081
56083
56084
56085
56091
56094
56102
56107
56108
56112
56113
56115
56126
56131
56134
56141
56143
56155
56164
56165
56167
56176
56181
56183
56185
56189
56192
56197
56199
56203
56207
56219
56223
56224
56227
56228
56231
56239
56243
56244
56248
56256
56257
56263
56265
56269
56271
56274
56288
56291
56296
56307
56315
56318
56319
56321
)


// ************************************************************************* //
