/*--------------------------------*- C++ -*----------------------------------*\
| =========                 |                                                 |
| \\      /  F ield         | OpenFOAM: The Open Source CFD Toolbox           |
|  \\    /   O peration     | Version:  v2012                                 |
|   \\  /    A nd           | Website:  www.openfoam.com                      |
|    \\/     M anipulation  |                                                 |
\*---------------------------------------------------------------------------*/
FoamFile
{
    version     2.0;
    format      ascii;
    class       volScalarField;
    location    "400";
    object      gammaInt;
}
// * * * * * * * * * * * * * * * * * * * * * * * * * * * * * * * * * * * * * //

dimensions      [0 0 0 0 0 0 0];


internalField   nonuniform List<scalar> 
13917
(
1
1
1
1
1
1
1
1
1
1
1
1
1
1
1
1
1
1
1
1
1
1
1
1
1
1
1
1
1
1
1
1
1
1
1
0.997982
1
1
1
1
1
1
1
1
1
1
1
1
1
1
1
1
1
1
1
1
1
1
1
1
1
1
1
1
1
1.00001
1
1
1.00003
1
1
1
1
1
1
1
1
1
1
1
1
1
1
1
1
1
1
0.999778
1
1
1
1
1
1
1.00001
1
0.999999
1
1
1
1
1
1
1
1
1
1
1
1
1
1
1
1
1
1
1
1
1
1
1
1
1.00005
1
1
1
1
1
1
1
1
1
1
1
1
0.999157
1
1
1
1
1
1.00009
1
1
1
1
1
1
1
1
1
1
1
1
1
1
1
1
0.999988
1
1.00002
1
1
1
1
1
1
1
1
1
1
1
1
1
1
1
1
1
1
1
1
1
1
1
1
1
1
0.999975
1
1
1
0.999578
1
0.999962
1
1
1
1
1
1
0.999727
1
1
1
1
1
0.990633
1
1
1
1
1
1
1
1
1
1
1
1
1
1
1
1
1
1
1
1
1.0002
1
1
0.998701
1
1
1
1
1
1
1
1
1
1
1
0.999998
1
1.00014
1
1
1
1
1
1
1
1
1
1
1
1
1
1
1
1
1
1
1
1.00122
1
1
1
1.00003
1
1
1
1
1
1
1
1
0.993918
1
1
1
1
1
1
1
1
1
1
1.00019
1
1
0.999988
1
1
1
1.00001
1
1
1
1
1
1
1
1
1
1
1
1
1
1
1
1
1
1
1
1.00001
1
1
1
1
1
0.999955
1
1
1
1.00009
1
1
0.999998
1
1
1
1
1
1
1
1
1
1
1
1
1
1
1
1
1
1
1
1
1
1.00036
1
1
1
0.999293
1
1
1
1
0.999935
1
1
1
1
1
1
1
1
1
1
1
1.00094
1
1
1
1
1
1
1
1
1
1
1
1
1
1
1
1
1
1
1
0.999739
1
1.00007
1
1
1
1
1
1
1
1
1
1
1
1
1
1
1
1
1
1
1
1
0.999999
1
1
1
1
0.999948
1
1
1
1
0.999996
1
1
1
1
1
1
1
1
1
1
1
1
1.00027
1
1
1
1
1
1
1
1
1
1
1
1
1
1
0.999106
1
1
1
1
1
1
1
1
1.00101
1
1
1
1
1
1
1
1
1
1
1
1
1
1
1
0.999664
1
1
0.999998
1
0.999999
1
1
1
1
0.998268
1
1
1
1
1
1
1
1
1
1
1
1
1
1
1
1
0.994238
1
1
1
1
1
1
1
1
1.00001
1
1
1
1
1
1
1
1.00014
1
1
1
1
1
0.999458
1
0.999974
1
1
1
1
1
1
1
1
1
1
1
1
1.00069
1
1
1
1
1
1
1
0.999967
0.999995
1
0.992414
1
1
1
1
1
1
0.994982
1
1
0.998834
1
0.999973
1
1
1
1
1
0.999858
1
1
1
0.999973
1
1
1
1
1
1
1
1
1
1
1
1
1
1
1
1
0.998428
1
1
1
1
1
1
1
1
1
1
1
1
1
1
1
1
1
1
1
1
1
1
1
1
1
1
1
1
1
1
1
1
1
1
1
0.99963
1
1.00006
1
1
1
1
1
1
1
1
1
1
1
1
0.999947
1
1
1
1
1
0.996781
1
1
1
1
1
1
1
0.999834
1
1
1
1
1
1
1
1
1
1
0.997362
0.999988
1
1
1
1.00001
1
1
1
1
1
1
1
1
1
1
1
1
1
1
1
1
1
1
1
1
1
1
1
1
1
1
1
1
1
1
1
1
1
1
1
1.00001
1
1.00012
1.00003
1
1
1
1
1
1
1
1
1
1
1
1
1
1
1
1
1
1
1
1
1
1
1
1
1
1
1
1
1
1
1
1
1
1
1
1
1
1
1
1
1
1
1
1
1
1
1
1.00004
1
1
1
1
1
1
1
1
1
1
1.00001
1
1
1
1
1
1
1
1
1
1
1
1
1
1
1
1
0.998515
1
1
1
1
1
1
1
1.00023
1
1
1
1
1
1
1
1
1
1
1
1
1
1
1
1
1
1
0.999061
1
0.993424
1
1
1
1
0.999945
1
1.00025
1
1
1
1
1
1
1
1
1
1
1
1
1
1
1
1
1
1
1
1
1
1
1
1
1
1
1
1
1
1
1
1
1
1
1
1
1
1
1
1
1.00009
1
0.999998
1
1
1
1
1
1
1
1
1
1
1
1
1
1
0.999157
1
1
1
1
1
1
1
1
1
1
1
1
1
1
1
1
1
1
1
1
1
1
1
1
1
1
1
1
1
1
1
1
1
1
1
1
1.00001
1
1
1
1
1
1
1
1
1
1
1
1
1
0.999999
1
1
1
1
1
1
1
1
1
1
1
1
1
1.00033
1.00085
1
0.997866
1
0.999998
1
1
1
1
1
1
1
1
0.999216
1
1
1
1
0.999995
1
1
0.999999
1
1
1
1
1
1
1
1
1
1
1
1
1
1
1
1
1
1.00049
1
1
1
1.00013
1
1
1
1
1
1
1
1
1
1
1
1
1
1
1
1
1
1
1
1
1
1
1
1
1
1
1.00021
1
1
1
1
1
1
1
1
1
1
1
1
1
1
1
1
1
1
1
1
1
1
1
1
1
1
1
1
1
1
1
1
1
1
1
1
1.0001
1
1
1
1
1
1
1
1
1
1
1
1
1
1
1.00001
1
0.997721
1
1
1
1
1
1
1
1
1
1
1
1
1
1
1
1.00039
1
1
1
1
1
1
1
1
1
1
1
1
1
1
1
1
1
1
1.00009
1
1
1
1
1
1
1
1
1
1
1
1
1
1
1
1
1
1.00018
0.999999
1
1
1
1
1
1
1
1
1
1
1
0.999999
1
1
1
1
1
1
0.99961
1
1
1
1
1
1
1
1
1
1
1
1
1
1
1
1
1
1
0.989925
1
0.999911
1
1
1
0.999286
1
1
1
1
1
1
1
1
1
1
1
1
1
1
1
1
0.999984
1
1
1
1
1
1
1
0.999961
1
1
1
1
1
1
1
1
1
1
1
1
1
1
1
1
1
1
1
1
1
1
1.00002
1
1
1
1
1
1
1
1
1
1
0.999752
1
1
1
1
1
1
1
1
1
1
1
1
1
1
1
1
1
1
0.999194
1
1
1
1
1
1
1
1.00001
1
1
1
1
1
1
1
1
1
1
1
1
1
1
1
1
1
1
1
1
1
1
1
1
1
1
1
1
1
1
1
1
1
1
1
1
1
1
1
1
1
1
1
1
1
1
1
1
1
1.00004
0.999014
1
1
1
1
1
1
1
1
1
1
1
1
1
1
1
1
1
1
1
1
1
1
1
1
1
1
1
1
1
1
1
1
1
1
1
1
1
1
1
1
1
1.00051
1
1
1
1
1
1
1
1.00007
1
1
1
1
1
1
1
1
1
1
1
1.00023
1
1
1
1
1
1
1
1
1
1
1
1
1
1
1
1
1
1
1
1
1
1
1
1
1
1
1
1
1
1
1
1
1
1
1
1
1
1
1
1
1
1
1
1
1
1.00008
1
1
1.00033
1
1
1
1
1
1
1
1
1
1
1.00241
1
1
0.989792
1
1
1
1
1
1
1.00012
1
1.00008
1
1
1
1
1
1
1
1
1
0.999704
1
1
1
1
1.00002
1
1
1
1
1
1
1
1
1
0.998772
1
1
1
1
1
1
1
1
1
1.00007
1
1
1
1
1
1
1.00004
1
1
1
1
1
1
0.993257
1
1
0.99904
0.999749
1
1
1
1
1
1
1
1
1
1
1
1.00085
0.998018
1
1
1
1
1
1
0.997065
0.999761
1
1
1
1
1
1
1
1
1
1
1
1
1
1
1
1
1
1
1
1
1
1
1
1
1
1
1
1
1
1
1
1
1
1
1
1
1
1
1
0.99992
1
1
1
1.00017
1
1
1
0.999588
1.00003
1
1
1
1
1
1
1
1
1
1
1
1
0.999985
1
1
1
1
1
1
1
1
1
1
1
1
1
1
1
1
1
1
1
1
1
1
1.00006
1
0.997506
1
1
1
1
1
1
1
1
1
1
1
1
1
1
1.00012
1
1
1
1
1
1
1
1
1
1
1
1
1
1
1
1
1
1
1
1
1
1
1
0.9965
1
1
1
1
1
1
1
1
1
1
1
1
1
1.00085
1
1
1
1
1
1
1
1
1
1
1.00013
1
1
1
1
1
1
1.00003
1
1
1
1
1
1
1
1
1
1
1
1
1
1
1.00007
1
1
1
1
1.0002
1
1
1
1
1
1
1
1
1
1
1
1
1
1
1
1
1
1
1
1
1
1
1
0.999998
1
1
1
1.00001
1
1
1
1
0.999992
1
1
0.999985
1
0.99966
1
1.00004
1
1
1
1
1
1
1
1
1
1
1
1
1
1
1
1.00001
1
1
1
1
1
1
1
1
1
1
1.00001
1
1
1
1
1
1
1
1
1
1
1
1
0.998665
0.999981
0.999897
1
1
1
1
1
1
1
1
1
1
1
1
1
1
1
1
1
1
1
1
0.998775
0.999393
0.998791
1
1
1.00002
1
1
1
1
1
1
1
1
1
1
1
1
1
1
1
1
1
1
1
1
1
1
1
1
1
1
1
1
1
1
1
1
1
1
1
1
1
1
1
1
1
0.994224
1.00084
1
1
0.999973
1
1
1
1
1
1
1
1
1
1
1
1
1
1
1
1
1
1
1
1
1
1
1.00009
1
1
1
0.999984
1
1
1
1
1
1
1
0.996297
0.999091
1.00005
0.99998
1
1
1
1
1
1
1
1
1
1
1
1
1
1
1
1
1
1
1
1
1
1
0.999999
1
1
1
0.999859
1
1
1
1
1
1
1
1
1
1
1
1
1
1
1
1
1
1
1
1
1
1
1
1
1
1
1
1
1
1
1
1.00015
1
1
1
1
1
1
1
1
1
1
1
1
1
1
1
1
1
1
1
1
1
1
1
1
1
1
0.999993
1
1
1
1
1
1
1.00005
1
1
1
1
1
1
1
1
1
1
1
1
1
1
1
1
1
1
1
1
1
1
1
1
1
1
1
1
1
1
1
1.00002
1
0.999991
0.999096
1
1
1
1.00031
1
1
1
1
1
0.998833
1
1
1
1
1
0.999857
1
1
1
1
1
1
1
1
1
1
1
1
1
1
1
1
1
1
1
1
0.999999
1
1
0.999955
1
1
1
1
1
1
1
1
1
1
1
1
1
0.998207
1
1
1
1
1
1
1
1
0.99999
1
1
1
1
1
1
1.00005
1
1
1
1
1
1
1
1
1
1
1
1
1.0005
1
1
1
1
1
1
0.999999
1
1.00001
1.00048
1
1
1
1
1
1
1
1
1
1
1
1
1
1.00028
1
1
1
1
1
1
1
1
1
1
1
1
1.00003
1
1
1
0.999995
1
1
1
1
1
1
1
1
0.999994
0.997627
1
1
1
0.994346
1
1
1
1
1
1
0.999628
1
1
1
1
1
0.99992
1
1
1
1
1
1.00006
1
1
1
1
1
1
1
1
1
1
1
1
1
1
1
0.999984
1
1
1
1
1
1
1
1
1.00006
1
1
1
1
1
1
1
1
1
1
1
1
1
1
1
1
1
1
1
1
1
1
1
1
1
1
1
1
1
1
1
1
1
0.999714
1
1
1
1
1
1
1
1
1
1
1
1
1
1
0.999993
1
1
1
1
1
1
1
1
1
1
1
0.991561
1
1
0.999994
1
1
1
1
1
1
1
1
1
1.00002
1
1
1
1
1
1
1
1
1
1
1
1
1
1
1
1
1
1
1
1
1
1.00045
0.999992
1
1
1
0.998455
1
1
1
1
1
1
1
1
1
1
1
1
0.999975
1
1
1
1
1
1
1
1
1
1
1
1
1.00003
1
1
0.999503
1
1
1
1
1
1
1
0.997811
1
1
1
1
1
1
1
1
1
1
0.995743
1
1
1
1
1
1
1
1
1
1
1
1
1
1
1
1
1
1
1
1
1
1
1
1.00001
1
0.999971
1
0.999987
1
1.00049
1
1.0001
0.999925
1
1
1
1
1
1
1
0.999764
1
0.994463
1
1
1
1
1
1
1
1
1
1
1
1.00002
1
1
1
1
0.998273
1
1
0.986024
1
1
1
1
1
1
1
1
1
1
1
1
1
1
1
1
1
1
1
1
1
1.00003
0.999732
1
1
1
1
1
1
1
1
1
1.00002
1
1
1
1
1
1
1
1
1
1
1
1
1
1
1
1
1
1
1
1
1
1
1
1
1
1
1
1
1
0.999177
1
1.00006
1
1
1
0.994593
1
1
1
1
1
1.00003
1
1
1
1
1
1
1
1
1
1
1
0.999976
1
1.00001
1
1
1
1
1
1
1
1.00002
1
1
1
1
1
1
1
1
1
1
1.00013
1
1
1
1
1
1
1
1
1
1
1
1
1
1.0002
1
1
1
1
1
1
1
1
1
1
1
1
1
1
0.997996
1
1
1
1
1
1
1
1
1
1
1
1
1
1
1
1
1
1
1
1
1
1
1
1
1
1
1
0.999649
1
1
0.998521
1
1
1
0.999397
1
1
1
1.0001
1
1
1
0.999953
1
1
1
1
0.999929
0.999985
1
1
1
1
1
1
1
1
1
1
1
1
1
1
1
1
1
1
1
1
1
1
1
1
1
1
1
1
1
1
1
1
1
1
1
1
1
1
1
1
1
1
1
1
1
1
1
1
1
1
1
0.999466
1
1
1
1
1
1
1
1
1
1
1
1
1
1
1
1
1
1
1
1
1
1
1.00006
1
1
1
0.99477
1
1
1
1
1
1
1.00018
1
1
1
1
1
1.00004
1
1.00117
1
1
1
1
1
1
1.00003
1
1
1
1
1
1
1
1
1
1
1
1
1
1
1
1
1
1
1
1
1
1
0.999858
1
1
1
1
1
1
1
1
1
1
1
1
1
1
1
1
1
1
1.00144
1.00002
1
1
1
1
1
1
1
1
1
1
1
0.996846
1
1
1
1
1
1
1
1
1
1
1
1
1
1
1.0001
1
1.00172
1
1
1
1
1
1
1
1
1
1
1
1
0.999997
1
1
1
0.999999
1
1
1
1
1
1
1
1
1
1
1
1
0.999999
1
1
1
1
1
1
1
1
0.997168
1
1
1
1
1
1
1
1
1
1
1
1
1
1
1
1
1
1
1
1
1
1
1
1
1
1
1
0.999996
1
1
1
1
1
1
1
1
1
1
1
1
1
1
1.00012
1
1
1
1
1
1
1
1
1
1
1.00003
1
1
1
1
1
1
1
1
1
1
1
1
1
1
0.999986
0.998692
1
1
1
1
1
1
1
0.997863
1
1
1.00001
1
0.999607
1
1
1.00003
0.999999
1
1
1
1
1
0.999999
1
1
1
1
1
1.00027
1
1
1
1
1
1
1
1
1
1
1
1
1
1
1
1
1
1
1
1
1
1
1
1
0.999956
1
1
0.999496
1
1
1
1
0.998507
1
1
1
1
1
1
1
1
1
1
1
1
1
1
1
1
1
1
1
1
1
1
0.998498
1
1
1
1
1
1
1
1
1.00012
1
1
1
1
1
1
1
1
0.999996
1.00003
1
1
0.999738
1
1
1
1
1
1
1
1
1
1
1
1.00006
1
1
1
1
1
0.999999
1
1
1
1
1
1
1
1
1
1
1
1
0.986731
1
1
1
1
1.00017
1
1
1
1
1
1
1
1
1
1
1
1
1
1
1
1
1
1
1
1
1
1
1
1
1
1
1
1
1
1
1
1
1
1
1
1
1
1
1
1
1
1
1
1
0.999853
1
0.997428
1
1
1
1
1
1
1
1
1
1
1
1
1
1
1
1
1
1
0.997712
1
1
1
1
1
1
1
1
1
1
1
1
1
1
1
1
1
1
1
1
1
1
1
1
1
1
1
1
1
1.00002
1
1
1
1
1
1
1
1
1
1
1
1
1
1
1
1
1
1
0.999471
1
1
1
1
1
1
1
1
1
1
1
1
1
1
1
1
1.00048
1
1
1
1
1
1
1
1
1
1
1
1
1
1
1
1
1.00001
1
1
1
1
1
1
1
1
1
1
1.00001
1
1.00009
0.999751
1
1
1
1
1
1.00026
1
1
1
1
1
1
1
1
1
1
1.00027
1.00002
1
1
0.998703
1
0.999985
1
1
1
0.999103
1
1
1
1
1
0.99999
1
1
1
0.999999
1
1
1
1
1
1
1
1
1
1
0.999682
1
1
1
1
1
1
1
1
1
1
1
1.00017
0.999979
1
1
1
1
1
1.00011
1
1
1
1
1
1
1
1
1
1
1
1
1
1
1
1
1
1.00014
1
1
1
1.00028
1
1
1
1
1.00019
1
0.999893
1
1
1
1
1
1
1
1
1
1
1
1
1
1
1
1
1
1
1
1
0.999927
1
1
1
1
1
1
0.999557
1
1
1
1
1
1
1
1
1
1
1
1
1
1
1
1
1
1
1
1
1
1
1
1
1
1
1
1
1
1
1
1
1
1
1
1
1
1.00014
1
1
1
1
1
1
1
1
1
1
1
1
1
1
1
1
1
1.0016
1
1
1
1
1
1.0001
1
1
1
1
1
1
1
1
1
1
1
1
1
1
1
1
1
1
1
1
1
1
1
1
1
1
1
1
1
1
0.999997
1
1
1
1
1
1
1
1
1
1
1
1
0.999925
1
1
1
1
1
1
1
1
1
1
1
1
1
1
1
1
1
1.00001
1
1
1.00013
1
1
1
1
1
1
1
1
1
1
1
1
1
1
1
1
1
1
1
1
1
1
0.999556
1.00001
1
0.999975
0.999657
1
1
1
1
1
1
1
1
1
1
1
1
1
1
1
1
1
1
1
1
1
1
1
1
1
1
1
1
1
1
1
1
1
1
0.996701
1
1
1
1
1
1
1
1
1.00012
1
1
1
1
1
1
1
1
1
1
1
1
1
1
1
1
1
1
1
1
1
1
1
1
1
1
1
1
1
1
1
1
1
1
0.999992
1
1.00096
0.999871
1
1
1
1
1
1
0.997116
0.999992
1
1
1
1
1
1
1
1
1
1
1
1
1
0.999919
1
1
1
0.998708
1
1
1
1.00001
1
0.999988
0.999547
1
1
1
1.00003
1
1
1
1
1
1
1
1
1
1
1
1
1
1
1
1
1
1
1
1
1
1
1
1
1
1
1
0.999935
1
1
1
1
1
1
1
0.999999
1
1
0.999975
1
1
0.999961
1
1
1
1
1
1
1
1
0.999815
1
1
1
1
1
1
1
1
1
1.00012
1
1
1
1
1
1
1
1
1
1
1
1
1
1
1
1
1
1
1
1
1
1
1
0.999958
1
1
1
1
1
1
1
1
1
1
1
1
1
0.998534
1
1
1
1
0.999891
1
1
1
0.9986
1
1
1
1
1
1
0.999661
1
1
1
1
1
1
1
1
1
1
1
1
1
1
1
1
1
1
1
1
1
1
1
0.999033
1
1
1
1
1
1
1
1.00029
1
1
1.00039
1
1
1
1
1
1
1
1
1
1
1
1
1
1
1
1
0.99998
1
1
1
1
1
1
1
1
1
1
1
1
1
1
1
1
1
1
1
1
1
1
1.00128
1
1
1
1
1
1
1
1
1
1
0.99998
1
1
1
1
1
1
1.00134
1
1
1
1
0.99998
1
1
1
1
1
1
1
1
1
1
1
1
1
1
1
1
1
1
1
1
0.999967
1
1
1
1
1.00001
1
1
1
1
1
1
1
1
1
1
1
0.999997
1
1
1
1
0.999987
1
1
1
1
1
1
1
1
1
0.999845
1
1
0.999971
1
1
1
0.999959
1
1
1
1
1
1
1
1
1
1
1
1.00006
1
1
1
1
1
1
1
1
1
1
1
1
1
1
0.994564
1
1
1
1
1
1
1
1
1
1
1
1
1
1
1
0.999949
1
1
1
1
1
1
1
1
1.00052
1
1
1
1
1
1
1
1
1
0.997989
1
1
1
1
1
1
1
1
1
1
1
1
1
1
1
1
0.998198
1
1
1
1
1
1
1
1
1
1
1
1
1
1
1
1
1
1
1
1
1
1
1
1
1
1
1
1
1
1
1
1
1
1
1
1
1
1
1
1
1
1
1
1
1.00131
1
1
1
1
1
1
1
1
1.0001
1
1
1
1
1
1
1
1
1
1
1
1
1
1
1
1
1
1
1
1
1
1
1
1
1
1
1
1
1
1
1
1
1
0.999981
1
1
1
1
1
1
1
1
1
1
1
1
1
1.00001
1
1
1
1
1
1
1
1
1
1
1
1
1
1
1
1
1
1
1
1
1
1
1
1
1
1
1
1
1
1
1.00002
1
1
1
1
1
1
1
1
1
1
1
1
1
1
1
1
1
1
1
1
1
1
1
1
1
1
1
1
1
1
1
0.999338
1
1
1
1
1
1
1
1
1
0.999993
1
1
1
1
1
0.99989
1
1
1
1
1
1
1
1
1
1
1
1
1
1
1
1
1
1
1.0054
1
1
1
1
1
1
0.999759
1
1
1
1
1
1
1
1
1
1
1
1
1
1
1
1.00001
1
1
1
1
1
1
1
1
1
1
1
1
1
1
1
1
1
1
1
1
1
1
1
1
1
1
1
1
1
1
1
1
1
1
1
1
1
1
1
1
1
1
1
1
1
1
1
1
1
1
1
1
1
1
1
1
1
1
1
1
1
1
1
1
1
1
1
1
1
1
1
1
1
1
1
1
1
1
1
1
1
0.998595
1
1
1
1
1
1.00003
1
0.99384
1
1
1
1
1
1
1
1
1
1
1
1
1
1
1
1
1
1
1
1
1
1
1
1
1
1
1
1
0.999999
1
1
1
1
1
1
1
1
1
1
1
1
0.999989
1
1
1
1
1
1
1
1
1
1
1
1.0002
1.00008
1
1
1
1
1
1
1
1
1
1
1.00001
1
1
1
1
1
1
1
1
1
1
1
1
1
1
1
1
1
1
1
1
1
1
1
1.00029
1
1
1
1
1
1
1
1
1
1
1
1
1
0.999935
1
1
1
1
1
1
1
1
1
1
1
1
1
1
1
1
1
0.999944
0.999964
1
1
1
1
1
1
1
1
1
1
1
1
1
1
1
1
1.0002
1
1
1
1
1
1
1
1
1
1
1
1
1
1
1
0.998981
1
1
0.999973
1
1
1
1
1
1
1
1
1
0.999921
1
1
1
1
1
0.999994
1
1
1
0.999937
1
1
1
1
1
1
1
1
1
1
1
1
1
0.999989
1
1
1
1
1
1
1
1
1
1
1
1
1
1
1
1
1
0.99998
1
0.994466
1
1
1
1.00002
1
1
1
1
1
1
1
1
1
1
1
1
1
1
1
0.999267
1
1
1
1
1
1
0.997416
1
1
1
1
1
0.99996
1
1
1
0.999982
1
1
1
1
1
1
1
1
0.998585
0.999955
1
1
1
1
1.00005
1
1
1
1
1
1
1
1
0.995398
1
1
1
1
1
1
1
1
1
1
1
1
1
0.998083
1
1
0.999042
1
1
1
1
1
1
1
1
1
1
1
1
1
1
1
1
1
1
1
1
1
1
1
1
1.00006
1
1
1
1
1
1
1
1
1
1
1
1
1
1
1
1
1
1
1
1
1
1
1
1
1.00002
1
1
1
1
1
1
1
1
0.999614
1
1
1
1
0.99998
1
1
1
1
1
1
1
1
1
1
1
1
1
1
1
1
1
1
1
1
1
1
1
1
1
0.999998
1
1
1
1
1
1
1
1
1
1
1
1
1
1
1
1
1
1.00012
1
1
1
1
1
1
1
1
1
1
1
1
1
1
1
1
1
1
1
1
1
1
1
1
1
1
0.999923
1
1
1
0.999925
1
1
1.00001
1
1
1
1
1
1
0.999998
1
1
1
1
1
1
1
1
1
1
1
1
1
1
1
1
1
1
1
1
1
1
1
1
1
0.999998
1
1
1
1
1
1
0.999996
1
1
1
1
1
1
1
1
1
1
1
1
1
1
1
1
1
1
1
1
0.995467
1
1
1
1
1
1
1
1
1
1
1
1.00052
1
1
1
1
1
1
1
1
1
1
1
1
1
1
1
1
1
1
1
1
1
1
1
1
1
1
1
1
1
1
1
1
1
1
1
1
1
1
0.99963
1
1.00104
1
1
1
1
1
1
1
1
0.999643
1
1
1
1
1
0.998603
1
1
1
1
1
1
0.999993
1
1
1
1
1
0.999047
1
1
1
1
1
1
1
1
1
1.00001
1
1
1
1
1
1
1
1
1
1
1
1
1
1
1
1
1
1
1
1
1
1
1
1
1
1
1
1
1
1
1
1
1
1
1
1
1
1.00038
1
1
1
1
1
1
1
1
1
1
1
1
1
1
0.997273
1
1
1
1
1
1
1
1
1
1
1
1
1
1
1
1
1
1
1
1
1
1
1
1
1
1
0.999952
1
1.00009
1
1
1
0.998066
1
1
1
1
1
1
0.999894
1
1
1
1
1
1
1
1
1
1.00002
1
1
1
1
1
1
1
1
1
1
1
0.999922
1
1
1
1
1
1
1
1
0.995794
1
1
1
1
1
1
1.00005
1
1
1
1
1
1
1
1
1
1
1
1
1
1
1
1
1
1
1
1
1
1
1
1
1
1
1
1
1
1
1
1
1
0.995434
1
1
1
1
1
1
1
1
1
1
1
1
1
1
1
0.999913
1
1
0.999899
0.99425
1
1
1
1
1
1
1
1
1
1
1
1
1
1
1
1
1
1.00003
1
1
1
1
1
1
1
1
1
1
1
1
1
0.998495
1
1
1.00005
1
1
1
1
1
1
1
1
0.999994
1
1
1
1
1
1
1
1
1
1
0.999983
1
1
1.00008
1
1
1
1
1
1
1
0.999502
1
1
1
1.00207
1
1
1
1
1
1
1
1
1
1
1
1
1
0.999996
1
1
1
1
1
1
1
1
1
1
1
1
1
1
1
1
1
1
1
1
1
1
1
1
1
1
1
1
1
1
1
1
1
1
0.995833
1
1
1
1
1
1
1
1
1
1
1
1
1
1
1
0.999999
1
0.999991
1
1
1
1
1
1.00006
1
1
1
1
1
1
1
1
1
1
1
1
1
1
1
1
1
1
1
1
1
1
0.999999
1
1
1
1
1
1
1
1
1
1
1
1
1
1
1
0.996797
1
1
1
1
1
1
1
1
1
1
1
1
1
1
1
1
1
1
1
1
1
1
1
0.999967
1
1
1
1
1
1
1
1
1
1
1
1
1
1
1
1
1
1
1
1
1
1
1
1
1
1
1
1
1
1
1
1
0.999996
1
1
1
1
1
1
1
1
0.997472
1
1
1
1
1
1
1
1
1
1
1
1
1
1
1
1
1
1
1
1
1
1
1
1
0.999923
1
1
1
1
1
1
1
1
1
1
1
0.999995
1
1
1
0.99998
1
1
1
1
1
1
1
1
1
1
1
1
1
1
1
1
0.999954
1
1
1
1
1
1
0.999963
1.00005
1
0.994952
1
1
1
1
1
1
1
1
1
1
1
1
1
1
1
1
1
1
1
1
1
1
0.999999
1
1
1
1
1
1
1
1
1
1
1
1
1
1
1
1
1
1
1
1
1
1
1
1
1
1
1
1
1
1
1
1
1
1
1
1
1
1
1
1
1
1
1
1
1
1
1
1
1
1
0.999993
1
1
1
1
1
1
1
1
1
1
1
1
1
1
1
1
1
1
1
1
1
1
1
1
1
1
1
1
1
1
1
1
1
1
1
1
1
1.00039
1
1
1
1
1
1
1
1
1
1
1
1
1
1
1
1.00003
1
1
1
1
1
1
1
1
1
1
1
1
1
1
1
1
1.00001
1
1
1
1.00001
1
1
1
1
1
1
1
1
1
1
1
1
1
1
1
1
1
1
1
1
1
1
1
1
1
1
1
1
1
1
1
1
1
1
1
1
1
1
1
1
1
1
1
1
1
1
1
1
1
1
1
1
1
1
1
1
1
1
1.00001
1
1
1
1
1
1
1
1
0.999998
0.999779
1
1
1
1
1
1
1
1
1
0.999401
1
1
1
1
1
1
1
1
1
1
1
1
1
1
1
1
1
1
1
1
1
1
1
1
0.999914
1
1
1
1
1
1
1
1
1
1
1
1
1
1
1
1
1
1
0.999275
1
1
1
1
1
1
1
1
1
1
1
1
1
1
1
1
1
1
0.995595
1
1
1
1
1
1
1
1
1
0.998985
1
1
1
1
1
1
1
1
1
1
1
1
1
1
1.00006
1
1
1
1
1
1
1
1
1
0.999962
1
1
1
1
1
1
1
1
1
1
1
1
1
1
1
1
1
1
1
1
1
1
0.999858
1
1
0.999997
1
1
1
1
1
1
1
1
1
1
1
1
1
1
0.999919
1
1
1
1
1.00001
1
1
1
1
1
1
1
1
1
1
1
1
1
1
1
1
1
0.998584
1
1
1
1
1
0.999999
1
1
0.996014
1
1
1
1
1
1
1
1
1
1
1
1
1
1
1
1
1
1
1.00002
1
1
1
0.999998
1
1
1
1
1
1
1
1
1.00038
1
1
1
1
1
1
0.998037
1
1
1
1
1
1
1
1.00002
1
1
1
1
1
1
1
1
0.997811
1
1
1
1
1
1
1
1
1
1
1
1
1
1
1
1
1
1
1
1
1
1
1
1
1
1
1
1
1
1
1
1
1
1
1
1
1
1
1
1
1
1
1
1
1.00042
1
1
1
1
0.99868
1
1
1
1
1
1.00023
1
1
1
1
1
1
1
1
1
1
1
1
1
1
1
1
1
1
1
1
1
1
1
1
1
1
1
1
1
1
1
1
1
1
1
1
1
1
1
1
1
1
1
1
1
1
1
1
1
1
1
1
1
1
1
1
1
1
1
1
1
0.999963
1
1
1
1
1.00001
1
1
1
1
1
1
1
0.999117
1
1
1
1
1
1
1
1
1
1
1
1
1
1
1
1
1
1
1
0.999988
1
0.999979
1.00003
1
1
1
1
1
1
1
1
0.999971
1
1
1
1
1
1
1
1
0.999969
1
1
1
1
1
0.999998
1
1.00002
1
1
1
1
1
1
1
1
1
1
1
0.999898
1
1
1
1
1
1
1
1
1
1
0.999771
1
1
1
1
0.999991
1
1
1
1
1
1
1
1
1
1
1
1
1
1
1
0.999999
1
1
0.999987
1
1
1
1
1
1
1
1
1
0.999992
1
1
1
1
0.999995
0.999949
1
1
1
1
1
1
0.998531
1
1
1
1
0.999632
1
1
1
0.999995
1
1
1
1
1
1
0.999788
1.0004
0.999994
1
1
1
1
1
1
1
0.999538
1
1
1
0.999985
1
1
1
1
1
1.00018
1
1
1
1
1
1
0.999996
0.999992
0.999993
1
1
1
1
1
1
1
1
1
1
0.999989
1
1
1
1
1
1
1
0.998196
1
1
1
0.999997
1.00047
1
1
0.999994
1
1
1
1
0.999965
1
1
1
1.00001
1
1
1
1
1
1
1
1
0.999997
0.999999
0.995397
0.999995
1
1
1
1
1
1.00041
1
1
1
1
0.999255
1
1
0.99997
1
1
1
1
1
1
1
1
1
1
1
1
1
1
1
1
1
1
1
1
1
1
1
1
1
1
1
1
1
1
1
1
1
1
1
1
1
1
1
1
1
1
1
1
1.00011
1
1.00013
1
1
1
1
1
1
1
1
1
1
1
1
1
1
1
1
1
1
0.999993
1
1
1
1.00089
1
1
1
1
1
1
1
1
1
1
1
1
1
1
1
1
1
1
1
1
1
1
1
1
1
1
1
1
1
1
1
1
1
1
1
1
1
1
1
1
1
1
1
1
1
1
1
0.999988
1
1
1
1
1
1
1
0.999845
1
0.989432
1
1
1
1
1
1
1
0.999606
1
1
1
1
1
1
1
1
1
1
1
1
1
1
1
1
1
1
1
1
0.9976
1
1
1
1
1
1
1
1
1.00004
1
1
1
1
1
1
1
1
1
1
1
1
1
1
1
1
1
1
1
1
1.00012
1
1
1
1
1
1
1
1.00062
1
1
0.999759
0.999182
1
1
1
0.996052
1
1
1
1
1
1
1.00004
1
1
1
1
1
1
0.999565
0.999999
1
1
0.999706
1
1
1
1
0.999999
1
1
1
1
1
1
1
1
1
0.999985
0.996136
0.999497
1
1
0.998597
1
1
1
1
1
1
1
1
1
1
1
1
1
1
1
1
1
0.999143
1
1
1
1
1
1
1
0.999721
0.99887
1
1
1
0.999475
1
1
0.998391
1
1
1
1
1.00004
1
1
1
1
1
1
1
1
1
1
1
1
1
0.999306
1
1
1
0.999959
1
1
1
1
1
1
1
1
1
0.99972
1
1
1
1
1
1
1
1
1.00024
1
1
1
1
1
1
0.999987
1
1
1
1
1
1
0.99996
1
1
1
1
1
1
1
0.999993
1
0.998232
1
1
1
1
1
1
1
1
0.999949
1.00001
1
1
1
1
1
1
1
1
1
0.996298
1
1
1
1
1
1
1
1
1.00001
1
1
1
0.999964
0.999939
1
1
1
1
1
0.99999
1
1
1
1
1
1
1
0.999675
1
1
1
1
1
1
1
1
1
1
1
1
1
1
1
0.999999
1
1
1
1
1
1.00001
1
1
1
1
0.99995
1
1
1.00001
1
1
1
1
1
0.999833
1
0.999997
1
1
1
1
1
1
1
1
1
1
1
1
1
1
1
1
0.999999
1
1
1
1
1
1
1
1
1
1
1
1
1
1
1
1
1
1
1
1
1
1
1
1
1
1
1
1
1
1
1
1
1
0.999999
1
1.00002
1
0.999996
1
1
0.999917
1
1
1
1
1
1
1
1
1
1
1
1
1
1
1
1
1
1
1
0.99856
1
1
1
1
1
1
1
1.00002
1
1
1
1
1
1
1
1
1
1
0.999883
1
1.00003
1
0.999935
1
1
1
1
1
1
1
1
1
1
1
1
1
1
1
1
1
1
1
1
1
1
1
1
1
1
1
1.00256
1
1
1
1
1
1
1
1
1
1
1
1
1
1
1
1
1
1
1
1
1
1
1
1
1
1
1
1
1
1
1
0.997202
1
1
0.997766
1.0008
1
1
1
1
0.999996
1
1.00001
1
1
1
1
1
1
1
1
1
1
1.00001
1
1
1
1
1
1
1
1
1
1
1
1
1
1
1
1
1.00001
1
1
1
1
1
1
1
1
1
1
1
1
1
1
1
1
1
1
1
1
1
1
1
1
1
1
1
1
1
1
1
1
1
1
1
1
1
1
1
1
1
1
1
1
1
1
1
1
1
1
1
1
1
1
1
1
1
1
1
1
1
1
1
1
1
1
1
1
1
1
1
1
1
1
1
1
1
1
1
1
1
1
1
1
1
0.999878
1
1
1
1
1
1
1
1
1
1
1
1
1
1
1
1
1
1
1
1
1
1
1
1
1
1
1
1
1
1
0.999997
1
1
1
0.999998
1
1
1
1
1
1
1
1
1
1
1
1
1
1
1
1
1
1
1
1
1
1
1
1
1
1
1
1
1
1
1
1
1
1
1
1
1
1
1.00032
1
1
1
1
1
1
1
1
1
1
1
1
1
1
1
1
1
1
1
0.999999
1
1
1
1
1
1
1
1
1
1
1
1
1
1
1
1
1
1
1
1
1
1
1
1
1
1
1
1
1
1
1
1
1
1
1
1
1
1
1
1
1
1
1
1
1
1
1
1
1
1
1
1
1
1
1
1
1
1
1
1
1
1
1
1
1
1
1
1
1
1
1
1
1
1
1
1
1
1
1
1
1
1
1
1
1
1
1
1
1
1
1
1
1
1
1
1
1
1
1
1
1
1
1
1
1
1
1
1
1
1
1
1
1
1
1
1
1
1
1
1
1
1
1
1
1
1
1
1
1
1
1
1
1
1
1
1
1
1
1
1
1
1
1
1
1
1
1
1
1
1
1
1.00003
1
1
1
1
1
1
1
1
1
1
1
1
1
1
1
1
1
1
1
1
1
1
1
1
1
1
1
1
1
1
1
1
1
1
1
1
1
1
1
1
1
1
1
1
1
1
1
1
1
1
1
1
1
0.996167
1
1
1
1
1
1
1
1
1
1
1
1
1
1
1
1
1
1
1
1
1
1
1
0.999978
1
1
1
1
1
1
1
1
1
1
1
1
1
1
1
1
1
1
1
1
1
1
1
1
1
1
1
0.998309
1
1
1
1
1
1.00002
1
1
1
1
1
1
1
1
1
1
1
1
1
1
1
1
1
1
1
1
1
1
1
1
1
1
0.999959
1
1
1.00008
1
1
1
0.999068
1
1
1
1
1
1
1
1
1
1
1
1
1
1
1
1
1
0.999897
1
1
1
1
1
1
1
1
1
1
1
1
1.00002
1
1
1
1
1
1
1
1
1
1
1
1
1
1
1
1
1
1
1
1
1
0.999995
1
1
1
1
1
1
1
1
1
1
1
1
1
1
0.99996
1
1
1
1
1
1
1
1
1
1
1
1
1
1
1
1
1
1
1
1
1
1
1
1
1
1
1
1
1
1
1
1
1
1
1
1
1
1
1
1
1
1
1
1
1.00018
1
1
1
1
1
1
1
1
1
1
1
1
1
1
1
1
1
1
1
1
1
1
0.999966
1
1
1
1
1
1
1
1
1
1
0.999999
1
1
1
1
1
1
1
1
1
1
1
1
1
1
1
1
1
1
1
1
1
1
1
1
1
1.00021
1
1
1
1
1
1
1
1
1
1
1
1
1
1
1
1
1
1
1
1
1
1
1
1
1
1
1
1
1
1
1
1
1
1
1
1
1
1
1
0.996235
1
1
1
1
1
1
1
1
1
0.999148
1
1
1
1
1
1
1
1
1
1
1
0.995852
1
1
1
1
1
1
1
1
1
1
1
1
1
1
1
1
1
1
1
1
1
0.999999
1
1
1
1
1
1
1
1
1
1
1
1
1
1
1
1
1
1
1
1
1
1
1
1
1
1
1
1
1
1
1
1
1
1
1
1
1
1
1
1
1
1
1
0.999014
1
1
1
1
1
1
1
1
1
1
1
1
1
1
1
1
1
1
1
1
1
1.00008
1
1
1
1
1
1
1
1
1
1
1
1
1
1
1
1
1
1
1
1
1
1
1
1
1
1
1
1
1
1
1
1
1
1
1
1
1
1
1
0.999792
1
1
1
1
0.999998
1
1
1
1
1
1
1
1
1
1
1
1
1
1
1
1
1
1
1.00002
1
1
1
1
1
1
1
1
1
1
1
1
1
1
0.999984
1
1
1
1
1
1
1
1
1
1
1
0.999946
1
1
1
1
1
1
1
1
1
1
1
1
1.00001
1
1
1
1
0.999996
1
1
1
1
1.00012
1
1
0.999997
1
1
1
1
1
1
1
1
1
1
1
1
0.996295
1
1
1
1
1
1
1
0.999997
1
1
1
0.999998
1
1
1
1
1
1
1
0.999768
1
1
1
1
1
1
1
0.999994
1
1
1
1
1
1
1
0.999668
1
1
1
1
0.999545
1
1
1
0.99999
1
1
0.99999
1
1
1
1
1
1
1
1
1
1
1
1
1
1
0.999981
1
1
1
1
1
1
1
1
1
1
1
1
1
1
1
1
1
1
1
1
1
1
1
1
1
1
1
1
1
0.999995
1
1
1
0.995328
1
1
1
1
1
1
1
1
1
1
1
1
1
1.00001
1
1
1
1
1
1
1
1
1
1
1
1
0.999997
1
1
1
1
1
1
1
1
1
1
1
1
1
1
1
1
1
1
1
1
1
1
1
1
1
1
1
1
1
1
1
1
1
1
1
1.0001
1
0.999998
1
1
1
1
1
1
1
1
1
1
1
0.999998
1
1
1
1
1
1
1
1
1
1
1
1
1
1
1
1
1
1
1
1
0.999999
1
0.999949
0.996515
1
1
1
1
1
1
1
1
1
1
1
1
1
1
1
1
1
1
1
1
1
1
1
1
1
1
0.999999
1
1.00004
1
1
1
1
1
1
1
1
1
1
1
1
1
1
1
1
1
1
1
1
0.998939
1
1
1
1
1
0.999993
1
1
1
1
1
1
0.999972
1
1
1
1
1
0.999991
1
1
1
1
1
1
1
1
1
1
1
1
1
1
1
1
1
1
1
1
1
1
1
1
1
1
0.999991
0.999999
1
1
1
1
1
1
1
0.999987
1
1
1
1
1
1
0.999961
1
1
1
1
1
1
1
1
1.0012
1
1
1
1
1
1
1
1
1
1
1
1
1.00002
0.999735
1
1
1
1
1
0.999992
1
1
1
0.999999
1
1
1
1
1
1
1
1
1
1
1
1
1
1
1
1
1
1
1
1
1
1
0.999026
1
1
1
1
1
1
1
1
1
1
1
1
1
1
1
1
0.999999
1
1
1
1
1
1
1
1
1
1
0.999945
0.999796
1
0.999998
1
1
1
0.999591
1
1.00057
1
1.00001
1
1
1
1.00001
0.999997
1
1
1
1
1
1
1
1
0.99708
1
1
1
1.00004
1
1
0.999916
1
1
1
1
1
1
1
1
1.00027
1
1
1
1
1
1
1
1
1
1
0.999996
1
1
1
1
1.00027
1
1.00001
1
1
1
1
1
1
1
1
1
1
1
1
1
1
1
1
1
1
1
1
1
1.00029
1
1
1
1
0.986534
1
1
1
1
1
1
1
1
1
1
1
1
1
1
1
1
1
0.999107
1
1
1
1
1
1.00001
1
1
0.999999
1
1
1
1
1
1
1
1
1
1
1
1
1
1
1
1
1
1
1
1
1
1
1
0.999419
1
1
1
1
1
1
1
0.99741
1
1
1
1
1
1
1
1
1
1
1
1
1
1
1
1
1
1
1
1
1
1
1
1
1
1
1
1
1
1
1
0.989326
1
1
1
1
1
1
1
1
1
1
1
1
1.00002
1
1
1
1
1
0.999031
1
1
1
1.00019
1
1
1
1
1
1.00012
1
1.00001
1
1
1
1
1
1
1
1
1
1
1
1
1
1
1
1
1
1
1
1
1
1
1
1
0.994905
1
1
1
1
1
1
1
1
1
1
1
1
1
1
1
1
1
1
1
1
0.998923
1
1
1
1
0.999999
1
1
1
1
1
1
1
1
1
1
1
1
1
1
1
1
1
1
1.00044
1
1
1
1
1
1
1
1
1
1
1
1
1
0.999589
1
1
1
1
0.999991
0.999975
1
1
1
1
1
1
1
1
1
1
0.997582
1
1
1
1
1
0.999061
1
1.00002
1
1
0.998716
1
1
1
1
1
0.997166
1
1
1
1
1
1
1.00006
1
1
1
1
1
1
1
1
1
1
0.994642
1
1
1
1
1
1
1
0.999993
1
1.00001
1
1
1
1
1
1
1
1
1
1
1
1
1
1
1
1
1
1
1
1
1
1
1
1
1
1
1
1
1
1
1
1
1
1
0.999996
1
1.00001
1
1
1
1
1
1.00036
1
1
1
1
1
1
0.997944
1
1
1
1
1
1
1
1
1
1
1
1
1
1
1.00005
1
1
1
1
1
1
1
1
1
1
1
1
1
1
1
1
1
1
1
1
1
1
1
1
0.999993
1.00001
1
1
1
1
1
1.00008
1
1
1
1
1
1.00001
1
1
1.00001
1
1
1
1
1
1
1
1
1
1
1
1
1
1
1
1
1
1
1
1
1
1
1
1
1
1
1
1
1
1
1
1
1
1
1
1
1
1
1
1
1
1
1
1
1
1
1
1
1
1
1
1
1
1
1
1
1
1
1
1
1
1
1
1
1
1
0.999987
1
1
1
1
1
1
1
1
1
1
1
1
1
1
1
1
1
1
1
1
1
1
1
1
1
1
1
1
1
1
1
1
1
1
1
1
1
1
1
1
1
1
1
1
1
1
1
1
1
1
1
1
1
1
1
1
1
1
1
1
1
1
1
1
1
1
1
1
1
1
1
1
1
1
1
1
1
1.00011
1
1
1
1
1
1
1.00034
1
1
1
0.999999
1
1
1
1
1
1
1
1
1
1
1
1
0.999974
1.00005
0.993703
0.999864
1.0003
1
1
1
1
1
0.999981
1
1
1
1
1
1.00005
1
1
1
1
1
1
1
0.999999
1
1
1
1
1
1
1
1
1
1
1
1
1.00004
1
1
1
1.00007
1
1
1
1
1
1
1
1
1
1
1
0.999999
1
1
1
1
1
1
1
1
1
1
1
1
0.999997
1
1
1
1
1
1
1
0.999819
1
1
1
1
1
1
1
1
1
1
1
1
1
1
1
1
1
1
1
1
0.999205
1
1
0.999991
0.999999
1
1
1.00001
0.999909
1
1
1
1
1
1
1
1
1
1
1
1
1
1
1
1
1
1
1
1
1
1
1
1
1
1
1
1
1
1
1
1
1
1
1
1
1
1
1
1
1.00002
1
1
1
1
1
1
1
1
0.999989
1
1
1
1
1
1
1
1
1
1
1
1
1
1
1
1
1
1
1
1
1
1
0.99716
1.0001
1
0.999962
1
1
1
1
1
1
1
1
1
0.999928
1.0001
0.993192
1
1
1
1
1.00001
1
1
1
1
1
0.99129
1
0.998104
1
1
1
1
1
1
1
1
1
1
1
1
1
1
1
1
1
1.00001
1
0.999999
1
1
1
1
1
1
1
1
1
1
1
1
1.00001
1
1
1
1
1
0.999972
1
1
1
1
1
1
0.99904
0.999992
1
1
1
1
1
1
1
1
0.997317
1
1
1
1
1.00013
1
1
1.00011
1
1
1
1
1
1
1
1
1
1
1
1
1
1
0.999022
1
0.999004
1
1
1
0.997674
1
0.999853
1
1
1
1
1
1
1
1
1.00082
1
1
0.998211
1
0.998033
1.00004
1
0.999635
1
1
1
1
1
1
1
0.995039
1
1
1
1
1
1
1
1
1
1
1
1
1
1
1
1
1
1
1
1
1
1
1
1
1
1
0.999947
1
1
1
1
1
1
1
1.00029
1
1.00001
0.999719
1
1
1
1
1
1
1
1
1
1
1
1
1
0.999982
0.998764
0.99994
1
1
1
0.999874
1
0.999998
1
1
1
1
1
1
1
1
1
1
1
1
1
1
1
1
1
1.00002
1
1.00005
1
1
1
1
1
1.00003
1
1
1
1
1
1
1
1
1
1
1
1
1
1
1
1
1
1
1
1
1
1
1
1
1
1
1
1
0.999999
1
1.00002
1
1
1
1
1
1
1
1
1
1
1
1
1
0.999997
1
1
1
1
1
1
1
1
1
1
1
1
1
1
1
1.00001
1.00001
0.999854
1.00045
1
0.999998
1.00001
1
1
1
1
1
1
1
1
1
1.00003
1
1.00001
1
0.999964
1
1
1
1
1.00028
1
1
1
1
1
1
1.00007
1
1
0.999993
1
1
1
1
1
1
1
1
0.999988
1
1
1
1
0.999483
0.999998
1
1
0.999996
0.998027
1
1
1
1
1
1
1.00017
1.00011
0.999876
1
1
0.999998
1
1
1
1
1
1
1
1
1
1
1
1
1
1
1
1
0.999948
1
1
1
1
1
1
0.997731
1
1
1
1
1
1
1
1
1
1
1
1
1
1
1
1
1
1
1.00028
1
1
1
1
1
1
1
1
1.00001
1
1
1
1
1
1
1
1.00002
1
1
1
1.00009
1
1
1
1
1
1
1
1
1
1
1
1
1
1
1
1
1
1
1
0.999974
1
1
1
1
1
1
1.00057
1.00004
1
1
1
1
1
1
1
1
1
1
1
0.998057
1
1
0.999999
1
1
1
1
0.999985
1
1
1
1
1
1
1
1
1
1
1
1
1
1
1
1
1
1.00001
1
0.996341
1
1
1
1
1
1
1
1
1
1
1
1
1
1
1
1
0.993593
1
1
1
1
1
1
1
1
1
1
1
1
1
1
1
1
1
1
1
1
1
1
1
1
1.00027
1.00047
1
1.00016
0.996658
1
1.00005
1.00001
1
1
1
1
1
1
1
1
0.998369
1
1
1
1
1
1
1.00001
1
1
1
1
1
1
1
1
1
1
1
1
1
1
1
1
1
1
1
1
1
0.997522
1
1
1
1
1
1
1
1
1
1
1
1
1
1
1
1
0.999991
1
1
1
1
0.999999
1
1
1
1
1
0.996124
1
1
1
1
1
1.00001
1
1
1
1
1
1
0.995554
1
1
0.999894
1
0.999999
1
1
1
1
1
1
1
1
1
1
1
1
1
1
1
1
1
0.999912
1
1
1
1
1
1
1
1
1
1
1
1
1
1
0.999572
1.00018
0.999978
1
1
1
1
1
0.999929
1
1
1
1
1
1
1
0.996183
1.00002
1
1
1
0.999814
0.995849
1
0.994876
0.999145
1
1
1
1
1
1
1
1
1.00066
1
1
1
0.999929
1
1
0.999999
1
1
1
1
1
1
1
1.00001
1
1
1
1
1
1
1
1
1
1
1
1
1
1
1
1.00007
0.999972
1.00001
1
1
1
1
1
1
1
1
1
1
1
1
1
1
1
1
1
1
1
1
1
1
1
1
1
0.999996
0.991666
1
1
1
0.99898
1
1
1
1
1
1
0.999714
1
1
1
1
1
1
1
0.999987
1
1
0.995316
1
1
1
1
1
1
0.999951
1
1
1
1
1
1
1
1.00004
0.999999
1
1
1
1
1
1
1
1
1
1
1
1
0.999995
1
1
1
0.999998
1
1
1
1
1
1
1
1
1
1
1
1
1
1
1
1
1
1
1
1
1
1
0.999995
1
1
1
1
0.984315
1
1
1
1
1
1
1
1.00039
1
1
1
1
1
0.999999
0.993837
1
1
1
1
1
1
1
1
1
0.999996
1.00001
0.999993
1
1
1
1
1
1
1
0.999964
1
1
1
1.00054
1
0.999988
0.999965
1
1
1.00012
0.999583
1
1
1
1.00002
1
1
1
1
1
0.997352
1
1
1
1
1
1
1
1
1
1
1
0.996982
1
1
1
1
1
0.99999
1
1
1
1
1
1
1
1.00003
1
1
1.00002
1
1
1.00002
1
1
1
1
1
1
1
1
1
1
1
1
1
1
1
1
1
0.999999
1.00001
1
1
1
1
1
1
1
0.999991
1
1
1
1
1
1
1
1
1
1
1.0002
1
1
1
0.999978
1
1
1
1
1
1
1
1
1
0.999997
1
1
1
1
1
1
0.99967
1
1
1
1
1
1
0.999309
1
1
1
1
1
1
1
1
1
1
1
1
1
1
1
1
1
1.00003
1
1
1
1
1
1
1
1
1
1
1
1
1
1
1
1
1
1
1
0.999972
1
1
1
1
1
1
1
1
1
1
1
1
1
1
1
1
1
1
1
1.0001
1
1
1.00004
1
1
1
1
1
1
1
1
1
1
1
1
1
1
1
1
1
1
1
1
1
1
1
1
0.995891
1
1
1
1
1
1
1
1
1
1
1
1.00001
1
1
1
1
1
1
1
1
1
1.00001
0.999867
1
1
1
1
1
1
1
1
1
1
1
1
1
1
1
1
1.0001
1
1
0.999997
1
1.00001
1
1
1
1
1
1.00001
1
1
1
1
1
1
1
0.993106
1
0.999999
1
1
1
1
1
1
1
1
1
1
1
1
1
1
1
1
1
1
1
1
1
1
1
0.999257
1
1
1
1
1
1
1
1
1
1
1
1
1
1
1
1
1
1
1
1
1
1
1.00001
1
1
1
1
1
0.999963
1
1
1
1
1
1
1
1
1.0003
1
1
1
1
1
1
1
1
1.00001
1
1
1
1
1
1
1
1
1
1
1
1
1.00001
1
1
1
1
1
1
1
1
1
1
1
1
1
1
1
1
1
1
1
1
1
0.997667
1
1
1
1
1
1
1
1
1
1
1
1
1
1
1
1
0.99874
1
0.999045
1.00002
1
1
1
0.999927
1
1
1
1
0.999877
0.999992
1
1
1
1
1
0.999998
1
0.999995
1.00085
1
1
1
1
1
1
1
1
1
1.00003
1
1
1
1
1
1
1
1
1
1
1
1
1
1
1
1
1
1
1.00009
1
1
1
0.999909
1.00002
1
1
1
1
1
1.00003
1
1
0.99375
1
1
1
1
1
1
1.00058
1.00001
1
1
1
1
1
1
1
1
1
1
1
1
1
1
1
1
1
1
1
1
1
1
1
1
1
1
1
1
1
1
1
1
1
1
1
1
0.999956
1
1
1
1
1
1
1
0.998482
1
1.00003
1
1
1
1
1.0006
1
0.999972
1
1
1
1
1
1
1
1
0.999947
1
1
1
1.00005
1
1
1
1
0.999964
1
1
0.998664
0.999978
1
1
1
1
1
1
1
1
1
1
1
1
1
1
1
1
1
1
1
0.999999
1.00008
1.00023
0.999988
1
1
1
1
1
0.999899
1
1
1
1
1
1
1
1
1
1
1
1
1.00004
1
1
1
1.00005
1
1
1
1
1.00018
1
1
1
0.999467
1
1
1
0.999999
1
1
1
1
1
1
1
1
1
1
1
1
1
0.999983
1
1
1
1
1
1
0.999983
1
1
1
1
1
0.999994
1
1
1
1
1
1
1
1
1
1
1
1
1
1
1
1
1
1
1
1
1
1
1
1
1
1
1
1
1.00047
1
1
1
1
1
1
1
1
0.998065
1
1.00014
1
1
1
1
1.00003
1
1
1
0.999884
1
0.999151
1
1
0.999899
1
1
1.00001
1
1
1
1
1
1
0.999071
1
1
1
0.999999
1
1
1
1
1
0.999006
1
0.999703
1
1
1
1
1
0.999791
1
1
1.00002
1
1
0.999852
1
1
1
1
1
1
1
1
1
1
1.00002
1
1
1
1
1
1
1.00001
1
1
1
1
1.00001
1
1
1
1
1
1
1
1
1
1
1
1
1
1.00062
1
1
1
1
1
0.999697
1
1
1
1
1
1
1
1
1
1
1
1
1
1
1
1
1
1
1
1
1
1
1
1
0.999999
1
1
1
1
1
1
1
1
1
1
1
1
1
1
1.00001
0.999968
1
0.999982
1
1
1
1
0.999995
1
1
1
1
1
1
1
1
1
1
1
1
1
1
1
0.999997
1
1
1
1
1
1
1
1
1
1
1.00002
1
1
1
1
1
1
1
1
1
0.999997
1
1
1.00002
1
1
1
1
1
0.999999
1
1
0.998182
1
1
1
1
1
1
1
1
1
1
1
1
1.00002
1
1
1
1
1
1
1
1.00031
1
1
1
1
1
1
1
1
1
1
1
1.00007
1
1.00027
1
1
1
1
1
1
1
1
1
1
1
1
1.00001
1
1
1
1
1
1
1
1
1
0.9981
1
1
1
1
1
1
1
1
1
1
1
1
1
1
1
1
1
0.999958
1
1
1.00001
1
1
1
1
1
1
1
1
1
1
1
1
1
1
1
1
1
1
1
1
1
1
1
1
1
1
1
1.00005
1
0.999998
1
1
1
1
0.999999
1.00001
1
1
1
1
1
1.00063
1
1.00006
1
1
1
1
1
1
1.00057
1
1
1
1
1
1
1
1
1
1
1
0.999932
1
1
1
1
1
1
1
1
1
1
1
1
1
1
1
1
1
1.00002
1
1
1
1
0.999977
1
0.999999
1
1
1
1
1
0.999997
1
1
0.99601
1
1.00002
1
1
1
1
1
1
1
1
1
1
1
1
1
1
1
1
1.00033
0.999963
1
1
1
1
1
1
1.00046
1
1
1
1.00001
1
1
1
1
1
1
1
1
1
1
0.999955
1
1
1
1
1.00001
1
0.999965
1
1
1
1
1
1
1
1
1
1
1
1
1
1
1
1
1
1.00015
1
1
1
1
1
1
0.999999
1
1
1
1
1
1
1
1
1
1
1
1
1
1
1
1
1
1
0.999998
1
1
1
1
1
1
1
1
1
1
1
1
1
1
1
1
0.997275
1
0.999874
1
1
1
1
1
1
1
1
1
1
1
1
1
1
1
1
1
1
1
1
1
1.00004
1
1.00004
1
1
1
1
1
1
1
1
0.99992
1
1
1
1
1
1
1
1
0.999999
0.997613
1
1
1.00038
1
1
1
0.999997
1
1
1
1
1
1
1.00016
1
1
1
1
1
1
1
1
1
1
1
1
1
1
1
1
1
1
1
1
1
1
0.999998
1
1
1
1
0.991245
1
1
1
0.98769
1
1
1
1
0.999363
1
1
1
1
1
1
0.999993
1
1
1
1
1
1
1.00014
1
1
1
1
1
1
1
1
1
1
1
1
1
1
1
1
1
1.00004
1
1
1
1
1
1
1
1
1
1
1
1
1
1
1
0.999976
1
1
1
1
1
1
1
1
1
1
1
1
1
1
1
1
1
1
1
1.00024
1
1
1
1
1
1
1
1
1
1
1
1
1
1
1
1
1
1
1.00003
1
1
1
0.999992
0.998105
1
0.998351
1
1
1
1
1.00025
1
1.00025
1
1
1
1
1
1
1
1
1
1
1
1
0.999898
1
1
1
1
1
1
1
1
1
1.00009
1
1
1
1.00001
1
0.999992
1
1
1
1
1
1
1
1
1.00001
0.99736
0.999997
1
1
1
1
1
1
1
1
1
1
1
1
1
0.999833
1
1
1
0.991769
1
1
1
1
1
1
1
1
0.999936
1
1
1
1
1
1
1
1
1
1
1
1
1
1
1
1
1
1
1
1
1
1.00023
1
0.998846
1
1
1.00021
1
1
1
1
1
1.00001
1
1
1
1
1
1.00001
1
1
1
1
1
1
1
1
1
1
0.999719
1
1
1
1
1
1
0.999947
1
1
1
1
1
1
1
1
1
1
1
1
1
0.99999
1
1
1
1
1
1
1
1
1
1
1
1
1
1
1
1
1
1
1
1
1
1
1
1
1
1
1
1
1
1
1
1
1
1
1
1
1
1.00001
1
1
1
1
0.999997
1
1
1
1
1
1
1
1
1
1
0.999801
1
1
1
1
1
0.998474
1
1
1
1.00002
1
1
1
1
1
1
1
1
1
1
0.999998
1
1
0.99389
1
1
1
1
1
1
1
1
1
1
1
1
1
1
1
0.999996
1
1
1
1
1
1
1
1.00002
1
1
0.998006
1
1
1
1
1
1
1
1
1
1
0.999995
1.00001
1.00023
1
1
1
1
1
0.999978
1
0.999828
1
1
1
1
1
1
1
1
1
1
1
1
1
1
1
1
1
1
1
1
1.00001
1
1
1
1
1
1
1
1
1
1
1
1
1
1
1
1
1
1
1
0.999914
1
1
1
1
1
1
1
0.999953
1
1
1
1
1
1
1
1
1
1
0.995962
1
1
1
1
1
1
1
1
1
1
1
0.999994
1
1
1
1
1
1
1.00007
1
1
1
0.999999
1
1
1
1.00033
1
1
1
1
1
0.990474
1
1
1
1
1
1
1
1
1
1
1
1
1
1
1
1
1
1
1
1
1
0.99686
1
1
1
1
1
1
1
1
1
1
1
1
1
1
1
1
1
1
1
1.00001
0.999976
0.999893
1
1
1
1
1
1
1
1
1
1
0.997376
0.9996
1
1
1
1
1
1
1
1
1
1
1
1
1
1
1.00007
1
1
1
1
1
1
1
1
1
1
1
1
1
1
1
1
1
1
1
1
1
1
1.00002
1
1
0.999996
1
1
1
1
1
1
0.999984
0.999365
1
1
1
0.999974
1
1
1
1
1
1
1
0.999989
1
1
1
1
1
1
1
1
1
1
1
1
1
1
1
1
1
0.999964
1
1
1
1
1
1
1
1
1
1
1
0.999826
1
1
1
1
1
1
1
1
1
1
1
1
1
1
1
1
1
1
1
1
1
1
1
1
0.999833
0.998061
1
1
1
1
1
1
1
0.999449
1
1
0.999999
1
1
1.00003
0.999998
1
1
1
1
1
1
1
1
1
1
1
1
1
1
1
1
1
1
1
1
1
1
0.993672
1
1
1
1
1
1
1
1
1
1
1
1
1
1
1
1
1
1
0.999813
0.999995
1
0.999994
1
0.999418
1
1
1
1
1
1
1
1
1
1
0.999975
0.999927
1
1
1
1
1
1
1
1
1
1
1
1
1
1
1
1
1
1
1
0.999954
1
1
1
1
1
1
1
1
1
0.999995
1
1.00001
1
1
1
1
1
1
1
1
1
1
1
1
1
1.00002
1
1
0.999806
1
1
1
1
1
1
1
1
1
1
0.999987
1
1
1
1
1.00021
1
1
0.999999
1
1
1
1
0.999999
1
1
1
1
1
1
1
1
1
1
1
1
1
1.00014
0.999916
1
1
1
1
1
1
1
1
1
1
1
1
1
1
1
1
1
1
1
1
1
1
0.999997
1
1
1
1
1
1
1
1
1
1
1
1
1
1
1
1
1
1
1
1
1
1
1
1
0.994792
1
1
1
0.999451
1
1.00029
1
1
1
1
1
1
1
1
1
1
1
0.999826
1
1
1
1
1
1
1
1
1
1
1
1
1
1
1
1
1
1
1
1
1
1
0.99989
1
0.998332
1
1
1
1
1
1
1
1
0.999999
1
1
1.0002
1
1
0.986232
1
1
1
1
0.999999
1
1
1
1
0.999264
1
1
1
0.999999
1
1
1
1
1
1
1
1
1
1
1
1
1
1
1
1
1
1
1
1
1
0.99996
1
1
1
1
1
1
1
1
1
1
1
1
1
1
1
1
1
1
1
1
1
1
1
1
1
0.99955
1
1
1
1
1
1
1
1
1
1
1
1
1
1
1
1
1
1
1
0.999416
1
1
0.999702
1
1
1
1
0.999999
1
1
1
1
1
1
1
1
1
1
1
1
1
1
1
1
0.999947
1
1
1
1
1
1
1
1
1
1
1
1
1
1
1
1
1
1
1
1
1
0.99647
1
1
1
1
1
1
1
1
1
1
1
1
1.00001
1
1
1
0.999995
1
1.0002
1
1.00001
1
1
1
1
1
1
1
1
1.00008
1
1
1
1
1
1
1
1
1
1
1
1
1
1
1
1
1
1
1
1
1
1
1
1
1
1
1
1
1
1
1
1
1
1
1
1
1
1
1
1.00002
1
1
0.999564
1
0.999988
1
1
1
0.998538
1
1
1
1
1
1
1
1
1
1
1
1
1
1
0.999994
1
1
1
1
1
1
1
1
1
1
1
1
1
1
1
1
1
1
1
1
1
1
1
1
1
1
1
1
1
1
1
1
0.999689
1
1
1
1
1
1
1
1
1
1
1
1
1
1
1
1
1
1
1
1
1
1
1
1
1
1
1.00005
1
1
1
1
1
1
1
1
1
1
1
1
1
1
0.999965
1
0.999641
1
1
1
1
1
0.999605
1
1
1
0.999999
1
1
1
1
1.00011
1
0.999999
1
1
1
1
1
1
1
0.999989
1
1
1
1
1
1
1
1
1
1
1
1
1
0.999854
1
1
1
0.999992
1
1
1
1
1
1
1
1
1
1
1
1
1
1
0.99961
1
1
1
1
1
1
1
1
1
0.99999
1
1.00011
1
1
1
0.998437
1
1
1
1
1
1
0.999986
1
1
1
1
1
1
1
1
1
1
1
1
1
1
1
1
1
1
1
1
1
1
1
1
1
1
1
0.999979
1
1
1
1
1
1
1
1
1
1
0.99991
1
1
1
1
1
1
1.00003
1
1
1
1
1
0.997812
1
1
1
1
1
0.999875
1
1
1
1
1
1
1
1
1
1
1
1
1.0004
0.996424
1
1
1
1
1
1
1
1
1
1
0.993823
0.999994
1
1
1
1
0.999999
1
1
1
1
1
1
1
1
1
0.99943
1
1.00008
1
1
1
1.00005
1
1
1
1
1
1
1
1
1
1
1
1
1
1
0.999997
1
1
0.99957
1
1
0.99377
1
1
1
1
1
1
0.999724
1
0.999928
1
1
0.99993
1
1
1
1
1
1
1.00002
1
1
1.00005
1
1
1
1
1
1
1
1
1
1
0.999985
1
1
1
1
1
1
1
1
1
1
1
1
1
1
1
1
1
1
1
1
1
1
0.999935
1
1
1
1
1
1
1
0.999987
1
0.999945
1
1
1
1
1
1
1
1
1
0.999554
1
1
1
1
1
1
1.00002
1
0.998765
1
1
0.999999
1.00009
1
1
1
0.999999
1
1
1
1
0.994532
0.997519
1
0.999995
1.00002
1
1
1
1
1
1
1
1
1
1
1
1
0.999394
1
1
1
1
1
1
1
1
1
1
1
1
0.99925
1
1
1
1
1
1
1
1
1
1
1
1
1
1
1.00037
1
1
1
1
1.00083
1
1
1
1
0.999998
1
0.999998
1
1
1
1
1
1
1
1
1
1
1
0.999999
1
1
1
1
1
1
1
1
1
1
1
1
1
1
1
0.999966
1
1
1
1
1
1
1
1
1
1
1
1
1
1
1
1
1
1
1
1
0.999994
1
0.999998
1
1
1
0.999672
1
1
1
1
1
1
1
0.999998
1
1
1
1
1
1
1
1
0.991999
1
1
1
1
1
1
1
1
1
1
1
1
1
1
1
1
1
1
1
1
1
1
1
1
1
1
1
1
1
1
1
1
1
1
1
1
1
1
1
1
1
1
1
1
1
1
1
1
1
0.998051
1
1
0.998973
1
1
0.999989
1
1
1
1
1
1.00131
1
1
1
1
1
1
1
1
1
1.00001
1
1
1
1
1
1
1.00001
1
1.00021
1
1
1
1
0.999991
1
1
1
1
1
1
0.999997
1
1
1.00001
1
1
0.99877
1
1
1
1
1
1
1
1
1
1
1
1
1
1
1
1
1
1
1
1
1
1
1
1
1
1
1.00002
1.00013
1
1
0.999997
1
1
1
1
1
1
1
1
1
1
1
0.999386
0.999998
1
1
1
0.994286
1.00001
1
1
1
1
1
1
1.00008
1
1
1
1
1
1
0.999964
1
1
1.00015
1
0.999998
1
1
1
1
1
1
1
1
1
1
1
1
1
1
1
1
1
1
1
1
1
1
1
1
1
1
1
1
1
1
0.999885
1
0.999455
1
1
1
1
1
1
1
0.99994
1
0.999998
1
1
1
1
1
1
1
1
0.998923
1
1
1
1
1
1
1
1
1
1
1
1
1
1
1
1
0.999975
1
1
1
1
1
1
1
1
1
0.999885
1
1
0.99526
1
1
1
1
1
1
1
1
1
1
1
1
1
1
0.999974
0.998707
1
1
1
1
1
1
1
0.999949
1
1
1
1
1
1
1
1
1
1
1
1
1
1
1
1
0.999998
0.998269
1
1
1
1
1
1
1
1
0.999489
1
0.997433
1
1
1
1
1
1
1
1
1
1
1
1
1
1
1
1
0.999947
1
0.999913
1
1.00002
1
0.999039
1
1
1
1
0.999502
1
1.00001
1
1
1
1
1
0.999907
0.999697
1
1
1
1
1
1.00015
1
1
1
1
1
1
1
1
1
1
1
1
1
0.993878
1
1
1
1
1
1
1
1
1
1
1
1
1
1
1
1
1
1
1
1
1
1
1
1
1
1
1
1
0.999999
1
1
1
1
1
1
1
0.999997
0.998073
1
1
1
1
1
1
1
0.999769
1
1
1
1
1
1
1
1
1
1
1
1
0.999895
1
1.00038
1
1
1.00001
1
1
0.995385
1
1
1
1
1
1
1
1
1
1
1
1
1
1
1
1
1
1
1
1
0.999935
1
1
1
1
1
1
1
1
1
1
1
1
1
1
1
1
1
1
1
1
1
1
1.00001
1
1
1
1
1
1
1
1
1.00147
1
1
1
1
0.9978
1
1
1
1
1
1
1
1
1
1
1
1
1
1
1
1
0.999998
1
1
1
1
1
1
1
1
1
1
1.00007
1
0.99974
1
1
1
0.999983
1
1
1
1
1
1
1
1
1
1
1
1
1
1.00021
1
1
1
1
1.00005
1
1
1
1
1
1
1
1
1
1
1
1
1
1
1
1
1
1
1
1
1
1.00014
1
1.00055
1
1
1
1
0.996194
1
1
1
1
1.00019
1.00001
1
1
1
1
1
1
1
1
1
1
1
1
1.0007
1
1
1
1
1
1
1
1
1
1
1
1
1
1
1
1
1
1
1
1
1
1
1
1
1.00054
1
1
1
1
1
1
1
1
1
1
1
1
1
1
1
1
1
1
1
1
1
1
1
1
1
1
1
1
1
1
1
1
1
0.998946
1
1
1
1
1
0.999999
1
1
1
1
1
1
1
1
0.998801
1
1
1
1
1
1
1
1
1
1
1
1
1
0.995431
1
0.97313
1
1
1
1
1
1
1
1
1
1
1
1
1
1
1
1
1
1
1
1.0003
1
1
1
1
1
1
1
1
1
1
1
1
1
1
1
1
1
1
1
0.999997
1
1
1
1
1
1
1
1
1
1
1
1
1
1
1
1
0.997782
0.99804
1
0.998782
1.00021
1
1
1
1
1
1
1
1
1
1
1
1
1
1
0.999995
1
1
1
1.00019
1
1
1
1
1
1
1
1
1
1
1
1
1
1
1
1
1
0.999999
1
1
1.00036
1
1
1
1
1
1
1
1
0.999755
1
1
0.999989
1
1
1
1
1
1
1
0.999989
1
1
1
1
1
1
1
1
1
1
1
1
1
1
1
1
1
1.00012
1
1
1
1
0.999996
1
1
1
1.00008
1
0.99495
1
1
1
1
1
1
1
1
1
1
1
1
1
1
1
1
1
1
1
1
1
1
1
1
1
1
1
1
1
1
1
1
1
1
1
1
1
1
0.986286
1
1
1
1
1
1
1
1
1
1
1
1
1
1
1
1
1
1
1
1
1
1
1
1
1
1
1
1
1
1
0.999999
1
1
1
1
1
1
1
1
1
1
1
1
1
1
1
0.999999
1
1
1
1
1
1
1
1
1
1
1
1
1
1
0.995952
1
1
1
1
1
1
1
1
1
0.997459
1
1
1
1
1
1
0.99998
1
1
1
1
1.00001
1
1
1
1
1
1
1
1
1
1
1
1
1
1
1
1
1
1
1
1
1
1
1
1
0.999996
1
1
1
1
0.997684
1
1
1
1
1
1
1
1
1
1
1
1
1
1.00078
0.999996
1
1
1
1
1
1
1
1
1
1
1
1
1
1
1
1
1
1
1
1
1
1
1
1
1
1
1
1
1
1
1
1
1
1
1
1
1
1
1
1
1
1
1
1
1
1
1
1
1
1
1
1
1
1
1
1
1
1
1
1
1
1
1
1
1.00014
1
1
1
1
1.00084
1
1
1
1
1
1
1
1
1
1
1
1
1
1
1
1
1
1
1
1
1
1
1
1
1
1
1.00004
0.999999
1
1
1
1
1
1
1
1
1
1
1
1
1
1
1
1
1
1
1
1
1.00001
1
1
1
1
0.999993
1
1
1
1
1
1
1
1
1
1
1
1
1
1
1
1
1
1
1
1
1
1
1
1
1
1
0.99839
1
1
1
1.00001
1
1
1
1
1
1
1
1
1
1
1
1
1
0.999999
1
1
1
1
1
1
0.999596
1
1
0.999999
1
1
1
1
1
1
1
1
1
1
1
1
1
0.994329
1
1
1
1
1
1
1
1
1
1
1
1.0018
1
1
1
1
1.00012
1.00001
1
1
1
1
1.00004
1
1
1
1
1.00032
1
1
1
1
1
1
1
1
1
1
1
1
1
1
1
1
1
1
1
1
1
1
1
1
1
0.998068
0.997072
1
1.00072
1
1
0.999998
1
1
1
1
1
1
1
1
1
1
1
0.999999
1
1
1
1
1
1
1
1
1
1
1
1
1
1
1
1
1
1
1.0004
1
1
1
1
1
1
1
1
0.999984
1
1
1
)
;

boundaryField
{
    frontback
    {
        type            empty;
    }
    topbottom
    {
        type            zeroGradient;
    }
    outlet
    {
        type            zeroGradient;
    }
    inlet
    {
        type            fixedValue;
        value           uniform 1;
    }
    walls
    {
        type            zeroGradient;
    }
    procBoundary2to0
    {
        type            processor;
        value           nonuniform List<scalar> 
83
(
1
1
1
1
1
0.999999
1
1
1
1
1
1
1
1
1
1
1
1
1
1
1
1
1
1
1
1
1
1
1
1
1
1
1
1
1
1
1
1
1
1
1
1
1
1
1
1
1
1
1
1
1
1
1
1
1
1
1
1
1
1
1
1
1
1
1
1
1
1
1
1
1
1
1
1
1
1
1
1
1
1
1
1
1
)
;
    }
    procBoundary2to3
    {
        type            processor;
        value           nonuniform List<scalar> 
99
(
1
1
1
1.00002
1
1
1
1
1
0.996373
1
1
1
1
1
1
1
1
1
1
1
1
1
1
1
1
1
1
0.996373
0.986356
1
1
0.999999
0.997835
1
1
1.00022
1
1
1.00005
1
1
1
1
1
1
1
1
1
1
1
1
1
1
1
1
1
1
1
1
1
1
1
0.999989
1
1
1
1
1
1
1
1
1
1
1
1
1
1
1
1
1
1
1
1
1
1
1
1
1
1
1
1
1
1
1
1
1
1
0.999996
)
;
    }
}


// ************************************************************************* //
