/*--------------------------------*- C++ -*----------------------------------*\
| =========                 |                                                 |
| \\      /  F ield         | OpenFOAM: The Open Source CFD Toolbox           |
|  \\    /   O peration     | Version:  v2012                                 |
|   \\  /    A nd           | Website:  www.openfoam.com                      |
|    \\/     M anipulation  |                                                 |
\*---------------------------------------------------------------------------*/
FoamFile
{
    version     2.0;
    format      ascii;
    class       volScalarField;
    location    "400";
    object      gammaInt_0;
}
// * * * * * * * * * * * * * * * * * * * * * * * * * * * * * * * * * * * * * //

dimensions      [0 0 0 0 0 0 0];


internalField   nonuniform List<scalar> 
13917
(
1
1
1
1
1
1
1
1
1
1
1
1
1
1
1
1
1
1
1
1
1
1
1
1
1
1
1
1
1
1
1
1
1
1
1
0.998115
1
1
1
1
1
1
1
1
1
1
1
1
1
1
1
1
1
1
1
1
1
1
1
1
1
1
1
1
1
1.00001
1
1
1.00003
1
1
1
1
1
1
1
1
1
1
1
1
1
1
1
1
1
1
0.999752
1
1
1
1
1
1
0.999962
1
0.999999
1
1
1
1
1
1
1
1
1
1
1
1
1
1
1
1
1
1
1
1
1
1
1
1
1.00004
1
1
1
1
1
1
1
1
1
1
1
1
0.998653
1
1
1
1
1
1.00002
1
1
1
1
1
1
1
1
1
1
1
1
1
1
1
1
0.999961
1
0.999657
1
1
1
1
1
1
1
1
1
1
1
1
1
1
1
1
1
1
1
1
1
1
1
1
1
1
0.999971
1
1
1
0.999432
1
0.999969
1
1
1
1
1
1
0.999425
1
1
1
1
1
0.991196
1
1
1
1
1
1
1
1
1
1
1
1
1
1
1
1
1
1
1
1
1.00042
1
1
0.998701
1
1
1
1
1
1
1
1
1
1
1
0.999998
1
1.00012
1
1
1
1
1
1
1
1
1
1
1
1
1
1
1
1
1
1
1
1.00118
1
1
1
1.00002
1
1
1
1
1
1
1
1
0.987076
1
1
1
1
1
1
1
1
1
1
1.00019
1
1
0.999963
1
1
1
1.00001
1
1
1
1
1
1
1
1
1
1
1
1
1
1
1
1
1
1
1
1.00001
1
1
1
1
1
0.999996
1
1
1
1.00004
1
1
0.999998
1
1
1
1
1
1
1
1
1
1
1
1
1
1
1
1
1
1
1
1
1
1.00041
1
1
1
0.999398
1
1
1
1
0.999918
1
1
1
1
1
1
1
1
1
1
1
1.00088
1
1
1
1
1
1
1
1
1
1
1
1
1
1
1
1
1
1
1
0.999573
1
1.00011
1
1
1
1
1
1
1
1
1
1
1
1
1
1
1
1
1
1
1
1
1
1
1
1
1
0.999954
1
1
1
1
0.999995
1
1
1
1
1
1
1
1
1
1
1
1
1.00033
1
1
1
1
1
1
1
1
1
1
1
1
1
1
0.998852
1
1
1
1
1
1
1
1
0.999987
1
1
1
1
1
1
1
1
1
1
1
1
1
1
1
0.999694
1
1
0.999998
1
0.999999
1
1
1
1
0.997482
1
1
1
1
1
1
1
1
1
1
1
1
1
1
1
1
0.999882
1
1
1
1
1
1
1
1
1.00001
1
1
1
1
1
1
1
1.00022
1
1
1
1
1
0.999507
1
0.999974
1
1
1
1
1
1
1
1
1
1
1
1
1.00062
1
1
1
1
1
1
1
0.999967
0.999995
1
0.994636
1
1
1
1
1
1
0.993678
1
1
0.998591
1
0.999977
1
1
1
1
1
0.999957
1
1
1
0.999979
1
1
1
1
1
1
1
1
1
1
1
1
1
1
1
1
0.999187
1
1
1
1
1
1
1
1
1
1
1
1
1
1
1
1
1
1
1
1
1
1
1
1
1
1
1
1
1
1
1
1
1
1
1
0.999782
1
1.00006
1
1
1
1
1
1
1
1
1
1
1
1
0.999942
1
1
1
1
1
0.996458
1
1
1
1
1
1
1
0.999598
1
1
1
1
1
1
1
1
1
1
0.997231
0.999987
1
1
1
1.00001
1
1
1
1
1
1
1
1
1
1
1
1
1
1
1
1
1
1
1
1
1
1
1
1
1
1
1
1
1
1
1
1
1
1
1
1.00002
1
1.00009
1.00003
1
1
1
1
1
1
1
1
1
1
1
1
1
1
1
1
1
1
1
1
1
1
1
1
1
1
1
1
1
1
1
1
1
1
1
1
1
1
1
1
1
1
1
1
1
1
1
1.00004
1
1
1
1
1
1
1
1
1
1
1.00001
1
1
1
1
1
1
1
1
1
1
1
1
1
1
1
1
0.998743
1
1
1
1
1
1
1
1.00023
1
1
1
1
1
1
1
1
1
1
1
1
1
1
1
1
1
1
0.999413
1
0.995613
1
1
1
1
0.999933
1
1.00023
1
1
1
1
1
1
1
1
1
1
1
1
1
1
1
1
1
1
1
1
1
1
1
1
1
1
1
1
1
1
1
1
1
1
1
1
1
1
1
1
1.00008
1
0.999997
1
1
1
1
1
1
1
1
1
1
1
1
1
1
0.999307
1
1
1
1
1
1
1
1
1
1
1
1
1
1
1
1
1
1
1
1
1
1
1
1
1
1
1
1
1
1
1
1
1
1
1
1
1.00001
1
1
1
1
1
1
1
1
1
1
1
1
1
0.999999
1
1
1
1
1
1
1
1
1
1
1
1
1
1.00023
1.00004
1
0.998038
1
0.999998
1
1
1
1
1
1
1
1
0.999367
1
1
1
1
0.999995
1
1
1
1
1
1
1
1
1
1
1
1
1
1
1
1
1
1
1
1
1.00041
1
1
1
1.00014
1
1
1
1
1
1
1
1
1
1
1
1
1
1
1
1
1
1
1
1
1
1
1
1
1
1
1.00016
1
1
1
1
1
1
1
1
1
1
1
1
1
1
1
1
1
1
1
1
1
1
1
1
1
1
1
1
1
1
1
1
1
1
1
1
1.00011
1
1
1
1
1
1
1
1
1
1
1
1
1
1
1.00004
1
0.994512
1
1
1
1
1
1
1
1
1
1
1
1
1
1
1
1.00036
1
1
1
1
1
1
1
1
1
1
1
1
1
1
1
1
1
1
1.00015
1
1
1
1
1
1
1
1
1
1
1
1
1
1
1
1
1
1.00015
0.999999
1.00001
1
1
1
1
1
1
1
1
1
1
0.999999
1
1
1
1
1
1
0.999628
1
1
1
1
1
1
1
1
1
1
1
1
1
1
1
1
1
1
0.989615
1
1.00124
1
1
1
0.999554
1
1
1
1
1
1
1
1
1
1
1
1
1
1
1
1
1.00007
1
1.00001
1
1
1
1
1
0.999963
1
1
1
1
1
1
1
1
1
1
1
1
1
1
1
1
1
1
1
1
1
1
1.00004
1
1
1
1
1
1
1
1
1
1
0.999749
1
1
1
1
1
1
1
1
1
1
1
1
1
1
1
1
1
1
0.999346
1
1
1
1
1
1
1
1.00001
1
1
1
1
1
1
1
1
1
1
1
1
1
1
1
1
1
1
1
1
1
1
1
1
1
1
1
1
1
1
1
1
1
1
1
1
1
1
1
1
1
1
1
1
1
1
1
1
1
1.00007
0.999096
1
1
1
1
1
1
1
1
1
1
1
1
1
1
1
1
1
1
1
1
1
1
1
1
1
1
1
1
1
1
1
1
1
1
1
1
1
1
1
1
1
1.00042
1
1
1
1
1
1
1
1.00006
1
1
1
1
1
1
1
1
1
1
1
1.00022
1
1
1
1
1
1
1
1
1
1
1
1
1
1
1
1
1
1
1
1
1
1
1
1
1
1
1
1
1
1
1
1
1
1
1
1
1
1
1
1
1
1
1
1
1
1.00003
1
1
1.00041
1
1
1
1
1
1
1
1
1
1
1.00123
1
1
0.990917
1
1
1
1
1
1
1.00005
1
1.00001
1
1
1
1
1
1
1
1
1
0.99978
1
1
1
1
1.00002
1
1
1
1
1
1
1
1
1
0.998488
1
1
1
1
1
1
1
1
1
1.00007
1
1
1
1
1
1
0.999997
1
1
1
1
1
1
0.99407
1
1
0.999385
0.999681
1
1
1
1
1
1
1
1
1
1
1
1.00081
0.998088
1
1
1
1
1
1
0.997535
0.999791
1
1
1
1
1
1
1
1
1
1
1
1
1
1
1
1
1
1
1
1
1
1
1
1
1
1
1
1
1
1
1
1
1
1
1
1
1
1
1
1.00002
1
1
1
0.999829
1
1
1
0.99964
1.00007
1
1
1
1
1
1
1
1
1
1
1
1
0.999985
1
1
1
1
1
1
1
1
1
1
1
1
1
1
1
1
1
1
1
1
1
1
1.00005
1
0.997677
1
1
1
1
1
1
1
1
1
1
1
1
1
1
1.00014
1
1
1
1
1
1
1
1
1
1
1
1
1
1
1
1
1
1
1
1
1
1
1
0.996434
1
1
1
1
1
1
1
1
1
1
1
1
1
1.00079
1
1
1
1
1
1
1
1
1
1
1.00089
1
1
1
1
1
1
1.00004
1
1
1
1
1
1
1
1
1
1
1
1
1
1
1.00007
1
1
1
1
1.00022
1
1
1
1
1
1
1
1
1
1
1
1
1
1
1
1
1
1
1
1
1
1
1
0.999998
1
1
1
1.00001
1
1
1
1
0.999992
1
1
0.999985
1
0.999668
1
1.00002
1
1
1
1
1
1
1
1
1
1
1
1
1
1
1
1.00001
1
1
1
1
1
1
1
1
1
1
1.00001
1
1
1
1
1
1
1
1
1
1
1
1
0.99859
0.999942
0.999967
1
1
1
1
1
1
1
1
1
1
1
1
1
1
1
1
1
1
1
1
0.999088
0.99947
0.998829
1
1
1.00003
1
1
1
1
1
1
1
1
1
1
1
1
1
1
1
1
1
1
1
1
1
1
1
1
1
1
1
1
1
1
1
1
1
1
1
1
1
1
1
1
1
0.992596
1.00104
1
1
0.999982
1
1
1
1
1
1
1
1
1
1
1
1
1
1
1
1
1
1
1
1
1
1
1.00011
1
1
1
0.999898
1
1
1
1
1
1
1
0.992055
0.999197
1.00003
0.99999
1
1
1
1
1
1
1
1
1
1
1
1
1
1
1
1
1
1
1
1
1
1
0.999999
1
1
1
0.999839
1
1
1
1
1
1
1
1
1
1
1
1
1
1
1
1
1
1
1
1
1
1
1
1
1
1
1
1
1
1
1
1.00014
1
1
1
1
1
1
1
1
1
1
1
1
1
1
1
1
1
1
1
1
1
1
1
1
1
1
0.999994
1
1
1
1
1
1
1.00005
1
1
1
1
1
1
1
1
1
1
1
1
1
1
1
1
1
1
1
1
1
1
1
1
1
1
1
1
1
1
1
1.00002
1
0.999993
0.998954
1
1
1
0.99996
1
1
1
1
1
0.997039
1
1
1
1
1
0.99993
1
1
1
1
1
1
1
1
1
1
1
1
1
1
1
1
1
1
1
1
0.999999
1
1
0.999962
1
1
1
1
1
1
1
1
1
1
1
1
1
0.998198
1
1
1
1
1
1
1
1
0.999972
1
1
1
1
1
1
1.00004
1
1
1
1
1
1
1
1
1
1
1
1
1.00052
1
1
1
1
1
1
0.999999
1
1.00001
1.00058
1
1
1
1
1
1
1
1
1
1
1
1
1
1.00031
1
1
1
1
1
1
1
1
1
1
1
1
1.00001
1
1
1
0.999995
1
1
1
1
1
1
1
1
0.999997
0.998258
1
1
1
0.990484
1
1
1
1
1
1
0.999582
1
1
1
1
1
0.999947
1
1
1
1
1
1.00006
1
1
1
1
1
1
1
1
1
1
1
1
1
1
1
0.999983
1
1
1
1
1
1
1
1
1.00003
1
1
1
1
1
1
1
1
1
1
1
1
1
1
1
1
1
1
1
1
1
1
1
1
1
1
1
1
1
1
1
1
1
0.999753
1
1
1
1
1
1
1
1
1
1
1
1
1
1
0.999993
1
1
1
1
1
1
1
1
1
1
1
0.992603
1
1
0.99984
1
1
1
1
1
1
1
1
1
1.00003
1
1
1
1
1
1
1
1
1
1
1
1
1
1
1
1
1
1
1
1
1
1.00041
0.999981
1
1
1
0.998381
1
1
1
1
1
1
1
1
1
1
1
1
0.999971
1
1
1
1
1
1
1
1
1
1
1
1
1.00004
1
1
0.999462
1
1
1
1
1
1
1
0.998421
1
1
1
1
1
1
1
1
1
1
0.997317
1
1
1
1
1
1
1
1
1
1
1
1
1
1
1
1
1
1
1
1
1
1
1
1.00002
1
0.999946
1
0.999986
1
1.00048
1
1.00016
0.999932
1
1
1
1
1
1
1
0.999839
1
0.994655
1
1
1
1
1
1
1
1
1
1
1
0.999955
1
1
1
1
0.998799
1
1
0.985192
1
1
1
1
1
1
1
1
1
1
1
1
1
1
1
1
1
1
1
1
1
0.999973
0.99963
1
1
1
1
1
1
1
1
1
1.00002
1
1
1
1
1
1
1
1
1
1
1
1
1
1
1
1
1
1
1
1
1
1
1
1
1
1
1
1
1
0.998624
1
1.00005
1
1
1
0.993476
1
1
1
1
1
1.00003
1
1
1
1
1
1
1
1
1
1
1
0.999965
1
1.00001
1
1
1
1
1
1
1
1.00013
1
1
1
1
1
1
1
1
1
1
1.00017
1
1
1
1
1
1
1
1
1
1
1
1
1
1.00022
1
1
1
1
1
1
1
1
1
1
1
1
1
1
0.998401
1
1
1
1
1
1
1
1
1
1
1
1
1
1
1
1
1
1
1
1
1
1
1
1
1
1
1
0.999488
1
1
0.998743
1
1
1
0.999648
1
1
1
1.00011
1
1
1
0.99995
1
1
1
1
0.999904
0.99993
1
1
1
1
1
1
1
1
1
1
1
1
1
1
1
1
1
1
1
1
1
1
1
1
1
1
1
1
1
1
1
1
1
1
1
1
1
1
1
1
1
1
1
1
1
1
1
1
1
1
1
0.999647
1
1
1
1
1
1
1
1
1
1
1
1
1
1
1
1
1
1
1
1
1
1
1.00007
1
1
1
0.994787
1
1
1
1
1
1
1.00026
1
1
1
1
1
1.00005
1
1.00073
1
1
1
1
1
1
0.999811
1
1
1
1
1
1
1
1
1
1
1
1
1
1
1
1
1
1
1
1
1
1
0.999908
1
1
1
1
1
1
1
1
1
1
1
1
1
1
1
1
1
1
1.00083
1.00001
1
1
1
1
1
1
1
1
1
1
1
0.997454
1
1
1
1
1
1
1
1
1
1
1
1
1
1
1.00007
1
1.00231
1
1
1
1
1
1
1
1
1
1
1
1
0.999999
1
1
1
0.999999
1
1
1
1
1
1
1
1
1
1
1
1
0.999999
1
1
1
1
1
1
1
1
0.996995
1
1
1
1
1
1
1
1
1
1
1
1
1
1
1
1
1
1
1
1
1
1
1
1
1
1
1
0.999997
1
1
1
1
1
1
1
1
1
1
1
1
1
1
1.00013
1
1
1
1
1
1
1
1
1
1
1.00003
1
1
1
1
1
1
1
1
1
1
1
1
1
1
0.999966
0.998618
1
1
1
1
1
1
1
0.998494
1
1
1.00001
1
0.999559
1
1
1.00002
0.999999
1
1
1
1
1
0.999998
1
1
1
1
1
1.00014
1
1
1
1
1
1
1
1
1
1
1
1
1
1
1
1
1
1
1
1
1
1
1
1
1.00003
1
1
0.999432
1
1
1
1
0.998581
1
1
1
1
1
1
1
1
1
1
1
1
1
1
1
1
1
1
1
1
1
1
0.99776
1
1
1
1
1
1
1
1
1.0001
1
1
1
1
1
1
1
1
0.999993
1.00002
1
1
0.999638
1
1
1
1
1
1
1
1
1
1
1
1.00008
1
1
1
1
1
0.999999
1
1
1
1
1
1
1
1
1
1
1
1
0.987217
1
1
1
1
1.00022
1
1
1
1
1
1
1
1
1
1
1
1
1
1
1
1
1
1
1
1
1
1
1
1
1
1
1
1
1
1
1
1
1
1
1
1
1
1
1
1
1
1
1
1
1.00005
1
0.995172
1
1
1
1
1
1
1
1
1
1
1
1
1
1
1
1
1
1
0.997191
1
1
1
1
1
1
1
1
1
1
1
1
1
1
1
1
1
1
1
1
1
1
1
1
1
1
1
1
1
1.00001
1
1
1
1
1
1
1
1
1
1
1
1
1
1
1
1
1
1
0.999652
1
1
1
1
1
1
1
1
1
1
1
1
1
1
1
1
1.00112
1
1
1
1
1
1
1
1
1
1
1
1
1
1
1
1
1
1
1
1
1
1
1
1
1
1
1
1.00001
1
1.00008
0.99971
1
1
1
1
1
1.00027
1
1
1
1
1
1
1
1
1
1
1.00031
1.00002
1
1
0.992981
1
0.999979
1
1
1
0.998848
1
1
1
1
1
0.999863
1
1
1
1.00002
1
1
1
1
1
1
1
1
1
1
0.99944
1
1
1
1
1
1
1
1
1
1
1
1.00018
0.999995
1
1
1
1
1
1.00012
1
1
1
1
1
1
1
1
1
1
1
1
1
1
1
1
1
1.00011
1
1
1
1.00026
1
1
1
1
1.0002
1
0.999959
1
1
1
1
1
1
1
1
1
1
1
1
1
1
1
1
1
1
1
1
0.999909
1
1
1
1
1
1
0.997549
1
1
1
1
1
1
1
1
1
1
1
1
1
1
1
1
1
1
1
1
1
1
1
1
1
1
1
1
1
1
1
1
1
1
1
1
1
1.00014
1
1
1
1
1
1
1
1
1
1
1
1
1
1
1
1
1
1.00175
1
1
1
1
1
1.00011
1
1
1
1
1
1
1
1
1
1
1
1
1
1
1
1
1
1
1
1
1
1
1
1
1
1
1
1
1
1
0.999996
1
1
1
1
1
1
1
1
1
1
1
1
0.999939
1
1
1
1
1
1
1
1
1
1
1
1
1
1
1
1
1
1.00002
1
1
1.00012
1
1
1
1
1
1
1
1
1
1
1
1
1
1
1
1
1
1
1
1
1
1
0.999344
1.00001
1
0.999974
0.999744
1
1
1
1
1
1
1
1
1
1
1
1
1
1
1
1
1
1
1
1
1
1
1
1
1
1
1
1
1
1
1
1
1
1
0.997188
1
1
1
1
1
1
1
1
1.00009
1
1
1
1
1
1
1
1
1
1
1
1
1
1
1
1
1
1
1
1
1
1
1
1
1
1
1
1
1
1
1
1
1
1
0.999991
1
1.00091
0.999887
1
1
1
1
1
1
0.997002
0.999975
1
1
1
1
1
1
1
1
1
1
1
1
1
0.999913
1
1
1
0.999445
1
1
1
1.00001
1
0.999994
1
1
1
1
1.00003
1
1
1
1
1
1
1
1
1
1
1
1
1
1
1
1
1
1
1
1
1
1
1
1
1
1
1
0.999938
1
1
1
1
1
1
1
0.999999
1
1
0.999974
1
1
0.999948
1
1
1
1
1
1
1
1
0.999995
1
1
1
1
1
1
1
1
1
1.00014
1
1
1
1
1
1
1
1
1
1
1
1
1
1
1
1
1
1
1
1
1
1
1
0.99996
1
1
1
1
1
1
1
1
1
1
1
1
1
0.998373
1
1
1
1
0.999704
1
1
1
0.998791
1
1
1
1
1
1
0.999576
1
1
1
1
1
1
1
1
1
1
1
1
1
1
1
1
1
1
1
1
1
1
1
0.999141
1
1
1
1
1
1
1
1.00034
1
1
1.00034
1
1
1
1
1
1
1
1
1
1
1
1
1
1
1
1
0.999984
1
1
1
1
1
1
1
1
1
1
1
1
1
1
1
1
1
1
1
1
1
1
1.00123
1
1
1
1
1
1
1
1
1
1
0.99998
1
1
1
1
1
1
1.00147
1
1
1
1
0.999988
1
1
1
1
1
1
1
1
1
1
0.999996
1
1
1
1
1
1
1
1
1
0.999957
1
1
1
1
1
1
1
1
1
1
1
1
1
1
1
1
0.999996
1
1
1
1
0.999968
1
1
1
1
1
1
1
1
1
0.999839
1
1
0.999975
1
1
1
0.999954
1
1
1
1
1
1
1
1
1
1
1
1.00008
1
1
1
1
1
1
1
1
1
1
1
1
1
1
0.993687
1
1
1
1
1
1
1
1
1
1
1
1
1
1
1
0.999949
1
1
1
1
1
1
1
1
1.00055
1
1
1
1
1
1
1
1
1
0.998073
1
1
1
1
1
1
1
1
1
1
1
1
1
1
1
1
0.997681
1
1
1
1
1
1
1
1
1
1
1
1
1
1
1
1
1
1
1
1
1
1
1
1
1
1
1
1
1
1
1
1
1
1
1
1
1
1
1
1
1
1
1
1
1.00136
1
1
1
1
1
1
1
1
1.00011
1
1
1
1
1
1
1
1
1
1
1
1
1
1
1
1
1
1
1
1
1
1
1
1
1
1
1
1
1
1
1
1
1
0.999943
1
1
1
1
1
1
1
1
1
1
1
1
1
1.00001
1
1
1
1
1
1
1
1
1
1
1
1
1
1
1
1
1
1
1
1
1
1
1
1
1
1
1
1
1
1
1.00002
1
1
1
1
1
1
1
1
1
1
1
1
1
1
1
1
1
1
1
1
1
1
1
1
1
1
1
1
1
1
1
0.999309
1
1
1
1
1
1
1
1
1
1.00001
1
1
1
1
1
0.999857
1
1
1
1
1
1
1
1
1
1
1
1
1
1
1
1
1
1
1.0058
1
1
1
1
1
1
0.999728
1
1
1
1
1
1
1
1
1
1
1
1
1
1
1
1.00001
1
1
1
1
1
1
1
1
1
1
1
1
1
1
1
1
1
1
1
1
1
1
1
1
1
1
1
1
1
1
1
1
1
1
1
1
1
1
1
1
1
1
1
1
1
1
1
1
1
1
1
1
1
1
1
1
1
1
1
1
1
1
1
1
1
1
1
1
1
1
1
1
1
1
1
1
1
1
1
1
1
0.99853
1
1
1
1
1
1.00006
1
0.994133
1
1
1
1
1
1
1
1
1
1
1
1
1
1
1
1
1
1
1
1
1
1
1
1
1
1
1
1
0.999985
1
1
1
1
1
1
1
1
1
1
1
1
0.999989
1
1
1
1
1
1
1
1
1
1
1
1.00017
1.00003
1
1
1
1
1
1
1
1
1
1
0.999999
1
1
1
1
1
1
1
1
1
1.00001
1
1
1
1
1
1
1
1
1
1
1
1
1
1.00001
1
1
1
1
1
1
1
1
1
1
1
1
1
0.99993
1
1
1
1
1
1
1
1
1
1
1
1
1
1
1
1
1
1.0001
0.999966
1
1
1
1
1
1
1
1
1
1
1
1
1
1
1
1
1.00021
1
1
1
1
1
1
1
1
1
1
1
1
1
1
1
0.998868
1
1
0.99997
1
1
1
1
1
1
1
1
1
0.999923
1
1
1
1
1
0.999992
1
1
1
0.99994
1
1
1
1
1
1
1
1
1
1
1
1
1
0.99999
1
1
1
1
1
1
1
1
1
1
1
1
1
1
1
1
1
0.999983
1
0.995227
1
1
1
1.00002
1
1
1
1
1
1
1
1
1
1
1
1
1
1
1
0.999672
1
1
1
1
1
1
0.997608
1
1
1
1
1
0.999958
1
1
1
0.999984
1
1
1
1
1
1
1
1
0.99866
0.999954
1
1
1
1
1.00005
1
1
1
1
1
1
1
1
0.997729
1
1
1
1
1
1
1
1
1
1
1
1
1
0.998236
1
1
0.998978
1
1
1
1
1
1
1
1
1
1
1
1
1
1
1
1
1
1
1
1
1
1
1
1
1.00002
1
1
1
1
1
1
1
1
1
1
1
1
1
1
1
1
1
1
1
1
1
1
1
1
1.00001
1
1
1
1
1
1
1
1
0.999445
1
1
1
1
0.999989
1
1
1
1
1
1
1
1
1
1
1
1
1
1
1
1
1
1
1
1
1
1
1
1
1
1.00001
1
1
1
1
1
1
1
1
1
1
1
1
1
1
1
1
1
1.00012
1
1
1
1
1
1
1
1
1
1
1
1
1
1
1
1
1
1
1
1
1
1
1
1
1
1
0.999955
1
1
1
0.999959
1
1
1.00001
1
1
1
1
1
1
0.999997
1
1
1
1
1
1
1
1
1
1
1
1
1
1
1
1
1
1
1
1
1
1
1
1
1
0.999999
1
1
1
1
1
1
0.999996
1
1
1
1
1
1
1
1
1
1
1
1
1
1
1
1
1
1
1
1
0.999724
1
1
1
1
1
1
1
1
1
1
1
1.00047
1
1
1
1
1
1
1
1
1
1
1
1
1
1
1
1
1
1
1
1
1
1
1
1
1
1
1
1
1
1
1
1
1
1
1
1
1
1
0.999592
1
1.00107
1
1
1
1
1
1
1
1
0.999663
1
1
1
1
1
0.998342
1
1
1
1
1
1
0.999994
1
1
1
1
1
0.998872
1
1
1
1
1
1
1
1
1
1.00001
1
1
1
1
1
1
1
1
1
1
1
1
1
1
1
1
1
1
1
1
1
1
1
1
1
1
1
1
1
1
1
1
1
1
1
1
1
1.00047
1
1
1
1
1
1
1
1
1
1
1
1
1
1
0.997424
1
1
1
1
1
1
1
1
1
1
1
1
1
1
1
1
1
1
1
1
1
1
1
1
1
1
0.999954
1
1.00016
1
1
1
0.998092
1
1
1
1
1
1
0.999943
1
1
1
1
1
1
1
1
1
0.99999
1
1
1
1
1
1
1
1
1
0.999999
1
0.999921
1
1
1
1
1
1
1
1
0.996184
1
1
1
1
1
1
1.00004
1
1
1
1
1
1
1
1
1
1
1
1
1
1
1
1
1
1
1
1
1
1
1
1
1
1
1
1
1
1
1
1
1
0.995339
1
1
1
1
1
1
1
1
1
1
1
1
1
1
1
0.999923
1
1
0.999898
0.99748
1
1
1
1
1
1
1
1
1
1
1
1
1
1
1
1
1
1.00003
1
1
0.999993
1
1
1
1
1
1
1
1
1
1
0.9984
1
1
1.00005
1
1
1
1
1
1
1
1
0.999998
1
1
1
1
1
1
1
1
1
1
0.999992
1
1
1.00005
1
1
1
1
1
1
1
0.999538
1
1
1
1.00227
1
1
1
1
1
1
1
1
1
1
1
1
1
1
1
1
1
1
1
1
1
1
1
1
1
1
1
1
1
1
1
1
1
1
1
1
1
1
1
1
1
1
1
1
1
1
1
1
0.996625
1
1
1
1
1
1
1
1
1
1
1
1
1
1
1
0.999999
1
0.999988
1
1
1
1
1
1.00007
1
1
1
1
1
1
1
1
1
1
1
1
1
1
1
1
1
1
1
1
1
1
0.999999
1
1
1
1
1
1
1
1
1
1
1
1
1
1
1
0.996391
1
1
1
1
1
1
1
1
1
1
1
1
1
1
1
1
1
1
1
1
1
1
1
1.00003
1
1
1
1
1
1
1
1
1
1
1
1
1
1
1
1
1
1
1
1
1
1
1
1
1
1
1
1
1
1
1
1
0.999996
1
1
1
1
1
1
1
1
0.996988
1
1
1
1
1
1
1
1
1
1
1
1
1
1
1
1
1
1
1
1
1
1
1
1
0.999933
1
1
1
1
1
1
1
1
1
1
1
0.999996
1
1
1
0.999977
1
1
1
1
1
1
1
1
1
1
1
1
1
1
1
1
0.999933
1
1
1
1
1
1
0.999991
1.00005
1
0.982492
1
1
1
1
1
1
1
1
1
1
1
1
1
1
1
1
1
1
1
1
1
1
0.999999
1
1
1
1
1
1
1
1
1
1
1
1
1
1
1
1
1
1
1
1
1
1
1
1
1
1
1
1
1
1
1
1
1
1
1
1
1
1
1
1
1
1
1
1
1
1
1
1
1
1
0.99999
1
1
1
1
1
1
1
1
1
1
1
1
1
1
1
1
1
1
1
1
1
1
1
1
1
1
1
1
1
1
1
1
1
1
1
1
1
1.00033
1
1
1
1
1
1
1
1
1
1
1
1
1
1
1
1.00004
1
1
1
1
1
1
1
1
1
1
1
1
1
1
1
1
1.00001
1
1
1
1.00005
1
1
1
1
1
1
1
1
1
1
1
1
1
1
1
1
1
1
1
1
1
1
1
1
1
1
1
1
1
1
1
1
1
1
1
1
1
1
1
1
1
1
1
1
1
1
1
1
1
1
1
1
1
1
1
1
1
1
1.00001
1
1
1
1
1
1
1
1
0.999999
0.999759
1
1
1
1
1
1
1
1
1
0.997899
1
1
1
1
1
1
1
1
1
1
1
1
1
1
1
1
1
1
1
1
1
1
1
1
0.999855
1
1
1
1
1
1
1
1
1
1
1
1
1
1
1
1
1
1
0.998777
1
1
1
1
1
1
1
1
1
1
1
1
1
1
1
1
1
1
0.996521
1
1
1
1
1
1
1
1
1
0.998764
1
1
1
1
1
1
1
1
1
1
1
1
1
1
1.00007
1
1
1
1
1
1
1
1
1
0.999973
1
1
1
1
1
1
1
1
1
1
1
1
1
1
1
1
1
1
1
1
1
1
0.99977
1
1
0.999995
1
1
1
1
1
1
1
1
1
1
1
1
1
1
0.999903
1
1
1
1
1
1
1
1
1
1
1
1
1
1
1
1
1
1
1
1
1
1
0.998361
1
1
1
1
1
1
1
1
0.994403
1
1
1
1
1
1
1
1
1
1
1
1
1
1
1
1
1
1
1.00001
1
1
1
1
1
1
1
1
1
1
1
1
0.999921
1
1
1
1
1
1
0.997681
1
1
1
1
1
1
1
1.00001
1
1
1
1
1
1
1
1
0.99728
1
1
1
1
1
1
1
1
1
1
1
1
1
1
1
1
1
1
1
1
1
1
1
1
1
1
1
1
1
1
1
1
1
1
1
1
1
1
1
1
1
1
1
1
1.0007
1
1
1
1
0.998524
1
1
1
1
1
1.00024
1
1
1
1
1
1
1
1
1
1
1
1
1
1
1
1
1
1
1
1
1
1
1
1
1
1
1
1
1
1
1
1
1
1
1
1
1
1
1
1
1
1
1
1
1
1
1
1
1
1
1
1
1
1
1
1
1
1
1
1
1
0.999967
1
1
1
1
1
1
1
1
1
1
1
1
0.999191
1
1
1
1
1
1
1
1
1
1
1
1
1
1
1
1
1
1
1
0.999989
1
0.999987
0.999764
1
1
1
1
1
1
1
1.00001
0.999978
1
1
1
1
1
1
1
1
0.999972
1
1
1
1
1
0.999998
1
0.999999
1
1
1
1
1
1
1
1
1
1
1
1.00001
1
1
1
1
1
1
1
1
1
1
0.999893
1
1
1
1
0.999992
1
1
1
1
1
1
1
1
1
1
1
1
1
1
1
0.999999
1
1
0.999988
1
1
1
1
1
1
1
1
1
0.999991
1
1
1
1
0.999986
0.999964
1
1
1
1
1
1
0.998812
1
1
1
1
0.999416
1
1
1
0.999996
1
1
1
1
1
1
0.999867
1.00028
0.999997
1.00001
1
1
1
1
1
1
0.999601
1
1
1
0.999986
1
1
1
1
1
1.00025
1
1
1
1
1
1
0.999995
0.999992
0.999992
1
1
1
1
1
1
1
1
1
1
0.999986
1
1
1
1
1
1
1
0.998763
1
1
1
0.999997
1.00046
1
1
0.999994
1
1
1
1
0.999929
1
1
1
1.00001
1
1
1
1
1
1
1
1
0.999997
1
0.995339
0.999995
1
1
1
1
1
1.00052
1
1
1
1
0.999386
1
1
0.999955
1
1
1
1
1
1
1
1
1
1
1
1
1
1
1
1
1
1
1
1
1
1
1
1
1
1
1
1
1
1
1
1
1
1
1
1
1
1
1
1
1
1
1
1
1.00018
1
1.0001
1
1
1
1
1
1
1
1
1
1
1
1
1
1
1
1
1
1
0.999993
1
1
1
1.00125
1
1
1
1
1
1
1
1
1
1
1
1
1
1
1
1
1
1
1
1
1
1
1
1
1
1
1
1
1
1
1
1
1
1
1
1
1
1
1
1
1
1
1
1
1
1
1
0.999984
1
1
1
1
1
1
1
0.999796
1
0.992736
1
1
1
1
1
1
1
0.999216
1
1
1
1
1
1
1
1
1
1
1
1
1
1
1
1
1
1
1
1
0.997464
1
1
1
1
1
1
1
1
1.00003
1
1
1
1
1
1
1
1
1
1
1
1
1
1
1
1
1
1
1
1
1.00019
1
1
1
1
1
1
1
1.00159
1
1
0.99988
0.998908
1
1
1
0.995053
1
1
1
1
1
1
1.00003
1
1
1
1
1
1
0.999647
0.999997
1
1
0.999765
1
1
1
1
1
1
1
1
1
1
1
1
1
1
0.999985
0.996082
0.999724
1
1
0.999193
1
1
1
1
1
1
1
1
1
1
1
1
1
1
1
1
1
0.999884
1
1
1
1
1
1
1
0.9998
0.99876
1
1
1
0.999484
1
1
1.0005
1
1
1
1
1.00003
1
1
1
1
1
1
1
1
1
1
1
1
1
0.99922
1
1
1
0.999967
1
1
1
1
1
1
1
1
1
0.999757
1
1
1
1
1
1
1
1
1.00033
1
1
1
1
1
1
0.999993
1
1
1
1
1
1
0.999961
1
1
1
1
1
1
1
0.999993
1
0.998493
1
1
1
1
1
1
1
1
0.99994
1.00001
1
1
1
1
1
1
1
1
1
0.996251
1
1
1
1
1
1
1
1
1.00002
1
1
1
0.999988
0.999938
1
1
1
1
1
0.99999
1
1
1
1
0.999999
1
1
0.999675
1
1
1
1
1
1
1
1
1
1
1
1
1
1
1
0.999998
1
1
1
1
1
1
1
1
1
1
0.999904
1
1
1.00003
1
1
1
1
1
0.999878
1
0.999996
1
1
1
1
1
1
1
1
1
1
1
1
1
1
1
1
0.999999
1
1
1
1
1
1
1
1
1
1
1
1
1
1
1
1
1
1
1
1
1
1
1
1
1
1
1
1
1
1
1
1
1
0.999999
1
1.00001
1
0.999994
1
1
0.999915
1
1
1
1
1
1
1
1
1
1
1
1
1
1
1
1
1
1
1
0.998182
1
1
1
1
1
1
1
1.00002
1
1
1
1
1
1
1
1
1
1
0.999904
1
1.00004
1
0.999955
1
1
1
1
1
1
1
1
1
1
1
1
1
1
1
1
1
1
1
1
1
1
1
1
1
1
1
1.00159
1
1
1
1
1
1
1
1
1
1
1
1
1
1
1
1
1
1
1
1
1
1
1
1
1
1
1
1
1
1
1
0.997135
1
1
0.998171
1.00072
1
1
1
1
0.999996
1
1.00001
1
1
1
1
1
1
1
1
1
1
1.00002
1
1
1
1
1
1
1
1
1
1
1
1
1
1
1
1
1.00001
1
1
1
1
1
1
1
1
1
1
1
1
1
1
1
1
1
1
1
1
1
1
1
1
1
1
1
1
1
1
1
1
1
1
1
1
1
1
1
1
1
1
1
1
1
1
1
1
1
1
1
1
1
1
1
1
1
1
1
1
1
1
1
1
1
1
1
1
1
1
1
1
1
1
1
1
1
1
1
1
1
1
1
1
1
0.999872
1
1
1
1
1
1
1
1
1
1
1
1
1
1
1
1
1
1
1
1
1
1
1
1
1
1
1
1
1
1
0.999997
1
1
1
1
1
1
1
1
1
1
1
1
1
1
1
1
1
1
1
1
1
1
1
1
1
1
1
1
1
1
1
1
1
1
1
1
1
1
1
1
1
1
1.00038
1
1
1
1
1
1
1
1
1
1
1
1
1
1
1
1
1
1
1
0.999994
1
1
1
1
1
1
1
1
1
1
1
1
1
1
1
1
1
1
1
1
1
1
1
1
1
1
1
1
1
1
1
1
1
1
1
1
1
1
1
1
1
1
1
1
1
1
1
1
1
1
1
1
1
1
1
1
1
1
1
1
1
1
1
1
1
1
1
1
1
1
1
1
1
1
1
1
1
1
1
1
1
1
1
1
1
1
1
1
1
1
1
1
1
1
1
1
1
1
1
1
1
1
1
1
1
1
1
1
1
1
1
1
1
1
1
1
1
1
1
1
1
1
1
1
1
1
1
1
1
1
1
1
1
1
1
1
1
1
1
1
1
1
1
1
1
1
1
1
1
1
1
1.00003
1
1
1
1
1
1
1
1
1
1
1
1
1
1
1
1
1
1
1
1
1
1
1
1
1
1
1
1
1
1
1
1
1
1
1
1
1
1
1
1
1
1
1
1
1
1
1
1
1
1
1
1
1
0.995242
1
1
1
1
1
1
1
1
1
1
1
1
1
1
1
1
1
1
1
1
1
1
1
0.999994
1
1
1
1
1
1
1
1
1
1
1
1
1
1
1
1
1
1
1
1
1
1
1
1
1
1
1
0.998374
1
1
1
1
1
1
1
1
1
1
1
1
1
1
1
1
1
1
1
1
1
1
1
1
1
1
1
1
1
1
1
1
0.999961
1
1
1.00007
1
1
1
0.999195
1
1
1
1
1
1
1
1
1
1
1
1
1
1
1
1
1
0.999899
1
1
1
1
1
1
1
1
1
1
1
1
1.00001
1
1
1
1
1
1
1
1
1
1
1
1
1
1
1
1
1
1
1
1
1
1.00001
1
1
1
1
1
1
1
1
1
1
1
1
1
1
0.999962
1
1
1
1
1
1
1
1
1
1
1
1
1
1
1
1
1
1
1
1
1
1
1
1
1
1
1
1
1
1
1
1
1
1
1
1
1
1
1
1
1
1
1
1
1.00016
1
1
1
1
1
1
1
1
1
1
1
1
1
1
1
1
1
1
1
1
1
1
0.999973
1
1
1
1
1
1
1
1
1
1
0.999999
1
1
1
1
1
1
1
1
1
1
1
1
1
1
1
1
1
1
1
1
1
1
1
1
1
1.00016
1
1
1
1
1
1
1
1
1
1
1
1
1
1
1
1
1
1
1
1
1
1
1
1
1
1
1
1
1
1
1
1
1
1
1
1
1
1
1
0.995731
1
1
1
1
1
1
1
1
1
0.998587
1
1
1
1
1
1
1
1
1
1
1
0.995191
1
1
1
1
1
1
1
1
1
1
1
1
1
1
1
1
1
1
1
1
1
0.999999
1
1
1
1
1
1
1
1
1
1
1
1
1
1
1
1
1
1
1
1
1
1
1
1
1
1
1
1
1
1
1
1
1
1
1
1
1
1
1
1
1
1
1
0.999092
1
1
1
1
1
1
1
1
1
1
1
1
1
1
1
1
1
1
1
1
1
1.00007
1
1
1
1
1
1
1
1
1
1
1
1
1
1
1
1
1
1
1
1
1
1
1
1
1
1
1
1
1
1
1
1
1
1
1
1
1
1
1
0.999773
1
1
1
1
0.999999
1
1
1
1
1
1
1
1
1
1
1
1
1
1
1
1
1
1
1.00001
1
1
1
1
1
1
1
1
1
1
1
1
1
1
0.999987
1
1
1
1
1
1
1
1
1
1
1
0.999943
1
1
1
1
1
1
1
1
1
1
1
1
1.00001
1
1
1
1
0.999996
1
1
1
1
1.00019
1
1
0.999995
1
1
1
1
1
1
1
1
1
1
1
1
0.995609
1
1
1
1
1
1
1
0.999997
1
1
1
0.999998
1
1
1
1
1
1
1
1.00004
1
1
1
1
1
1
1
0.999994
1
1
1
1
1
1
1
0.999678
1
1
1
1
0.999724
1
1
1
0.999991
1
1
0.999995
1
1
1
1
1
1
1
1
1
1
1
1
1
1
0.999984
1
1
1
1
1
1
1
1
1
1
1
1
1
1
1
1
1
1
1
1
1
1
1
1
1
1
1
1
1
0.999995
1
1
1
0.994811
1
1
1
1
1
1
1
1
1
1
1
1
1
1.00001
1
1
1
1
1
1
1
1
1
1
1
1
0.999996
1
1
1
1
1
1
1
1
1
1
1
1
1
1
1
1
1
1
1
1
1
1
1
1
1
1
1
1
1
1
1
1
1
1
1
1.00009
1
0.999998
1
1
1
1
1
1
1
1
1
1
1
1
1
1
1
1
1
1
1
1
1
1
1
1
1
1
1
1
1
1
1
1
1
1
0.998797
0.996509
1
1
1
1
1
1
1
1
1
1
1
1
1
1
1
1
1
1
1
1
1
1
1
1
1
1
0.999999
1
1.00004
1
1
1
1
1
1
1
1
1
1
1
1
1
1
1
1
1
1
1
1
0.99918
1
1
1
1
1
0.999992
1
1
1
1
1
1
0.99998
1
1
1
1
1
0.999991
1
1
1
1
1
1
1
1
1
1
1
1
1
1
1
1
1
1
1
1
1
1
1
1
1
1
0.999986
0.999999
1
1
1
1
1
1
1
0.999988
1
1
1
1
1
1
0.999934
1
1
1
1
1
1
1
1
1.00098
1
1
1
1
1
1
1
1
1
1
1
1
1.00001
0.999792
1
1
1
1
1
0.999991
1
1
1
0.999999
1
1
1
1
1
1
1
1
1
1
1
1
1
1
1
1
1
1
1
1
1
1
1.0002
1
1
1
1
1
1
1
1
1
1
1
1
1
1
1
1
0.999999
1
1
1
1
1
1
1
1
1
1
0.999908
0.999836
1
1
1
1
1
0.999713
1
1.00056
1
1.00002
1
1
1
1.00001
0.999997
1
1
1
1
1
1
1
0.999999
0.994824
1
1
1
1.00005
1
1
0.999933
1
1
1
1
1
1
1
1
1.00025
1
1
1
1
1
1
1
1
1
1
0.999997
1
1
1
1
1.00027
1
1.00002
1
1
1
1
1
1
1
1
1
1
1
1
1
1
1
1
1
1
1
1
1
1.00011
1
1
1
1
0.986261
1
1
1
1
1
1
1
1
1
1
1
1
1
1
1
1
1
0.999093
1
1
1
1
1
1.00001
1
1
0.999999
1
1
1
1
1
1
1
1
1
1
1
1
1
1
1
1
1
1
1
1
1
1
1
0.999312
1
1
1
1
1
1
1
0.997729
1
1
1
1
1
1
1
1
1
1
1
1
1
1
1
1
1
1
1
1
1
1
1
1
1
1
1
1
1
1
1
0.989187
1
1
1
1
1
1
1
1
1
1
1
1
1.00001
1
1
1
1
1
0.998879
1
1
1
1.00011
1
1
1
1
1
1.00032
1
1.00001
1
1
1
1
1
1
1
1
1
1
1
1
1
1
1
1
1
1
1
1
1
1
1
1
0.995575
1
1
1
1
1
1
1
1
1
1
1
1
1
1
1
1
1
1
1
1
0.999132
1
1
1
1
0.999999
1
1
1
1
1
1
1
1
1
1
1
1
1
1
1
1
1
1
1.00047
1
1
1
1
1
1
1
1
1
1
1
1
1
0.999853
1
1
1
1
0.999989
1
1
1
1
1
1
1
1
1
1
1
0.996543
1
1
1
1
1
0.998981
1
1.00002
1
1
0.99869
1
1
1
1
1
0.996531
1
1
1
1
1
1
1.00005
1
1
1
1
1
1
1
1
1
1
0.995749
1
1
1
1
1
1
1
0.999992
1
1.00001
1
1
1
1
1
1
1
1
1
1
1
1
1
1
1
1
1
1
1
1
1
1
1
1
1
1
1
1
1
1
1
1
1
1
0.999996
1
1.00001
1
1
1
1
1
1.0004
1
1
1
1
1
1
0.997454
1
1
1
1
1
1
1
1
1
1
1
1
1
1
1.00003
1
1
1
1
1
1
1
0.999999
1
1
1
1
1
1
1
1
1
1
1
1
1
1
1
1
0.999975
1.00001
1
1
1
1
1
1.00003
1
1
1
1
1
1
1
1
1.00001
1
1
1
1
1
1
1
1
1
1
1
1
1
1
1
1
1
1
1
1
1
1
1
1
1
1
1
1
1
1
1
1
1
1
1
1
1
1
1
1
1
1
1
1
1
1
1
1
1
1
1
1
1
1
1
1
1
1
1
1
1
1
1
1
1
1
1.00001
1
1
1
1
1
1
1
1
1
1
1
1
1
1
1
1
1
1
1
1
1
1
1
1
1
1
1
1
1
1
1
1
1
1
1
1
1
1
1
1
1
1
1
1
1
1
1
1
1
1
1
1
1
1
1
1
1
1
1
1
1
1
1
1
1
1
1
1
1
1
1
1
1
1
1
1
1
1.00013
1
1
1
1
1
1
1.00038
1
1
1
0.999999
1
1
1
1
1
1
1
1
1
1
1
1
0.999971
1.00004
0.993457
0.999835
1.00023
1
1
1
1
1
1
1
1
1
1
1
1.00005
1
1
1
1
1
1
1
0.999999
1
1
1
1
1
1
1
1
1
1
1
1
1.00004
1
1
1
1.00008
1
1
1
1
1
1
1
1
1
1
1
1
1
1
1
1
1
1
1
1
1
1
1
1
0.999997
1
1
1
1
1
1
1
0.999723
1
1
1
1
1
1
1
1
1
1
1
1
1
1
1
1
1
1
1
1
0.999334
1
1
0.999992
0.999999
1
1
1.00001
0.999874
1
1
1
1
1
1
1
1
1
1
1
1
1
1
1
1
1
1
1
1
1
1
1
1
1
1
1
1
1
1
1
1
1
1
1
1
1
1
1
1
1.00002
1
1
1
1
1
1
1
1
0.99999
1
1
1
1
1
1
1
1
1
1
1
1
1
1
1
1
1
1
1
1
1
1
0.997148
1.00007
1
0.999976
1
1
1
1
1
1
1
1
1
0.999923
0.999934
0.991827
1
1
1
1
1
1
1
1
1
1
0.98692
1
0.998504
1
1
1
1
1
1
1
1
1
1
1
1
1
1
1
1
1
1.00001
1
0.999999
1
1
1
1
1
1
1
1
1
1
1
1
0.99999
1
1
1
1
1
0.999963
1
1
1
1
1
1
0.999273
0.999992
1
1
1
1
1
1
1
1
0.997334
1
1
1
1
1.0001
1
1
1.00014
1
1
1
1
1
1
1
1
1
1
1
1
1
1
0.999204
1
0.998776
1
1
1
0.99827
1
0.99978
1
1
1
1
1
1
1
1
1.00066
1
1
0.998412
1
0.998335
1.00005
1
0.999593
1
1
1
1
1
1
1
0.996078
1
1
1
1
1
1
1
1
1
1
1
1
1
1
1
1
1
1
1
1
1
1
1
1
1
1
0.999954
1
1
1
1
1
1
1
1.00019
1
1.00001
0.999992
1
1
1
1
1
1
1
1
1
1
1
1
1
0.999986
0.998703
1.00008
1
1
1
0.999937
1
0.999999
1
1
1
1
1
1
1
1
1
1
1
1
1
1
1
1
1
1.00002
1
1.00006
1
1
1
1
1
1.00003
1
1
1
1
1
1
1
1
1
1
1
1
1
1
1
1
1
1
1
1
1
1
1
1
1
1
1
1
0.999999
1
1.00001
1
1
1
1
1
1
1
1
1
1
1
1
1
0.999998
1
1
1
1
1
1
1
1
1
1
1
1
1
1
1
1
1.00001
0.99986
1.00045
1
0.999998
1.00001
1
1
1
1
1
1
1
1
1
1.00002
1
1.00001
1
0.999964
1
1
1
1
1.00028
1
1
1
1
1
1
1.00004
1
1
1
1
1
1
1
1
1
1
1
0.999987
1
1
1
1
0.999484
0.999998
1
1
0.999994
0.999119
1
1
1
1
1
1
1.00016
1.00007
0.999838
1
1
0.999999
1
1
1
1
1
1
1
1
1
1
1
1
1
1
1
1
0.999941
1
1
1
1
1
1
0.997391
1
1
1
1
1
1
1
1
1
1
1
1
1
1
1
1
1
1
1.00027
1
1
1
1
1
1
1
1
1.00001
1
1
1
1
1
1
1
1.00003
1
1
1
1.00003
1
1
1
1
1
1
1
1
1
1
1
1
1
1
1
1
1
1
1
0.999963
1
1
1
1
1
1
1.00051
0.999941
1
1
1
1
1
1
1
1
1
1
1
0.99838
1
1
0.999998
1
1
1
1
0.999993
1
1
1
1
1
1
1
1
1
1
1
1
1
1
1
1
1
1.00001
1
0.996576
1
1
1
1
1
1
1
1
1
1
1
1
1
1
1
1
0.996436
1
1
1
1
1
1
1
1
1
1
1
1
1
1
1
1
1
1
1
1
1
1
1
1
1.00014
1.00035
1
1.00019
0.996839
1
1.00004
1
1
1
1
1
1
1
1
1
0.998379
1
1
1
1
1
1
1
1
1
1
1
1
1
1
1
1
1
1
1
1
1
1
1
1
1
1
1
1
0.997644
1
1
1
1
1
1
1
1
1
1
1
1
1
1
1
1
0.999992
1
1
1
1
1
1
1
1
1
1
0.997163
1
1
1
1
1
1.00001
1
1
1
1
1
1
0.99572
1
1
0.99994
1
0.999985
1
1
1
1
1
1
1
1
1
1
1
1
1
1
1
1
1
0.999965
1
1
1
1
1
1
1
1
1
1
1
1
1
1
0.999702
1.00027
0.999961
1
1
1
1
1
0.999938
1
1
1
1
1
1
1
0.997235
1.00002
1
1
1
0.99981
0.995057
1
0.99699
0.999104
1
1
1
1
1
1
1
1
1.00066
1
1
1
0.999929
1
1
0.999999
1
1
1
1
1
1
1
1.00001
1
1
1
1
1
1
1
1
1
1
1
1
1
1
1
0.999941
0.999965
1.00001
1
1
1
1
1
1
1
1
1
1
1
1
1
1
1
1
1
1
1
1
1
1
1
1
1
0.999996
0.992327
1
1
1
0.998891
1
1
1
1
1
1
0.999646
1
1
1
1
1
1
1
0.999975
1
1
0.994057
1
1
1
1
1
1
0.999952
1
1
1
1
1
1
1
1.00006
0.999998
1
1
1
1
1
1
1
1
1
1
1
1
0.999994
1
1
1
0.999997
1
1
1
1
1
1
1
1
1
1
1
1
1
1
1
1
1
1
1
1
1
1
0.999994
1
1
1
1
0.986547
1
1
1
1
1
1
1
1.00029
1
1
1
1
1
0.999999
0.999094
1
1
1
1
1
1
1
1
1
0.999997
1.00001
0.999996
1
1
1
1
1
1
1
1.00002
1
1
1
1.00051
1
0.999995
0.999913
1
1
0.999635
0.999831
1
1
1
1.00001
1
1
1
1
1
0.997926
1
1
1
1
1
1
1
1
1
1
1
0.997026
1
1
1
1
1
0.999994
1
1
1
1
1
1
1
1.00002
1
1
1.00002
1
1
1.00003
1
1
1
1
1
1
1
1
1
1
1
1
1
1
1
1
1
0.999999
1.00002
1
1
1
1
1
1
1
0.999989
1
1
1
1
1
1
1
1
1
1
1.0002
1
1
1
0.99997
1
1
1
1
1
1
1
1
1
0.999997
1
1
1
1
1
1
0.999666
1
1
1
1
1
1
0.999129
1
1
1
1
1
1
1
1
1
1
1
1
1
1
1
1
1
1.00003
1
1
1
1
1
1
1
1
1
1
1
1
1
1
1
1
1
1
1
0.999983
1
1
1
1
1
1
1
1
1
1
1
1
1
1
1
1
1
1
1
1.00012
1
1
1.00005
1
1
1
1
1
1
1
1
1
1
1
1
1
1
1
1
1
1
1
1
1
1
1
1
0.995842
1
1
1
1
1
1
1
1
0.999999
1
1
1.00001
1
1
1
1
1
1
1
1
1
1
0.999824
1
1
1
1
1
1
1
1
1
1
1
1
1
1
1
1
1.00008
1
1
0.999997
1
0.999987
1
1
1
1
1
1.00001
1
1
1
1
1
1
1
0.992803
1
0.999999
1
1
1
1
1
1
1
1
1
1
1
1
1
1
1
1
1
1
1
0.999996
1
1
1
0.998247
1
1
1
1
1
1
1
1
1
1
1
1
1
1
1
1
1
1
1
1
1
1
1.00001
1
1
1
1
1
0.999705
1
1
1
1
1
1
1
1
1.00033
1
1
1
1
1
1
1
1
1.00001
1
1
1
1
1
1
1
1
1
1
1
1
1.00001
1
1
1
1
1
1
1
1
1
1
1
1
1
1
1
1
1
1
1
1
1
0.997341
1
1
1
1
1
1
1
1
1
1
1
1
1
1
1
1
0.9993
1
0.999453
1.00002
1
1
1
0.999897
1
1
1
1
1.00001
0.999992
1
1
1
1
1
0.999998
1
1
1.00107
1
1
1
1
1
1
1
1
1
1.00002
1
1
1
1
1
1
1
1
1
1
1
1
1
1
1
1
1
1
1.00027
1
1
1
0.999985
1.00002
1
1
1
1
1
1.00002
1
1
0.992547
1
1
1
1
1
1
1.0006
1.00001
1
1
1
1
1
1
1
1
1
1
1
1
1
1
1
1
1
1
1.00001
1
1
1
1
1
1
1
1
1
1
1
1
1
1
1
1
1
0.99992
1
1
1
1
1
1
1
0.998981
1
1.00003
1
1
1
1
1.00044
1
0.999967
1
1
1
1
1
1
1
1
0.999946
1
1
1
1.00007
1
1
1.00001
1
0.999929
1
1
0.998845
1.00003
1
1
1
1
1
1
1
1
1
1
1
1
1
1
1
1
1
1
1
1
1
1.00023
0.999976
1
1
1
1
1
0.999895
1
1
1
1
1
1
1
1
1
1
1
1
1.00003
1
1
1
1.00006
1
1
1
1
1.00019
1
1
1
0.99709
1
1
1
1
1
1
1
1
1
1
1
1
1
1
1
1
1
0.999969
1
1
1
1
1
1
0.999984
1
1
1
1
1
0.999992
1
1
1
1
1
1
1
1
1
1
1
1
1
1
1
1
1
1
1
1
1
1
1
1
1
1
1
1
1.00031
1
1
1
1
1
1
1
1
0.9979
1
1.00018
1
1
1
1
1.00003
1
1
1
0.999904
1
0.998971
1
1
0.999956
1
1
1.00001
1
1
1
1
1
1
0.998375
1
1
1
0.999999
1
1
1
1
1
0.997979
1
0.999754
1
1
1
0.999997
1
0.999811
1
1
1.00002
1
1
0.999868
1
1
1
1
1
1
1
1
1
1
1.00001
1
1
1
1
1
1
1.00001
1
1
1
1
1.00001
1
1
1
1
1
1
1
1
1
1
1
1
1
1.00066
1
1
1
1
1
0.99985
1
1
1
1
1
1
1
1
1
1
1
1
1
1
1
1
1
1
1
1
1.00001
1
1
1
0.999998
1
1
1
1
1
1
1
1
1
1
1
1
1
1
1.00001
0.999961
1
1.00002
1
1
1
1
0.999994
1
1
1
1
1
1
1
1
1
1
1
1
1
1
1
0.999996
1
1
1
1
1
1
1
1
1
1
1.00003
1
1
1
1
1
1
1
1
1
0.999997
1
1
1.00002
1
1
1
1
1
0.999999
1
1
0.997933
1
1
1
1
1
1
1
1
1
1
1
1
1.00002
1
1
1
1
1
1
1
1.0003
1
1
1
1
1
1
1
1
1
1
1
1.00006
1
1.00027
1
1
1.00005
1
1
1
1
1
1
1
1
1
1.00001
1
1
1
1
1
1
1
1
1
0.997766
1
1
1
1
1
1
1
1
1
1
1
1
1
1
1
1
1
0.999946
1
1
1.00001
1
1
1
1
1
1
1
1
1
1
1
1
1
1
1
1
1
1
1
1
1
1
1
1
1
1
1
1.00005
1
0.999998
1
1
1
1
0.999997
1.00001
1
1
1
1
1
1.00059
1
1.00004
1
1
1
1
1
1
1.00074
1
1
1
1
1
1
1
1
1
1
1
0.999944
1
1
1
1
1
1
1
1
1
1
1
1
1
1
1
1
1
1.00002
1
1
1
1
0.999982
1
1
1
1
1
1
1
1
1
1
0.996533
1
1.00002
1
1
1
1
1
1
1
1
1
1
1
1
1
1
1
1
1.00037
0.999924
1
1
1
1
1
1
1.00038
1
1
1
0.999985
1
1
1
1
1
1
1
1
1
1
0.99995
1
1
1
1
1.00001
1
0.999957
1
1
1
1
1
1
1
1
1
1
1
1
1
1
1
1
1
1.00022
1
1
1
1
1
1
0.999999
1
1
1
1
1
1
1
1
1
1
1
1
1
1
1
1
1
1
1.00002
1
1
1
1
1
1
1
1
1
1
1
1
1
1
1
1
0.997226
1
0.999866
1
1
1
1
1
1
1
1
1
1
1
1
1
1
1
1
1
1
1
1
1
1.00004
1
1.00004
1
1
1
1
1
1
1
1
0.999929
1
1
1
1
1
1
1
1
1
0.997578
1
1
1.00035
1
1
1.00001
0.999995
1
1
1
1
1
1
1.00012
1
1
1
1
1
1
1
1
1
1
1
1
1
1
1
1
1
1
0.999999
1
1
1
0.999894
1
1
1
1
0.989961
1
1
1
0.986615
1
1
1
1
0.9994
1
1
1
1
1
1
0.99999
1
1
1
1
1
1
1.00015
1
1
1
1
1
1
1
1
1
1
1
1
1
1
1
1
1
1.00004
1
1
1
1
1
1
1
1
1
1
1
1
1
1
1
0.999988
1
1
1
1
1
1
1
1
1
1
1
1
1
1
1
1
1
1
1
1.00021
1
1
1
1
1
1
1
1
1
1
1
1
1
1
1
1
1
1
1.00003
1
1
1
0.999992
0.998263
1
0.998299
1
1
1
1
1.00027
1
1.00024
1
1
1
1
1
1
1
1
1
1
1
1
0.999872
1
1
1
1
1
1
1
1
1
1.00015
1
1
1
1.00001
1
0.99999
1
1
1
1
1
1
1
1
1.00001
0.997524
0.999996
1
1
1
1
1
1
1
1
1
1
1
1
1
0.999807
1
1
1
0.989963
1
1
1
1
1
1
1
1
0.999937
1
1
1
1
1
1
1
1
1
1
1
1
1
0.999999
1
1
1
1
1
1
1
1.00015
1
0.999536
1
1
1.00022
1
1
1
1
1
1.00001
1
1
1
1
1
1.00002
1
1
1
1
1
1
1
1
1
1
0.99981
1
1
1
1
1
1
0.999978
1
1
1
1
1
1
1
1
1
1
1
1
1
0.999989
1
1
1
1
1
1
1
1
1
1
1
1
1
1
1
1
1
1
1
1
1
1
1
1
1
1
1
1
1
1
1
1
1
1
1
1
1
1.00001
1
1
1
1
0.999996
1
1
1
1
1
1
1
1
1
1
0.998826
1
1
1.00001
1
1
0.998843
1
1
1
1.00001
1
1
1
1
1
1
1
1
1
1
0.999998
1
1
0.993802
1
1
1
1
1
1
1
1
1
1
1
1
1
1
1
0.999996
1
1
1
1
1
1
1
1.00002
1
1
0.99859
1
1
1
1
1
1
1
1
1
1
0.999995
1.00001
1.00018
1
0.999982
1
1
1
0.999959
1
0.999812
1
1
1
1
1
1
1
1
1
1
1
1
1
1
1
1
1
1
1
1
1.00001
1
1
1
1
1
0.999999
1
1
1
1
1
1
1
1
1
1
1
1
1
0.999922
1
1
1
1
1
1
1
0.999949
1
1
1
1
1
1
1
1
1
1
0.997685
1
1
1
1
1
1
1
1
1
1
1
0.999994
1
1
1
1
1
1
1.00002
1
1
1
0.999999
1
1
1
1.00065
1
1
1
1
1
0.990489
1
1
1
1
1
1
1
1
1
1
1
1
1
1
1
1
1
1
1
1
1
0.997149
1
1
1
1
1
1
1
1
1
1
1
1
1
1
1
1
1
1
1
1
1.00001
0.999932
1
1
1
1
1
1
1
1
1
1
0.997368
0.99944
1
1
1
1
1
1
1
1
1
1
1
1
1
1
1.00003
1
1
1
1
1
1
1
1
1
1
1
1
1
1
1
1
1
1
1
1
1
1
1.00001
1
1
0.999996
1
1
1
1
1
1
0.999991
0.999482
1
1
1
0.999973
1
1
1
1
1
1
1
0.999989
1
1
1
1
1
1
1
1
1
1
1
1
1
1
1
1
1
0.999961
1
1
1
1
1
1
1
1
1
1
1
0.999931
1
1
1
1
1
1
1
1
1
1
1
1
1
1
1
1
1.00001
1
1
1
1
1
1
1
0.999851
0.998049
1
1
1
1
1
1
1
0.998144
1
1
0.999999
1
1
1.00003
0.999989
1
1
1
1
1
1
1
1
1
1
1
1
1
1
1
1
1
1
1
1
1
1
0.995196
1
1
1
1
1
1
1
1
1
1
1
1
1
1
1
1
1
1
0.999968
1.00001
1
0.999994
1
0.999459
1
1
1
1
1
1
1
1
1
1
0.999782
0.999917
1
1
1
1
1
1
1
1
1
1
1
1
1
1
1
1
1
1
1
0.999955
1
1
1
1
1
1
1
1
1
0.999994
1
1.00002
1
1
1
1
1
1
1
1
1
1
1
1
1
1
1
1
0.999029
1
0.999999
1
1
1
1
1
1
1
1
0.999986
1
1
1
1
1.00015
1
1
0.999999
1
1
1
1
0.999999
1
1
1
1
1
1
1
1
1
1
1
1
1
1.00013
0.999935
1
1
1
1
1
1
1
1
1
1
1
1
1
1
1
1
1
1
1
1
1
1
0.999997
1
1
1
1
1
1
1
1
1
1
1
1
1
1
1
1
1
1
1
1
1
1
1
1
0.99489
1
1
1
0.998436
1
1.00036
1
1
1
1
1
1
1
1
1
1
1
1.0002
1
1
1
1
1
1
1
1
1
1
1
1
1
1
1
1
1
1
1
1
1
1
0.999905
1
0.998982
1
1
1
1
1
1
1
1
0.999999
1
1
1.0002
1
1
0.994743
1
1
1
1
0.999999
1
1
1
1
0.998974
1
1
1
0.999999
1
1
1
1
1
1
1
1
1
1
1
1
1
1
1
1
1
1
1
1
1
0.999965
1
1
1
1
1
1
1
1
1
1
1
1
1
1
1
1
1
1
1
1
1
1
1
1
1
0.999414
1
1
1
1
1
1
1
1
1
1
1
1
1
1
1
1
1
1
1
0.999597
1
1
0.999569
1
1
1
1
0.999999
1
1
1
1
1
1
1
1
1
1
1
1
1
1
1
1
1.00002
1
1
1
1
1
1
1
1
1
1
1
1
1
1
1
1
1
1
1
1
1
0.99477
1
1
1
1
1
1
1
1
1
1
1
1
1
1
1
1
0.999993
1
1.0002
1
1.00001
1
1
1
1
0.999999
1
1
1
1.00007
1
1
1
1
1
1
1
1
1
1
1
1
1
1
1
1
1
1
1
1
1
1
1
1
1
1
1
1
1
1
1
1
1
1
1
1
1
1
1
1.00002
1
1
0.999798
1
1
1
1
1
0.999045
1
1
1
1
1
1
1
1
1
1
1
1
1
1
0.999997
1
1
1
1
1
1
1
1
1
1
1
1
1
1
1
1
1
1
1
1
1
1
1
1
1
1
1
1
1
1
1
1
0.999504
1
1
1
1
1
1
1
1
1
1
1
1
1
1
1
1
1
1
1
1
1
1
1
1
1
1
1.00005
1
1
1
1
1
1
1
1
1
1
1
1
1
1
0.999975
1
0.999563
1
1
1
1
1
0.999612
1
1
1
0.999999
1
1
1
1
1.00009
1
0.999999
1
1
1
1
1
1
1
0.999979
1
1
1
1
1
1
1
1
1
1
1
1
1
0.999916
1
1
1
0.999992
1
1
1
1
1
1
1
1
1
1
1
1
1
1
0.999762
1
1
1
1
1
1
1
1
1
0.999995
1
1.00017
1
1
1
0.997865
1
1
1
1
1
1
0.999981
1
1
1
1
1
1
1
1
1
1
1
1
1
1
1
1
1
1
1
1
1
1
1
0.999999
1
1
1
0.999975
1
1
1
1
1
1
1
1
1
1
0.999902
1
1
1
1
1
1
0.999913
1
1
1
1
1
0.997708
1
1
1
1
1
0.999841
1
1
1
1
1
1
1
1
1
1
1
1
1.00041
0.9977
1
1
1
1
1
1
1
1
1
1
0.993546
0.999993
1
1
1
1
0.999999
1
1
1
1
1
1
1
1
1
0.99943
1
1.00009
1
1
1
1.00007
1
1
1
1
1
1
1
1
1
1
1
1
1
1
0.999997
1
1
1.00001
1
1
0.99447
1
1
1
1
1
1
0.999997
1
0.999703
1
1
0.999945
1
1
1
1
1
1
1.00002
1
1
1.00003
1
1
1
1
1
1
1
1
1
1
0.999987
1
1
1
1
1
1
1
1
1
1
1
1
1
1
1
1
1
1
1
1
1
1
0.999979
1
1
1
1
1
1
1
0.999997
1
0.999955
1
1
1
1
1
1
1
1
1
0.999706
1
1
1
1
1
1
1.00002
1
0.999079
1
1
0.999999
1.00009
1
1
1
1
1
1
1
1
0.993418
0.997455
1
0.999995
1.00002
1
1
1
1
1
1
1
1
1
1
1
1
0.999376
1
1
1
1
1
1
1
1
1
1
1
1
0.999244
1
1
1
1
1
1
1
1
1
1
1
1
1
1
1.00035
1
1
1
1
1.00084
1
1
1
1
0.999998
1
1
1
1
1
1
1
1
1
1
1
1
1
0.999999
1
1
1
1
1
1
1
1
1
1
1
1
1
1
1
0.999965
1
1
1
1
1
1.00004
1
1
1
1
1
1
1
1
1
1
1
1
1
1
0.999997
1
0.999998
1
1
1
1.00021
1
1
1
1
1
1
1
0.999997
1
1
1
1
1
1
1
1
0.992937
1
1
1
1
1
1
1
1
1
1
1
1
1
1
1
1
1
1
1
1
1
1
1
1
1
1
1
1
1
1
1
1
1
1
1
1
1
1
1
1
1
1
1
1
1
1
1
1
1
0.99759
1
1
0.999111
1
1
0.999989
1
1
1
1
1
1.00125
1
1
1
1
1
1
1
1
1
1
1
1
1
1
1
1
1.00001
1
1.00051
1
1
1
1
0.999993
1
1
1
1
1
1
0.999997
1
1
1.00001
1
1
0.998417
1
1
1
1
1
1
1
1
1
1
1
1
1
1
1
1
1
1
1
1
1
1
1
1
1
1
1.00001
1.0001
1
1
0.999999
1
1
1
1
1
1
1
1
1
1
1
0.999316
0.999998
1
1
1
0.993569
1
1
1
1
1
1
1
1.00012
1
1
1
1
1
1
0.999948
1
1
1.00016
1
0.999998
1
1
1
1
1
1.00001
1
1
1
1
1
1
1
1
1
1
1
1
1
1
1
1
1
1
1
1
1
1
1
1
0.999889
1
0.999152
1
1
1
1
1
1
1
0.999916
1
0.999999
1
1
1
1
1
1
1
1
0.998634
1
1
1
1
1
1
1
1
1
1
1
1
1
1
1
1
0.999943
1
1
1
1
1
1
1
1
1
0.999791
1
1
0.994454
1
1
1
1
1
1
1
1
1
1
1
1
1
1
0.999982
0.998865
1
1
1
1
1
1
1
0.999965
1
1
1
1
1
1
1
1
1
1
1
1
1
1
1
1
0.999998
0.997615
1
1
1
1
1
1
1
1
0.999333
1
0.996232
1
1
1
1
1
1
1
1
1
1
1
1
1
1
1
1
0.999831
1
0.999916
1
1.00002
1
0.999095
1
1
1
1
0.999446
1
1.00001
1
1
1
1
1
0.999891
0.99974
1
1
1
1
1
1.00016
1
1
1
1
1
1
1
1
1
1
1
1
1
0.993681
1
1
1
1
1
1
1
1
1
1
1
1
1
1
1
1
1
1
1
1
1
1
1
1
1
1
1
1
0.999999
1
1
1
1
1
1
1
0.999998
0.997033
1
1
1
1
1
1
1
0.999617
1
1
1
1
1
1
1
1
1
1
1
1
0.999892
1
1.00035
1
1
1
1
1
0.995187
1
1
1
1
1
1
1
1
1
1
1
1
1
1
1
1
1
1
1
1
0.999878
1
1
1
1
1
1
1
1
1
1
1
1
1
1
1
1
1
1
1
1
1
1
1.00001
1
1
1
1
1
1
1
1
1.00024
1
1
1
1
0.998095
1
1
1
1
1
1
1
1
1
1
1
1
1
1
1
1
0.999998
1
1
1
1
1
1
1
1
1
1
1.00004
1
0.999749
1
1
1
0.999957
1
1
1
1
1
1
1
1
1
1
1
1
1
1.00083
1
1
1
1
1.00002
1
1
1
1
1
1
1
1
1
1
1
1
1
1
1
1
1
1
1
1
1
1.00016
1
1.00044
1
1
1
1
0.996096
1
1
1
1
1.00021
1.00001
1
1
1
1
1
1
1
1
1
1
1
1
1.00021
1
1
1
1
1
1
1
1
1
1
1
1
1
1
1
1
1
1
1
1
1
1
1
1
1.0005
1
1
1
1
1
1
1
1
1
1
1
1
1
1
1
1
1
1
1
1
1
1
1
1
1
1
1
1
1
1
1
1
1
0.997913
1
1
1
1
1
0.999999
1
1
1
1
1
1
1
1
0.998951
1
1
1
1
1
1
1
1
1
1
1
1
1
0.995451
1
0.999795
1
1
1
1
1
1
1
1
1
1
1
1
1
1
1
1
1
1
1
1.00035
1
1
1
1
1
1
1
1
1
1
1
1
1
1
1
1
1
1
1
0.999997
1
1
1
1
1
1
1
1
1
1
1
1
1
1
1
1
0.99795
0.99844
1
0.998718
1.00008
1
1
1
1
1
1
1
1
1
1
1
1
1
1
0.999995
1
1
1
1.0002
1
1
1
1
1
1
1
1
1
1
1
1
1
1
1
1
1
0.999998
1
1
1.00028
1
1
1
1
1
1
1
1
0.999493
1
1
0.999989
1
1
1
1
1
1
1
0.999996
1
1
1
1
1
1
1
1
1
1
1
1
1
1
1
1
1
1.00014
1
1
1
1
0.999996
1
1
1
1.00027
1
0.995213
1
1
1
1
1
1
1
1
1
1
1
1
1
1
1
1
1
1
1
1
1
1
1
1
1
1
1
1
1
1
1
1
1
1
1
1
1
1
0.986254
1
1
1
1
1
1
1
1
1
1
1
1
1
1
1
1
1
1
1
1
1
1
1
1
1
1
1
1
1
1
0.999999
1
1
1
1
1
1
1
1
1
1
1
1
1
1
1
1
1
1
1
1
1
1
1
1
1
1
1
1
1
1
0.994996
1
1
1
1
1
1
1
1
1
0.997758
1
1
1
1
1
1
0.999991
1
1
1
1
1.00001
1
1
1
1
1
1
1
1
1
1
1
1
1
1
1
1
1
1
1
1
1
1
1
1
0.999996
1
1
1
1
0.99795
1
1
1
1
1
1
1
1
1
1
1
1
1
1.00078
0.999997
1
1
1
1
1
1
1
1
1
1
1
1
1
1
1
1
1
1
1
1
1
1
1
1
1
1
1
1
1
1
1
1
1
1
1
1
1
1
1
1
1
1
1
1
1
1
1
1
1
1
1
1
1
1
1
1
1
1
1
1
1
1
1
1
1.00016
1
1
1
1
1.001
1
1
1
1
1
1
1
1
1
1
1
1
1
1
1
1
1
1
1
1
1
1
1
1
1
1
1.00003
0.999999
1
1
1
1
1
1
1
1
1
1
1
1
1
1
1
1
1
1
1
1
1.00001
1
1
1
1
0.999996
1
1
1
1
1
1
1
1
1
1
1
1
1
1
1
1
1
1
1
1
1
1
1
1
1
1
0.998248
1
1
1
0.999997
1
1
1
1
1
1
1
1
1
1
1
1
1
0.999998
1
1
1
1
1
1
0.998652
1
1
0.999999
1
1
1
1
1
1
1
1
1
1
1
1
1
0.994978
1
1
1
1
1
1
1
1
1
1
1
1.00353
1
1
1
1
1.00017
1.00001
1
1
1
1
1.00001
1
1
1
1
1.00023
1
1
1
1
1
1
1
1
1
1
1
1
1
1
1
1
1
1
1
1
1
1
1
1
1
0.997754
0.995922
1
1.00064
1
1
0.999998
1
1
1
1
1
1
1
1
1
1
1
0.999999
1
1
1
1
1
1
1
1
1
1
1
1
1
1
1
1
1
1
1.00037
1
1
1
1
1
1
1
1
0.999963
1
1
1
)
;

boundaryField
{
    frontback
    {
        type            empty;
    }
    topbottom
    {
        type            zeroGradient;
    }
    outlet
    {
        type            zeroGradient;
    }
    inlet
    {
        type            fixedValue;
        value           uniform 1;
    }
    walls
    {
        type            zeroGradient;
    }
    procBoundary2to0
    {
        type            processor;
        value           nonuniform List<scalar> 
83
(
1
1
1
1
1
0.999999
1
1
1
1
1
1
1
1
1
1
1
1
1
1
1
1
1
1
1
1
1
1
1
1
1
1
1
1
1
1
1
1
1
1
1
1
1
1
1
1
1
1
1
1
1
1
1
1
1
1
1
1
1
1
1
1
0.999924
1
1
1
1
1
1
1
1
1
1
1
1
1
1
1
1
1
1
1
1
)
;
    }
    procBoundary2to3
    {
        type            processor;
        value           nonuniform List<scalar> 
99
(
1
1
1
1.00002
1
1
1
1
1
0.996292
1
1
1
1
1
1
1
1
1
1
1
1
1
1
1
1
1
1
0.996292
0.985671
1
1
0.999999
0.998013
1
1
1.0002
1
1
1.00005
1
1
1
1
1
1
1
1
1
1
1
1
1
1
1
1
1
1
1
1
1
1
1
0.999988
1
1
1
1
1
1
1
1
1
1
1
1
1
1
1
1
1
1
1
1
1
1
1
1
1
1
1
1
1
1
1
1
1
1
0.999996
)
;
    }
}


// ************************************************************************* //
