/*--------------------------------*- C++ -*----------------------------------*\
| =========                 |                                                 |
| \\      /  F ield         | OpenFOAM: The Open Source CFD Toolbox           |
|  \\    /   O peration     | Version:  v2012                                 |
|   \\  /    A nd           | Website:  www.openfoam.com                      |
|    \\/     M anipulation  |                                                 |
\*---------------------------------------------------------------------------*/
FoamFile
{
    version     2.0;
    format      ascii;
    class       volScalarField;
    location    "250";
    object      gammaInt;
}
// * * * * * * * * * * * * * * * * * * * * * * * * * * * * * * * * * * * * * //

dimensions      [0 0 0 0 0 0 0];


internalField   nonuniform List<scalar> 
13851
(
1
1
1
1
1
1
1
1
1
1
1
1
1
1
1
1
1
1
0.999992
1
1
1
1
1
0.999993
1
0.998932
0.999842
1
1
1
1
1
1
1
1
1
0.999999
1
1
1
1
1
0.999991
1
1
1
1
1
1
1
1
1
1
1
1
1
1
0.998654
1
1
1.00085
1
1
1
1
1
1
1
1
1
1
1
1
1
1
1
1
1.00021
1
1
0.999967
1
1
1
1
1
1
1
1
1
1
1
1
1
1
1
1
1
1
1
1
1
1
1
1
1
1
1
1
1
1
1
1
1
1
1
1
1
1
0.999987
1
1
1
1.00001
1
1
1
1
1
1
1
0.999923
1
1
1
1
1
1
1
0.999979
1
1
1
0.999944
1
1
1
1
1
1
1
1
1
1
1
1
1
1
1
1
1
1
1
1
1
1
1
1
1
1
1
1
1
1
0.999851
0.999998
1
1
0.999998
1.00001
1.00002
1
1
1
1
1
1
1
1
0.997301
1
1
1
1
1
1
1
1
1
0.999981
1
1
1
1.00042
1
1
1
1
1
1
1
0.999965
1
1
1
1
0.999987
1
1
1
1
1
1
1
1
1
1
1
1
1
1
1
1
1
1
0.999991
1
1
1
0.999339
1
1
1
1
1
1
1
0.999999
1
1
1
1
1
1
1
1
1
1
1
1
1.00001
1
1
1
1
1
1
0.9944
1
1
1
1
1
1
1
1.00001
1.00001
1
1
1
1
1
1
0.999972
1
1
1
1
1
1
1
1
1
1
1
1
1
1
1
1
1
1
1
1
1
1
1
1
1
1
1
1
1
0.997173
1
0.998993
1.0003
1
1
1
1
1
0.999053
1
1
1
1
1
1
1
1
1
1
1
1
1
1
1
1
1
1
1
1
1
1
1
1
1
1
1
1
1
1
1
1
1
1
0.999998
1
0.999863
1
1
1
1
1
0.9987
1
1
1
1
1.00004
0.999999
1
1
1
0.998897
1
1
1
1
1
1
1
1
0.999994
1
1
1
1
1
1
1
1
1
1
1
0.996079
1
1
1
1
0.999994
0.999997
1
1
1
0.999938
1
1
1
1
1
1
1
1
1
1
1.00068
1
1
1
0.999975
1
1
1.00001
1
1
1
1.00043
1
1
1
1
1
1
1
1
1
1
0.999894
1
1
1
1
1
1.00018
1
1
1
1
1
1
1
0.999978
1
1
1
1
1
1
1
1
1
1
0.999296
1
1
1.00001
1
1
1
0.999967
1
1
1
1
0.997703
1
1
1
1
1
0.9997
0.999948
1
1
1
1
1
1
1
1
1
1
1
1
1
1
1
1
1
1
1
1
0.998627
1
1
1
1
1
1
1
1
1
1
1
1
0.999336
1
1
1.00002
0.996849
1
1
1.00003
1
1
0.999985
1
1
1
1
1
1
1
1
1
1
1
1
1
1
1
1
1
1
1
1
1
1
1
1
1
0.999995
1
1
1
1
1
1
1
1
1
1
1
1
1
1
1
1
1
1
1
1
1
0.999961
1
0.999008
1
1
1
1
1
1
1
1
1
0.99841
1
1
1
1
1
1
1
1
1
1
1
1
1
1
1
1
1
0.999984
1
1
1
1
1
1
1
1
1
1
1
1
1
1
1
1
0.998934
1
1
1
1
1
1
1
1
1
0.999992
1
1
1
1
1
1
0.998044
1
1
1
1
1
1
1
1
1
1
1
1
1
1
1
1
1
0.998949
1
1
1
1
1
1
1
1
1
1
1
1
1
1
0.996076
0.99998
1
1
1
1
1
1
1
1
1
1
1
1
1
1
1
1
1
1
1
1
1
1
1
1
1
1
1
0.999884
1
0.997269
1
0.999987
1
0.999882
1
1
1
1
1
1
0.999357
1
1
1
1
0.999999
1
1
1
1
1
1
1
1
1
1
0.9998
1
1
1
1
1
1
1
1
1
1
1
1
1
1
1
1
1
0.999223
1
1
1
1
1
1
1
0.999982
1
1
1
1
1
1
1
1
0.999066
1
1
1
1
1
1
1
1
1
1
0.999978
1
0.999987
0.99218
1
1
1
1
1
1
1
1
1
1
1
1
1
1
1
1
1
1.00001
1
1
1
1
1
1
0.999134
1
1
1
1
1
1
1
1
1
1
1
1
1
1
1
1
1
1
1
1
1
1
1
1.00002
1
1
1
1
1
1
1
1
1
1
1
1
1
1
1
1
1
1
1
1
1
1
1.0003
1
1
1
1
1
1
1
1
1
1
1
1
1
1
1
1
1
1
1
1
1
1
1
1
1
1.00022
1
1
1
1
1
1
1
1
1
0.999838
1
1
1
1
1
0.99406
1.00001
1
1
1
0.993947
1
1
1
1
1
1
1
1
1
1
1
1
1
1
1
1
1
1
1.00005
1
1
0.999999
1
1.00005
1
1
1
1
1
1
1
1
1
1
1
1
1
1
1
1
1
1
1
1
1
1
1
1
1
1.00063
1
1
1
1
1
1
1
1
1
1
1
1
1
1
0.999983
1
1
0.999595
1
1
1
1
1
1
1
1
1
1
1
0.999299
1
1
1
1
1.00018
0.999999
1
1
1
1
1
1
1
1
1.00002
1.00001
1
1
1
0.999998
1
1
1
1
1
1
1
1
1
1
1
1
1
1
1
1
1
1
0.996899
1
1
1
1
1
1
0.999916
1
1
1
1
1
1.00003
1
1
1
1.00011
1.00003
1
1
1
1
1
1
1
1
0.999941
1
1
1
1
1
1
1
0.999995
1
1
1
1
0.992951
1
1
1
1
1
1
1
1
1
1
1
1
1
0.999998
1
0.996599
1
1
0.999991
1
1
1
1.00004
1
1
1
1
1
1
1
1
1
1
1
1
1
1
1
1
1
1
1
1
1
0.999932
1
1
1
1
1
1
1
1
1
1
1
1
1
1
1
1
1
1
1
1
1
1
1
0.999965
1
1
1
1
1
1
1.00001
1
1
1
1
1
1
1
1
1
1
0.999933
1
1
1
1
1
1
1
1
1
1
1
1
1
1
1
1
1
1
0.999644
1
1
1
1.00001
1
1
1
0.999984
1
1
1
1
1
0.99683
1
1
1
1
1
1.00008
1
1.00001
1
1
1
1
1
1
1
1
1
1
1
1
1
1
1
1
1
1
0.995064
1
1
1
1
1
1
1
1
1
1
1
1.00063
1
1
1
1
1
1
1
1
1
1
1
1
1
1
1
0.999997
1
1
1
1
0.999999
1
1
1
1
1
1
1
1
1
1
1
1
1
1
1
1
1
1
1
1
0.999291
1
1
1.00016
1
1
1
1
1
1
1
1.00001
1
0.99927
1
1.00001
1
1
1
1
1
1
1
1
1
1
1
1
1
0.980687
1
1
1
1
1
1
1.00002
1
1
0.994954
1
1
1
1
1.00001
1
1
0.999837
1
1
1
1
0.999926
1
1
1
1
1
1
1.00012
1
1
1
1
1
1
1
1
1
1
1
1
1
1
1
0.99728
1
1
0.999944
1
1.00077
1
1
1
1
1
1
0.999486
1
1
1
1
1
1
1
1
1
1
1
1
1
1
1
1
1
1
1
1
1
0.998602
1
1
1
1
1.00003
1
0.999156
1
1
1
1
1
1
1
1
1
1
1
1
1
1
0.999094
1
1
1
1
1
1
1
1
1
1
1
1
0.999971
0.999519
1
1.00005
1
1
1
1
0.99998
1
0.999983
1.00002
1
1
1
1
1
1
1
1
1
1.00001
1
1
1
1
1
1
1
1
1
1
1
1.00004
1
1
1
1
1
1
1.00056
1
1
1
1
1
1
1
1
1
1
1
1
1
1
0.999648
1
1
1.00003
1
1
1
1
1
1
1
1
1
1
1
1
1
1
1
1
1
1
1
1
1
1
1
1
0.9997
1
1
1
1
1
1
0.999995
1
1.00011
1
1
1
1
1
1.00025
1
1
1
1
1
1
1
1
1
1
1
1
0.999999
1
1
1
1
1
1
1
1
1
1
1
1
1
1
1
1
1
1
1
1
1
1
1
1
1
1
1
1
1
1
1
1
1
1
1
1
1.00016
0.998176
1
1
1
1
1
1
1
1
1
1
1
1
1.00001
1
1
1
1
1
1
1
1
1
1
1
1
1
1
1
1
1
1
1
1
1
1
1
1
1
1
1
1
1
1
1
1
1
1
1
1
1
1
1
1
1
1
1
1
1
1
1
1
1
1
1
1
1
1
1
1.00006
0.999332
1
1
1
1
1
1.00002
0.999994
1
1
1
0.999323
1
1
1
1
1
1
1
1
1
1
1
1
1
1
1
1
1
0.997221
1
1
1
1
1
1
1
0.998607
0.999017
1
1
1
1
1
1
0.998901
1
1
1
1
1
1
1
0.999976
1
1
1
1
1
1
1
1
1
1
1
1
1
1
1
1
1
1
1
1
1.00059
1
1
1
1
1
1
0.999993
1
1
1
1
1
1
1
1
1
1
1
0.999864
1
1
1
1
1
1
1
1
1
1
1
1
1
1.00175
1
1
1
1
1
1
1
1
1
1
1
1
1
1
1
1
1
1
1
1
1
1
1
1
0.999733
1
1.00034
0.999828
1
1
1
1
0.999884
1.00017
1
1
1
0.998033
1
1
1.00039
1
1
1
1
1
1
1
1
1
1
1
1
1
1
1
1
1
1
1
1
1
1
1
1
1
1
1
1
1
1.00001
1
1
1
1
1
1
1
1
1
1
1
1
1
0.983743
1
1
1
1
1
1
1
1
1
1
0.999985
1.00021
1
1
1
1.00007
1
1
1
1
1
1
1
1
1
1
1
1
1
1
0.999988
1
1
1
1
1
1
1
1
1.00005
0.999984
1
1
1
1
1
1
1
1
1
1
1
1
1
1
1
1
1
1
1
1
0.999298
1
1
1
1
1
1
1.00001
1
1
1
1
1
1
1
1
1
1
1
1
1
1.00109
1
1
1
1
1
1
1
1
0.999985
1
1
1
1.00005
1
1
1
0.99977
0.999998
1
0.999054
1
1
1
1
0.999505
1
1
1
1
1
1
1
1
1
1
1
1
1
1.00001
1.00008
1
1
0.999717
1
1
1
1
1
1
1
1
1
1
1
1
1
1
1
1
1
1
1
1
1
1
1
1
1
1
1
1
1.00038
1
1
1
1
1
1
1
1
0.999015
1
1
1
1
1
1
1
1
1
1
0.999999
1
1
1
1
1
1
1
1
1
1
1
1
1
1
1
1
1
0.999943
1
1
1
1
1
1
1
1
1.00063
1
1
1
0.999712
1.00092
1
1
0.998531
0.999994
1
1
1
1
1
1
1
1
1
1
1
1
1
1
1
0.999998
1
1
0.999984
1
1
1
1
1
1
1
1
1
1
0.999999
1
1
1
1
1
1.00004
1
1
1
1
1
1
1
1
1
1
1.00001
1
1
1
1
1
1
1
1
1
1
1
1
1
1
1
1
1
1
1
1
1
1
1
1
1
1
0.999969
1
1
1
1
1
1
1.00003
1
1
1
1
1
1
1
1
1
1
0.999764
1
1
1
1
1
1
1
1
1.00002
1
1
1
1
1
1
1
1
1
0.99999
1
1
1
0.999905
1
1
1
0.999992
1
1
1
1
0.999993
1
1
1
1
0.99977
1
1
1
1
1
1
1
1
1
1
1
1
1
1
1
1
1
0.997507
1
1
1
1.00007
1
1
1
1
1
1
1
1
1
1.00002
0.999999
0.999942
1.00061
1
1
1
1
1
0.999844
1
1
1
1
1
1
1.00032
1
1
1
1
1
1
1
1
0.995616
0.99984
1
1
1
1
1
1
1
1
1
1
1
1
1.00045
1
1.00002
1
1.00033
0.999919
1
1
0.999947
1
1
0.999968
1
1
1
1
1.00001
1
1
1
1
0.999931
1
1
1
1
0.995484
1
1
1
1
1
1
1
0.999261
1
1
1
1
1
0.999999
1
1
1
0.999999
1
1
0.999399
1
1
1
1
1
1
1
1
1
1
1
1.00002
1
1
1
1
1
1
1
1
0.999965
1
1
1
1
1
1
0.999747
1
1
1
1
1
1
1
1
1
1
0.999906
1
1
1
1
1
1
1
1
1
1
1
1
1
1
1
1
1
1
1
1
1
1.00044
1
1
1
1
1
1
1
1
1
1
1
1
1
1
1
1
1
1
1
1
1
1.00001
1
1
1
1
1
1
1
1
1
1
1
1
1
0.999911
1.00002
0.999992
1
1
1
1
1
1
1
1
1.00001
1
1
1
1
1
1
1
1
1
1.00021
1.00005
1
0.997246
1
1
1
1
1
1
1
1
1
1
1
1
1
1
1
1
1
1
1
1
1
1
1
1
1
1
1.00049
1
1
1
1
1
1
0.999151
1
1
1
1
1
1
0.999996
1
1
1
1
1
1
0.99994
1
1
1
1
1
1
1
1
1
1
1
0.996259
1
1
1
1
1
1
1
1
1
1
1
1
1
1
1
1
1
1
1
1
1
1
1
1
1
1
1
1
1
1
1
1
1
1
1
1
0.999478
1
1
1
1
0.998771
1
1
1
1
1
1
0.995972
1
1
1
1.00003
1
1
1
1
1
1
1
1
1
1
1
1
1
1
1
1
1
1
1
1
1
1
1.00004
1
1
1
1
1
1
1
1
1
1
1.00062
1
1
1
1
0.999998
1
1
1
1
1
1
1.00013
1
1
1
0.999567
1
1
1
1
1
1
1
1
1
1
1
1
1
1
1
1
1
1
1
1
1
1
1
1
1
1
1
1
0.999998
1
1.00001
1.00021
1
1
1
1
1
1.00001
1
1
1
1
1
1
1
1
1
0.999988
1
1
1
1
1
1
1
1
1
1.00019
1
1
1
1
1
0.999885
1
1
1
1
1
1
1
1
1
0.999998
1
1
1
1.00038
1
1
1
1
1.00001
1
1
1
1
1
1
1
1
1
1
1
1
1
1
1
1
1
1
1
1
0.996848
1
1
1
1
1
1
1
1
1
1
1
1
1
1
1.00022
1
1
1
1
1
1
1
1
1
1
1
1
1
1
1
1
0.999996
1
1
1
1
1
1.00018
1
1
1
1
1
1
1
1
1
1
1
1
1.00017
1
0.999999
1
1
1
1
1
1
1
1
1
1
1
1
1
1
1
1
0.999999
1
1
1
1
1
1
1.00001
1
1
1
1
1
1
1
1
1
1
1
1
1
1
1
1
1
1
1
1
1
1
1
1
1
1
1
1
1
1
1
1
0.99987
0.958891
1
1
1
1
1
1
1
1
1
1
1
1
1
1
1
1
1
1
1
1
1
1
1
1
1
1
1
1
1
1
1
1
1
1
1
1
1
1
1
1
1
1
1
1
1
1
1
1
1
1
1
1
1
1
1
1
1.00012
1
1
1
1
1
1
1
1
1
1
1
1
1
1
1
1
1
0.999993
1.00054
1
1
1
1
1
1
1
1
1
1
1
1
1
1
1
1
1
0.999987
1
1
1
1
1
1
1
1
1
1
1
1
1
1
1
1
1
1
1
1
1
1
1
1
1
1
1
1
1
1
1
1
1
1
1
1
1
1
0.999872
1
1.00053
1
1
1
1
1
1
1
1
0.999998
1
1
1
1
1
1.00201
1
1
1
1
1
0.999999
1
1
1
1
1
0.99999
1
1
1
0.999993
1
1
1
1
1
1
1
1
1
1
1
1.00013
1.00001
1
1
1
1
1
1
1
1
1
1
0.99848
1
1
1
1
1
1
0.998579
1
1
1
1
1
1
1
1
0.999999
1
0.997811
1
1
1
1
1
1
1
1
1
1
1
1
1
1
0.999981
1
1
1
1
1
1.0003
1
1
1
0.998495
1
1
1
1
1
1
1
1
1
1
1
1
0.99968
1
0.999719
1
1
1
0.99966
1.00025
1
1
1
1
1
1
1
1
0.999962
1
1
1
0.990862
1
0.999991
1
1
1
1
1
1
1
1
1
1
1
1
1
1
1
1
1
1
1
1
1
1
1
1
1
1
1
1
1
1
1
1
1
1
1
1
1
1
0.999754
1
1
1
1
1
1
0.999919
1
1
1
1
1
1
1
1
1
1
0.999837
1
0.999024
1
1
1
1
1
1
1
0.999985
1
1
1
1
1
1
1
1
1
1
1
1
1
1
1
1
1
1
1
1
1
1
1
1
1
1
1
1
1
1
1
1
1
1
0.999345
1
1
1
1
1
1
1
1
1
1
1
1
1
1
1
1
1
1
1
1
1
1
1
1
1
1
1
1
1
1
1
0.999699
1
1
1
1
0.999841
1
1
1
1
1
1
1
1
1
1
1
1
1.00023
0.999571
1
1
1
1
1
1
1
1
1
1
1
1
1
1.00003
1
1
1
1
1
1
1
1
1
1
1
1
0.999686
1
1
1
1
1
1
1
1
1
1
1
1
1
1
1
1
1
0.999993
1
1
1
1
1
1
0.99949
1
1
1
1
1
1
1
1
1
1
1
1
1.00003
1
1
1
1
1
1
1
1
1
1
1
1
1
1
1
1
1
1
1
1
0.999926
1
1
1
1.00001
1
1.00134
1
1.00001
1
1
1
1
1
1
1
1
1
1
1
0.999988
1
1
1
1
1.00063
1
1
0.995732
1
1
1
0.998787
1
1
1
1
1
1
1
0.999996
1
1
1
1
1
1
1
1
1
1
1
1
1
1
1
1
1
1
1
1
1
1
1
1
1
1
1
1
1
1
1
1
1
1
1
1
1
1
0.999333
1
0.99996
1
1
1
1
1
1
1
1
1
1
1
1
1
1
1
1
1
1
1
1
1
1
1
1
1
1
1
1
1
1
1
1
1.00009
1
1
1
1
1
1
1
0.999998
1
1
1
1
1
1
1
1
1
1
1
0.999859
1
1
1
0.999825
1
1
1
1
1
1
1
1
1
1
1
1.00019
0.999979
1
1
1
1
1
1
1
1
1
1
1
1
1
1
1.00022
1
1
1
1
1
1
0.999995
1
1
0.999997
1.00066
1
1
1
1
1
1
1
1
1
0.998552
1
1
1
1
0.999997
1
0.99986
1.00001
0.999999
1
1
1
1
1
1
1
1
1
0.999941
1
1
0.999928
1
1
1
1
1
1
1
1.00002
1
1
1
1
1
1
1
1
1.0007
0.999416
1
1.00064
1
1
1
1.00017
1
1
1
1
1
1
1
0.999997
1.00016
1
1
1
1
0.999852
1
0.999725
1
1
1
1
1
1
1
1
1
1
1
1
1
1
1
1
1
1
1
1
1
1
1
1
1
1
1
1
1
1.00016
1
1
1
1
1
1
1
1
1
1
1.0001
1
1
0.999999
1
1
1
1
1
1
1
1.00054
1
1
1
1
0.998081
1
1
1
1
1
1
1
1
1
1.0005
1
1
1
1
1
1
1
1
1
1
1
1.00016
1
1
1
1
1
1
1
0.999995
1
0.999029
1
0.999999
1
1
1.00032
1
0.999999
1
1
1
1
1
1
0.999399
1
1
1
1
0.999999
1
1
1
1
1
1
1
1
1
1
1
1
0.999945
1
1
1.00028
1
1
1
1
1
1.00001
0.999997
1
1
1
1
1
0.999998
1
1
1
1
1
1
1
1
1
1
1
1
1
0.999995
1
1
1
1
0.999921
1
0.999969
0.999867
1
1
1
1
1
1
1
1
1
1
1
1
1
1
1
1
1
1
1
1
1
1
1
1
1
1
1
1
0.999998
1
1
1
1
1
1
1
1
1
1
1
1
1
1
1
1
1
1
1
1
1
1
1
0.999992
1
1
1
1
1
1
1
1
1
1
1
1
1
1
1
1
1
1
1
1
1
1
1
1
1
1
1
1
1
1
1
1
1
1
1
1
1
1
0.999999
1
1
1
1
1
1
1
1
1
1
1
1
1
1
1
1
1
1
1
1
1
1
1
1
1
1
1
1
1
1
1
1
1
1
1
1
1
1
1
1
1
1
1
1
1
1
1
1
1
1
1
1
1
1
1
1
1
1
1
1
0.999999
1
1
1
1
0.997912
1
1
1
1
1
1
1
1
1
1
1
1
1
1
1
1
1
1
1
1
0.999999
1
1
1
1
1
1
1
1
1
1
0.999844
1
1
1
1
1
1
1
1
1
1
1
1
1
1
0.99863
1
1
1
1
1
1
1
1
1
1
1
1
1
1
1
1
1
1
1
1
1
1
1
1
1
1
1
1
1
1
1
1
1
1
1
1
1
1
1
1
1
1
1
1
1
1
1
1
1
1
1
1
1
1
1.00029
1
1
1
1
1
1
1
1
1
1
1
1
1
1
1
1
1
1
1
1
1
1
1
1
1
1
1
1
1
1
1
1
1
1
1
1
1
1
1
1
1
1
1
1
0.999817
1
1
1
1
0.99928
0.99987
1
1
1
1
1
1
1
1
1
1
1
1
1
1
1
1
1
1
1
1
1
0.999999
1
1
1.00007
1
1
1
1
1
1
1
1
1
1
1
1.00008
1
1
1
1
1
1
1
1
1
1
0.999993
1
1
1
1
1
1
1
1
1
1
0.999714
1
1
1
1
1
1
1
1
1
1
1
1
1
1
1
1
1
1
1
1
1
0.999998
0.999826
1
1
1
1
1
1
1
1
1
1
0.999768
1
1
1
1
1
1
1
1
1
1
1
1
1
1.00011
1
1
1
1
1
1
1
1
1
1
1
1
1
1
1
1
1
1
1
1
1
1
1
1
1
1
1
0.999989
1
1
1
1
1
1
1
1
1
1
1
1
1
1
1
1
1
1
1
1
1
0.999947
1
1
1
1
1
1
1
1
1
1
1
1
1
1
1
1
1
1
1
1
1
1.00077
1
1.00022
1
1
1.00033
1
1
1
1
1
1
1
1
1
1
1
1
1
1
1
1
0.999901
1
1
1
1
1
1
1
1
1
1
1
1.00045
1
1
1
1
1
1
0.999995
1
0.998719
1
1
1
1.00015
1
1
1
1
1
1
1
1
1
1
1
1
1
1
1
1
1
1
1
1
1
1
1
1
0.999984
1
1
1
1
1
1
1
1
1
1
1
1
1
1
1
1
1
1
1
1
1
1
1
1
1
1
1
1
1
1
1
1
1
1
1
1
1
1
0.999997
1
0.999819
1
1
1
1
1
1
1
1
1
1
1
1
1
1
1
1
1
1
1
1
1
1
1
1
1
1
1
1
1
1
1
1
1
1
1
1
1
1
1
1
1
1
1
1
1
1
1.00031
1
1
0.999999
1
1
1
1
1
1
1
1
1
1
1
1
1
1
1
1
1
1
1
1
1
1
1
1
1
1
1
1
1
1
1
1
1
1
1
1
1
1
1
1
1
1
1
1
1
1
1
1
1
1
1
1
1
1
1
1
1
1
1
1
1
1
1
1
1
1
1
1
1
1
1
1
1
1
1
1
1
1
1
1
1
1
1
1
1
1
1
1
1
1
1
1
1
1
1
1
1
1
0.999998
1
1
1
1
1
1
1
1
1
1
1
1
0.998706
1
1
1
1
1
1
1
1
1
1
1
1
1
1
1
1
1
1
1
1
1
1
1
1
1
1
1
1
1
1
1
1
1
1
1
1.0003
1
1
1
1
1.00001
1
1.00029
1
1
1
1
1
1
1
1
1
1
1
1
1
1
1
1
1
1
1
1
1
0.994972
1
1
1
1
1
1
1
1
1
1.00019
1
1
1
1
1
1
1
1
1
0.999995
1
1
1
1
1
1
1
1
1
1
1
1
1
1
1
1
1
1
1
1
1
1
1
1
1
1
1
1
1
1
1
1
1
1
1
1
1
1
1
1
1
1
1
1
1
1
1
1
1
1
1.00005
1
1
1
1
1
1
1
1
1
0.999958
1.00003
1
1
1
1
1
1
1
1
1
1
1
1
1
1
1
1
1
1
1
1
1
1
1
1
1
1
1
1
1
1
1
1
1
1
1
1
1
1
1
1
1
1
1
1
1
1
1
1
1
1
1
1
1
1
1
1
1
1
1
1
1
1
1
1
1
1
1
1
1
1
1
1
1
1
1
1
1
1
1
1
1
1
1
1
1
1
1
1
1
1
0.998284
1
1
1
1
1
0.999937
1
1
1
1
1
1
1
1
1
1
1
1
1
1
1
1
1
1
1
1
1
1
1
0.999981
1
1
1
1
1
1
1
1
0.999723
1
1
1
1
1
1
1
1
1
1
1
1
1.00014
1
1
1
1
1
1
1
1
1
1
1
1
1
1
1
1
1
1
1
1
1
1
1
1
1
1
1
1
1
0.998673
1
1
1.00009
1
1
1
1
1
1
1
1
1
1
1
1
1
1
1
1
1
1
1
1
1
1
1
1
1
1
1.00001
1
1
1
1
0.999992
1
1
1
1
0.998095
1
1
1
1
1
1
1
1
1
1
1
1
1
1
1
1
1
1
1
1
1
1
1
1
0.999755
1
1
1
1
1
1
1
1
1
1
1
1
1
1
1
1
1
1
1
1
1
1
1
1
1
1
1
1
1
1
1
1
1
1
1
1
1
1
1
1
1
1
1
1
1
1
1
1
1
1
1
1
1.00001
1
1
1
1
1
1
1
1
1
1
1
1
1
1
1
1
1
1
1
1
1
1
1
1
1
1
1
1
1
0.999983
1
1
1
1
1
1
1
1
1
1
1
1
1
1
1
1
1
1
1
1
1
1
1
1
1
1
1
1
1
1
1
1
1
1
1
1
1
1
1
1
1
1
0.999999
1
1
1
1
1
1
1
1
1
1
1
1
1
1
1
1
1
1
1
1
1
1
1
1
1
1
0.999997
1
1
1
1
1
1
1
1
1
1
1
1
1
1
1
1
1
1
1
1
1
1
1
1
1
1
1
1
1
1
1
1
1
1
1
1
1
1
1
1
1
1
1
1
1
1
1
1
1
1
1
1
1
1
1
1
1
1
1
1
1
1
1
1
1
1
1
1
1
1
1
1
1
1
1
1
1
1
1
1
1
1
1
1
1
1
1
1
1
1
1
1
1
1
1
1
1
1
1
1
1
1
1
1
1
1
1
1
1
1
1
1
1
1
1
1
1
1
1
1
1
1
1
1
1
1
1
1
1
1
1
1
1
1
1
1
1
1
1
1
1
1
1
1
1
1
1
1
1
1
1
1
1.00002
1
1.00001
1
1
1
1
1
1
1
1
1
1
1
1
1
1
1
1
1
1
1
1
0.996213
1
1
1
1
1
1
1
1
1
1
1
1
1
1
1
1
1
1
1
1
1
0.997604
1
1
1
1
1
1
0.999998
1
1
1
1
1
1
1
1
1
1
1
1
1
0.995482
1
1
1
1
1
1
1
0.996187
1
1
1
1.0005
1
1
0.999938
1
1
1
1
1
1
1
1
1
1
1
1
1
1
1
1
1
1
1
0.994673
1
1
1
1
1
1
1
1
1
1
1
1
1
1
1
1
1
1
1
1
1
1
1
1
1
1
1
1
1
0.997508
1
1
1
1
1
1
1
1
1
1
1.00145
1
0.999589
1
1
1
1
1
1
1
1
1
0.999743
1
1
1
1
1
1
1
1
1
1
1
1
0.999934
1
1
1
1
1
1
1
1
1
1
1
1
1.00005
1
1
1
1
1
1
1
1
1
1
1
1
1
1
1
1
1
0.999981
1
1
1
1
1
1
1
1
1
1
1
1
1
1
1
1
1
1.00002
0.999997
1
1.00003
1
1
1
1.00001
1
1
1.00001
1
1
1
1.00002
1
1
1
1
1
1
1
1
1.00013
1.00002
1
1
1
1
1.00001
1
1
1
1
1
1
1
1
1
0.999996
1.00037
1
1
1
1
1
0.999993
1
1
1
0.999829
1
1
1
1
0.999841
1
1
1
1
1.00004
1
1
1
0.999999
0.999994
1
1
1
1
1
0.999629
1
1
1
1
1.00005
1
0.999946
0.999984
0.999964
0.999969
1.00016
1
1
1.00038
0.999877
1
0.999957
1
1
1.00002
1
1.00007
1
0.999868
0.999975
1.00003
0.9992
0.999997
1
0.999306
1.00019
1
1
1
0.999971
1
0.999908
1
0.999956
0.999652
1
1
1
1
1
1
1.00001
1
1
1
1
1.00007
1.00003
0.999907
1.00005
1
1.00003
0.999916
1
1
0.999958
1
1
0.999886
0.999788
0.999876
1.00014
0.999935
1
1.00004
0.999998
1
1.00001
0.999779
1
1
0.999977
1
1
1
0.999736
1
0.999819
1
1
0.999896
1
1
1.00003
1.00022
1
1
1
1
0.999724
1.00006
1
1
1
1
0.999964
1
1
0.999995
1
1
1.00008
1
1
1
1
1
1
1
1
1
1
1
1
0.999962
1
1
1
0.999998
1
1
1
1
1
1
1
1
1
1
1
1
1
1
1
1
1
1
1
1
1
1
1
1
1
1
1
1
1
1
1
1
1
1
1
1
1.00007
1
1
1
1
1
1
1
1
1
1
1
1
1
1
1
1
1
1
1
1
1
1
1
1
1
1
1
1
1
1
1
1
1
1
1
1
1
1
1
1
1
1
1
1
1
1
1
1
1
1
1
1
1
1
1
1
1
1
0.999681
1
1
1
1
1
1
1
0.999999
1
1
1
1
1
1
1
1
1
1
1
1
1
1
1
1
1
1
1
1
1
1
1
1
1
1
1
1
1
1
1
1
0.999999
1
1
1
1
1
1
1
1
1
1
1
1
1
1
1
1
1
1
1
1
1
1
1
1
1
1
1
1
1
1
1
1
1
1
1
1
1
1
1
1
1
1
1
1
1
1
1
1
1
1
1
1
1
1
1
1
1
1
1
1
1
1
1
1.00001
1
0.99986
1
1
1
1
1
1
1
1
1
1
1
1
1
1
1
1
1
1
1
1
1
1
1
1
1
1
1
1
1
1
1
1
1
1
1
1
1
1
1
1
0.999889
1
1
1
1
1
1
1
1
1
1
1
1
1
1
0.999977
1
1
1
1
1
1
1
1
1
1
1
1
1
0.998946
1
1
1
1.00022
1
1
1
1
1
1
1
1
1
1
1
1
1
1
1
1
1
1
1
1
1
1
1
1
1
1
1
1
1
1
1.00005
1
1
1
1
1
1
1
1
0.999998
1
1
1
1
1
1
1
1
1
1
1
1
1
1
1
1
1
1
1
1
1
1
1
1
1
1
1
1
1
1
1
1
1
1
1
1
1
1
1
1
1
1
1
1
1
1
1
1
1
1
1
1
1
1
1
1
1
1
1
0.997049
1
1
1
1
1
1
1
1
1
1
1.00029
1
1
1
1
1
1
1
1
1
1
0.999828
1
1
1
1
1
1
1
1
1
1
1
1
1
1
1
1
1
1
1
1
1
0.999931
1
1
1
1
1
1
1
1
1
1
1
1
1
1
1
1
1
1
1
1
1
1
1
1
1
1
1
1
1
1
1
1
1
1.00001
1
1
1
1
1
1
1
1
1
1
1
1
1
1
1
1
1
1
1
1
1
1
1
1
1
1
1
1
1
1
1
1
1
1
1
1
1
1
1.00001
1
1
1
1
1
1
1
1
1
1
1
1
1
1
1
1
1
1
1
1
1
1
1
1
1
1
1
1
0.999984
1
1
1
1
1
1
1
1
1.00001
1
1
1
1.00001
1
1
1
1
1
1.00007
1
1
1
1
1
1
1
1
1
1
1
1
1
1
1
1
1
1
1
1
1
1
1
1
1
1
0.999999
1
1
1
1
1
1
1
1
1
1
1
1
1
1
1
1
1
1
1
1
1
1
1
1
1
1
1
1
0.999973
1
1
1
1
1
1
1
0.999999
1
1
1
0.999976
1
1
1
1
1
1
1
1
1
1
1
1
1
1
1
1
1
1
1
1
1
1
1
1
1
1
1
1
1
1
1
1
1
1
1
1
1
1
1
1
1
1
1
1
1
1
1
1
1
1
1
1
1
1
1
1
1
1
1
1
1
1
1
1
1
1
1
1
1
1
1
1
1
1
0.999841
1
0.999957
1
1
1
0.999926
1
1
1
1
1
1
1
1
1
1
1
0.999994
1
1
1
1
1
1
1
1
1
1
1
1
1
1
1
1
1
1
1.00027
1
1
0.999022
1
1
1
1
1
1
1
1.00007
1
1
1
1
1
1
1
1
1
1
1
1
1
1
1
1
1
1
1
1
1
1
1
1
1
1
1
1
1
1
1
1.00008
1
1
1
1
0.999315
1
1
1
1
1
1
1
1
1
1
1
1
1
1
1
1
1
1
1
1
1
1
1
1
1
1
1
0.999996
1
1
1
1
1
1
1
1
1
1
1
1
0.999907
1
1
1
1
1
1
1
1
1
1
1
1
1
1
1
1
1
1
1
1
1
1
1
1
1
1
1
1
1
1
1
1
1
1
1
1
1
1
1
1
1
1
1
1.00018
1
1
1
1
1
1
1
1
1
1
1
1
1
1
1
1
1
1
1
1
1
1
1
1
1
1
1
1
1
1
1
1
1
1
1
1
1
1
1
1
1
1
1
1
1
1
1
1
1
1
1
1
1
1
1
1
1
1
1
1
1
1
1
1
1
1
1
1
0.998623
1
1
1
1
1
1
1
1
1
1
1
1
1
1
1
1
1
1
1
1
1
1
1
1
1
1
1
1
1
1
1
0.995338
1
1
1
1
1
1
1
1
1
1
1
1
1
1
1
0.999968
1
1
1
1
1
1
1
1
1
1
1
1
1
1
1
1
1
1
1
1
1
1
1
1
1
1
1
1
1
1
1
1
1
1
1
1
1
1
1
1
1
1
1
1
1
1
1
1
1
1
1
1
1
1
1
1
1
1
1
1
1
1
1
1
1
1
1
1
1
1
1
1
1
1
0.999999
1
1
1
1
1
1
1
1
1
1
1
1
1
1
1
1
1
1
1
1
1
1
1
1
1
1
1
1
1
1
1
1
1
1
1
1
1
1
1
1
1
1
1
1
1
1
1
1
1
1
1
1
1
1
1
1
1
1
1
1
1
1
1
1
1
1
1
1
1
1
1
1
1
1
0.99965
1
1
1
1
1
1
0.998
1
1
1
1
1
1
1
1
1
1
0.999816
1
1
1
1
1
1
1
1
1
1
1
1
1
1
0.997937
1
1
1
1
1
1
1
1
1
1
1
1
1
1
1
1
1
1
1
1
1
1
1
1
1
0.995145
1
1
1
1
1
1
1
1
1
1
1
1
1
1
1
1
1
1
1
1
1
1
1
1
1
1
1
1
1
1
1
1
1
1
1
1
1
1
1
1
1
1
1
1
1
0.997568
1
1
1
1
1
1
1
1
1
1
1
1
1
1
1
1
0.997427
1
1
1
1
1
1
1
0.998941
1
1
1
1
1
1
1
1
1
1
1
1
1
1
1
1
1
1
1
1
1
1
1
1
0.999464
1
1
1
1
1
1
1
1
1
1
1
1
0.999837
1
1
1
1
1
1
1
1
1
1
1
1
1
1
1
1
0.999969
1
1
1
1
1
1
1
1
1
1
1
1
1
1
1
1
1
1
1
1
1
0.999845
1
1
1
1
1
1
1
1
1
1
1
0.998425
1
0.999994
1
1
1
1.00001
1.00001
1
1
1
1
1
1
1
1
1
0.999998
1
1
1
1
1
1
1
1
1
1
1.00002
1
1
1
1
1
1
1
1
1
1
1
1
1
1
1
1
1.00002
1
1
1
1
1
1
1
1
1
1
1
1
1
1
1
1
1
1
1
1
1
1
1
1.00001
0.999996
1
1
1
1
1
1
1
1
1
1
1
1
1
1
1
1
1
1
1
1
1
1
1
1
1
1
1
1
1
1
1
1
1
1
1
1
1
0.999956
1
1
1
1
1
0.999979
1
1
0.999978
0.999995
1
1
1
1
0.99973
1
0.999981
1
1
1
1
1
1
1
1
0.999938
0.999982
1
1
1
1
1
1
1
1
1
1
1
1
1
1
0.999835
1
1
1
1
1
1
1
1
1
0.999905
0.999916
0.999838
1
1
1
1
0.999791
1
1
1
1
1
0.999861
1
1
1
1
1
1
1
1
1
1
1
1
1
1
1
0.999931
1
1
1
1
1
1
1
1
1
1
1
1
1
1
1
1
0.999912
1
1
1
1
1
1
1
1
0.999826
1
1
0.999762
0.99975
1
0.999993
1
0.999863
1
1
1
1
1
1
1
1.00019
1
1
1
1
1
1
1
1
0.999998
1
1
1
1
1
1
1
1
1
1
1
1
0.995222
1
1
1
0.999984
1
1
1
1
0.99984
1
0.999937
1
1
1
1
1
0.999982
1.00004
1
1
1
1
1
1
1
1
1
1
1
1
1
0.999999
0.999901
1
1
1
1
1
1
1
1
1
1
1
1
1
1
1
1
1
1
1
1
1
1
1
1
1
1
1
0.999996
1
1
1
0.999324
0.999997
1
1
1
1
1
1
1.00003
1
1
1
1
1
1
1
1
1
1
1
1
1
1
1
1
1
1
1
1
1
1.00001
1.00005
1
1.00005
0.999997
1
1
1
1
1
1
0.999999
1
1.00005
1
1
1
1
1
1
1
1
0.999996
1
1
1
1
1
1
1
1
1
1
1
1.00005
1
1
0.99996
1
1
1
1
0.999939
1
1
1
1
1
1
1
1
1
1
1
1
1
1
1
1
1
1
1
1
1
1
1.00066
1
1
1
1
1
1
1
1
1.0001
1
1
1
1
1.00036
1
1
1
1
1
1
1.00011
1
1.00023
1
1
1
1
1
0.999937
1
1
1
1
1
1
0.999738
1
1
1
1
1
1.00028
1
1
1
1
1
1
1
1
1
1
1
1
1
1
1
1
1
1
1
1
1
1
1
1
1
1
1
1
1
1
1
1
1
1
1
1
1
1
1
1
0.999973
0.999906
1
1
1
1
1
1
1
1.00003
1
1
1
1
1
1
1
1
1
1
1
1
0.999995
1
1
1
1
1
1
1
1
1
1
1
1
1
1.00005
1
1.00017
1
1
1
1
0.997483
1
1
1
1
1
1
1
1
1
1
1
1
1
1
1
1
1
1
1.0001
1
1
1
1
1
1
1
1
1
1
1
1
1
1
1
1
1
1
1
1
1
1
1
1
1
1
1
0.999956
1
1
1
1
1
1.00033
1
1
1
1
1
1
1
1
1
1
1
1
1.00022
1
1
1
1
1
1
1
1
1
1
0.999622
1
1
1
1
1
1
0.999617
0.999991
1
1
1
1
1
1
1
1
1
1
1
1
1
1
1
1
1
1
1
1
1
1
1
1
1
1
1.00024
1
1
1
1
1
1
1
1
1
1
1
1
1
1
1
1
1
1
1
1
1
1
1
0.999342
1
1
1
1
1
1
1.00001
1
1
1
1
1
1
1
1
1
1
1
1
1
1
1
1
1
1
1
1
1
1
1
1
1
1
1
1
1
1
1
1
1
1
1
1
1
1
1
1
1
1
1.00001
1.00001
1
1
1
0.999986
1
1
1
1
0.999503
1
1
0.999999
1
1
1
1.00001
1
1
1.00001
1.00001
1
1
0.994381
1
1
1
1
1
1
0.999999
1
1
1
1
1
1
1
1
1
1
1
1
1
1
1
1
0.999987
1
1
0.999358
1
1
1
1
1
1
1
1
1
1
1
1
1
1.00019
1
1
1
1
1
1
1
1
1
1
1
1
1.00011
1
1
1
1
1
1
1
1
1
1
1
1
1
1
1
1
1
1
1
1
1
1
1
1
1
1
0.999984
1
1
1
1
1
1
1
1
1
1
1
1
1
1
1
1
1
1
1
1
1
1
1
0.999985
1
1
0.999999
1
1
1
1
1
1
1
1
1
1
1
1
1
1
1
1
1
1
1
1
0.99999
1
1
1
1
1
1
1
1
1
1
1
1
1
1
1
1
1
1
1
1
1
1
1
1
1
1
1
0.999994
1
1
1
1
1
1
1
1
1
1
1
1
1
1
1
1
1
1
1
1
1
1
1
1
1
1
1
1
1
1
1
1
1
1
1
1
1
1
1
1
1
1
1
1
1
1
1
1
1
1
1
1
1
1
1
1
1
1
1
1
1
1
1
1
1
1
1
1
1
1
1
1
1
1
1
1
1
1
1
1
1
1
1
1
1
1
1
1
1
1
1
1
1
1
1
1.00012
1
1
1
1
1
1
1
1
1
1
1
1
1
1
1
1
1
1
1
1
1
1
1
1
1
1
1
1
1
1
1
1
1
1
1
1
1.0005
1
1
1
1
1
1
1
1
1
1
1
1
1
1
1
1
1
1
1
1
1
1
1
1
1
1
1
1
1
1
1
1
1
1
1
1
1
1
1
1
1
1
1
1
1
1
1
1
1
1
1
1
1
1
1
1
1
1
1
1
1
1
1
1
1
1
1
1
1
1
1
1
1
1
1
1
1
1
1
1
1
1
1
1
1
1
1
1
1
1
1
1
0.99998
1
0.997919
1
1
1
1
1
1
1
1
1
1
1
1
1
1
1
1
1
1
1
1
1
1
1
1
1
1
1
1
1
1
1
1
1
1
1
1
1
1
1
1
1
1
1
1
1
1
1
1
1
1
1
1
1
1
1
1
0.999999
1
1
1
1
1
1
1
1
1
1
1
1
1
1
1
1
0.999999
1
1
1
1
1
1
1
1
1
1
1
1
1
1
1
1
1
0.999418
1
1
1
1
1
1
1
1
1
1
1
0.999999
1
1
1
1
1
1
1
1
1
1
1
1
1
1
1
1
1
1
1
1
1
1
1
1
1
1
1
1
1
1
1
1
1
1
1
1
1
1
1.00024
1
1
1
1
1
1
1
1
1
1
1
1
1
1
1
1
1
1
1
1
1
1
1
1
1
1
1
1
1
1
1
1
1
1
1
1
1
1
1
1
1
1
1
1
1
1
1
1
1
1
1
1
1
1
1
1
1
1
1
1
1
1
1
1
1
1
0.996104
1
1
1
1
1
1
1
1
1
1
1
1
1
1
1
1
1
1
1
1
1
1
1
1
1
1
1
1
1
1
1
1
0.999722
1
1
1
1
1
1
1
1
1
1
1
1
1
1
1
1
1
1
1
1
1
1
1
1
1
1
1.00001
1
1
1
1
1
1
1
1
1
1
1
1
1
1
1
1
1
1
1
1
1
1
1
1
1
1
1
1
1
1
1
1
1.00003
1
1
1
1
1
1
0.99953
1
0.999999
1
1
1
1
1
1
1
1
1
1
1
1
1
1
1
1
1
1
1
1
0.997394
1
1
0.999999
1
1
1
1
1
1
1
1
1
1
1
1
0.99633
1
1
1
1
1
1
1
1
1
1
1
1
1
1
1
1
1
1.00014
1
1
1
1
1
1
1
1
1
1
1
1
1
1
1
1
1
1
1
1
1
1
1
1
1
1
1.00017
1
1
1
1
1
1
1
1
1
1
1
1
1
1
1
1
1
1
1
1
1
1
1
1
1
1
1
1
1
0.999885
1
1
1
1
1
1
1
1
1
1
0.99992
1
1
1
1
1
1
1
1
1
1
1
1
1
0.999179
1
1
1
1
1
1
1
1
1
1
1
1
1
1
1
1
1
1
1
1
1
1
1
1
1
1
1
0.997409
1
1
1
1
1
1
1
1
1
1
1
1
1
1
1.00002
1
1
1
1
1
1
1
1
1
1
1
1
0.998813
1
1
1
0.995006
1
1
1
1
1
1
1
1
1
0.999795
1
1
1
1
1
1
1
1
1
0.999995
1
1
1
1
1
1
1
1
1
1
1
1
1
1
1
1
1
1
1
1
1
1
1
1
1
1
1
1
1
1
1
1
1
1
1
1
1
1
1
1
1
1
1
1
1
1.00001
1
1
1
1
1
1
1
1
1
1
1
1
1
0.999982
1
1
1
1
1
1
1
0.999996
1
1
1
1
1
1
1
1
1
1
1
1
1
1
1
1
1
1
1
1
1
1
1
1
1
1
1
1.00001
1
1
1
1
1
1
1
1
1
1
1
1
1
1
1
1
1
1
1
1
1
1
1
1
1
1
1
1
1
1
1
1
1
1
1
1
1
1
1
1
1
1
1
1
1
1
1
1
1
1
1
1
1
1
1
1
1
1
1
1
1
1
1
1
1
1
1
1
0.999548
1
0.99935
1
1
1
1
1
1
1
1
1
1
1
1
1
1
1
1
1
1
1
1
1
1
1
1
1
1
1
1
1
1
1
1
1
1
1
1
1
1
1
1
1
1
1
1
1
1
1
1
1
1
1
0.998112
1
1
1
1
1
1
1
1
1
1
1
1
1
1
1
1
1
1
1
1
0.999843
0.999999
1
1
1
1
1
1
1
1
1
1
1
1
1
1
0.999999
1
1
1
1
1
1
1
1
1
1
1
1
1
1
1
1
1
1
1
1
1
1
0.999004
1
1
0.999999
1
0.981163
1
1
1
0.999998
1
1
1
1
1
1
1
1
1
1
1
1
1
1
1.00001
1
0.999507
1
1
1
1
1
1
1
1
1
1
0.998268
1
1
1
1
0.999997
1
1
1
1
1
1
1
1
1
1
1
1
1
1
1
1
1
1
1
1
1
1
1
1
0.998795
1
1
1
1
1
1
1
1
1
1
1
1
1
1
1
1
1
1
1
1
0.998197
1
1
1
1
1
1
1
1
0.999747
1
1
1
1
0.999986
1.00001
1
1
1
1
1
1
1
1
1
1
1
1
0.999475
1
1
1
1
1
0.999888
1
1
1
1
1
1
1
1
1
1
1
1
1
1
1
1
1
1
1
1
1
1
1
1
1
1
1
1
1
1
1
1.00001
1
1
1
1
0.99895
1
1
1
1
1
1
1
1.00002
1
1
1
1
1
1
1
1
1
1
1
1
1
1
1
1
1
1
1
1
1
1
1
1
1
1
1
1
1
1
1
1
0.998439
1
1
1
1
1
1
1
1
1
1
1
1
1
1
1
1
1
1
0.999992
1
1
1
1
1
1.00001
1
1
1
1
1
1
1
1
1
1.00017
1
1
1
1
1
1
1
1
1
1
1
1
1
1
1
1
1
1
1
0.999992
1
1
1
1
1
1
1
1
1
1
1
1
1
1
1
1.00006
1
1
1
1
1
1
1
1
1
1
1
1
1
1
1
1
1
1
1
1
1
1
1
1
1
1
1
1
1
1
1
1
1
1
1
1
1
1
1
1
1
1
1
1
1
1
1
1
1
1
1
1
1
1
1
1
1.00002
1
1
1
1
1
1
1
1
1
1.00001
1
1
1
1
1
1
1
1
1
1
1
1
0.997061
1
1
1.00023
1.00009
1
1
1
1
1
1
1
1
1.00001
1
1
1
1
1
1
1
1
0.999973
0.999979
1
1
1
1
1
1
1
1
0.997916
1
1
1
1
1
1
1
1
1
1
1
1
1
1
1
1
1
1
0.999977
1
1
1
1
1
1
1
1
1
1
1
1
1
1
1.00001
1.00002
1
1
1
1
1
1
1
1
1
1
1
1
1
1
1
1
1
1
0.999977
1
1
1
1
1
1
1
1
1
1
1
1
1
1
1
1
1
1
1
1
1
1
1
1
1
1
1
1
1
1
1
1
0.999454
1
1
1
1
1
1
1
1
1
1
1
1
1
1
1
1
1
1
1
1
1
1
1
1
1
1
1
1
1
1
1
1
1
1
1
1
1
1
1
1
1
1
0.999897
1
1
1
1.00161
1
1
1
1
1
1
1
1
0.999995
1
1
1
1
0.999982
1
1
0.999965
1
1
1.00003
1
1
1
1
0.997977
1
1
1
1
1
1
1
1
1
1
1
0.999983
1
1
1
1
1
1
1
1
1.00001
1
1
1
1
1
1
1
1.00002
0.998645
1
1
1
1
1
1
1
1
1
1
1
1
1
1
1
1
1
1
1
1
1
1
1
1
1
1
1
1
1.00019
1
1
0.999998
1
1
1
1
1
1
1
1
1
1
1
1
1
1
0.999996
1
1
1
1
1
1
1
1
1
1
1
1
1
1
1
1
1
1
1
1
1
1
1
1
1
1
1
1
1
1
1
1
0.996711
1
1
1
0.999998
1
1
1
1
1
1
1
1
1
1
1
1
1
1
1
1.00004
1
1
1
1
1
1
1
1
1
1
1
1
1
1
1
1
1
1
1
1
1
1
1
1
1
1
1
1
0.999674
1
1
1
1
1
1
1
1
1
1
1
1
1
1
1
1
1
1
1
1
1
1
1
1
1
1
1
1
1
1
1
1
1
1
1
1
1
0.999972
1
1
1
1
1
1
1
1
1
1
1
0.999674
1
1
1
1
0.998537
0.993279
1
1
1.00004
1
1
1
1
1
1
1
1
1
1
1
0.999924
1
0.999343
1
1
1
1
1
1
1
1
1
1
1
1
1
1
1
1
1
1
1
1
1
1
0.999787
0.999006
1
1
1
0.999991
1
1
1
1
1
1
1.0001
1
1
1
1
1
1
1
1
1
1
1
1
1
1
1
1
1
1
0.999562
1
1
1
1
1
1
1
1
1
1
1
1
1
1
1
1
1
1
1
1
1
1
1
1
1
1
1
1
1
1
1
1
1
1
1
1
1
1
1
1
1
1
1
1
1
0.999956
1
1.0001
1
1
1
1
1
1
1
1
1
1
1
1
1
1
1
1
1
1
1
1
1
1
1
0.999996
1
1
1
1
1
1
1
1
1.00002
1
1
1
1
1
1
1
1
1
1
1
1
1
0.999993
1
1
1
1
1
1
1
1
1
1
1
1
1
1
1
0.999995
1
1
1
1
1
1
1
1
1
1
1
1
1
1
1
1
1
1
1
1
1
1
1
1
1
1.00031
1.0001
1
1
1
1
1
1
1
1
1
1
1
1
1
1
1
1
1
1.00003
1
1
1
1
1
1
1
1
1
1
1
1
1
1
0.999275
1
1
1
1
1
1
1
1
1.0001
1
1
1
1
0.999979
1
1
1
1
1
1
1
1
1
1
1
1
1
1
1
1
1
0.999998
1
1.00001
1
1
1
1
1
1
1
1
1
1
1
1
1
1
1
1
1
1
1
1
1
1
1
1
1
1
1
1
1
1
1
1
1
1
1
1
1
1
1
1
1
1
1
0.996365
1
1
1
1
1
1
1
1
1.00003
1
1
0.999997
1.00001
1
1
1
1
1
1
1
1
1
1
1
1
0.999998
1
1
1
1
1
1
1
0.999866
1
1
1
1
1
1
1
1
1
0.999999
1
1
0.999997
1
1
1
1
1
1
1
1
1
1
1
1
0.999867
1
1
1
1
1
1
1
1
1
1
1
1
1
1
1
1
1
1
0.999985
1
1.00001
1
1
1
1
1
0.999999
1
1
1
1
1
0.999305
1
1
1
1
1
1
1
0.99578
1
1
1
1.00002
1
1
1
1
1
1
1
1
0.998327
1
1
1
1
1
1
1
1
1
1
1
1
1
0.999457
1
1
1
1
1
1
1
1.00001
1
1
1
1
1
1
1
1
1
1
0.999995
1
1
1
1
1
1
1
1
1
1
1
1.00001
1
1
1
1
1
1
1
1
1
1.00004
0.99995
1
1
1
1
1
0.999999
1
1
1
1
1
1
1
1
1
1
1
1
1
1
1
1
1
1
1
1
1.00046
1
1.00006
1
1
1
1
1
1
1
1
1
1
1
1
1
1
1
1
1
1
1
1
1
1
1
1.00002
1
1
1
1
1
1
1
1
1
1
1.00001
1
1
1
1
1
1
1
1
0.999033
1
1
1
1
1
1
1
1
1
1
1
1
1
1
1
1
0.999948
1
1
1
1
1
1
1
1
1
0.999994
1
1
1
1
0.99617
1
1
1
1
1
1
1
1
1
0.999986
1
1
1
1
1
1
1.00016
1
1
1
1
1
1
1
1
1
1
1
1
1
1
1
1
1.00012
0.999996
1
1
1
1
1
1
1
1
1
1
1.00001
1
0.999971
1
1
1
1
1
1
1
1
1
1
1
1
1
1
1
1
1
1
1
1
1
1
1
1
1
1
1
1
1
0.998626
1
1
1
1
1
1
1
1
1
1
1
1
1
1
1
1
1
1
0.999999
1
1
1
1
1
1
1
1
1
1
1
1
1
1
1
0.998529
1
1
1
1
1
1
1
1
1
1
1
1
1
1
1
1
1
1
1
1
1
1
1
1
0.999999
1
1
1
1
1
1
1
0.996241
0.992904
0.999997
1
1
1
1
1.00006
0.998472
1
1.00002
1
1
1
1
1
1
1
1
1
1
1
1
1
1
1
1
1
1
0.999997
1
1
1
1
1
1
1
0.999996
0.999999
1
1
1
1
1
1
0.999998
0.999997
1
1
1
1
1.00001
1
1
0.999996
1
1
1
1
1.00004
1
1
1
1
0.999996
1
1.00015
1
1
1
1
1
1
1
1.00001
1
1
1
0.999998
1
1
1
1
1
1.00001
1.00001
1
1
1
1
1
1
1
1
1
1
1
1
1
1
1
1
1
1
1
1
1
1
1
1
1.00001
1
1
1
1
1
1
1
1
1
1
1
1
0.998915
1
1
1
1
1.00002
1.00001
1
1
1.00001
1
0.999346
0.999218
1
1
1
1
1
1.00002
1
1
1
1
1.00002
1
1
1
1
1
1
1
1
1
1
1
1
1
1
0.999995
1
1
1.00002
1
1
1
1
1
1
1
1
1
1
0.997691
1
1
1
1
1
1
1
1
1
1
1
1
1
1
1
1
1
1
1
1
1
1
1
1
1
1
1.00001
1
1
1
1
0.998956
1
1
1
1
1
1
1
1
1
1
1
1
1
1
1
1
1
1
1
1
1
1
1
1
1
1
1
0.998096
1
1
1
1
1
0.999985
1
1
1
1
1
1
1
1
1
1
1
1
1
1
1
1
1
1
1
0.999737
1
1
1
1
1
1
1.00004
1
1
1
1
1
1
1.00001
1
1
1
1
1
1
1
1
1
1
1
1
1
1
1
1
1
1
1
1
1
1
1
1
1
1
1
1
1
1
1
1
1
1
1
0.997342
1
1
1
1
1
1
1
1
1
1
0.999981
1
1
1
0.999995
1
1
0.999651
0.999836
1
1
1
1
1
1
1
0.999931
1
1
1
0.999966
1
1.00015
1
1
1
1
1
1
1
1
1
1
1
0.999999
1
1
1
1
1.00002
0.999999
0.999987
1
1
1
1
1
1
1
1
1
0.99998
1
1
1
1
1
1
1
1
1
1
1
1
1
1
0.999999
1
1
1
1
1
1
1
1
0.999016
1
1
1
1
1
1
1
1
1
1
1
1
1
1
1
1
1
1
1
1
1
0.999907
0.999989
1
0.999931
1
1
1
1
1
1
0.998709
1
1
1
0.999991
1
1
1
1
0.999999
1
1
1
1
1
1
1
1
1
0.999994
1
1
1
0.992963
1
1
1
1
0.9968
1
1
1
1
1
0.996788
1
1
1
1
1
1
1
1
1
1
1
1
1
1
1
1
1.00003
1
1
1
1
1
1
1
1.00001
1
1
1
1
1
1
0.999999
1
1
1
1
1
1
1
1
1.00001
1
1
1
1
1
0.999992
1
1
1
1
1
1
1
1
1
1
0.999891
1
1
1
1
1
1
1
1
1
1
1
1
1
1
1
1
1
1
1
1
1
1
1
1
1
1
1
1
1
1
1
1.00033
1
1
1
1
1
1
1
1
1.00001
1
1
1
1
1
1
1
0.999986
1
1
1
1
1
1
1
1
1.00006
1
1
1
1
1.00001
1
1
1
1
1
1
0.999971
1
1
1
1
1
1
1
1
1
1
1
1
1
1
1
1
1
1
1
1
1
1
1
1
1
1
1
1
1
1
1
1
1
1
1
1
1
1
1
1
1
1
1
1
1
1
0.99734
1
1
1
1
1
1
1
1
1
1
0.999587
1
1
1
1
1
1
1
1
1.00001
1
1
1
1
1
1
1
1
1
1
1
1
1
0.991516
0.999965
1
1
1
1
1
1
1
1
1
1
1
1
1
1
1
1
0.999459
1
1
1
1
1
1
0.999999
1
1
1
1
1
0.999906
1
1
1
1
1
1
1
0.999955
1
1
1
1
1
1
1
1
1
1
1
0.999999
1
1
1
1
1.00001
1
1
0.997763
1.00011
1
1
1.00004
1
1
1
1
1
1.00003
1
1.00012
1.00004
1
1
1
1
1
1
1
1
1
1
1
1
1.00001
1
1.00002
0.998206
1
1
1
1
1
1
1
1
1
1
1
1
1
0.999574
1
1
1
1
0.999997
1
1
0.999762
1
1.0001
0.99996
1
1
1
1
1
1
1
1
1
1
0.999706
1
1
1
1
0.999994
1
1
1
1
1
1
1
1
1
1
1
1
1
1
1
1
1
1
1
1
1
1
1
1
1
1
1
1
1
1
1
1
1
1
1
1
1
1
1
1
1
1
1
1.00007
1
1
1
1
1
1
1
1
1
0.997682
1
1
1
1
1
1
1
1
1
1
1
1
1
1
1
1
1
0.999335
1
1
0.999304
1
1
1
1
1
1
1.00006
1
1
1
0.998028
1
1
1
1
1
1
1
1
1
1
1
1
0.999276
1
1
0.999726
1
1
1
1
1
1
1
0.999963
1
1
1
1
1
1
1
1.00001
1
1
1
1
1
1.00001
1
1
1
1
1
1
1
1
1
1
0.999961
0.999906
0.999999
1
1
1
1
1
0.999989
1
1
0.999986
1
1
1
0.999988
1
0.999894
1.00001
1
1
1
1
1
1
1
1
1
1
1
1
1
0.999956
1.00001
0.999999
1
1
1
0.999623
1
0.99969
1
1
1
1
1
1
1
1
1
1
0.999411
1
1
1
1
1
1
1.00007
1
1
1
1
1
1
1
1
1
1
1
1
1
1
1
1
1
0.999994
1
1
1
1
1
0.99917
1
1
0.988259
1
0.999515
1
1
1
1
1
1
1
0.999988
1
1
1
1
1
1
1
1
1
0.999968
1
1
1
1
1
1
1
1
1
1
1
1
1
1
1
1
1
1
1
1
1
1
1
1
1
0.998763
1
1
1
1
1
1
1
1
1
1
1
1
1
1
1
1
1
1
1
1
0.998227
0.999976
1
1
1
1
1
1
1
1
1.00003
1
1
1
1
1
1
1
1.00003
1
0.999989
1
1
1
1.00006
1
0.99901
1
1
1
1
1
1
1
1
1
1
1
1
1
1
1
1
1
1
1
1
1
1
0.999991
1
1
1
1
1
1
0.999996
1
1
1
0.997028
0.999986
1
1
1
1
1
1
1
1
1
0.999988
1
1
1
1
1
1
1
1
1
1
1.00003
1
1
1
1
1
1
1
1
1.00002
1
1
1
1
1
1
1
1
1
1
0.999982
1
1
1
1
1
1
1
1
1
1
1
1
1
1
1
1
0.999703
1
1
1
1
1
1
1.00005
1
1
1
1
1
1.00005
1
1
1
1
1
1
1
1
1
1
1
1
0.999956
1
1
1
1
1
1
1
1
1
0.999637
1
1
1
1
1
1
1
1
1
1
1
1
1
1
1
1
1
1
1
1
1
1
1
1
1
1
1
1
1
1
1
1.00028
1
1
1
1
1
0.996238
1
1
1
1
1.00001
1
1
1
1
1
1
1
1
1
1
1
1
1
1
1
1
1.00001
1
0.997037
1
1
1
1
1
1
1
1
1.00001
1
1
1
1
1
1
1
1
1
1
1
1
1
1
1
1
1
1
1
1
1
1
1
1
1
1
1
1
1
1.00001
1
1
1
1
1.00006
1
1
0.99998
1
1.00003
1
1
1
1
1
1
1
1
1
0.998249
1
1
1
1
1
1
1
1
1
1
1
1
1
1
0.999759
1
1
1
0.999992
1
1
1
1
1.00007
1
0.996537
1
1
1
1
1
1
1
1
1
1
1
1
1
1
1
0.999516
0.999997
1
1
1
1
1
1
1
1
1.00005
1
1
1
1
1
1
1
1
0.997623
1
0.999389
1
1
1
1
1
1
1
1
1
1
0.999549
1
1
1
1
1
1
1
1
1
1.00006
1
1
1
1
1
1
1
1
1
1
1
1
1
1
1
1
1
1
1
1
1
1
1
1
1
1
1
1.00004
1
1
1
1
1
1
1
1
1
1
1
1
0.999999
1
1
1
1
1
1
1
1
1
1
1
1
1
1
1
1
1
0.999955
0.999989
1
1
1
1
0.999585
1
1
1
1
1
1
1.00002
1
1
1
1
1
1
1
1
1
1
1
1
1.00007
1
1
1.00006
1
1.00002
1
1
1
1
1
1
0.999886
1
1
1
1
1
0.999034
1
1
1.00009
1
1
1
1
1
1
1
1
1
1
1
0.999999
1
1
1
1
1
1
1
1
1
1
1
1
1
1.00053
1
1
1
1
1
1
1
1
1
1
1
0.999973
1
1
1
1
1
1
1
1
1
1
1
1
1
1
1
1.00022
1
1
1
1
1
1
1
1
1
1
1
1
1
1
1
1
1
1
1
1
1
1
1
1
1
1
1
1
1
1
1
1
1
1
1
1
1
1
1
1.00002
1
1
1
1
1
1
0.99999
1
1
1
1
1
1
1
1
1
1
1
1
1
1
1
1
1.00001
1
1
0.997175
1
1.00003
1
1
1
1
1
1
1
1
1
1
1
1
1
1
1
1
1
1
1
1
1
1
1
0.996562
0.999489
1
1
1
1
0.994977
1
1
1
1
1
1
1
1
1
1
1
1.00001
0.999943
1
1
1
0.999995
1
1
1
1.00125
1
1
0.999302
1
1
1
1
1
1
1.00098
1
1
1
1
1
1.00002
1
1
0.999771
1
1
1
1
1
1
1
1
1
1
1
1
1
1
1
1
1
1
1
1
1
1
1
1
1
1
1
0.99692
1
1
1
1
1
1
1
1
1
1
1
1
1
1
1
1
1
1.00001
1
0.999999
1
1
1
1
1
1
1
1
1
1
1
1
1
1
1
1
1
1
1
1
1
0.999792
1
1
1
1.0006
1
1
1
1
1
1
1
1
1
1
0.999882
1
1.00171
1
1
0.996661
1
1
1
1
1
1
1
1
1
1
1
1
1
1
1
1
1
1
1
1
1
1
1
1
0.999942
1
1
1.00005
1
1
1
1
1
1
1
1
1
1
1
1
1
1
1
1
0.999914
1
1
1
1
0.999993
1
1
1
1
1
1
1
1
1.00004
1
1.00003
1
1.00195
1
1.00001
1
1
1
1
1
1
1
1
1
1
1
1
1
1
1
1
1
1
1
1
1
1
1
1
1
1
1
1
1
1
1
1
1
1
1
1
1
0.997225
1
1
1
1
1
1
1
1
1
1
1
1
1
1
1
1
1
1
1
1
1
1
1
1
0.999999
1
1
1
1
1
1
1
1
1
1
1
1
1
1
1
1
1
1
1
0.999151
1
1
1
1.00005
1
1
1
1
1
1
1
1
1
1
1
1
0.992921
1
1
1.0012
1
1
1
1
1
1
1
1
1
1
1
1
1
1
1
1
1
1
1
1
1
1
1
1
1
1
1
1
1
1
1
1
1
1
1
1
1
1
1
1
1
1
1
1
1
1
1
1
1
1
1
1
0.996569
1
1
1
1
1
1
1
1
1
1
1
1
1
1
1
1
1
1
1
1
1
1
1
1
1
1
1
1
1
1
1
1
1
1
1
1
1
1
1
1
1
1
1
1
1
1
1
1
1
1
1
1
1
1
1
1
1
1
1
1
1
1
1
1
1
1
1
1
1
1
1
1
1
1
1
1
1
0.994732
1
1
1
1
1
1
0.998959
1
1
1
1
1
1
1
1
1
1
1
1
1
1
1
1
1
1
1
1
1
1
1
1
1
1
1
1
1
1
1
1
1
1
1
1
1
1
1
1
1
1
1
1
1
1
1
1
1
1
1
1
1
1
1
1
1
1
1
1
1
1
1
1
1
0.996493
1
1
0.998084
1
1
1
1
1
1
1
1
1
1
1
1
1
1
1
1
1
1
1
1
1
1
1
1
1
1
1
1
1
1
1
1
1
1
1.00003
1
1
1
1
1
1
1
1
1
1
1
1
1
1
1
0.997278
1
1
1
1
1
1.00005
1
1
1
1
1
1
1
1
1
1
1
1
1
1
1
1
0.999997
1
1
1
0.998605
1
1
1
1
1
1
1
1
1
1
1
1
1
1
1
1
1
1
1
1
1
1
1
1
1
1
1
1
1
1
1
1
1
1
1
1
1
1
1
0.999475
1
1
1
1
1
1
1
1
1
1
1
1
1
1
1
1
1
1
1.00008
0.99995
1
1
1
1
1
1
1
1
1
1
1
1
1
1
1
1
0.999987
1
1
1
1
1
1
1
1
1
1
1
1
1
0.999674
1
1
1
1
1
1.00004
1
1
1
1
1
1
1
1
1
1
1
1
1
1
1
1
1
1
1
1
1
1
1.00001
1
1
1
1
1
1
1
1
1
1
1
1
1
1
1
1
1
1
1
1
1
1
1
1.00003
1
1
1
1
1
1
1
1.00008
1
1
1
1
1
1
1
1
0.999047
1
1
1
1
1
1.00005
1
1
1
1
1
1
1
1
1
1
0.999999
1
1
1
1
1
1
1
1
1
0.999992
0.999998
1
1
1
1
1
1
1
1
1
1
1
1
1
1
1
1
1
1
1
1
1
1
1
1
1
1
1
1
1
0.997581
1
1
1
1
1
1
1
1
1
1
1
1
1
1
1
1
1
1
1.00001
1
1
1
1
0.999309
1
1
0.999985
1
1
1
1
1
1
1
1
1
1
1
1
1
1
1
1
1
1
1
1
1
0.999997
0.994961
1
1
1
1
1
1
1
1
1
1
1
1
1
1
1.0001
1
1
1
0.999971
1
1
1
1
1
1
1
1
1
1
1
1
1
1
1
1
1
1
1
1
1
1
1
1
1
1
1
1
1
1
1
0.996372
1
1
1
1
1
1
1
1
1
1
1
1
1
1
1
1
1
1
1
1
1
1
1
1
1
1
1
1
1
1
1
1
1
1
1
1
1
1
1
1
1
1
1
1
1
1
1
0.999999
1
1
1
1
1
1
1
1
1
1
1
1
1
1
1.00017
1
1
1
1
0.999997
1
1
1
0.999981
1
1
1
1
0.999987
1
1
1
1.00005
1
1
1
1
1
1
1
1
1
1
1
1
1
1
1
1
1
1
1
1
1
1
1
1
1
1
1
1
1
1.00029
1
1
1
0.999988
1
1
0.999906
1
1
1
1
0.999992
1
1
1
1
1
1
1
1
1
1
1
1
1
1
1
1
1
1
1
1
1
1
1
1
1
1
1
1
1
1
1
1
1
1
1
1
1
1
1
1
1
1
1
1
1
1
1
1
1
1
0.999952
1
1
1
0.999704
1
1
0.999685
1.00132
1
1
0.999149
1
1
1
1
1
0.999451
1
1
1
1
1
0.99994
1
1
1
1
1.00008
1
1
1
1
0.996908
1
1
1
1
1
1
1
1
1
1
1
0.999765
1
1
1
1
1
1
1
1
1
1
1
1
1
1
1
1
1
0.999935
1
1
1
1
1
1
1
1
1
1
1
1
1
1
1
1
1
1
1
1
1
1
1
1
1
1
1
1
1
1
1
1
1
1
1
1
1
1
1.00017
1
1
1
1
1
1
1
1
1
1.00001
1
1
1
1
1
1
1
1
1
1
1
1
1
1
1
1
1
1
1
1
1
1
1
1
1
0.999703
1
1
1
1
1
1
1
1
1
1
1
1
1.00045
1
1
1
1
1
1
1
0.999475
1
1
1
1
1
1
1
1
1
1
1
1
1
1
1
1
1
1
1
1
1
1
1
1
1
1
1
1
1
1
1
1
1
0.999973
1
1
1
1
1
1
1
1
1
1
1
1
1
1
1
1
1
1
1
1
1
1
0.999422
1
1
1
1
1
1
1
1
1
0.999995
1
1
1
1
0.996716
1
1.00002
0.999735
1
1
1
1
1
1
1
1
1
1
1
1
1
1
1
1
1
1
1
1
1
1
1
1
0.996801
1
1
1
1
1
1
1
1
1
1
1
1
1
1
0.998474
1
1
1
1
1
1
1
1
1
1
1
1
1
1
1
1
1
1
1
1
1
1
1
1
0.999995
1
1
1
1
1
1.00005
1
1
1
1
1
1
1
1
1
1
1
1
1
1
1
1
0.997885
1
1
1
1
1
1
1
1
1
1
1
1
1
1
1
1
1
1
1
1
1
0.999977
1
1
1
1
1
1
1
1
1
1
1
1
1
1
1
1
1
1
1
1
1
1
1
1
1
0.999999
1
0.996746
1
1
1
1
1
1
1
1
1
1
1
1
1
1
1
1
0.999987
1
1
1
1
1
1
0.998918
1
1
1
1
1
1
1
1
1
1
1
1
1
1
1
1
1
1
1
1
1
1
0.999841
1
1
0.999999
1
1
1
1
1
1
1
1
1
1
1
1
1
1
1
1
1
1
1
1
1
1
1
1.00008
1
1
1
1
1
1
1
1
1
1
1
1
1
1
0.999883
1
1
1
1
1
1
1
1.00007
1
1
1
1
1
1
1
1
1
1
0.996781
1
1
1
1
1
1
0.999974
1
1
1
1
1
1
1
1
1
1
1
1
1
1
1
1
1
1
1
1
1.00005
1
1
1
1
1
1
1
1
1
1
1
1
1
1
1
0.999077
1
1
1
1
1
1
1
1
1
1
1
1
1
0.997672
1
1
1
1.00007
1
1
1
1
1
1
1
1
0.999521
1
1
1
1
0.999992
0.998929
1
1
1
1
1
1
1
0.999997
1
1
1
1
1
1
1
0.999991
1
1
1
1
1
1
1
1
1
1
1
1
1
1
1
1
1
1
0.999999
1
1
1
1
1
1
1
1
1
0.999999
1
1
1
1
1
1
1
1
1
1
1
1
0.998938
1
0.994577
1
1
1
1
1
1
1
1
1
1
1
1
1
1
1
1
0.999156
0.999983
0.999983
1
1
1
1
1
1.00001
1
1
1
1
1
1
1
1
1
1
1
1
1
1
0.99951
1
1
0.999998
1
1
0.999998
1
1
1.00001
1
1
0.992809
1
1
1
0.999995
0.997865
1
1
1
1
1
1
1
1
1
1
1
1
1
1
1
1
1
1
1
1
1
1
1
0.996382
1
1
1
1
1
1
1
1
1
1
1
1
1
1
1
1
1
1
1
1
0.999985
1
1
1
1
1
1
1
1
1
1
1
1
1.00001
)
;

boundaryField
{
    frontback
    {
        type            empty;
    }
    topbottom
    {
        type            zeroGradient;
    }
    outlet
    {
        type            zeroGradient;
    }
    inlet
    {
        type            fixedValue;
        value           uniform 1;
    }
    walls
    {
        type            zeroGradient;
    }
    procBoundary0to1
    {
        type            processor;
        value           nonuniform List<scalar> 
104
(
1
1
1
1
1
1
1
1
1
1.00001
1
1
1
0.999948
1.00005
1.00001
1.00001
1
0.999998
1
1
1
1
1
1
1
1
1
1
1
1
1
1
1
0.999316
1
1
1
1
1
1
1
0.9964
1
1
1
1
1
1
1
1
1
1
1
0.996997
1
1
1
1
1
1
1
1
1
1
1
1
1
1
1
1
1
1
1
1
1
1
1
1
1
1
1.00046
1
1
1
1
1
1
1
1
1
1
1
1
1
1
1
1
1
1
1
1
1
1
)
;
    }
    procBoundary0to2
    {
        type            processor;
        value           nonuniform List<scalar> 
83
(
1
1
1
1
1
1
1
1
1
1
1
1
1
1
1
1
1
1
1
1
1
1
1
1
1
1
1
1
1
1
1
1
1
1
1
1
1
1
1
1
1
1
1
1
1
1
1
1
1
1
1
1
1
1
1
1
1
1
1
1
1
1
0.999997
1
1
1
1
1
1
1
1
1
1
1
1
1
1
1
1
1
1
1
1
)
;
    }
}


// ************************************************************************* //
