/*--------------------------------*- C++ -*----------------------------------*\
| =========                 |                                                 |
| \\      /  F ield         | OpenFOAM: The Open Source CFD Toolbox           |
|  \\    /   O peration     | Version:  v2012                                 |
|   \\  /    A nd           | Website:  www.openfoam.com                      |
|    \\/     M anipulation  |                                                 |
\*---------------------------------------------------------------------------*/
FoamFile
{
    version     2.0;
    format      ascii;
    class       volScalarField;
    location    "250";
    object      gammaInt_0;
}
// * * * * * * * * * * * * * * * * * * * * * * * * * * * * * * * * * * * * * //

dimensions      [0 0 0 0 0 0 0];


internalField   nonuniform List<scalar> 
13851
(
1
1
1
1
1
1
1
1
1
1
1
1
1
1
1
1
1
1
0.999992
1
1
1
1
1
1
1
0.999333
0.999898
1
1
1
1
1
1
1
1
1
0.999999
1
1
1
1
1
0.999997
1
1
1
1
1
1
1
1
1
1
1
1
1
1
0.998527
1
1
1.00079
1
1
1
1
1
1
1
1
1
1
1
1
1
1
1
1
1.00023
1
1
0.999984
1
1
1
1
1
1
1
1
1
1
1
1
1
1
1
1
1
1
1
1
1
1
1
1
1
1
1
1
1
1
1
1
1
1
1
1
1
1
0.999987
1
1
1
1.00001
1
1
1
1
1
1
1
0.999935
1
1
1
1
1
1
1
0.999985
1
1
1
0.999946
1
1
1
1
1
1
1
1
1
1
1
1
1
1
1
1
1
1
1
1
1
1
1
1
1
1
1
1
1
1
1.00005
0.999998
1
1
0.999999
1.00001
1.00003
1
1
1
1
1
1
1
1
0.997831
1
1
1
1
1
1
1
1
1
0.999978
1
1
1
1.00021
1
1
1
1
1
1
1
0.999963
1
1
1
1
0.999989
1
1
1
1
1
1
1
1
1
1
1
1
1
1
1
1
1
1
0.999982
1
1
1
0.999782
1
1
1
1
1
1
1
1.00001
1
1
1
1
1
1
1
1
1
1
1
1
1.00001
1
1
1
1
1
1
0.993542
1
1
1
1
1
1
1
1.00001
1.00001
1
1
1
1
1
1
1.00001
1
1
1
1
1
1
1
1
1
1
1
1
1
1
1
1
1
1
1
1
1
1
1
1
1
1
1
1
1
0.997833
1
0.999687
1.00035
1
1
1
1
1
0.999409
1
1
1
1
1
1
1
1
1
1
1
1
1
1
1
1
1
1
1
1
1
1
1
1
1
1
1
1
1
1
1
1
1
1
0.999998
1
0.999873
1
1
1
1.00001
1
0.999107
1
1
1
1
1.00011
1
1
1
1
0.998859
1
1
1
1
1
1
1
1
0.999992
1
1
1
1
1
1
1
1
1
1
1
0.993506
1
1
1
1
0.999986
0.999998
1
1
1
1.00018
1
1
1
1
1
1
1
1.00001
1
1
1.00075
1
1
1
0.999979
1
1
0.999999
1
1
1
1.00036
1
1
1
1
1
1
1
1
1
1
0.999903
1
1
1
1
1
1.00018
1
1
1
1
1
1
1
0.999979
1
1
1
1
1
1
1
1
1
1
0.999067
1
1
1
1
1
1
1.00001
1
1
1
1
0.993419
1
1
1
1
1
0.999724
0.999944
1
1
1
1
1
1
1
1
1
1
1
1
1
1
1
1
1
1
1
1
0.99881
1
1
1
1
1
1
1
1
1
1
1
1
0.999148
1
1
1.00001
0.997638
1
1
1.00008
1
1
0.999983
1
1
1
1
1
1
1
1
1
1
1
1
1
1
1
1
1
1
1
1
1
1
1
1
1
0.999995
1
1
1
1
1
1
1
1
1
1
1
1
1
1
1
1
1
1
1
1
1
0.999961
1
0.996698
1
1
1
1
1
1
1
1
1
0.998448
1.00008
1
1
1
1
1
1
1
1
1
1
1
1
1
1
1
1
0.999985
1
1
1
1
1
1
1
1
1
1
1
1
1
1
1
1
0.999045
1
1
1
1
1
1
1
1
1
0.999992
1
1
1
1
1
1
0.997945
1
1
1
1
1
1
1
1
1
1
1
1
1
1
1
1
1
0.998893
1
1
1
1
1
1
1
1
1
1
1
1
1
1
0.998272
0.99998
1
1
1
1
1
1
1
1
1
1
1
1
1
1
1
1
1
1
1
1
1
1
1
1
1
1
1
0.999881
1
0.997186
1
0.999986
1
0.99992
1
1
1
1
1
1
0.999398
1
1
1
1
0.999996
1
1
1
1
1
1
1
1
1
1
0.999818
1
1
1
1
1
1
1
1
1
1
1
1
1
1
1
1
1
0.999239
1
1
1
1
1
1
1
0.999978
1
1
1
1
1
1
1
1
0.998541
1
1
1
1
1
1
1
1
1
1
0.999982
1
0.999988
0.991531
1
1
1
1
1
1
1
1
1
1
1
1
1
1
1
1
1
1.00001
1
1
1
1
1
1
0.999414
1
1
1
1
1
1
1
1
1
1
1
1
1
1
1
1
1
1
1
1
1
1
1
1.00018
1
1
1
1
1
1
1
1
1
1
1
1
1
1
1
1
1
1
1
1
1
1
1.00011
1
1
1
1
1
1
1
1
1
1
1
1
1
1
1
1
1
1
1
1
1
1
1
1
1
1.0001
1
1
1
1
1
1
1
1
1
0.999843
1
1
1
1
1
0.992448
1.00001
1
1
1
0.993354
1
1
1
1
1
1
1
1
1
1
1
1
1
1
1
1
1
1
1.00002
1
1
1
1
1.00006
1
1
1
1
1
1
1
1
1
1
1
1
1
1
1
1
1
1
1
1
1
1
1
1
1
1.00074
1
1
1
1
1
1
1
1
1
1
1
1
1
1
0.999987
1
1
0.999679
1
1
1
1
1
1
1
1
1
1
1
0.999457
1
1
1
1
1.0004
0.999999
1
1
1
1
1
1
1
1
1.00002
1.00001
1
1
1
0.999998
1
1
1
1
1
1
1
1
1
1
1
1
1
1
1
1
1
1
0.996136
1
1
1
1
1
1
0.99992
1
1
1
1
1
1.00005
1
1
1
1.00009
1.00002
1
1
1
1
1
1
1
1
0.999921
1
1
1
1
1
1
1
0.999994
1
1
1
1
0.988855
1
1.00001
1
1
1
1
1
1
1
1
1
1
1
0.999998
1
0.993069
1
1
0.999987
1
1
1
1.00003
1
1
1
1
1
1
1
1
1
1
1
1
1
1
1
1
1
1
1
1
1
0.999926
1
1
1
1
1
1
1
1
1
1
1
1
1
1
1
1
1
1
1
1
1
1
1
0.999963
1
1
1
1
1
1
1.00001
1
1
1
1
1
1
1
1
1
1
0.999929
1
1
1
1
1
1
1
1
1
1
1
1
1
1
1
1
1
1
0.999621
1
1
1
1.00001
1
1
1
0.999987
1
1
1
1
1
0.997306
1
1
1
1
1
1.00026
1
1.00001
1
1
1
1
1
1
1
1
1
1
1
1
1
1
1
1
1
1
0.99632
1
1.00001
1
1
1
1
1
1
1
1
1
1.00058
1
1
1
1
1
1
1
1
1
1
1
1
1
1
1
1
1
1
1
1
0.999999
1
1
1
1
1
1
1
1
1
1
1
1
1
1
1
1
1
1
1
1
0.998919
1
1
1.00017
1
1
1
1
1
1
1
1.00001
1
0.999715
1
1
1
1
1
1
1
1
1
1
1
1
1
1
1
0.997537
1
1
1
1
1
1
0.999938
1
1
0.99391
1
1
1
1
1.00002
1
1
0.999833
1
1
1
1
0.999935
1
1
1
1
1
1
1.00004
1
1
1
1
1
1
1
1
1
1
1
1
1
1
1
0.996528
1
1
0.999944
1
1.00075
1
1
1
1
1
1
0.999493
1
1
1
1
1
1
1
1
1
1
1
1
1
1
1
1
1
1
1
1
1
0.998554
1
1
1
1
1.00002
1
0.999207
1
1
1
1
1
1
1
1
1
1
1
1
1
1
0.999353
1
1
1
1
1
1
1
1
1
1
1
1
0.99993
0.999212
1
1.00002
1
1
1
1
0.999989
1
0.999986
1.00027
1
1
1
1
1
1
1
1
1
1
1
1
1
1
1
1
1
1
1
1
1
1.00009
1
1
1
1
1
1
1.00048
1
1
1
1
1
1
1
1
1
1
1
1
1
1
0.999612
1
1
1.00003
1
1
1
1
1
1
1
1
1
1
1
1
1
1
1
1
1
1
1
1
1
1
1
1
0.999673
1
1
1
1
1
1
0.999962
1
1.0001
1
1
1
1
1
1.00024
1
1
1
1
1
1
1
1
1
1
1
1
0.999999
1
1
1
1
1
1
1
1
1
1
1
1
1
1
1
1
1
1
1
1
1
1
1
1
1
1
1
1
1
1
1
1
1
1
1
1
1.00019
0.998902
1
1
1
1
1
1
1
1
1
1
1
1
1.00001
1
1
1
1
1
1
1
1
1
1
1
1
1
1
1
1
1
1
1
1
1
1
1
1
1
1
1
1
1
1
1
1
1
1
1
1
1
1
1
1
1
1
1
1
1
1
1
1
1
1
1
1
1
1
1
1.00003
0.99953
1
1
1
1
1
1.00001
0.999994
1
1
1
0.99651
1
1
1
1
1
1
1
1
1.00001
1
1
1
1
1
1
1
1
0.996241
1
1
1
1
1
1
1
0.998701
0.999199
1
1
1
1
1
1
0.999003
1
1
1
1
1
1
1
1.00024
1
1
1
1
1
1
1
1
1
1
1
1
1
1
1
1
1
1
1
1
1.00056
1
1
1
1
1
1
0.999988
1
1
1
1
1
1
1
1
1
1
1
0.999712
1
1
1
1
1
1
1
1
1
1
1
1
1
1.00149
1
1
1
1
1
1
1
1
1
1
1
1
1
1
1
1
1
1
1
1
1
1
1
1
0.999373
1
1.00027
0.99984
1
1
1
1
0.999885
0.998857
1
1
1
0.998719
1
1
1.00034
1
1
1
1
1
1
1
1
1
1
1
1
1
1
1
1
1
1
1
1
1
1
1
1
1
1
1
1
1
1.00001
1
1
1
1
1
1
1
1
1
1
1
1
1
0.992595
1
1
1
1
1
1
1
1
1
1
0.999985
1.0002
1
1
1
1.00016
1
1
1
1
1
1
1
1
1
1
1
1
1
1
0.999984
1
1
1
1
1
1
1
1
1.00005
0.999986
1
1
1
1
1
1
1
1
1
1
1
1
1
1
1
1
1
1
1
1
0.999376
1
1
1
1
1
1
1.00001
1
1
1
1
1
1
1
1
1
1
1
1
1
1.00102
1
1
1
1
1
1
1
1
0.999987
1
1
1
1.00005
1
1
1
0.999797
0.999998
1
0.998968
1
1
1
1
0.999483
1
1
1
1
1
1
1
1
1
1
1
1
1
0.999994
1.00007
1
1
0.999786
1
1
1
1
1
1
0.999999
1
1
1
1
1
1
1
1
1
1
1
1
1
1
1
1
1
1
1
1
1
1.00048
1
1
1
1
1
1
1
1
0.999058
1
1
1
1
1
1
1
1
1
1
0.999998
1
1
1
1
1
1
1
1
1
1
1
1
1
1
1
1
1
0.999924
1
1
1
1
0.999996
1
1
1
1.00063
1
1
1
0.99974
1.00094
1
1
0.998666
1.00001
1
1
1
1
1
1
1
1
1
1
1.00001
1
1
1
1
1
1
1
0.999989
1
1
1
1
1
1
1
1
1
1
0.999998
1
1
1
1
1
1.00009
1
1
1
1
1
1
1
1
1
1
1.00002
1
1
1
1
1
1
1
1
1
1
1
1
1
1
1
1
1
1
1
1
1
1
1
1
1
1
0.999906
1
1
1
1
1
1
1.0001
1
1
1
1
1
1
1
1
1
1
0.99975
1
1
1
1
1
1
1
1
0.999965
1
1
1
1
1
1
1
1
1
0.999989
1
1
1
0.999949
1
1
1
0.999993
1
1
1
1
0.999992
1
1
1
1
0.999896
1
1
1
1
1
1
1
1
1
1
1
1
1
1
1
1
1
0.998082
1
1
1
1.00007
1
1
1
1.00001
1
1
1
1
1
1.00001
0.999999
0.999936
1.00067
1
1
1
1
1
0.999826
1
1
1
1
1
1
1.00031
1
1
1
1
1
1
1
1
0.99554
0.999823
1
1
1
1
1
1
1
1
1
0.999999
1
1
1.00047
1
1.00001
1
1.00029
0.999919
1
1
0.99995
1
1
0.999944
1
1
1
1
1.00002
1
1
1
1
0.999843
1
1
1
1
0.996413
1
1
1
1
1
1
1
0.999198
1
1
1
1
1
0.999999
1
1
1
0.999998
1
1
0.999496
1
1
1
1
1
1
1
1
1
1
1
1.00002
1
1
1
1
1
1
1
1
0.999944
1
1
1
1
1
1
0.999557
1
1
1
1
1
1
1
1
1
1
0.999634
1
1
1
1
1
1
1
1
1
1
1
1
1
1
1
1
1
1
1
1
1
1.00036
1
1
1
1
1
1
1
1
1
1
1
1
1
1
1
1
1
1
1
1
1
1.00001
1
1
1
1
1
1
1
1
1
1
1
1
1
0.999879
1.00003
0.999993
1
1
1
1
1
1
1
1
1.00002
1
1
1
1
1
1
1
1
1
1.00021
1.00002
1
0.99752
1
1
1
1
1
1
1
1
1
1
1
1
1
1
1
1
1
1
1
1
1
1
1
1
1
1
1.00047
1
1
1
1
1
1
0.999157
1
1
1
1
1
1
0.999996
1
1
1
1
1
1
0.999951
1
1
1
1
1
1
1
1
1
1
1
0.996538
1
1
1
1
1
1
1
1
1
1
1
1
1
1
1
1
1
1
1
1
1
1
1
1
1
1
1
1
1
1
1
1
1
1
1
1
0.999256
1
1
1
1
0.998705
1
1
1
1
1
1
0.996916
1
1
1
1.00004
1
1
1
1
1
1
1
1
1
1
1
1
1
1
1
1
1
1
1
1
1
1
1.00003
1
1
1
1
1
1
1
1
1
1
1.00062
1
1
1
1
0.999998
1
1
1
1
1
1
1.00026
1
1
1
0.999586
1
1
1
1
1
1
1
1
1
1
1
1
1
1
1
1
1
1
1
1
1
1
1
1
1
1
1
1
0.999998
1
1.00001
1.00074
1
1
1
1
1
1.00001
1
1
1
1
1
1
1
1
1
0.999986
1
1
1
1
1
1
1
1
1
1.0002
1
1
1
1
1
0.999859
1
1
1
1
1
1
1
1
1
0.999997
1
1
1
1.00043
1
1
1
1
1
1
1
1
1
1
1
1
1
1
1
1
1
1
1
1
1
1
1
1
1
0.996721
1
1
1
1
1
1
1
1
1
1
1
1
1
1
1.00017
1
1
1
1
1
1
1
1
1
1
1
1
1
1
1
1
0.999999
1
1
1
1
1
1.00019
1
1
1
1
1
1
1
1
1
1
1
1
1.00014
1
1
1
1
1
1
1
1
1
1
1
1
1
1
1
1
1
1
0.999999
1
1
1
1
1
1
1.00001
1
1
1
1
1
1
1
1
1
1
1
1
1
1
1
1
1
1
1
1
1
1
1
1
1
1
1
1
1
1
1
1
0.999797
0.96471
1
1
1
1
1
1
1
1
1
1
1
1
1
1
1
1
1
1
1
1
1
1
1
1
1
1
1
1
1
1
1
1
1
1
1
1
1
1
1
1
1
1
1
1
1
1
1
1
1
1
1
1
1
1
1
1
1.00011
1
1
1
1
1
1
1
1
1
1
1
1
1
1
1
1
1
0.999992
1.0006
1
1
1
1
1
1
1
1
1
1
1
1
1
1
1
1
1
1.00001
1
1
1
1
1
1
1
1
1
1
1
1
1
1
1
1
1
1
1
1
1
1
1
1
1
1
1
1
1
1
1
1
1
1
1
1
1
1
0.999887
1
1.00111
1
1
1
1
1
1
1
1
0.999998
1
1
1
1
1
1.00309
1
1
1
1
1
0.999999
1
1
1
1
1
0.999991
1
1
1
0.999993
1
1
1
1
1
1
1
1
1
1
1
0.999994
1.00001
1
1
1
1
1
1
1
1
1
1
0.998565
1
1
1
1
1
1
0.998514
1
1
1
1
1
1
1
1
0.999998
1
0.998026
1
1
1
1
1
1
1
1
1
1
1
1
1
1
0.999985
1
1
1
1
0.999999
1.00017
0.999519
1
1
0.998803
1
1
1
1
1
1
1
1
1
1
1
1
0.999796
1
0.999796
1
1
1
0.99967
1.00026
1
1
1
1
1
1
1
1
1.00003
1
1
1
0.975554
1
0.99999
1
1
1
1
1
1
1
1
1
1
1
1
1
1
1
1
1
1
1
1
1
1
1
1
1
1
1
1
1
1
1
1
1
1
1
1
1
1
0.999545
1
1
1
1
1
1
0.99991
1
1
1
1
1
1
1
1
1
1
0.99982
1
0.998839
1
1
1
1
1
1
1
0.999985
1
1
1
1
1
1
1
1
1
1
1
1
1
1
1
1
1
1
1
1
1
1
0.999999
1
1
1
1
1
1
1
1
1
1
1
0.999343
1
1
1
1
1
1
1
1
1
1
1
1
1
1
1
1
1
1
1
1
1
1
1
1
1
1
1
1
1
1
1
0.999754
1
1
1
1
0.998974
1
1
1
1
1
1
1
1
1
1
1
1
1.00024
0.99954
1
1
1
1
1
1
1
1
1
1
1
1
1
1.00004
1
1
1
1
1
1
1
1
1
1
1
1
0.999712
1
1
1
1
1
1
1
1
1
1
1
1
1
1
1
1
1
0.999993
1
1
1
1
1
1
0.999561
1
1
1
1
1
1
1
1
1
1
1
1
1.00004
1
1
1
1
1
1
1
1
1
1
1
1
1
1
1
1
1
1
1
1
0.999967
1
1
1
1.00001
1
1.00151
1
1.00001
1
1
1
1
1
1
1
1
1
1
1
0.999985
1
1
1
1
1.00055
1
1
0.995885
1
1
1
0.998525
1
1
1
1
1
1
1
0.999993
1
1
1
1
1
1
1
1
1
1
1
1
1
1
1
1
1
1
1
1
1
1
1
1
1
1
1
1
1
1
1
1
1
1
1
1
1
1
0.999656
1
0.999889
1
1
1
1
1
0.999961
1
1
1
1
1
1
1
1
1
1
1
1
1
1
1
1
1
1
1
1
1
1
1
1
1
1
1.00007
1
1
1
1
1
1
1
0.999997
1
1
1
1
1
1
1
1
1
1
1
0.99984
1
1
1
0.99979
1
1
1
1
1
1
1
1
1
1
1
1.00017
0.999983
1
1
1
1
1
1
1
1
1
1
1
1
1
1
1.0002
1
1
1
1
1
1
0.999996
1
1
0.999997
1.00081
1
1
1
1
1
1
1
1
1
0.998954
1
1
1
1
0.999997
1
0.999931
1.00001
0.999999
1
1
1
1
1
1
1
1
1
0.999945
1
1
0.999937
1
1
1
1
1
1
1
1.00006
1
1
1
1
1
1
1
1
1.00072
0.99917
1
1.00067
1
1
1
1.00021
1
1
1
1
1
1
1
0.999998
1.00018
1
1
1
1
0.999853
1
0.99964
1
1
1
1
1
1
1
1
1
1
1
1
1
1
1
1
1
1
1
1
1
1
1
1
1
1
1
1
1
1.0001
1
1
1
1
1
1
1
1
1
1
1.00009
1
1
0.999999
1
1
1
1
1
1
1
1.00057
1
1
1
1
0.997792
0.999999
1
1
1
1
1
1
1
1
1.00043
1
1
1
1
1
1
1
1
1
1
1
1.00019
1
1
1
1
1
1
1
0.999994
1
0.99905
1
0.999999
1
1
1.00035
1
0.999999
1
1
1
1
1
1
0.99937
1
1
1
1
0.999999
1
1
1
1
1
1
1
1
1
1
1
1
0.999923
1
1
1.00026
1
1
1
1
1
1.00001
0.999997
1
1
1
1
1
0.999999
1
1
1
1
1
1
1
1
1
1
1
1
1
0.999984
1
1
1
1
0.999919
1
0.99997
0.999879
1
1
1.00001
1
1
1
1
1
1
1
1
1
1
1
1
1
1
1
1
1
1
1
1
1
1
1
1
1
0.999998
1
1
1
1
1
1
1
1
1
1
1
1
1
1
1
1
1
1
1
1
1
1
1
0.999991
1
1
1
1
1
1
1
1
1
1
1
1
1
1
1
1
1
1
1
1
1
1
1
1
1
1
1
1
1
1
1
1
1
1
1
1
1
1
0.999998
1
1
1
1
1
1
1
1
1
1
1
1
1
1
1
1
1
1
1
1
1
1
1
1
1
1
1
1
1
1
1
1
1
1
1
1
1
1
1
1
1
1
1
1
1
1
1
1
1
1
1
1
1
1
1
1
1
1
1
1
0.999999
1
1
1
1
0.997652
1
1
1
1
1
1
1
1
1
1
1
1
1
1
1
1
1
1
1
1
1
1
1
1
1
1
1
1
1
1
1
0.999722
1
1
1
1
1
1
1
1
1
1
1
1
1
1
0.998807
1
1
1
1
1
1
1
1
1
1
1
1
1
1
1
1
1
1
1
1
1
1
1
1
1
1
1
1
1
1
1
1
1
1
1
1
1
1
1
1
1
1
1
1
1
1
1
1
1
1
1
1
1
1
1.00032
1
1
1
1
1
1
1
1
1
1
1
1
1
1
1
1
1
1
1
1
1
1
1
1
1
1
1
1
1
1
1
1
1
1
1
1
1
1
1
1
1
1
1
1
0.999761
1
1
1
1
0.999147
0.999867
1
1
1
1
1
1
1
1
1
1
1
1
1
1
1
1
1
1
1
1
1
0.999999
1
1
1.00006
1
1
1
1
1
1
1
1
1
1
1
1.00007
1
1
1
1
1
1
1
1
1
1
0.999993
1
1
1
1
1
1
1
1
1
1
0.999664
1
1
1
1
1
1
1
1
1
1
1
1
1
1
1
1
1
1
1
1
1
0.999997
0.999659
1
1
1
1
1
1.00001
1
1
1
1
0.999655
1
1
1
1
1
1
1
1
1
1
1
1
1
1.00023
1
1
1
1
1
1
1
1
1
1
1
1
1
1
1
1
1
1
1
1
1
1
1
1
1
1
1
0.99999
1
1
1
1
1
1
1
1
1
1
1
1
1
1
1
1
1
1
1
1
1
0.99995
1
1
1
1
1
1
1
1
1
1
1
1
1
1
1
1
1
1
1
1
1
1.00073
1
1.00026
1
1
1.00035
1
1
1
1
1
1
1
1
1
1
1
1
1
1
1
1
0.999905
1
1
1
1
1
1
1
1
1
1
1
1.0005
1
1
1
1
1
1
0.999995
1
0.998541
1
1
1
1.00013
1
1
1
1
1
1
1
1
1
1
1
1
1
1
1
1
1
1
1
1
1
1
1
1
0.999981
1
1
1
1
1
1
1
1
1
1
1
1
1
1
1
1
1
1
1
1
1
1
1
1
1
1
1
1
1
1
1
1
1
1
1
1
1
1
0.999997
1
0.999815
1
1
1
1
1
1
1
1
1
1
1
1
1
1
1
1
1
1
1
1
1
1
1
1
1
1
1
1
1
1
1
1
1
1
1
1
1
1
1
1
1
1
1
1
1
1
1.00018
1
1
1
1
1
1
1
1
1
1
1
1
1
1
1
1
1
1
1
1
1
1
1
1
1
1
1
1
1
1
1
1
1
1
1
1
1
1
1
1
1
1
1
1
1
1
1
1
1
1
1
1
1
1
1
1
1
1
1
1
1
1
1
1
1
1
1
1
1
1
1
1
1
1
1
1
1
1
1
1
1
1
1
1
1
1
1
1
1
1
1
1
1
1
1
1
1
1
1
1
1
0.999998
1
1
1
1
1
1
1
1
1
1
1
1
0.99882
1
1
1
1
1
1
1
1
1
1
1
1
1
1
1
1
1
1
1
1
1
1
1
1
1
1
1
1
1
1
1
1
1
1
1
1.00032
1
1
1
1
1.00001
1
1.00041
1
1
1
1
1
1
1
1
1
1
1
1
1
1
1
1
1
1
1
1
1
0.994733
1
1
1
1
1
1
1
1
1
1.0002
1
1
1
1
1
1
1
1
1
0.999994
1
1
1
1
1
1
1
1
1
1
1
1
1
1
1
1
1
1
1
1
1
1
1
1
1
1
1
1
1
1
1
1
1
1
1
1
1
1
1
1
1
1
1
1
1
1
1
1
1
1
1.00003
1
1
1
1
1
1
1
1
1
0.999961
1.00005
1
1
1
1
1
1
1
1
1
1
1
1
1
1
1
1
1
1
1
1
1
1
1
1
1
1
1
1
1
1
1
1
1
1
1
1
1
1
1
1
1
1
1
1
1
1
1
1
1
1
1
1
1
1
1
1
1
1
1
1
1
1
1
1
1
1
1
1
1
1
1
1
1
1
1
1
1
1
1
1
1
1
1
1
1
1
1
1
1
1
0.99831
1
1
1
1
1
0.999973
1
1
1
1
1
1
1
1
1
1
1
1
1
1
1
1
1
1
1
1
1
1
1
0.999983
1
1
1
1
1
1
1
1
0.999708
1
1
1
1
1
1
1
1
1
1
1
1
1.00014
1
1
1
1
1
1
1
1
1
1
1
1
1
1
1
1
1
1
1
1
1
1
1
1
1
1
1
1
1
0.99835
1
1
1.00009
1
1
1
1
1
1
1
1
1
1
1
1
1
1
1
1
1
1
1
1
1
1
1
1
1
1
1.00001
1
1
1
1
0.999987
1
1
1
1
0.99621
1
1
1
1
1
1
1
1
1
1
1
1
1
1
1
1
1
1
1
1
1
1
1
1
0.999828
1
1
1
1
1
1
1
1
1
1
1
1
1
1
1
1
1
1
1
1
1
1
1
1
1
1
1
1
1
1
1
1
1
1
1
1
1
1
1
1
1
1
1
1
1
1
1
1
1
1
1
1
1.00001
1
1
1
1
1
1
1
1
1
1
1
1
1
1
1
1
1
1
1
1
1
1
1
1
1
1
1
1
1
0.999985
1
1
1
1
1
1
1
1
1
1
1
1
1
1
1
1
1
1
1
1
1
1
1
1
1
1
1
1
1
1
1
1
1
1
1
1
1
1
1
1
1
1
0.999999
1
1
1
1
1
1
1
1
1
1
1
1
1
1
1
1
1
1
1
1
1
1
1
1
1
1
0.999998
1
1
1
1
1
1
1
1
1
1
1
1
1
1
1
1
1
1
1
1
1
1
1
1
1
1
1
1
1
1
1
1
1
1
1
1
1
1
1
1
1
1
1
1
1
1
1
1
1
1
1
1
1
1
1
1
1
1
1
1
1
1
1
1
1
1
1
1
1
1
1
1
1
1
1
1
1
1
1
1
1
1
1
1
1
1
1
1
1
1
1
1
1
1
1
1
1
1
1
1
1
1
1
1
1
1
1
1
1
1
1
1
1
1
1
1
1
1
1
1
1
1
1
1
1
1
1
1
1
1
1
1
1
1
1
1
1
1
1
1
1
1
1
1
1
1
1
1
1
1
1
1
1.00001
1
1.00007
1
1
1
1
1
1
1
1
1
1
1
1
1
1
1
1
1
1
1
1
0.995755
1
1
1
1
1
1
1
1
1
1
1
1
1
1
1
1
1
1
1
1
1
0.997328
1
1
1
1
1
1
0.999997
1
1
1
1
1
1
1
1
1
1
1
1
1
0.995371
1
1
1
1
1
1
1
0.996615
1
1
1
1.00014
1
1
0.999942
1
1
1
1
1
1
1
1
1
1
1
1
1
1
1
1
1
1
1
0.993054
1
1
1
1
1
1
1
1
1
1
1
1
1
1
1
1
1
1
1
1
1
1
1
1
1
1
1
1
1
0.997123
1
1
1
1
1
1
1
1
1
1
1.00005
1
0.999337
1
1
1
1
1
1
1
1
1
0.999625
1
1
1
1
1
1
1
1
1
1
1
1
0.999907
1
1
1
1
1
1
1
1
1
1
1
1
1.00005
1
1
1
1
1
1
1
1
1
1
1
1
1
1
1
1
1
0.999986
1
1
1
1
1
1
1
1
1
1
1
1
1
1
1
1
1
1.00002
0.999997
1
1.00003
1
1
1
1.00001
1
1
1.00001
1
1
1
1.00001
1
1
1
1
1
1
1
1
0.999996
1.00002
1
1
1
1
1.00001
1
1
1
1
1
1
1
1
1
0.999998
1.00038
1
1
1
1
1
0.999993
1
1
1
0.999933
1
1
1
1
0.999792
1
1
1
1
1.00012
1
1
1
0.999998
0.999994
1
1
1
1
1
0.999515
1
1
1
1
0.999991
1
0.999943
0.999984
0.999966
0.999964
1.00016
1
1
1.00052
0.999911
1
0.999965
1
1
1.00003
1
0.999796
1
0.999891
1.00004
1.00003
0.999301
0.999999
1
0.999314
1.00003
1
1
1
0.999974
1
0.999924
1
0.999973
0.999755
1
1
1
1
1
1
1.00002
1
1
1
1
1.00011
1.00002
0.999885
1.00006
1
0.999983
0.999902
0.999969
1
0.999963
1
1
0.99988
0.999767
0.999857
1.00012
0.999912
1
1.00004
0.999998
1
1.00001
0.999788
1
1
1.00004
1.00007
1
1
0.99973
1
0.999859
1
1
0.99991
1
1
1.00004
1.00021
1
1
1
1
0.999665
1.00006
1
1
1.00002
1
0.999989
1
0.999997
0.999994
1
1
1.00008
1
1
1
1
1
1
1
1
1
1
1
1
0.999939
1
1
1
0.999999
1
1
1
1
1
1
1
1
1
1
1
1
1
1
1
1
1
1
1
1
1
1
1
1
1
1
1
1
1
1
1
1
1
1
1
1
1.00004
1
1
1
1
1
1
1
1
1
1
1
1
1
1
1
1
1
1
1
1
1
1
1
1
1
1
1
1
1
1
1
1
1
1
1
1
1
1
1
1
1
1
1
1
1
1
1
1
1
1
1
1
1
1
1
1
1
1
0.999567
1
1
1
1
1
1
1
0.999999
1
1
1
1
1
1
1
1
1
1
1
1
1
1
1
1
1
1
1
1
1
1
1
1
1
1
1
1
1
1
1
1
0.999999
1
1
1
1
1
1
1
1
1
1
1
1
1
1
1
1
1
1
1
1
1
1
1
1
1
1
1
1
1
1
1
1
1
1
1
1
1
1
1
1
1
1
1
1
1
1
1
1
1
1
1
1
1
1
1
1
1
1
1
1
1
1
1
1.00002
1
0.999991
1
1
1
1
1
1
1
1
1
1
1
1
1
1
1
1
1
1
1
1
1
1
1
1
1
1
1
1
1
1
1
1
1
1
1
1
1
1
1
1
0.999827
1
1
1
1
1
1.00027
1
1
1
1
1
1
1
1
0.999964
1
1
1
1
1
1
1
1
1
1
1
1
1
0.998733
1
1
1
1.00022
1
1
1
1
1
1
1
1
1
1
1
1
1
1
1
1
1
1
1
1
1
1
1
1
1
1
1
1
1
1
0.999827
1
1
1
1
1
1
1
1
0.999998
1
1
1
1
1
1
1
1
1
1
1
1
1
1
1
1
1
1
1
1
1
1
1
1
1
1
1
1
1
1
1
1
1
1
1
1
1
1
1
1
1
1
1
1
1
1
1
1
1
1
1
1
1
1
1
1
1
1
1
0.997377
1
1
1
1
1
1
1
1
1
1
1.00019
1
1
1
1
1
1
1
1
1
1
0.999829
1
1
1
1
1
1
1
1
1
1
1
1
1
1
1
1
1
1
1
1
1
0.999907
1
1
1
1
1
1
1
1
1
1
1
1
1
1
1
1
1
1
1
1
1
1
1
1
1
1
1
1
1
1
1
1
1
1.00001
1
1
1
1
1
1
1
1
1
1
1
1
1
1
1
1
1
1
1
1
1
1
1
1
1
1
1
1
1
1
1
1
1
1
1
1
1
1
0.999978
1
1
1
1
1
1
1
1
1
1
1
1
1
1
1
1
1
1
1
1
1
1
1
1
1
1
1
1
0.999983
1
1
1
1
1
1
1
1
1.00001
1
1
1
1.00001
1
1
1
1
1
1.00005
1
1
1
1
1
1
1
1
1
1
1
1
1
0.999999
1
1
1
1
1
1
1
1
1
1
1
1
0.999999
1
1
1
1
1
1
1
1
1
1
1
1
1
1
1
1
1
1
1
1
1
1
1
1
1
1
1
1
0.999986
1
1
1
1
1
1
1
1
1
1
1
0.999981
1
1
1
1
1
1
1
1
1
1
1
1
1
1
1
1
1
1
1
1
1
1
1
1
1
1
1
1
1
1
1
1
1
1
1
1
1
1
1
1
1
1
1
1
1
1
1
1
1
1
1
1
1
1
1
1
1
1
1
1
1
1
1
1
1
1
1
1
1
1
1
1
1
1
0.999816
1
0.999952
1
1
1
0.999931
1
1
1
1
1
1
1
1
1
1
1
0.999989
1
1
1
1
1
1
1
1
1
1
1
1
1
1
1
1
1
1
1.00027
1
1
0.998905
1
1
1
1
1
1
1
1.00006
1
1
1
1
1
1
1
1
1
1
1
1
1
1
1
1
1
1
1
1
1
1
1
1
1
1
1
1
1
1
1
1.00012
1
1
1
1
0.999171
1
1
1
1
1
1
1
1
1
1
1
1
1
1
1
1
1
1
1
1
1
1
1
1
1
1
1
0.999997
1
1
1
1
1
1
1
1
1
1
1
1
0.999915
1
1
1
1
1
1
1
1
1
1
1
1
1
1
1
1
1
1
1
1
1
1
1
1
1
1
1
1
1
1
1
1
1
1
1
1
1
1
1
1
1
1
1
1.00013
1
1
1
1
1
1
1
1
1
1
1
1
1
1
1
1
1
1
1
1
1
1
1
1
1
1
1
1
1
1
1
1
1
1
1
1
1
1
1
1
1
1
1
1
1
1
1
1
1
1
1
1
1
1
1
1
1
1
1
1
1
1
1
1
1
1
1
1
0.998723
1
1
1
1
1
1
1
1
1
1
1
1
1
1
1
1
1
1
1
1
1
1
1
1
1
1
1
1
1
1
1
0.995541
1
1
1
1
1
1
1
1
1
1
1
1
1
1
1
0.999969
1
1
1
1
1
1
1
1
1
1
1
1
1
1
1
1
1
1
1
1
1
1
1
1
1
1
1
1
1
1
1
1
1
1
1
1
1
1
1
1
1
1
1
1
1
1.00001
1
1
1
1
1
1
1
1
1
1
1
1
1
1
1
1
1
1
1
1
1
1
1
1
1
1
1
1
1
1
1
1
1
1
1
1
1
1
1
1
1
1
1
1
1
1
1
1
1
1
1
1
1
1
1
1
1
1
1
1
1
1
1
1
1
1
1
1
1
1
1
1
1
1
1
1
1
1
1
1
1
1
1
1
1
1
1
1
1
1
1
1
1
1
1
1
1
1
1
1
1
1
1
0.999557
1
1
1
1
1
1
0.997518
1
1
1
1
1
1
1
1
1
1
0.999818
1
1
1
1
1
1
1
1
1
1
1
1
1
1
0.998091
1
1
1
1
1
1
1
1
1
1
1
1
1
1
1
1
1
1
1
1
1
1
1
1
1
0.995708
1
1
1
1
1
1
1
1
1
1
1
1
1
1
1
1
1
0.999999
1
1
1
1
1
1
1
1
1
1
1
1
1
1
1
1
1
1
1
1
1
1
1
1
1
1
1
0.997147
1
1
1
1
1
1
1
1
1
1
1
1
1
1
1
1
0.996772
1
1
1
1
1
1
1
0.998825
1
1
1
1
1
1
1
1
1
1
1
1
1
1
1
1
1
1
1
1
1
1
1
1
0.999332
1
1
1
1
1
1
1
1
1
1
1
1
0.999704
1
1
1
1
1
1
1
1
1
1
1
1
1
1
1
1
1.00001
1
1
1
1
1
1
1
1
1
1
1
1
1
1
1
1
1
1
1
1
1
0.999835
1
1
1
1
1
1
1
1
1
1
1
0.998537
1
0.999988
1
1
1
1.00001
1.00001
1
1
1
1
1
1
1
1
1
0.999998
1
1
1
1
1
1
1
1
1
1
1.00002
1
1
1
1
1
1
1
1
1
1
1
1
1
1
1
1
1.00002
1
1
1
1
1
1
1
1
1
1
1
1
1
1
1
1
1
1
1
1
1
1
1
1.00001
0.999994
1
1
1
1
1
1
1
1
1
1
1
1
1
1
1
1
1
1
1
1
1
1
1
1
1
1
1
1
1
1
1
1
1
1
1
1
1
0.999935
1
1
1
1
1
0.999978
1
1
0.999973
0.999995
1
1
1
1
0.999713
1
0.999982
1
1
1
1
1
1
1
1
0.999952
0.999982
1
1
1
1
1
1
1
1
1
1
1
1
1
1
0.999852
1
1
1
1
1
1
1
1
1
0.999916
0.999904
0.999814
1
1
1
1
0.999787
1
1
1
1
1
0.999859
1
1
1
1
1
1
1
1
1
1
1
1
1
1
1
0.999914
1
1
1
1
1
1
1
1
1
1
1
1
1
1
1
1
0.999935
1
1
1
1
1
1
1
1
0.999824
1
1
0.999744
0.999776
1
0.999971
1
0.999836
1
1
1
1
1
1
1
1.00019
1
1
1
1
1
1
1
1
0.999998
1
1
1
1
1
1
1
1
1
1
1
1
0.993968
1
1
1
1
1
1
1
1
0.999845
1
0.999906
1
1
1
1
1
0.999996
1.00004
1
1
1
1
1
1
1
1
1
1
1
1
1
1
0.999926
1
1
1
1
1
1
1
1
1
1
1
1
1
1
1
1
1
1
1
1
1
1
1
1
1
1
1
0.999997
1
1
1
0.999167
0.999996
1
1
1
1
1
1
1.00004
1
1
0.999999
1
1
1
1
1
1
1
1
1
1
1
1
1
1
1
1
1
1
1
1.00003
1
1.00006
0.999995
1
1
1
1
1
1
0.999999
1
1.00006
1
1
1.00002
1
1
1
1
1
0.999997
1
1
1
1
1
1
1
1
1
1
1
1.00006
1
1
0.999956
1
1
1
1
0.999939
1
1
1
1
1
1
1
1
1
1
1
1
1
1
1
1
1
1
1
1
1
1
1.00053
1
1
1
1
1
1
1
1
1.00004
1
1
1
1
1.00065
1
1
1
1
1
1
1.00009
1
1.00026
1
1
1
1
1
0.999966
1
1
1
1
1
1
0.999682
1
1
1
1
1
1.00032
1
1
1
1
1
1
1
1
1
1
1
1
1
1
1
1
1
1
1
1
1
1
1
1
1
1
1
1
1
1
1
1
1
1
1
1
1
1
1
1
0.999963
0.999915
1
1
1
1
1
1
1
1.00005
1
1
1
1
0.999984
1
1
1
1
1
1
1
0.999943
1
1
1
1
1
1
1
1
1
1
1
1
1
1.00006
1
1.00013
1
1
1
1
0.996751
1
1
1
1
1
1
1
1
1
1
1
1
1
1
1
1
1
1
0.999989
1
1
1
1
1
1
1
1
1
1
1
1
1
1
1
1
1
1
1
1
1
1
1
1
1
1
1
0.999861
1
1
1
1
1
1.00027
1
1
1
1
1
1
1
1
1
1
1
1
1.00025
1
1
1
1
1
1
1
1
1
1
0.999584
1
1
1
1
1
1
0.999707
1.00006
1
1
1
1
1
1
1
1
1
1
1
1
1
1
1
1
1
1
1
1
1
1
1
1
1
1
1.0003
1
1
1
1
1
1
1
1
1
1
1
1
1
1
1
1
1
1
1
1
1
1
1
0.999307
1
1
1
1
1
1
1
1
1
1
1
1
1
1
1
1
1
1
1
1
1
1
1
1
1
1
1
1
1
1
1
1
1
1
1
1
1
1
1
1
1
1
1
1
1
1
1
1
1
1.00001
1.00002
1
1
1
0.999992
1
1
1
1
0.999435
1
1
1
1
1
1
1.00001
1
1
1
1.00001
1
1
0.994966
1
1
1
1
1
1
1.00002
1
1
1
1
1
1
1
1
1
1
1
1
1
1
1
1
0.999996
1
1
0.99937
1
1
1
1
1
1
1
1
1
1
1
1
1
1.00021
1
1
1
1
1
1
1
1
1
1
1
1
1.00007
1
1
1
1
1
1
1
1
1
1
1
1
1
1
1
1
1
1
1
1
1
1
1
1
1
1
0.999984
1
1
1
1
1
1
1
1
1
1
1
1
1
1
1
1
1
1
1
1
1
1
1
0.999985
1
1
1
1
1
1
1
1
1
1
1
1
1
1
1
1
1
1
1
1
1
1
1
0.999985
1
1
1
1
1
1
1
1
1
1
1
1
1
1
1
1
1
1
1
1
1
1
1
1
1
1
1
0.999996
1
1
1
1
1
1
1
1
1
1
1
1
1
1
1
1
1
1
1
1
1
1
1
1
1
1
1
1
1
1
1
1
1
1
1
1
1
1
1
1
1
1
1
1
1
1
1
1
1
1
1
1
1
1
1
1
1
1
1
1
1
1
1
1
1
1
1
1
1
1
1
1
1
1
1
1
1
1
1
1
1
1
1
1
1
1
1
1
1
1
1
1
1
1
1
1.00012
1
1
1
1
1
1
1
1
1
1
1
1
1
1
1
1
1
1
1
1
1
1
1
1
1
1
1
1
1
1
1
1
1
1
1
1
1.00041
1
1
1
1
1
1
1
1
1
1
1
1
1
1
1
1
1
1
1
1
1
1
1
1
1
1
1
1
1
1
1
1
1
1
1
1
1
1
1
1
1
1
1
1
1
1
1
1
1
1
1
1
1
1
1
1
1
1
1
1
1
1
1
1
1
1
1
1
1
1
1
1
1
1
1
1
1
1
1
1
1
1
1
1
1
1
1
1
1
1
1
1
0.999979
1
0.998154
1
1
1
1
1
1
1
1
1
1
1
1
1
1
1
1
1
1
1
1
1
1
1
1
1
1
1
1
1
1
1
1
1
1
1
1
1
1
1
1
1
1
1
1
1
1
1
1
1
1
1
1
1
1
1
1
1
1
1
1
1
1
1
1
1
1
1
1
1
1
1
1
1
0.999999
1
1
1
1
1
1
1
1
1
1
1
1
1
1
1
1
1
0.999191
1
1
1
1
1
1
1
1
1
1
1
1
1
1
1
1
1
1
1
1
1
1
1
1
1
1
1
1
1
1
1
1
1
1
1
1
1
1
1
1
1
1
1
1
1
1
1
1
1
1
1.00036
1
1
1
1
1
1
1
1
1
1
1
1
1
1
1
1
1
1
1
1
1
1
1
1
1
1
1
1
1
1
1
1
1
1
1
1
1
1
1
1
1
1
1
1
1
1
1
1
1
1
1
1
1
1
1
1
1
1
1
1
1
1
1
1
1
1
0.995059
1
1
1
1
1
1
1
1
1
1
1
1
1
1
1
1
1
1
1
1
1
1
1
1
1
1
1
1
1
1
1
1
0.999663
1
1
1
1
1
1
1
1
1
1
0.999999
1
1
1
1
1
1
1
1
1
1
1
1
1
1
1
1.00001
1
1
1
1
1
1
1
1
1
1
1
1
1
1
1
1
1
1
1
1
1
1
1
1
1
1
1
1
1
1
1
1
1.00006
1
1
1
1
1
1
0.999494
1
1
1
1
1
1
1
1
1
1
1
1
1
1
1
1
1
1
1
1
1
1
0.997873
1
1
0.999999
1
1
1
1
1
1
1
1
1
1
1
1
0.995773
1
1
1
1
1
1
1
1
1
1
1
1
1
1
1
1
1
1.00026
1
1
1
1
1
1
1
1
1
1
1
1
1
1
1
1
1
1
1
1
1
1
1
1
1
1
1.00018
1
1
1
1
1
1
1
1
1
1
1
1
1
1
1
1
1
1
1
1
1
1
1
1
1
1
1
1
1
0.999831
1
1
1
1
1
1
1
1
1
1
0.999927
1
1
1
1
1
1
1
1
1
1
1
1
1
0.999623
1
1
1
1
1
1
1
1
1
1
1
1
1
1
1
1
1
1
1
1
1
1
1
1
1
1
1
0.997126
1
1
1
1
1
1
1
1
1
1
1
1
1
1
1.00002
1
1
1
1
1
1
1
1
1
1
1
1
0.999038
1
1
1
0.994844
1
1
1
1
1
1
1
1
1
0.999801
1
1
1
1
1
1
1
1
1
0.999997
1
1
1
1
1
1
1
1
1
1
1
1
1
1
1
1
1
1
1
1
1
1
1
1
1
1
1
1
1
1
1
1
1
1
1
1
1
1
1
1
1
1
1
1
1
1.00001
1
1
1
1
1
1
1
1
1
1
1
1
1
0.999975
1
1
1
1
1
1
1
1
1
1
1
1
1
1
1
1
1
1
1
1
1
1
1
1
1
1
1
1
1
1
1
1
1
1
1
0.999996
1
1
1
1
1
1
1
1
1
1
1
1
1
1
1
1
1
1
1
1
1
1
1
1
1
1
1
1
1
1
1
1
1
1
1
1
1
1
1
1
1
1
1
1
1
1
1
1
1
1
1
1
1
1
1
1
1
1
1
1
1
1
1
1
1
1
1
1
0.999604
1
0.999363
1
1
1
1
1
1
1
1
1
1
1
1
1
1
1
1
1
1
1
1
1
1
1
1
1
1
1
1
1
1
1
1
1
1
1
1
1
1
1
1
1
1
1
1
1
1
1
1
1
1
1
0.998002
1
1
1
1
1
1
1
1
1
1
1
1
1
1
1
1
1
1
1
1
0.999888
0.999999
1
1
1
1
1
1
1
1
1
1
1
1
1
1
0.999999
1
1
1
1
1
1
1
1
1
1
1
1
1
1
1
1
1
1
1
1
1
1
0.998928
1
1
0.999999
1
0.98034
1
1
1
0.999998
1
1
1
1
1
1
1
1
1
1
1
1
1
1
1.00001
1
0.999254
1
1
1
1
1
1
1
1
1
1
0.998257
1
1
1
1
0.999998
1
1
1
1
1
1
1
1
1
1
1
1
1
1
1
1
1
1
1
1
1
1
1
1
0.999206
1
1
1
1
1
1
1
1
1
1
1
1
1
1
1
1
1
1
1
1
0.997659
1
1
1
1
1
1
1
1
0.999789
1
1
1
1
0.999986
1
1
1
1
1
1
1
1
1
1
1
1
1
0.999692
1
1
1
1
1
0.999859
1
1
1
1
1
1
1
1
1
1
1
1
1
1
1
1
1
1
1
1
1
1
1
1
1
1
1
1
1
1
1
1.00001
1
1
1
1
0.998919
1
1
1
1
1
1
1
1.00003
1
1
1
1
1
1
1
1
1
1
1
1
1
1
1
1
1
1
1
1
1
1
1
1
1
1
1
1
1
1
1
1
0.998563
1
1
1
1
1
1
1
1
1
1
1
1
1
1
1
1
1
1
0.999994
1
1
1
1
1
1
1
1
1
1
1
1
1
1
1
1.00014
1
1
1
1
1
1
1
1
1
1
1
1
1
1
1
1
1
1
1
0.999989
1
1
1
1
1
1
1
1
1
1
1
1
1
1
1
1.00006
1
1
1
1
1
1
1
1
1
1
1
1
1
1
1
1
1
1
1
1
1
1
1
1
1
1
1
1
1
1
1
1
1
1
1
1
1
1
1
1
1
1
1
1
1
1
1
1
1
1
1
1
1
1
1
1
1.00002
1
1
1
1
1
1
1
1
1
1.00002
1
1
1
1
1
1
1
1
1
1
1
1
0.998803
1
1
1.00023
1.00011
1
1
1
1
1
1
1
1
1.00001
1
1
1
1
1
1
1
1
0.999974
0.999987
1
1
1
1
1
1
1
1
0.997801
1
1
1
1
1
1
1
1
1
1
1
1
1
1
1
1
1
1
0.999988
1
1
1
1
1
1
1
1
1
1
1
1
1
1
1.00001
1.00002
1
1
1
1
1
1
1
1
1
1
1
1
1
1
1
1
1
1
0.999969
1
1
1
1
1
1
1
1
1
1
1
1
1
1
1
1
1
1
1
1
1
1
1
1
1
1
1
1
1
1
1
1
0.9995
1
1
1
1
1
1
1
1
1
1
1
1
1
1
1
1
1
1
1
1
1
1
1
1
1
1
1
1
1
1
1
1
1
1
1
1
1
1
1
1
1
1
0.999877
1
1
1
0.996585
1
1
1
1
1
1
1
1
0.999968
1
1
1
1
0.99998
1
1
0.999994
1
1
1.00002
1
1
1
1
0.99792
1
1
1
1
1
0.999999
1
1
1
1
1
0.999982
1
1
1
1
1
1
1
1
1.00001
1
1
1
1
1
1
1
1.00003
0.998659
1
1
1
0.999999
1
1
1
1
1
1
1
1
1
1
1
1
1
1
1
1
1
1
1
1
1
1
1
1
1.00021
1
1
0.999998
1
1
1
1
1
1
1
1
1
1
1
1
1
1
1.00001
1
1
1
1
1
1
1.00001
1
1
1
1
1
1
1
1
1
1
1
1
1
1
1
1
1
1
1
1
1
1
1
1
1
0.996517
1
1
1
0.999999
1
1
1
1
1
1
1
1
1
1
1
1
1
1
1
1.00007
1
1
1
1
1
1
1
1
1
1
1
1
1
1
1
1
1
1
1
1
1
1
1
1
1
1
1
1
0.999679
1
1
1
1
1
1
1
1
1
1
1
1
1
1
1
1
1
1
1
1
1
1
1
1
1
1
1
1
1
1
1
1
1
1
1
1
1
1.00001
1
1
1
1
1
1
1
1
1
1
1
0.999653
1
1
1
1
0.998655
0.99341
1
1
1.00002
1
1
1
1
1
1
1
1
1
1
1
0.999917
1
0.995293
1
1
1
1
1
1
1
1
1
1
1
1
1
1
1
1
1
1
1
1
1
1
0.999746
0.999311
1
1
1
0.999985
1
1
1
1
1
1
1.0001
1
1
1
1
1
1
1
1
1
1
1
1
1
1
1
1
1
1
0.999247
1
1
1
1
1
1
1
1
1
1
1
1
1
1
1
1
1
1
1
1
1
1
1
1
1
1
1
1
1
1
1
1
1
1
1
1
1
1
1
1
1
1
1
1
1
0.999924
1
1.00015
1
1
1
1
1
1
1
1
1
1
1
1
1
1
1
1
1
1
1
1
1
1
1
0.99999
1
1
1
1
1
1
1
1
1.00001
1
1
1
1
1
1
1
1
1
1
1
1
1
0.999995
1
1
1
1
1
1
1
1
1
1
1
1
1
1
1
0.999994
1
1
1
1
1
1
1
1
1
1
1
1
1
1
1
1
1
1
1
1
1
1
1
1
1
1.00025
1.00006
1
1
1
1
1
1
1
1
1
1.00001
1
1
1
1
1
1
1
1.00014
1
1
1
0.999999
1
1
1
1
1
1
1
1
1
1
0.999481
1
1
1
1
1
1
1
1
1.00008
1
1
1
1
1
1
1
1
1
1
1
1
1
1
1
1
1
1
1
1
1
1
0.999997
1
1.00004
1
1
1
1
1
1
1
1
1
1
1
1
1
1
1
1
1
1
1
1
1
1
1
1
1
1
1
1
1
1
1
1
1
1
1
1
1
1
1
1
1
1
1
0.996214
1
1
1
1
1
1
1
1
1.00003
1
1
0.999997
1.00001
1
1
1
1
1
1
1
1
1
1
1
1
0.999998
1
1
1
1
1
1
1
0.999757
1
1
1
1
1
1
1
1
1
0.999999
1
1
0.999997
1
1
1
1
1
1
1
1
1
1
1
1
0.999951
1
1
1
1
1
1
1
1
1
1
1
1
1
1
1
1
1
1
0.999989
1
1.00001
1
1
1
1
1
0.999999
1
1
1
1
1
0.999172
1
1
1
1
1
1
1
0.995092
1
1
1
1.00002
1
1
1
1
1
1
1
1
0.998884
1
1
1
1
1
1
1
1
1
1
1
1
1
0.999453
1
1
1
1
1
1
1
1.00001
1
1
1
1
1
1
1
1
1
1
0.999996
1
1
1
1
1
1
1
1
1
1
1
1.00001
1
1
1
1
1
1
1
1
1
1.00003
1.00003
1
1
1
1
1
0.999997
1
1
1
1
1
1
1
1
1
1
1
1
1
1
1
1
1
1
1
1
1.00063
1
1.00013
1
1
1
1
1
1
1
1
1
1
1
1
1
1
1
1
1
1
1
1
1
1
1
1.00009
1
0.999996
1
1
1
1
1
1
1
1
1.00001
1
1
1
1
1
1
1
1
0.998575
1
1
1
1
1
1
1
1
1
1
1
1
1
1
1
1
0.999949
1
1
1
1
1
1
1
1
1
0.999992
1
1
1
1
0.995702
1
1
1
1
1
1
1
1
1
0.999987
1
1
1
1
1
1
1.00012
1
1
1
1
1
1
1
1
1
1
1
1
1
1
1
1
0.999975
0.999996
1
1
1
1
1
1
1
1
1
1
1.00001
1
0.999977
1
1
1
1
1
1
1
1
1
1
1
1
1
1
1
1
1
1
1
1
1
1
1
1
1
1
1
1
1
0.998668
1
1
1
1
1
1
1
1
1
1
1
0.999991
1
1
1
1
1
1
0.999999
1
1
1
1
1
1
1
1
1
1
1
1
1
1
1
0.99825
1
1
1
1
1
1
1
1
1
1
1
1
1
1
1
1
1
1
1
1
1
1
1
1
0.999999
1
1
1
1
1
1
1
0.996707
0.994991
0.999991
1
1
1
1
1.00005
0.998257
1
1.00002
1
1
1
1
1
1
1
1
1
1
1
1
1
1
1
1
1
1
0.999997
1
1
1
1
1
1
1
1
0.999999
1
1
1
1
1
1
0.999998
0.999997
1
1
1
1
1.00002
1
1
0.999996
1
1
1
1
1.00003
1
1
1
1
0.999996
1
1.00016
1
1
1
1
1
1
1
1.00002
1
1
1
0.999998
1
1
1
1
1
1
1.00001
1
1
1
1
1
1
1
1
1
1
1
1
1
1
1
1
1
1
1
1
1
1
1
1
1.00001
1
1
1
1
1
1
1
1
1
1
1
1
0.999
1
1
1
1
1.00002
1.00001
1
1
1.00001
1
0.999534
0.999048
1
1
1
1
1
1.00001
1
1
1
1
1.00002
1
1
1
1
1
1
1
1
1
1
1
1
1
1
0.999995
1
1
1.00002
1
1
1
1
1
1
1
1
1
1
0.997697
1
1
1
1
1
1
1
1
1
1
1
1
1
1
1
1
1
1
1
1
1
1
1
1
1
1
1.00001
1
1
1
1
0.998438
1
1
1
1
1
1
1
1
1
1
1
1
1
1
1
1
1
1
1
1
1
1
1
1
1
1
1
0.997523
1
1
1
1
1
0.999987
1
1
1
1
1
1
1
1
1
1
1
1
1
1
1
1
1
1
1
0.999656
1
1
1
1
1
1
1.00002
1
1
1
1
1
1
1
1
1
1
1
1
1
1
1
1
1
1
1
1
1
1
1
1
1
1
1
1
1
1
1
1
1
1
1
1
1
1
1
1
1
1
0.996915
1
1
1
1
1
1
1
1
1
1
0.999986
1
1
1
0.999997
1
1
0.999644
0.999901
1
1
1
1
1
1
1
0.999935
1
1
1
0.999963
1
1.00016
1
1
1
1
1
1
1
1
1
1
1
1
1
1
1
1
1.00002
1
0.999983
1
1
1
1
1
1
1
1
1
0.999981
1
1
1
1
1
1
1
1
1
1
1
1
1
1
1
1
1
1
1
1
1
1
1
0.998984
1
1
1
1
1
1
1
1
1
1
1
1
1
1
1
1
1
1
1
1
1
0.999924
0.999997
1
0.999907
1
1
1
1
1
1
0.998817
1
1
1
0.999988
1
1
1
1
0.999999
1
1
1
1
1
1
1
1
1
0.999978
1
1
1
0.993978
1
1
1
1
0.997057
1
1
1
1
1
0.998835
1
1
1
1
1
1
1
1
1
1
1
1
1
1
1
1
1.00003
1
1
1
1
1
1
1
1.00001
1
1
1
1
1
1
1
1
1
1
1
1
1
1
1
1
1
1
1
1
1
1
1
1
1
1
1
1
1
1
1
1
0.999897
1
1
1
1
1
1
1
1
1
1
1
1
1
1
1
1
1
1
1
1
1
1
1
1
1
1
1
1
1
1
1
1.00035
1
1
1
1
1
1
1
1
1.00002
1
1
1
1
1
1
1
0.999986
1
1
1
1
1
1
1
1
1.00005
1
1
1
1
0.999996
1
1
1
1
1
1
0.999969
1
1
1
1
1
1
1
1
1
1
1
1
1
1
1
1
1
1
1
1
1
1
1
1
1
1
1
1
1
1
1
1
1
1
1
1
1
1
1
1
1
1
1
1
1
1
0.997366
1
1
1
1
1
1
1
1
1
1
0.999274
1
1
1
1
1
1
1
1
1.00001
1
1
1
1
1
1
1
1
1
1
1
1
1
0.992039
0.999965
1
1
1
1
1
1
1
1
1
1
1
1
1
1
1
1
0.99906
1
1
1
1
1
1
1
1
1
1
1
1
0.999906
1
1
1
1
1
1
1
0.99994
1
1
1
1
1
1
1
1
1
1
1
0.999999
1
1
1
1
1.00001
1
1
0.997782
1.0001
1
1
1.00008
1
1
1
1
1
1
1
1.00007
1.00007
1
1
1
1
1
1
1
1
1
1
1
1
1.00001
1
0.999998
0.998428
1
1
1
1
1
1
1
1
1
1
1
1
1
0.999568
1
1
1
1
0.999997
1
1
0.999771
1
1.00011
0.999967
1
1
1
1
1
1
1
1
1
1
0.999612
1
1
1
1
0.999996
1
1
1
1
1
1
1
1
1
1
1
1
1
1
1
1
1
1
1
1
1
1
1
1
1
1
1
1
1
1
1
1
1
1
1
1
1
1
1
1
1
1
1
1.00008
1
1
1
1
1
1
1
1
1
0.997499
1
1
1
1
1
1
1
1
1
1
1
1
1
1
1
1
1
0.99874
1
1
0.999232
1
1
1
1
1
1
1.00006
1
1
1
0.997928
1
1
1
1
1
1
1
1
1
1
1
1
0.999206
1
1
0.999796
1
1
1
1
1
1
1
0.999964
1
1
1
1
1
1
1
1
1
1
1
1
1
1.00001
1
1
1
1
1
1
1
1
1
1
0.99996
0.999997
0.999999
1
1
1
1
1
1.00001
1
1
0.999989
1
1
1
0.999994
1
1.00003
1
1
1
1
1
1
1
1
1
1
1
1
1
1
0.99996
1.00002
0.999999
1
1
1
0.999322
1
0.999624
1
1
1
1
1
1
1
1
1
1
0.999586
1
1
1
1
1
1
1.00007
1
1
1
1
1
1
1
1
1
1
1
1
1
0.999999
1
1
1
0.999994
1
1
1
1
1
0.998953
1
1
0.999141
1
0.99973
1
1
1
1
1
1
1
1.00002
1
1
1
1
1
1
1
1
1
0.999964
1
1
1
1
1
1
1
1
1
1
1
1
1
1
1
1
1
1
1
1
1
1
1
1
1
0.99857
1
1
1
1
1
1
1
1
1
1
1
1
1
1
1
1
1
1
1
1
0.998634
0.999875
1
1
1
1
1
1
1
1
1.00003
1
1
1
1
1
1
1
1.00002
1
0.999989
1
1
1
1.00006
1
0.998929
1
1
1
1
1
1
1
1
1
1
1
1
1
1
1
1
1
1
1
1
1
1
0.999981
1
1
1
1
1
1
0.999996
1
1
1
0.997053
0.999926
1
1
1
1
1
1
1
1
1
0.999985
1
1
1
1
1
1
1
1
1
1
1.00003
1
1
1
1
1
1
1
1
1.00001
1
1
1
1
1
1
1
1
1
1
0.999986
1
1
1
1
1
1
1
1
1
1
1
1
1
1
1
1
1.00004
1
1
1
1
1
1
1.00006
1
1
1
1
1
1.00006
1
1
1
1
1
1
1
1
1
1
1
1
0.999993
1
1
1
1
1
1
1
1
1
0.999301
1
1
1
1
1
1
1
1
1
1
1
1
1
1
1
1
1
1
1
1
1
1
1
1
1
1
1
1
1
1
1
1.0002
1
1
1.00001
1
1
0.996576
1
1
1
1
1.00001
1
1
1
1
1
1
1
1
1
1
1
1
1
1
1
1
1
1
0.996935
1
1
1
1
1
1
1
1
0.999972
1
1
1
1
1
1
1
1
1
1
1
1
1
1
1
1
1
1
1
1
1
1
1
1
1
1
1
1
1
1.00001
1
1
1
1
1.00009
1
1
0.99999
1
1.00005
1
1
1
1
1
1
1
1
1
0.998048
1
1
1
1
1
1
1
1
1
1
1
1
1
1
0.999683
1
1
1
0.999843
1
1
1
1
1.00006
1
0.9969
1
1
1
1
1
1
1
1
1
1
1
1
1
1
1
0.999511
0.999996
1
1
1
1
1
1
1
1
1.00005
1
1
1
1
1
1
1
1
0.997145
1
0.995972
1
1
1
1
1
1
1
1
1
1
0.99944
1
1
1
1
1
1
1
1
1
1.00007
1
1
1
1
1
1
1
1
1
1
1
1
1
1
1
1
1
1
1
1
1
1
1
1
1
1
1
1.00003
1
1
1
1
1
1
1
1
1
1
1
1
0.999999
1
1
1
1
1
1
1
1
1
1
1
1
1
1
1
1
1
0.999962
0.999987
1
1
1
1
0.999326
1
1
1
1
1
1
1.00002
1
1
1
1
1
1
1
1
1
1
1
1
1.00006
1
1
1.00013
1
1.00001
1
1
1
1
1
1
0.99991
1
1
1
1
1
0.998736
1
1
1.00021
1
1
1
1
1
1
1
1
1
1
1
0.999999
1
1
1
1
1
1
1
1
1
1
1
1
1
1.00061
1
1
1
1
1
1
1
1
1
1
1
0.999974
1
1
1
1
1
1
1
1
1
1
1
1
1
1
1
1.00022
1
1
1
1
1
1
1
1
1
1
1
1
1
1
1
1
1
1
1
1
1
1
1
1
1
1
1
1
1
1
1
1
1
1
1
1
1
1
1
1.00002
1
1
1
1
1
1
1.00001
1
1
1
1
1
1
1
1
1
1
1
1
1
1
1
1
1.00001
1
1
0.997827
1
1.00002
1
1
1
1
1
1
1
1
1
1
1
1
1
1
1
1
1
1
1
1
1
1
1
0.996769
0.99926
1
1
1
1
0.99463
1
1
1
1
0.999999
1
1
1
1
1
1
1
0.999964
1
1
1
0.999987
1
1
1
1.00095
1
1
0.999353
1
1
1
1
1
1
1.00073
1
1
1
1
1
1.00001
1
1
0.999929
1
1
1
1
1
1
1
1
1
1
1
1
1
1
1
1
1
1
1
1
1
1
1
1
1
1
1
0.995951
1
1
1
1
1
1
1
1
1
1
1
1
1
1
1
1
1
1.00001
1
0.999998
1
1
1
1
1
1
1
1
1
1
1
1
1
1
1
1
1
1
1
1
1
0.999914
1
1
1
1.00066
1
1
1
1
1
1
1
1
1
1
0.999867
1
1.00162
1
1
0.996654
1
1
1
1
1
1
1
1
1
1
1
1
1
1
1
1
1
1
1
1
1
1
1
1
0.999958
1
1
1.00006
1
1
1
1
1
1
1
1
1
1
1
1
1
1
1
1
0.999993
1
1
1
1
0.999993
1
1
1
1
1
1
1
1
1.00003
1
1.00006
1
1.00187
1
1.00001
1
1
1
1
1
1
1
1
1
1
1
1
1
1
1
1
1
1
1
1
1
1
1
1
1
1
1
1
1
1
1
1
1
1
1
1
1
0.997311
1
1
1
1
1
1
1
1
1
1
1
1
1
1
1
1
1
1
1
1
1
1
1
1
0.999999
1
1
1
1
1
1.00002
1
1
1
1
1
1
1
1
1
1
1
1
1
0.999134
1
1
1
1.00007
1
1
1
1
1
1
1
1
1
1
1
1
0.989728
1
1
1.00116
1
1
1
1
1
1
1
1
1
1
1
1
1
1
1
1
1
1
1
1
1
1
1
1
1
1
1
1
1
1
1
1
1
1
1
1
1
1
1
1
1
1
1
1
1
1
1
1
1
1
1
1
0.996378
1
1
1
1
1
1
1
1
1
1
1
1
1
1
1
1
1
1
1
1
1
1
1
1
1
1
1
1
1
1
1
1
1
1
1
1
1
1
1
1
1
1
1
1
1
1
1
1
1
1
1
1
1
1
1
1
1
1
1
1
1
1
1
1
1
1
1
1
1
1
1
1
1
1
1
1
1
0.993219
1
1
1
1
1
1
0.99832
1
1
1
1
1
1
1
1
1
1
1
1
1
1
1
1
1
1
1
1
1
0.999999
1
1
1
1
1
1
1
1
1
1
1
1
1
1
1
1
1
1
1
1
1
1
1
1
1
1
1
1
1
1
1
1
1
1
1
1
1
1
1
1
1
1
1
0.996617
1
1
0.998323
1
1
1
1
1
1
1
1
1
1
1
1
1
1
1
1
1
1
1
1
1
1
1
1
1
1
1
1
1
1
1
1
1
1
1.00003
1
1
1
1
1
1
1
1
1
1
1
1
1
1
1
0.99722
1
1
1
1
1
1.00006
1
1
1
1
1
1
1
1
1
1
1
1
1
1
1
1
0.999998
1
1
1
0.997404
1
1
1
1
1
1
1
1
1
1
1
1
1
1
1
1
1
1
1
1
1
1
1
1
1
1
1
1
1
1
1
1
1
1
1
1
1
1
1
0.999505
1
1
1
1
1
1
1
1
1
1
1
1
1
1
1
1
1
1
1.00008
0.999991
1
1
1
1
1
1
1
1
1
1
1
1
1
1
1
1
0.999986
1
1
1
1
1
1
1
1
1
1
1
1
1
1.00222
1
1
1
1
1
1.00002
1
1
1
1
1
1
1
1
1
1
1
1
1
1
1
1
1
1
1
1
1
1
1.00001
1
1
1
1
1
1
1
1
1
1
1
1
1
1
1
1
1
1
1
1
1
1
1
1.00003
1
1
1
1
1
1
1
1.00014
1
1
1
1
1
1
1
1
0.998738
1
1
1
1
1
1.00004
1
1
1
1
1
1
1
1
1
1
1
1
1
1
1
1
1
1
1
1
0.999992
0.999997
1
1
1
1
1
1
1
1
1
1
1
1
1
1
1
1
1
1
1
1
1
1
1
1
1
1
1
1
1
0.997374
1
1
1
1
1
1
1
1
1
1
1
1
1
1
1
1
1
1
0.999991
1
1
1
1
0.999226
1
1
0.999983
1
1
1
1
1
1
1
1
1
1
1
1
1
1
1
1
1
1
1
1
1
0.999996
0.997839
1
1
1
1
1
1
1
1
1
1
1
1
1
1
1.00008
1
1
1
0.999965
1
1
1
1
1
1
1
1
1
1
1
1
1
1
1
1
1
1
1
1
1
1
1
1
1
1
1
1
1
1
1
0.998105
1
1
1
1
1
1
1
1
1
1
1
1
1
1
1
1
1
1
1
1
1
1
1
1
1
1
1
1
1
1
1
1
1
1
1
1
1
1
1
1
1
1
1
1
1
1
1
1
1
1
1
1
1
1
1
1
1
1
1
1
1
1
1.00022
1
1
1
1
0.999998
1
1
1
0.999979
1
1
1
1
0.999987
1
1
1
0.997403
1
1
1
1
1
1
1
1
1
1
1
1
1
1
1
1
1
1
1
1
1
1
1
1
1
1
1
1
1
1.00029
1
1
1
0.999985
1
1
0.999756
1
1
1
1
0.999993
1
1
1
1
1
1
1
1
1
1
1
1
1
1
1
1
1
1
1
1
1
1
1
1
1
1
0.999999
1
1
1
1
1
1
1
1
1
1
1
1
1
1
1
1
1
1
1
1
1
1
1
0.999948
1
1
1
0.999758
1
1
0.999661
1.00146
1
1
0.998897
1
1
1
1
1
0.999102
1
1
1
1
1
0.999918
1
1
1
1
1.0001
1
1
1
1
0.997174
1
1
1
1
1
1
1
1
1
1
1
0.99975
1
1
1
1
1
1
1
1
1
1
1
0.999999
1
1
1
1
1
0.999933
1
1
1
1
1
1
1
1
1
1
1
1
1
1
1
1
1
1
1
1
1
1
1
1
1
1
1
1
1
1
1
1
1
1
1
1
1
1
1.00019
1
1
1
1
1
1
1
1
1
0.999753
1
1
1
1
1
1
1
1
1
1
1
1
1
1
1
1
1
1
1
1
1
1
1
1
1
0.999579
1
1
1
1
1
1
1
1
1
1
1
1
1.00031
1
1
1
1
1
1
1
0.999592
1
1
1
1
1
1
1
1
1
1
1
1
1
1
1
1
1
1
1
1
1
1
1
1
1
1
1
1
1
1
1
1
1
1.00041
1
1
1
1
1
1
1
1
0.999999
1
1
1
1
1
1
1
1
1
1
1
1
1
0.999314
1
1
1
1
1
1
1
1
1
0.999994
1
1
1
1
0.99634
1
1.00002
0.999831
1
1
1
1
1
1
1
1
1
1
1
1
1
1
1
1
1
1
1
1
1
1
1
1
0.994792
1
1
1
1
1
1
1
1
1
1
1
1
1
1
0.998178
1
1
1
1
1
1
1
1
1
1
1
1
1
1
1
1
1
1
1
1
1
1
1
1
0.999994
1
1
1
1
1
1.00006
1
1
1
1
1
1
1
1
1
1
1
1
1
1
1
1
0.997324
1
1
1
1
1
1
1
1
1
1
1
1
1
1
1
1
1
1
1
1
1
0.999975
1
1
1
1
1
1
1
1
1
1
1
1
1
1
1
1
1
1
1
1
1
1
1
1
1
0.999999
1
0.996293
1
1
1
1
1
1
1
1
1
1
1
1
1
1
1
1
0.999985
1
1
1
1
1
1
0.998859
1
1
1
1
1
1
1
1
1
1
1
1
1
1
1
1
1
1
1
1
1
1
0.998797
1
1
0.999999
1
1
1
1
1
1
1
1
1
1
1
1
1
1
1
1
1
1
1
1
1
1
1
1.00008
1
1
1
1
1
1
1
1
1
1
1
1
1
1
0.999937
1
1
1
1
1
1
1
1.00006
1
1
1
1
1
1
1
1
1
1
0.997729
1
1
1
1
1
1
0.999986
1
1
1
1
1
1
1
1
1
1
1
1
1
1
1
1
1
1
1
1
1.00007
1
1
1
1
1
1
1
1
1
1
1
1
1
1
1
0.998796
1
1
1
1
1
1
1
1
1
1
1
1
1
0.996183
1
1
1
1.00013
1
1
1
1
1
1
1
1
0.999604
1
1
1
1
0.999992
0.998893
1
1
1
1
1
1
1
0.999998
1
1
1
1
1
1
1
0.999992
1
1
1
1
1
1
1
1
1
1
1
1
1
1
1
1
1
1
1
1
1
1
1
1
1
1
1
1
0.999999
1
1
1
1
1
1
1
1
1
1
1
1
0.99887
1
0.993798
1
1
1
1
1
1
1
1
1
1
1
1
1
1
1
1
0.999127
0.999984
0.999977
1
1
1
1
1
1.00001
1
1
1
1
1
1
1
1
1
1
1
1
1
1
0.999483
1
1
0.999998
1
1
0.999991
1
1
1.00001
1
1
0.99351
1
1
1
0.999991
1.00546
1
1
1
1
1
1
1
1
1
1
1
1.00001
1
1
1
1
1
1
1
1
1
1
1
0.996864
1
1
1
1
1
1
1
1
1
1
1
1
1
1
1
1
1
1
1
1
0.999993
1
1
1
1
1
1
1
1
1
1
1
1
1.00001
)
;

boundaryField
{
    frontback
    {
        type            empty;
    }
    topbottom
    {
        type            zeroGradient;
    }
    outlet
    {
        type            zeroGradient;
    }
    inlet
    {
        type            fixedValue;
        value           uniform 1;
    }
    walls
    {
        type            zeroGradient;
    }
    procBoundary0to1
    {
        type            processor;
        value           nonuniform List<scalar> 
104
(
1
1
1
1
1
1
1
1
1
1.00001
1
1
1
0.999945
1.00004
1.00001
1.00001
1
0.999998
1
1
1
1
1
1
1
1
1
1
1
1
1
1
1
0.999281
1
1
1
1
1
1
1
0.997148
1
1
1
1
1
1
1
1
1
1
1
0.997053
1
1
1
1
1
1
1
1
1
1
1
1
1
1
1
1
1
1
1
1
1
1
1
1
1
1
1.0005
1
1
1
1
1
1
1
1
1
1
1
1
1
1
1
1
1
1
1
1
1
1
)
;
    }
    procBoundary0to2
    {
        type            processor;
        value           nonuniform List<scalar> 
83
(
1
1
1
1
1
1
1
1
1
1
1
1
1
1
1
1
1
1
1
1
1
1
1
1
1
1
1
1
1
1
1
1
1
1
1
1
1
1
1
1
1
1
1
1
1
1
1
1
1
1
1
1
1
1
1
1
1
1
1
1
1
1
1
1
1
1
1
1
1
1
1
1
1
1
1
1
1
1
1
1
1
1
1
)
;
    }
}


// ************************************************************************* //
