/*--------------------------------*- C++ -*----------------------------------*\
| =========                 |                                                 |
| \\      /  F ield         | OpenFOAM: The Open Source CFD Toolbox           |
|  \\    /   O peration     | Version:  v2012                                 |
|   \\  /    A nd           | Website:  www.openfoam.com                      |
|    \\/     M anipulation  |                                                 |
\*---------------------------------------------------------------------------*/
FoamFile
{
    version     2.0;
    format      ascii;
    class       volScalarField;
    location    "400";
    object      gammaInt_0;
}
// * * * * * * * * * * * * * * * * * * * * * * * * * * * * * * * * * * * * * //

dimensions      [0 0 0 0 0 0 0];


internalField   nonuniform List<scalar> 
13851
(
1
1
1
1
1
1
1
1
1
1
1
1
1
1
1
0.999997
1
1
0.999982
1
1
1
1
1
0.999929
1
1.00011
0.999758
1
1
1
1
1
1
1
1
1
0.999995
1
1
1
1
1
1.00007
1
1
1
1
1
1
1
1
0.999999
1
1
1
1
1
0.999146
1
1
1.00067
1
1
1
1
1
1
1
1
1
1
1
1
1
1
1
1
0.995729
1
1
0.999937
1
1
1
1
1
1
1
1
1
1
1
1
1
1.00003
1
0.999997
1
0.999998
0.999999
1
1
1
1
1
1
1
1
1
1
1
1
1
1
1
1
1
1
1
0.999997
1
1
1
1
1
1
1
1
1
1
1
0.999224
1
1
1
1
1
1
1
0.999992
1
1
1
1.00001
1
1
1
1
1
1
1
1
1
1
1
1
1
1
1
1
1
1
1
1
1
1
1
1
1
1
1
1
1
1
1.00032
0.999998
1
1
0.999998
1
0.999927
1
1
1
1
1
1
1
1
1.00001
1
1
1
1
0.999997
1
1
1
1
1.00006
1
1
1
1.00033
1
1
1
1
1
0.999995
1
1.00005
1
1
1
1
0.999998
1
0.999999
1
1
1
1
1
1
1
1
1
1
1
1
1
1
1
1
1.00001
1
1
1
0.998497
1
1
0.999999
1
1
1
1
1.00003
1
1
1
1
1
0.999996
1
1
1
1
1
0.999999
1
1
1
1
1
1
1
0.998719
1
1
1
1
1
1
1
1
1
1
1
1
1
1
1
0.996326
1
1
1
1
1
1
1
1
1
1
1
1
1
1
1
1
1
1
1
1
1
1
1
1
1
1
1
1
1
0.997154
1
0.972654
0.998831
1
0.999999
1
1
1
0.999156
1
1
1
1
1
1
1
1
1
1
1
1
1
1
1
1
1
1
1
1
1
0.999998
0.999998
1
1
1
1
1
1
1
1
1
1
1
0.999995
1
0.998035
1
1
1
1
1
0.998152
1
1
1
1
0.999646
0.999973
1
1
1
1.00029
1
1
1
1
1
1
1
1
1.00001
1
1
1
1
1
1
1
1
1
1
1
0.992868
1
1
1
1
1.00002
0.999999
1
1
1
1.00002
1
1
1
1
1
1
1
1.00001
1
1
1.00012
1
1
1
1
1
1
0.999537
1
1
1
1.00019
1
1
1
1
1
1
1
1
1
1
0.99964
1
1
1
1
1
1.00017
1
1
1
1
1
1
1
0.999987
1
1
1
1
1
1
1
1
1
1
0.999491
1
1
1
1
1
1
1.00017
1
1
1
1
0.998891
1
1
1
1
1
0.999869
0.999948
1
1
1
1
1
1
1
1
1
1
1
1
1
1
1
1
1
1
1
1
0.995837
1
1
1
1
1
1
1
1
1
1
1
1
1.00071
1
1
0.99999
0.997852
1
1
0.999764
1
1
0.999989
1
1
1
1
1
1.00001
1
1
1
1
1
1
1
1
1
1
1
1
1
1
1
1
1
1
1
1
1
1
1
1
1
1
1
1
1
1
1
1
1
1
1
1
1
1
1
1
1
0.999974
1
0.999938
1
1
1
1
1
1
0.999999
1
1
0.999258
0.996104
1
1
1
1
1
1
0.999997
1
1
1
1
1
1
1
1
1
0.999998
1
1
1
1
1
1
1
1
1
1
1
1
1
1
1
1
0.999008
1
1
1
1
1
1
1
1
1
0.999977
1
1
1
1
1
1
0.99316
1
1
1
1
1
1
1
1
1
1
1
1
1
1
1
1
1
0.996523
1
1
1
1
1
1
1
1
1
1
1
1
1
1
0.993166
0.99998
1
1.00003
1
1
1
1
1
1
1
1
1
1
1
1
1
1
1
1
1
1
1
1
1
1
1
1
1
1.00036
1
1.00044
1
0.999999
1
0.999963
1
1
1
1
1
1
0.997781
1
1
1
1
1
0.999985
1
1
1
1
1
1
1
1
1
0.999149
1
1
1
1
1
1
1
1
1
1
1
1
1
1
1
1
1
0.997268
1
1
1
1
1
1
1
1.00004
1
1
1
1
1
1
1
1
0.991817
1
1
1
1
1
1
1
1
1
1
1.00001
1
0.999979
0.995913
1
1
1
1
1
1
1
1
1
1
1
1
1
1
1
1
1
1
1
1
1
1
1
1
1.00076
1
1
1
1
1
1
1
1
1
1
1
1
1
1
1
1
1
1
1
1
1
1
1
0.997916
1
1
1
1.00001
1
1
1
1
1
1
1
1
1
1
1
1
1
1
1
1
1
1
1
1
1
1
1
1
1
1
1
1
1
1
1
1
1
1
1
1
1
1
1
1
1
1
1
1
0.995828
1
1
1
1
1
1
1
1
1
0.998579
1
1
1
1
1
0.9988
1
1
1
1
0.996094
1
1
1
1
1
1
1
1
1
1
1
1
1
1
1
1
1
1
1.0012
1
1
1
1
0.999999
1
1
1
1
1
1
1
1
1
1
1
1
1
1
1
1
1
1
1
1
1
1
1
1
1
0.998663
1
1
1
1
1
1
1
1
1
1
1
1
1
1
0.999982
1
1
0.998028
1
0.999999
1
1
1
1
1
1
1
1
1
0.9991
1
1
1
1
1.00022
1
1
1
1
1
1
1
1
1
0.999998
0.999981
1
1
1
1
1
1
1
1
1
1
1
1
1
1
1
1
1
1
1
1
1
1
0.997867
1
1
1
1
1
1
0.999865
1
1
1
1
1
0.999944
1
1
1
1.00016
1.00049
1
1
1
1
1
1
1
1
0.999863
1
1
1
1
1
1
1
1
1
1
1
1
0.992301
1
0.999921
1
1
1
1
1
1
1
1
1
1
1
0.99998
1
1.00001
1
1
0.999988
1
1
1
1.00001
1
1
1
1
1
1
1
1
1
1
1
1
1
1
1
1
1
1
1
1
1
0.999968
1
1
1
1
1
1
1
1
1
1
1
1
1
1
1
1
1
1
1
1
1
1
1
0.999704
1
1
1
1
1
1
0.9998
1
1
1
1
1
1
1
1
1
1
0.99994
1
1
1
1
1
1
1
1
1
1
1
1
1
1
1
1
1
1
0.999306
1
1
1
1
1
1
1
1
1
1
1
1
1
0.998737
1
0.999886
1
1
1
1.00148
1
1.00001
1
1
1
1
1
1
1
1
1
1
1
1
1
1
1
1
1
1
0.997136
1
1
1
1
1
1.00001
1
1
1
1
1
1.00023
1
1
1
1
1
1
1
1
1
1
1
1
1
1
1
1.00057
1
1
1
1
0.999998
1
1
1
1
1
1
1
1
1
1
1
1
1
1
1
1
1
1
1
1
0.998392
1
1
1.00002
1
1
1
1
1
1
1
0.999999
1
0.997522
1
0.999999
1
1
1
1
1
1
1
1
1
1
1
1
1
1.00045
1
1
1
1
1
1
1.00001
1
1
0.981233
1
1
1
1
0.999994
1
1
0.999886
1
1
1
1
0.999842
1
1
1
1
1
1
0.998707
1
1
1
1
1
1
1
1
1
1
1
1
1
1
1
1.00361
1
1
0.999895
1
0.999075
1
1
1
1
1
1
0.996954
1
1
1
1
1
1
1
1
1
1
1
1
1
1
1
1
1
1
1
1
1
1.00017
1
1
1
1
1.0001
1
0.999592
1
1
1
1
1
1
1
1
1
1
1
1
1
1
0.998335
1
1
1
1
1
1
1
1
1
1
1
1
1.00032
0.999743
1
1.00104
1
1
1
1
0.999997
1
0.999984
0.995429
1
1
1
1
1
1
1
1
1
1.00004
1
1
1
1
1
1
1
1
1
1
1
0.99994
1
1
1
1
1
1
1.00043
1
1
1
1
1
1
1
1
1
1
1
1
1
1
0.997336
1
1
1
1
1
1
1
1
1
1
1
1
1
1
1
1
1
1
1
1
1
1
1
1
1
0.999998
1
0.99832
1
1
1
1
1
1
1.00001
1
0.999751
1
1
1
1
1
1.0001
1
1
1
1
1
1
1
1
1
1
1
1
1.00001
1
1
1
1
1
1
1
1
1
1
1
1
1
1
1
1
1
1
1
1
1
1
1
1
1
1
1
1
1
1
1
1
1
1
1
1
0.9985
0.998806
1
1
1
1
1
1
1
1
1
1
1
1
1
1
1
1
1
1
1
1
1
1
1
1
1
1
1
1
1
1
1
1
1
1
1
1
1
1
1
1
1
1
1
1
1
1
1
1
1
1
1
1
1
1
1
1
1
1
1
1
1
1
1
1
1
1
1
1
1.0001
1.00059
1
1
1
1
1
1
0.999991
1
1
1
0.999969
1
1
1
1
1
1
1
1
0.99999
1
1
1
1
1
1
1
1
0.996721
1
1
1
1
1
1
1
1.001
0.99997
1
1
1
1
1
1
0.999805
1
1
1
1
1
1
1
0.99882
1
1
1
1
1.00002
1
1
1
1
1
1
1
1
1
0.999999
1
1
1
1
1
0.997784
1
1
1
1
1
1
1.00003
1
1
1
1
1
1
1
1
1
1
1
1.00138
1
1
1
1
1
1
1
1
1
1
1
1
1
0.999224
1
1
1
1
1
1
1
1
1
1
1
1
1
1
1
1
1
1
1
1
1
1
1
1
0.9999
1
1.00015
0.994473
1
1
1
1
0.998738
0.965162
1
1
1
0.992835
1.00001
1
1.00058
1
1
1
1
1
1
1
1
1
1
1
1
1
1
1
1
1
1
1
1
1
1
1
1
1
1
1
1
1
1
1
1
1
1
1
1
1
1
1
1
1
1
1
0.990827
1
1
1
1
1
1
1
1
1
1
0.999997
1.00115
1
1
1
1.00023
1
1
1
1
1
1
1
1
1
1
1
1
1
1
1.00001
1
1
1
1
1
1
1
1
0.999786
0.99998
1
1
1
1
1
1
1
1
1
1
1
1
1
1
1
1
1
1
1
1
0.997575
1
1
1
1
1
1
1
1
1
1
1
1
1
1
1
1
1
1
1
1
1.0008
1
1
1
1
1
1
1
1
0.999802
1
1
1
0.999973
1
1
1
0.99342
0.999997
1
0.998571
1
1
1
1
0.999361
1
1
1
1
1
1
1
1
1
1
1
1
1
1.00008
1.0002
1
1
0.997376
1
1
1
1
1
1
1
1
1
1
1
1
1
1
1
1
1
1
1
1
1
1
1
1
1
1
1
1
1.00011
1
1
1
1
1
1
1
1
1.00019
1
1
1
1
1
1
1
1
1
1
0.999999
1
1
1
1
1
1
1
1
1
1
1
1
1
1
1
1
1
1
1
1
1
1
1
1
1
1
1.00039
1
1
1
0.999757
1.0003
1
1
0.999988
0.999987
1
1
1
1
1
1
1
1
1
1
0.999938
1
1
1
1
1.00005
1
1
1
1
1
1
1
1
1
1
1
1
1
1
1
1
1
1
1
1.00031
1
1
1
1
1
1
1
1
1
1
1
1
1
1
1
1
1
1
1
1
1
1
1
1
1
1
1
1
1
1
1
1
1
1
1
1
1
1.00004
1
1
1
1
1
1
0.999981
1
1
1
1
1
1
1.00008
1
1
1
1.00036
1
1
1
1
1
1
1
1
1.00043
1
1
1
1
1
1
1
1
1
0.999999
1
1
1
1.00008
1
1
1
1
1
1
1
1
0.999992
1
1
1
1
0.999881
1
1
1
1
1
1
1
1
1
1
1
1
1
1
1
1
1
0.998502
1
1
1
1.00002
1
1
1
1.00001
1
1
1
1
1
1.00014
1
1.0007
1.00007
1
1
1
1
1
1.00002
1
1
1
1
1
1
1.00009
1
1
1
1
1
1
1
1
1.00081
0.999762
1
1
1
1
1
1
1
1
1
0.999834
1
1
0.999919
1
1.00007
1
0.999938
0.999935
1
1
1.00006
1
1
1
1
1
1
1
1
1
1
1
1
1.00003
1
1
1
1
0.997393
1
1
1
1
1
1
1
0.999918
1
1
1
1
1
0.999999
1
1
1
0.999998
1
1
0.996377
1
1
1
1
1
1
1
1
1
1
1
1
1
1
1
1
1
1
1
1
0.999767
1
1
1
1
1
1
1.00002
1
1
1
1
1
1
1
1
1
1
0.997056
1
1
1
1
1
1
1
1
1
1
1
1
1
1
1
1
1
1
1
1
1
0.99912
1
1
1
1
1
1
1
1
1
1
1
1
1
1
1
1
1
1
1
1
1
1.00006
1
1
1
1
1
1
1
1
1
1
1
1
1
0.999748
1.00002
0.999994
1
1
1
1
1
1
1
1
0.999988
1
1
1
1
1
1
1
1
1
0.999942
1
1
1.00074
1
1
1
1
1
1
1
1
1
1
1
1
1
1
1
1
1
1
1
1
1
1
1
1
1
1
1.00098
1
1
1
1
1
1
0.992
1
1
1
1
1
1
0.999997
1
1
1
1
1
1
0.999899
1
1
1
1
0.999999
1
1
1
1
1
1
0.993173
1
1
1
1
1
1
1
1
1
1
1
1
1
1
1
1
1
0.999997
1
1
1
1
1
1
1
1
1
1
1
1
1
1
1
1
1
1
0.999638
1
1
1
1
0.998211
1
1
1
1
1
1
0.999913
1
1
1
1.00001
1
1
1
1
1
1
1
1
1
1
1
1
1
1
1
1
1
1
1
1
1
1
1.00001
1
1
1
1
1
1
1
1
1
1
1.00048
1
1
1
1
0.999996
1
1
1
1
1
0.999987
0.997267
1
1
1
0.999446
1
1
1
1
1
1
1
1
1
1
1
1
1
1
1
1
1
1
1
1
1
1
1
1
1
1
1
1
1
1
0.999934
0.968255
1
1
1
1
1
1.00002
1
1
1
1
1
1
1
1
1
0.999997
1
1
1
1
1
1
1
1
1
0.9993
1
1
1
1
1
1.00002
1
1
1
1
1
1
1
1
1
0.999988
1
1
1
0.998623
1
1
1
1
1.00001
1
1
1
1
1
1
1
1
1
1
1
1
1
1
1
1
1
1
1
1
0.996786
1
1
1
1
1
1
1
1
1
1
1
1
1
1
0.999794
1
1
1
1
1
1
1
1
1
1
1
1
1
1
1
1
0.999999
1
1
1
1
1
0.999959
1
1
1
1
1
1
1
1
1
1
1
1
0.999848
1
0.999998
1
1
1
1
1
1
1
1
1
1
1
1
1
1
1
1
0.999998
1
1
1
1
1
1
1
1
1
1
1
1
1
1
1
1
1
1
1
1
1
1
1
1
1
1
1
1
1
1
0.999996
1
1
1
1
1
1
1
1
1.00073
0.999332
1
1
1
1
1
1
1
1
1
1
1
1
1
1
1
1
1
1
1
1
1
1
1
1
1
1
1
1
1
1
1
1
1
1
1
1
1
1
1
1
1
1
1
1
1
1
1
1
1
1
1
1
1
1
1
1
0.998735
1
1
1
1
1
1
1
1
1
1
1
1
1
1
1
1
1
0.999998
1.00012
1
1
1
1
1
1
1
1
1
1
1
1
1
1
1
1
1
1.00002
1
1
1
1
1
1
1
1
1
1
1
1
1
1
1
0.999997
1
1
1
1
1
1
1
1
1
1
1
1
1
1
1
1
1
1
1
1
1
1
0.999968
1
0.997796
1
1
1
1
1
1
1
1
0.999997
1
1
1
1
1
0.998909
1
1
1
1
1
0.999999
1
1
1
1
1
0.999992
1
1
1
0.999996
1
1
1
1
1
1
1
1
1
1
1
0.998201
1
1
1
1
1
1
1
1
1
1
1
1.00023
1
1
1
1
1
1
0.999851
1
1
1
1
1
1
1
1
0.999999
1
0.987128
1
1
1
1
1
1
1
1
1
1
1
1
1
1
1.00016
1
1
1
1
1
1.00009
0.999778
1
1
1.00105
1
1
1
1
1
1
1
1
1
1
1
1
1.00031
1
0.998204
1
1
1
0.999834
0.99989
1
1
1
1
1
1
1
1
1.0008
1
1
1
0.968201
1
0.99968
1
1
1
1
1
1
1
1
1
1
1
1
1
1
1
1
1
1
1
1
1
1
1
1
1
1
1
1
1
1
1
1
1
1
1
1
1
1
0.99976
1
1
1
1
1
1
1.00106
1
1
1
1
1
1
1
1
1
1
0.99314
1
0.999438
1
1
1
1
1
1
1
0.999997
1
1
1
1
1
1
1
1
1
1
1
1
1
1
1
1
1
1
1
1
1
1
0.999999
1
1
1
1
1
1
1
1
1
1
1
0.999195
1
1
1
1
1
1
1
1
1
1
1
1
1
1
1
1
1
1
1
1
1
1
1
1
1
1
1
1
1
1
1
0.9994
1
1
1
1
0.997946
1
1
1
1
1
1
1
1
1
1
1
1
0.999879
0.999275
1
1
1
1
1
1
1
1
1
1
1
1
1
1.00005
1
1
1
1
1
1
1
1
1
1
1
1
0.999998
1
1
1
1
1
1
1
1
1
1
1
1
1
1
1
1
1
1
1
1
1
1
1
1
1.00642
1
1
1
1
1
1
1
1
1
1
1
1
1
1
1
1
1
1
1
1
1
1
1
1
1
1
1
1
1
1
1
1
1
1.00046
1
1
1
0.999985
1
0.975186
1
0.999794
1
1
1
1
1
1
1
1
1
1
1
1.00024
1
1
1
1
1.00007
1
1
0.979327
1
1
1
0.999864
1
1
1
1
1
1
1
1.00002
1
1
1
1
1
1
1
1
1
1
1
1
1
1
1
1
1
1
1
1
1
1
1
1
1
1
1
1
1
1
1
1
1
1
1
1
1
1
0.999223
1
1.00003
1
1
1
1
1
0.99897
1
1
1
1
1
1
1
1
1
1
1
1
1
1
1
1
1
1
1
1
1
1
1
1
1
1
1.00009
1
1
1
1
1
1
1
0.99984
1
1
1
1
1
1
1
1
1
1
1
1.00077
1
1
1
1.00042
1
1
1
1
0.999999
1
1
1
1
1
1
1.00017
0.999903
1
1
1
1
1
1
1
1
1
1
1
1
1
1
1.00037
1
1
1
1
1
1
1
1
1
0.999989
1.00005
1
1
1
1
1
1
1
1
1
0.997995
1
1
1
1
0.999991
1
1.00016
1
1
1
1
1
1
1
1
1
1
1
0.999885
1
1
1.00102
1
1
1
1
1
1
1
1.00001
1
1
1
1
1
1
1
1
0.999956
1.00015
1
1.00019
1
1
1
0.999999
1
1
1
1
1
1
1
0.999996
0.99968
1
1
1
1
0.999942
1
0.999971
1
1
1
1
1
1
1
1
1
1
1
1
1
1
1
1
1
1
1
1
1
1
1
1
1
1
1
1
1
1.00041
1
1
1
1
1
1
1
1
1
1
0.999899
1
1
1
1
1
1
1
1
1
1
1.00005
1
1
1
1
0.999747
1
1
1
1
1
1
1
1
1
0.999964
1
1
1
1
1
1
1
1
1
1
1
0.999813
1
1
1
1
1
1
1
0.999989
1
0.99995
1
1
1
1
0.999858
1
1
1
1
1
1
1
1
1.00002
1
1
1
1
0.999995
1
1
1
1
1
1
1
1
1
1
1
1
1.00001
1
1
0.999906
1
1
1
1
0.999941
1.00001
0.999863
1
1
1
1
1
1
1
1
1
1
1
1
1
1
1
1
1
1
1
1
1
1
1
1
0.999945
1
0.999863
0.999849
1
1
0.999913
1
1
1
1
1
1
1
1
1
1
1
1
1
1
1
1
1
1
1
1
1
1
1
1
1
1
1
1
1
1
1
1
1
1
1
1
1
1
1
1
1
1
1
1
1
1
1
1
1
0.99999
1
1
1
1
1
1
1
1
1
1
1
1
1
1
1
1
1
1
1
1
1
1
1
1
1
1
1
1
1
1
1
1
1
1
1
1
1
1
1
1
1
1
1
1
1
1
1
1
1
1
1
1
1
1
1
1
1
1
1
1
1
1
1
1
1
1
1
1
1
1
1
1
1
1
1
1
1
1
1
1
1
1
1
1
1
1
1
1
1
1
1
1
1
1
1
1
1
1
1
1
1
1
1
1
1.00003
1
1
1
1
1
1
1
1
1
1
1
1
1
1
1
1
1
1
1
0.999999
1
1
1
1
1
1
1
1
1
1
1
0.995679
1
1
1
1
1
1
1
1
1
1
1
1
1
1
0.999629
1
1
1
1
1
1
1
1
1
1
1
1
1
1
1
1
1
1
1
1
1
1
1
1
1
1
1
1
1
1
1
1
1
1
1
1
1
1
1
1
1
1
1
1
1
1
1
1
1
1
1
1
1
1
0.999871
1
1
1
1
1
1
1
1
1
1
1
1
1
1
1
1
1
1
1
1
1
1
1
1
1
1
1
1
1
1
1
1
1
1
1.00002
1
1
1
1
1
1
1
1
1
0.999079
1
1
1
1
1.00007
0.998967
1
1
1
1
1
1
1
1
1
1
1
1
1
1
1
1
1
1
1
1
1
1
1
1
1.00011
1
1
1
1
1
1
1
1
1
1
1
1.00036
1
1
1
1
1
1
1
1
1
1
1.00002
1
1
1
1
1
1
1
1
1
1
1.00033
1
1
1
1
1
1
1
1
1
1
1
1
1
1
1
1
1
1
1
1
1
0.999769
1.00001
1
1
1
1
1
1.00002
1
1
1
1
1.00009
1
1
1
1
1
1
1
1
1
1
1
1
1
0.999957
1
1
1
1
1
1
1
1
1
1
1
1
1
1
1
1
1
1
1
1
1
1
1
1
1
1
1
0.999993
1
1
1
1
1
1
1
1
1
1
1
1
1
1
1
1
1
1
1
1
1
0.999857
1
1
1
1
1
1
1
1
1
1
1
1
1
1
1
1
1
1
1
1
1
1.00011
1
0.999953
1
1
0.999813
1
1
1
1
1
1
1
1
1
0.999999
1
1
1
1
1
1
0.999925
1
1
1
1
1
1
0.999969
1
1
1
1
1.00012
1
1
1
1
1
1
0.999989
1
0.999667
1
1
1
0.999913
1
1
1
1
1
1
1
1
1
1
1
0.999999
1
1
1
1
1
1
1
1
1
1
1
1
1
1
1
1
1
1
1
1
1
1
1
1
1
1
1
1
1
1
1
1
1
1
1
1
1
1
1
1
1
1
1
1
1
1
1
1
1
1
1
0.999989
1
1.00002
1
1
1
1
1
1
1
1
1
1
1
1
1
1
1
1
1
1
1
1
1
1
1
1
1
1
1
1
1
1
1
1
1
1
1
1
1
1
1
1
1
1
1
1
1
1
0.99937
1
1
0.999996
1
1
1
1
1
1
1
1
1
1
1
1
1
1
1
1
1
1
1
1
1
1
1
1
1
1
1
1
1
1
1
1
1
1
1
1
1
1
1
1
1
1
1
1
1
1
1
1
1
1
1
1
1
1
1
1
1
1
1
1
1
1
1
1
1
1
1
1
1
1
1
1
1
1
1
1
1
1
1
1
1
1
1
1
1
1
1
1
1
1
1
1
1
1
1
1
1
1
1
1
1
1
1
1
1
1
1
1
1
1
1
0.999826
1
1
1
1
1
1
1
1
1
1
1
1
1
1
1
1
1
1
1
1
1
1
1
1
1
1
1
1
1
1
1
1
1
1
1.00002
0.999894
1
1
1
1
1.00028
1
1.00163
1
1
1
1
1
1
1
1
1
1
1
1
1
1
1
1
1
1
1
1
1
0.998059
1
1
1
1
1
1
1
1
1
1.00069
1
1
1
1
1
1
1
1
1
0.999998
1
1
1
1
1
1
1
1
1
1
1
0.999921
1
1
1
1
1
1
1
1
1
1
1
1
1
1
1
1
1
1
1
1
1
1
1
1
1
1
1
1
1
1
1
1
1
1
1
1
1
1
0.999993
1
1
1
1
1
1
1
1
1
1.00099
1
1
1
1
1
1
1
1
1
1
1
1
1
1
1
1
1
1
1
1
0.999941
1
1
1
1
1
1
1
1
1
1
1
1
1
1
1
1
1
1
1
1
1
1
1
1
1
1
1
1
1
1
1
1
1
1
1
0.999999
1
1
1
1
1
1
1
1
1
1
1
1
1
1
1
1
1
1
1
1
1
1
1
1
1
1
1
1
1
1
1
1
1
1
0.991512
1
1
1
1
1
0.999882
1
1
1
1
1
1
1
1
1
1
1
1
1
1
1
1
1
1
1
1
1
1
1
0.99995
1
1
1
1
1
1
1
1
0.999758
1
1
1
1
1
1
1
1
1
1
1
0.999999
0.999983
1
1
1
1
1
1
1
1
1
1
1
1
1
1
1
1
1
1
1
1
1
1
1
1
1
1
1
1
1
0.995491
1
1
0.999955
1
1
1
1
1
1
1
1
1
1
1
1
1
1
1
1
1
1
1
1
1
1
1
1
1
1
0.999753
1
1
1
1
0.999947
1
1
1
1
0.958394
1
1
1
1
1
1
1
1
1
1
1
1
1
1
1
1
1
1
1
1
1
1
1
1
0.999832
1
1
1
1
1
1
1
1
1
1
1
1
1
1
1
1
1
1
1
1
1
1
1
1
1
1
1
1
1
1
1
1
1
1
1
1
1
1
1
1
1
1
1
1
1
1
1
1
1
1
1
1
0.999989
1
1
1
1
1
1
1
1
1
1
1
1
1
1
1
1
1
1
1
1
1
1
1
1
1
1
1
1
1
0.999967
1
1
1
1
1
1
1
1
1
1
1
1
1
1
1
1
1
1
1
1
1
1
1
1
1
1
1
1
1
1
1
1
1
1
1
1
1
0.999869
1
1
1
1
0.999919
1
1
1
1
1
1
1
1
1
1
1
1
1
1
1
1
1
1
1
1
1
1
1
1
1
1
1
1
1
1
1
1
1
1
1
1
1
1
1
1
1
1
1
1
1
1
1
1
1
1
1
1
1
1
1
1
1
1
1
1
1
1
1
1
1
1
1
1
1
1
1
1
1
1
1
1
1
1
1
1
1
1
1
1
1
1
1
1
1
1
1
1
1
1
1
1
1
1
1
1
1
1
1
1
1
1
1
1
1
1
1
1
1
1
1
1
1
1
1
1
1
1
1
1
1
1
1
1
1
1
1
1
1
1
1
1
1
1
1
1
1
1
1
1
1
1
1
1
1
1
1
1
1
1
1
1
1
1
1
1
1
1
1
1
1
1
1
1
1
1
1
1
1
1
1
1
1
1
1
1.00004
1
1.00084
1
1
1
1
1
1
1
1
1
1
1
1
1
1
1
1
1
1
1
1
0.999458
1
1
1
0.999993
1
1
1
1
1
1
1
1
1
1
1
1
1
1
1
1
1
0.998873
1
1
1
1
1
1
1
1
1
1
1
1
1
1
1
1
1
1
1
1
0.996843
1
1
1
1
1
1
1
0.999288
1.00008
1
1
0.99921
1
1
1.00105
1
1
1
1
1
1
1
1
1
1
1
1
1
1
1
1
1
1
1
0.999557
1
1
1
1
1.00007
1
1
1
1
1
1
1
1
1
1
1
1
1
1
1
1
1
1
1
1
1
1
1
1
0.999927
1
1
1
1
1
1
1
1.00002
1
1
0.999031
1
0.999921
1
1
1
1
1
1
1
1
1
1.00003
1
1
1
1
1
1
1
1
1
1
1
1
1.00013
1
1
1
1
1
1
1
1
1
1
1
1
0.999987
1
1
1
1
1
1
1
1
1
1
1
1
1
1
1
1
1
1.00003
1
1
1
1
1
1
1
1
0.999977
1
1
1
1
1
1
1
1
1.00001
0.999995
1
0.999316
1
1
1
1
1
1
1.00004
1
1
1
1.00002
1
1
1
1
1
1
1
1
1.00018
0.999998
1
1
1
1
0.999996
0.999995
1
1
1
1
1
1
1
1
1.00002
1.00001
1
1
1
1
1
0.999943
1
1
1
1.00025
1
1
1
1
0.999552
1
1
1
1
0.999351
1
1
1
1
0.999995
1
1
1
1
1
1.00004
1
1
1
1
0.999898
1
0.999949
1
0.999956
0.999984
0.999897
1
1
1.00167
0.999836
1
1
1
1
1.00015
1
0.996173
1
1.00001
1.00067
1.00004
0.995595
0.999982
1
0.999673
1.00119
1
1
1
0.999984
1
0.99999
1
1.00019
0.999647
1
1
1
1
1
1
1.00016
1
1
1
1
0.999986
1.00001
1.00001
0.999964
1
0.999959
1.00001
0.999966
1
0.999999
1
1
0.999964
1.00001
0.999973
1.00004
0.999999
1
1.00008
1
1
1.00001
0.999995
1
1
1.00079
0.999512
1
1.00001
0.999978
1
0.999965
1
1
0.999949
1
1
0.999998
1.00006
1
1
1
1
0.999749
1.00018
1
1
1.00014
1
0.99996
1
1.00001
0.99999
1
1
1
1
1
1
1
1
1
1
1
1
1
1
1
0.999509
1
1
1
0.999999
1
1
1
1
1
1
1
1
1
1
1
1
1
1
1
1
1
0.999999
1
1
1
1
1
1
1
1
1
1
1
1
0.999998
1
1
1
1
1
1.00012
1
1
1
1
1
1
1
1
1
1
1
1
1
1
1
1
1
1
1
1
1
1
1
1
1
1
1
1
1
1
1
1
1
1
1
1
1
1
1
1
1
1
1
1
1
1
1
1
1
1
1
1
1
1
1
1
1
1
0.99925
1
1
1
1
1
1
1
1
1
1
1
1
1
1
1
1
1
1
1
1
1
1
1
1
1
1
1
1
1
1
1
1
1
1
1
1
1
1
1
1
1
1
1
1
1
1
1
1
1
1
1
1
1
1
1
1
1
1
1
1
1
1
1
1
1
1
1
1
1
1
1
1
1
1
1
1
1
1
1
1
1
1
1
1
1
1
1
1
1
1
1
1
1
1
1
1
1
1
1
1
1
1
1
1
1.00009
1
0.997347
1
1
1
1
1
1
1.00004
1
1
1
1
1
1
1
1
1
1
1
1
1
1
1
1
1
1
1
1
1
1
1
1
1
1
1
1
1
1
1
1
1
1.00024
1
1
1
1
1
1.00194
1
1
1
1
1
1
1
1
0.999249
1
1
1
1
1
1
1
1
1
1
1
1
1
0.999052
1
1
1
0.999771
1
1
1
1
1
1
1
1
1
1
1
1
1
1
1
1
1
1
1
1
1
1
1
1
1
1
1
1
1
1
0.999878
1
1
1
1
1
1
1
1
1
1
1
1
1
1
1
1
1
1
1
1
1
1
1
1
1
1
1
1
1
1
1
1
1
1
1
1
1
1
1
1
1
1
1
1
1
1
1
1
1
1
1
1
1
1
1
1
1
1
1
1
1
1
1
1
1
1
1
1
1.00033
1
1
1
1
1
1
1
1
1
1
0.999636
1
1
1
1
1
1
1
1
1
1
0.999099
1
1
1
1
1
1
1
1
1
1.00001
1
1
1.00001
1
1
1
1
1
1.00001
1
1
0.999887
1
1
1
1
1
1
1
1
1
1
1
1
1
1
1
1
1
1
1
0.999999
1
1
1
1
1.00002
1
1.00002
1
1.00001
1
1
1
1
1.00002
1
1
1
1
1
1
1
1
1
1
1
1
1
1
1
1
1
1
1
1
1
1
1
1
1
1
1
1
1
1
1
1
1
1
1
1
1
1
0.99992
1
1
1
1
1
1
1
1
1
1
1
1
1
1
1
1
1
1
1
1
1
1
1
1
1
1
1
1
1
1
1
1
1
1
1
1
1
1.00001
1
1
1
1
1
1
1
1
1
0.999951
1
1
1
1
1
1
1
1
1
1
1
1
1
1
1
1
1
1
1
1
1
1
1
1
1
1
0.999999
1
1
1
1
1
1
1
1
1
1
1
1
1
1
1
1
1
1
1
1
1
1
1
1
1
1
1
1
0.999982
1
1
1
1
1
1
1
0.999958
1
1
1
0.999901
1
1
1
1
1
1
1
1
1
1
1
1
1
1
1
1
1
1
1
1
1
1
1
1
1
1
1
1
1
1
1
1
1
1
1
1
1
1
1
1
1
1
1
1
1
1
1
1
1
1
1
1
1
1
1
1
1
1
1
1
1
1
1
1
1
1
1
1
1
1
1
1
1
1
1.00027
1
1.00102
1
1
1
1.00014
1
1
1
1
1
1
1
1
1
1
1
1
1
1
1
1
1
1
1
1
1
1
1
1
1
1
1
1
1
1
1.00001
1
1
1.00017
1
1
1
1
1
1
1
0.999945
1
1
1
1
1
1
1
1
1
1
1
1
1
1
1
1
1
1
1
1
1
1
1
1
1
1
1
1
1
1
1
1.0001
1
1
1
1
0.999797
1
1
1
1
1
1
1
1
1
1
1
1
1
1
1
1
1
1
1
1
1
1
1
1
1
1
1
0.999998
1
1
1
1
1
1
1
1
1
1
0.999865
1
0.999956
1
1
1
1
1
1
1
1
1
1
1
1
1
1
1
1
1
1
1
1
1
1
1
1
1
1
1
1
1
1
1
1
1
1
1
1
1
1
1
1
1
1
1
1.00009
1
1
1
1
1
1
1
1
1
1
1
1
1
1
1
1
1
1
1
1
1
1
1
1
1
1
1
1
1
1
1
1
1
1
1
1
1
1
1
1
1
1
1
1
1
1
1
1
1
1
1
1
1
1
1
1
1
1
1
1
1
1
1
1
1
1
1
1
0.994036
1
1
1
1
1
1
1
1
1
1
1
1
1
1
1
1
1
1
1
1
1
1
1
1
1
1
1
1
1
1
1
0.999596
1
1
1
1
1
1
1
1
1
1
1
1
1
1
1
0.999866
1
1
1
1
1
1
1
1
1
1
1
1
1
1
1
1
1
1
1
1
1
1
1
1
1
1
1
1
1
1
1
1
1
1
1
1
1
1
1
1
1
1
1
1
1
0.999978
1
1
1
1
1
1
1
1
1
1
1
1
1
1
1
1
1
1
1
1
1
1
1
1
1
1
1
1
0.999831
1
1
1
1
1
1
1
1
1
1
1
1
1
1
1
1
1
1
1
1
1
1
1
1
1
1
1
1
1
1
1
1
1
1
1
1
1
1
1
1
1
1
1
1
0.999999
1
1
1
1
1
1
1
1
1
1
1
1
1
1
1
1
1
1
1
1
1
1
1
1
1
1
1
1
1
0.999292
1
1
1
1
1
1
0.997669
1
1.00007
1
1
1
1
1
1
1
1
0.999516
1
1
1
1
1
1
1
1
1
1
1
1
1
1
0.997522
1
1
1
1
1
1
1
1
1
1.00008
1
1
1
1
1
1
1
1
1
1
1
1
1
1
1
0.996638
1
1
1
1
1
1
1
1
1
1
1
1
1
1
1
1
1
0.999999
1
1
1
1
1.00006
1
1
1
1
1
1
1
1
1
1
1
1
1
1
1
1
1
1
1
1
1
1
0.998335
1
1
1
1
1
1
1
1
1
1
1
1
1
1
1
1
0.99903
1
1
1
1
1
1
1
0.999086
1
1
1
1
1
1
1
1
1
1
1
1
1
1
1
1
1
1
1
1
1
1
1
1
0.999535
1
1
1
1.00001
1
1
1
1
1
1
1
1
0.997906
1
1
1
1
1
1
1
1
1
1
1
1
1
1
1
1
0.99993
1
1
1
1
1
1
1
1
1
1
1
1
1
1
1
1
1
1
1
1
1
0.999944
1
1
1
1
1
1
1
0.999804
1
0.999994
1
0.997691
1
1.00001
1
1
1
1.00002
1.00004
1
1
1
1
1
1
1
1
1
1
1
1
1
1
1
1
1
1
1
1
1.00002
1
1
1
1
1
1
1
1
1
1
1
1
1
1
1
1
1.00001
1
1
1
1
1
1
1
1
1
1
1
1
1
1
1
1
1
1
1
1
1
1
1
1.00002
0.999996
1
1
1
1
1
1
1
1
1
1
1
1
1
1
1
1
1
1
1
1
1
1
1.00003
1
1
1
1
1
1
1
1
1
1
1
1
1
1
0.99993
1
1
1
1
1
0.999975
1
1
0.99998
1
1
1
1
1
0.998237
1
1
1
1
1
1
1
1
1
1
1.00002
0.999971
1
1
1
1
1
1
1
1
1
1
1
1
1
1
1.00001
1
1
1
1
1
1
1
1
1
1
1.00002
1.00003
1
1
1
1
1.00001
1
1
1
1
1
1.00001
1
1
1
1
1
1
1
1
1
1
1
1
1
1
1
1.00003
1
1
1
1
1
1
1
1
1
1
1
1
1
1
1
1
1.00001
1
1
1
1
1
1
1
1
0.999972
1
1
0.999991
0.99999
1
0.99995
1
0.999965
1
1
1
1
1
1
1
1.0012
1
1
1
1
1
1
1
1
0.999999
1
1
1
1
1
1
1
1
1
1
1
1
0.960433
1
1
1
0.999932
1
1
1
1
0.999921
1
1
1
1
1
1
1
0.999977
0.999999
1
1
1
1
1
1
1
1
1
1
1
1
1
0.999996
0.999909
1
1
1
1
1
1
1
1
1
1
1
1
1
1
1
1
1
1
1
1
1
1
1
1
1
1
1
0.999987
1
1
1
1.00004
1
1
1
1
1
1
1
1.00003
1
1
1
1
1
1
1
1
1
1
1
1
1
1
1
1
1
0.999998
1
1
1
1.00001
1
1
1.00003
0.999993
1
1
1
1
1
1
1
1
0.99996
1
1
1.00021
1
1
1
1
1
0.999996
1
1
1
1
1
1
1
1
1
1
1
0.999956
1
1
1.00075
1
1
1
1
1.00026
1
1
1
1
1
1
1
1
1
1
1
1
1
1
1
1
1
1
1
1
1
1
1.00282
1
1
1
1
1
1
1
1
1.00005
1
1
1
1
1.00256
1
1
1
1
1
1
1.00145
1
1.00065
1
1
1
1
1
0.999886
1
1
1
1
1
1
1.00003
1
1
1
1
1
1.00167
1
1
1
1
1
1
1
1
1
1
1
1
1
1
1
1
1
1
1
1
1
1
1
1
1
1
1
1
1
1
1
1
1
1
1
1
1
1
1
1
0.999958
0.999807
1
1
1
1
1
1
1
1.00015
1
1
1
1
0.999872
1
1
1
1
1
1
1
0.999782
1
1
1
1
1
1
1
1
1
1
1
1
1
1.00007
1
1.00016
1
1
1
1
0.998494
1
1
1
1
1
1
1
1
1
1
1
1
1
1
1
1
1
1
1.00016
1
1
1
1
1
1
1
1
1
1
1
1
1
1
1
1
1
1
1
1
1
1
1
1
1
1
1
1.00019
1
1
1
1
1
1.0003
1
1
1
1
1
1
1
1
1
1
1
1
0.999885
1
1
1
1
1
1
1
1
1
1
1.00001
1
1
1
1
1
1
0.999745
0.999736
1
1
1
1
1
1
1
1
1
1
1
1
1
1
1
1
1
1
1
1
1
1
1
1
1
1
1.00002
1
1
1
1
1
1
1
1
1
1
1
1
1
1
1
1
1
1
1
1
1
1
1
0.997599
1
1
1
1.00002
1
1
1.00001
1
1.00001
1.00002
1
1
1
1
1
1
1
1
1
1
1
1
1
1
1
1
1
1
1
1
1
1
1
1
1
1
1
1
1
1
1
1
1
1
1
1
1
1
1
0.999853
0.999789
1
1
1
0.999718
1
1
1
1
0.998729
1
1
0.999986
1
1.00001
1
1
1
1
1
1.00004
1
1
0.983564
1
1
1
1
1
1
0.999654
1
1
1
1
1
1
1
1.00002
1
1
1
1
1
1
1
1
1.00001
1
1
0.995744
1
1
1
1
1
1
1
1
1
1
1
1
1
1.00026
1
1
1
1
1
1
1
1
1
1
1
1
0.999957
1
1
1
1
1
1
1
1
1
1
1
1
1
1
1
1
1
1
1
1
1
1
1
1
1
1
0.999969
1
1
1
1
1
1
1
1
1
1
1
1
1
1
1
1
1
1
1
1
1
1
1
0.999994
1
1
0.999998
1
1
1
1
1
1
1
1
1
1
1
1
1
1
1
1
1
1
1
1
0.999968
1
1
1
1
1
1
1
1
1
1
1
1
1
1
1
1
1
1
1
1
1
1
1
1
1
1
1
0.999998
1
1
1
1
1
1
1
1
1
1
1
1
1
1
1
1
1
1
1
1
1
1
1
1
0.977088
1
1
1
1
1
1
1
1
1
1
1
1
1
1
1
1
1
1
1
1
1
1
1
1
1
1
1
1
1
1
1
1
1
1
1
1
1
1
1
1
1
1
1
1
1
1
1
1
1
1
1
1
1
1
1
1
1
1
1
1
1
1
1
1
1
1
1
1
1
1
1.00009
1
1
1
1
1
1
1
1
1
1
1
1
1
1
1
1
1
1
1
1
1
1
1
1
1
1
1
1
1
1
1
1
1
1
1
1
1.00038
1
1
1
1
1
1
1
1
1
1
1
1
1
1
1
1
1
1
1
1
1
1
1
1
1
1
1
1
1
1
1
1
1
1
1
1
1
1
1
1
1
1
1
1
1
1
1
1
1
1
1
1
1
1
1
1
1
1
1
1
1
1
1
1
1
1
1
1
1
1
1
1
1
1
1
1
1
1
1
1
1
1
1
1
1
1
1
1
1
1
1
1
0.999983
1
0.992542
1
1
1
1
1
1
1
1
1
1
1
1
1
1
1
1
1
1
1
1
1
1
1
1
1
1
1
1
1
1
1
1
1
1
1
1
1
1
1
1
1
1
1
1
1
1
1
1
1
1
1
1
1
1
1
1
1
1
1
1
1
1
1
1
1
1
1
1
1
1
1
1
1
0.999999
1
1
1
1
1
1
1
1
1
1
1
1
1
1
1
1
1
0.997882
1
1
1
1
1
1
1
1
1
1
1
0.997126
1
1
1
1
1
1
1
1
1
1
1
1
1
1
1
1
1
1
1
1
1
1
1
1
1
1
1
1
1
1
1
1
1
1
1
1
1
1
1.0001
1
1
1
1
1
1
1
1
1
1
1
1
1
1
1
1
1
1
1
1
1
1
1
1
1
1
1
1
1
1
1
1
1
1
1
1
1
1
1
1
1
1
1
1
1
1
1
1
1
1
1
1
1
1
1
1
1
1
1
1
1
1
1
1
1
1
0.988779
1
1
1
1
1
1
1
1
1
1
1
1
1
1
1
1
1
1
1
1
1
1
1
1
1
1
1
1
1
1
1
1
1.00077
1
1
1
1
1
1
1
1
1
1
0.999997
1
1
1
1
1
1
1
1
1
1
1
1
1
1
1
1.00002
1
1
1
1
1
1
1
1
1
1
1
1
1
1
1
1
1
1
1
1
1
1
1
1
1
1
1
1
1
1
1
1
1.00029
1
1
1
1
1
1
0.999234
1
1
1
1
1
1
1
1
1
1
1
1
1
1
1
1
1
1
1
1
1
1
0.99747
1
1
1
1
1
1
1
1
1
1
1
1
1
1
1
0.998124
1
1
1
1
1
1
1
1
1
1
1
1
1
1
1
1
1
0.998256
1
1
1
1
1
1
1
1
1
1
1
1
1
1
1
1
1
1
1
1
1
0.999998
1
1
1
1
0.99992
1
1
1
1
1
1
1
1
1
1
1
1
1
1
1
1
1
1
1
1
1
1
1
1
1
1
1
1
1
1.00112
1
1
1
1
1
1
1
1
1
1
0.999583
1
1
1
1
1
1
1
1
1
1
1
1
1
0.999871
1
1
1
1
1
1
1
1
1
1
1
1
1
1
1
1
1
1
1
1
1
1
1
1
1
1
1
0.99393
1
1
1
1
1
1
1
1
0.999998
1
1
1
1
1
0.99905
1
1
1
1
1
1
1
1
1
1
1
1
0.994371
1
1
1
0.999614
1
1
1
1
1
1
1
1
1
0.999438
1
1
1
1
1
1
1
1
1
0.999976
1
1
1
1
1
1
1
1
1
1
1
1
1
1
1
1
1
1
1
1
1
1
1
1
1
1
1
1
1
1
1
1
1
1
1
1
1
1
1
1
1
1
1
1
1
1
1
1
1
1
1
1
1
1
1
1
1
1
1
0.999986
1
1
1
1
1
1
1
0.999968
1
1
1
1
1
1
1
1
1
1
1
1
1
1
1
1
1
1
1
1
1
1
1
1
1
1
1
1.00009
1
1
1
1
1
1
1
1
1
1
1
1
1
1
1
1
1
1
1
1
1
1
1
1
1
1
1
1
1
1
1
1
1
1
1
1
1
1
1
1
1
1
1
1
1
1
1
1
1
1
1
1
1
1
1
1
1
1
1
1
1
1
1
1
1
1
1
1
0.998997
1
0.99868
1
1
1
1
1
1
1
1
1
1
1
1
1
1
1
1
1
1
1
1
1
1
1
1
1
1
1
1
1
0.99999
1
1
1
1
1
1
1
1
1
1
1
1
1
1
1
1
1
1
1
1
1
0.993882
1
1
1
1
1
1
1
1
1
1
1
1
1
1
1
1
1
1
1
1
0.999311
1
1
1
1
1
1
1
1
1
1
1
1
1
1
1
0.999998
1
1
1
1
1
1
1
1
1
1
1
1
1
1
1
1
1
1
1
1
1
1.00001
0.99769
1
1
1.00001
1
1.00002
1
1
1
1
1
1
1
1
1
1
1
1
1
1
1
1
1
1
1.00001
1
0.993783
1
1
1
1
1
1
1
1
1
1
0.991191
1
1
1
1
1
1
1
1
1
1
1
1
1
1
1
1
1
1
1
1.00001
1
1
1
1
1
1
1
1
1
0.990688
1
1
1
1
1
1
1
1
1
1
1
1
1
1
1
1
1
1
1
1
0.996342
1
1
1
1
1
1
1
1
0.999118
1
1
1
1
0.999999
1
1
1
1
1
1
1
1
1
1
1
1
1
1.0008
1
1
1
1.00001
1
0.999952
1
1
1
1
1
1
1
1
1
1
1
1
1
1
1
1
1
1
1
1
1
1
1
1
1
1
1
1
1
1
1
1.00001
1
1
1
1
0.998234
1
1
1
1
1
1
1
1.00002
1
1
1
1
1
1
1
1
1
1
1
1
1
1
1
1
1
1
1
1
1
1
1
1
1.00004
1
1
1
1
1
1
1
0.996681
1
1
1
1
1
1
1
1
1
1
1
1
1
1
1
1
1
1
0.999927
1
1
1
1
1
1
1
1
1
1
1
1
1
1
1
1.00015
1
1
1
1
1
1
1
1
1
1
1
1
1
1
1
1
1
1
1
1
1
1
1
1
1
1
1
1
1
1
1
1
1
1
1
1.00001
1
1
1
1
1
1
1
1
1
1
1
1
1
1
1
1
1
1
1
1
1
1
1
1
1
1
1
1
1
1
1
1
1
1
1
1
1
1
1
1
1
1
1
1
1
1
1
1
1
1
1
1
1
1
1
1
1
1
1
1
1
1
1
1
1
1
1.00001
1
1
1
1
1
1
1
1
1
1
1
1
0.937254
1
1
0.999978
1.00002
1
1
1
1
1
1
1
1
1
1
1
1
1
1
1
1
1
1
0.999995
1
1
1
1
1
1
1
1
0.995218
1
1
1
1
1
1
1
1
1
1
1
1
1
1
1
1
1
1
1.00002
1
1
1
1
1
1
1
1
1
1
1
1
1
1
1.00007
0.999836
1
1
1
1
1
1
1
1
1
1
1
1
1
1
1
1
1
1
1
1
1
1
1
1
1
1
1
0.999999
1
1
1
1
1
1
1
1
1
1
1
1
1
1
1
1
1
1
1
1
1
1
1.00003
0.998431
1
1
1
1
1
1
1
1
1
1
1
1
1
1
1
1
1
1
1
1
1
1
1
1
1
1
1
1
1
1
1
1
1
1
1
1
1
1
1
1
1
1
0.999509
1
1
1
1.00018
1
1
1
1
1
1
1
1
1
1
1
1
1
0.999989
1
1
1.00008
1
1
0.999961
1
1
1
1
0.990635
1
1
1
1
1
1
1
1
1
1
1
0.999988
1
1
1
1
1
1
1
1
1
1
1.00001
0.999991
1
1
1
1
0.999939
0.995681
1
1
1
0.999997
1
1
1
1
1
1
1
1
1
1
1
1
1
1
1
1
1
1
1
1
1
1
1
1
1.00002
1
1
0.999998
1
1
1
1
1
1
1
1
1
1
1
1
1
1
0.99993
1
1
1
1
1
1
1
1
1
1
1.00001
1
1
1
1
1
1
1
1
1
1
1
1
1
1
1
1
1
1
1
1
1
1.00114
1
1
1
0.999994
1
1
1
1
1
1
1
1
1
1
1
1
1
1
1
0.996703
1
1
1
0.999998
1
1
1
1
1
1
1
1
1
1
1
1
1
1
1
1
1
1
1
1
1
1
1
1
0.999716
1
1
1
1
1
1
1
1
1
1
1
1
1
1
1
1
1
1
1
1
1
1
1
1
1
1
1
1
1
1
1
1
1
1
1
1
1
0.999871
1
1
1
1
1
1
1
1
1
1
1
1.00035
1
1
1
1
0.996438
0.997097
1
1
0.999779
1
1
1
1
1
1
1
1
1
1
1
0.999561
1
0.999981
1
1
1
1
1
1
1
1
1
1
1
1
1
1
1
1
1
1
1
1
1
1
0.996772
0.997739
1
1
1
0.999985
0.99999
1
1
1
1
1
1.00025
1
1
1
0.999996
1
1
1
1
1
1
1
1
1
1
1
1
1
1
0.999765
1
1
1
1
1
1
1
1
1
1
1
1
1
1
1
1
1
1
1
0.99996
1
1
1
1
1
1
1
1
1.00001
1
1
1
1
1
1
1
1
1
1
1
1
1
1
1
1
1.00007
1
0.99989
1
1
1
1
1
1
1
1
1
1
1
1
1
1
1
1
1
1
1
1.00001
1
1
1
1.00002
1
1
1
1
1
1
1
1
1.00003
1
1
1
1
1
1
1
1
1
1
1
1
1
0.999983
1
1
1
1
1
1
1
1
1
1
1
1
1
1
1
1
1
1
1
1
1
1
1
1
1
1
1
1
1
1.00093
1
1
1
1
1
1
1
1
1
1
0.999999
0.998146
1.00013
1
1
1
1
1
1
1
1
1
1
1
1
1
1
1
1
1
1.00001
1
1
1
1
1
1
1
1
1
1
1
1
1
1
0.995623
1
1
1
1
1
1
1
1
1.00009
1
1
1
1
1
1
1
1
1
1
1
1
1
1
1
1
1
1
1
1
1
1
1
1
1.00002
1
1
1
1
1
1
1
1
1
1.00001
1
1
1
1
1
1
1
1
1
1
1
1
1
1
1
1
1
1
1
1
1
1
1
1
1
1
1
1
1
1
1
1
1
1.00035
1
1
1
1
1
1
1
1
1.00002
1
1
1
1
1
1
1
1
1
1
1
1
1
1
1
1
1
1
1
1
1
1
1
1
0.997669
1
1
1
1
1
1
1
1
1
1.00001
1
1
1
1
1
1
1
1
1
1
1
1
1
1
1
0.999758
1
1
1
1
1
1
1
1
1
1
1
1
1
1
1
1
1
1
1.00001
1
1
1
1
1
1
1
1
1
1
1
1
1
0.999641
1
1
1
1
1
1
1
0.994875
1
1
1
1.00002
1
1
1
1
1
1
1
1
0.999872
1
1
1
1
1
1
1
1
1
1
1
1
1
0.999908
1
1
1
1
1
1
1
1.00001
1
1
1
1
1
1
1
1
1
1
1
1
1
1
1
0.999999
1
1
1
1
1
1
1.00016
1
1
1
1
1
1
1
1
1
0.999772
0.999676
1
1
1
1
1
0.999997
1
1
1
1
1
1
1
1
1
1
1
1
1
1
1
1
1
1
1
1
0.999917
1
1.00057
1
1
1
1.00001
1
1
1
1
1
1
1
1
1
1
1
1
1
1
1
1.00001
1
1
1
1.00001
1
1.00002
1
1
1
1
1
1
1
1
1.00002
1
1
1
1
1
1
1
1
0.989469
1
1
1
1
1
1
1
1.00006
1
1
1
1
1
1
1
1
0.999993
1
1
1
1
1
1
1
1
1
0.999041
1
1
1
1
0.995211
1
1
1
1
1
1
1
1
1
0.999992
1
1
1
1
1
1
1.00006
1
1
1
1
1
1
1
1
1
1
1
1
1
1
1
1.00002
0.999728
0.999997
1
1
1
1
1
1
1
1
1
1
0.999984
1
1.00003
1
1
1
1
1
1
1
1
1
1
1
1
1
1
1
1
1
1
1
1
1
1
1
1
1
1
1
1
1
0.994251
1
1
1
1
1
1
1
1
1
1
1
0.999911
1
1
1
1
1
1
0.999998
1
1
1
1
1
1
1
1
1
1
1
1
1
1
1
0.997178
1
1
1
0.999999
1
1
1
1
0.999983
1
1
1
1
1
1
1
1
1
1
1
1
1
1
1
1
1
1
1
1
1
1
1
0.993935
0.996729
1.0001
1
1
1
1
1.00006
0.998467
1
0.999981
1
1
1
1
1
1
1
1
1
1
1
1
1
1
1
1
1
1
0.999997
1
1
1
1
1
1
1
1
1
1
1
1
1
1
1
1
0.999999
1
1
1
1
0.997904
1
1
0.999998
1
1
1
1
1.00021
1
1
1
1
0.999999
1
1.00103
1
1
1
1
1
1
1
0.999977
1
1
1
1
1
1
1
1
1
1
1
1
1
1
1
1
1
1
1
1
1
1
1
1
1
1
1
1
1
1
1
1
1
1
1
1
1
1
1
1
1
1
1
1
1
1
1
1
1.00019
1
1
1
1
1.00006
1.00003
1
1
1.00001
1
0.999382
0.999602
1
1
1
1
1
1
1
1
1
1
1.00002
1
1
1
1
1
1
1
1
1
1
1
1
1
1
1
1
1
1.00002
1
1
1
1
1
1
1
1
1
1
0.995343
1
1
1
1
1
1
1
1
1
1
1
1
1
1
1
1
1
1
1
1
1
1
1
1
1
1
1.00001
1
1
1
1
0.998185
1
1
1
1
1
1
1
1
1
1
1
1
1
1
1
1
1
1
1
1
1
1
1
1
1
1
1
0.996064
1
1
1
1
1
0.999009
1
1
1
1
1
1
1
1
1
1
1
1
1
1
1
1
1
1
1
0.998338
1
1
1
1
1
1
1.00001
1
1
1
1
1
1
0.999984
1
1
1
1
1
1
1
1
1
1
1
1
1
1
1
1
1
1
1
1
1
1
1
1
1
1
1
1
1
1
1
1
1
1
1
0.99966
1
1
1
1
1
1
1
1
1
1
1
1
1
1
0.999974
1
1
0.999357
0.999472
1
1
1
1
1
1
1
0.998216
1
1
1
1
1
1.00014
1
1
1
1
1
1
1
1
1
1
1
1
1
1
1
1
1
1
1
1
1
1
1
1
1
1
1
1
0.999992
1
1
1
1
1
1
1
1
1
1
1
1
1
1
1.00002
1
1
1
1
1
1
1
1
0.99652
1
1
1
1
1
1
1
1
1
1
1
1
1
1
1
1
1
1
1
1
1.00001
0.999922
0.999997
1
1.00011
1
1
1
1
1
1
0.993888
1
1
1
0.999829
1
1
1
1
1
1
1
1
1
1
1
1
1
1
1.00001
1
1
1
0.998464
1
1
1
1
1.00044
1
1
1
1
1
0.997822
1
1
1
1
1
1
1
1
1
1
1
1
1
1
1
1
1.00005
1
1
1
1
0.999998
1
1
1
1
1
1
1
1
1
0.999998
1
1
1
1
1
1
1
1
1.00001
1
1
1
1
1
0.999975
1
1
1
1
1
1
1
1
1
1
1.00108
1
1
1
1
1
1
1
1
1
1
1
1
1
1
1
1
1
1
1
1
1
1
1
1
1
1
1
1
1
1
1
0.999929
1
1
1
1
1
1
1
1
0.997717
1
1
1
1
1
1
1
1
1
1
1
1
1
1
1
1
1.00023
1
1
1
1
1.00012
1
1
1
1
1
1
0.999925
1
1
1
1
1
1
1
1
1
1
1
1
1
1
1
1
1
1
1
1
1
1
1
1
1
1
1
1
1
1
1
1
1
1
1
1
1
1
1
1
1
1
1
1
1
1
0.996602
1.00001
1
1
1
1
1
1
1
1
1
1.00262
1
1
1
1
1
1
1
1
1
1
1
1
1
1
1
1
1
1
1
1
1
1
1
0.999951
1
1
1
1
1
1
1
1
1
1
1
1
1
1
1
1
0.999974
1
1
1
1
1
1
1
1
1
1
1
1
0.999995
1
1
1
1
1
1
1
0.999998
1.00003
1
1
1
1
1
1
1
1
1
1
1
1
1
1
1
0.999902
1
1
0.997059
1.0001
1
1
1.00001
1
1
1
1
1
1.00011
1
1.00013
1.00008
1
1
1
1
1
1
1
1
1
1
1
1
0.999991
1
1.00006
0.997055
1
1
1
1
1
1
1
1
1
1
1
1
1
0.999342
1
1
1
1
0.99999
1
1
0.999866
1
1.00013
1.00002
1
1
1
1
1
1
1
1
1
1
0.999669
1
1
1
1
1.00005
1
1
1
1
1
1
1
1
1
1
1
1
1
1
1
1
1
1
1
1
1
1
1
1
1
1
1
1
1
1
1
1
1
1
1
1
1
0.999945
1
1
1
0.999999
1
1.00009
1
1
1
1
1
1
1
1
1
0.997421
1
1
1
1
1
1
1
1
1
1
1
1
1
1
1
1
1
0.999981
1
1
1.00011
1
1
1
1
1
1
1.00005
1
1
1
0.996057
1
1
1
1
1
1
1
1
1
1
1
1
1.0003
1
1
0.998614
1
1
1
1
1
1
1
0.99992
1
1
1
1
1
1
1
1.00001
1
1
1
1
1
1.00001
1
1
1
1
1
1
1
1
1
1
0.999815
1.00062
0.999981
1
1
1
1
1
1
1
1
0.999872
1
1
1
0.999912
1
0.998348
1.00001
1
1
1
1
1
1
1
1
1
1
1
1
1
0.999856
1.00001
0.999987
1
1
1
0.998473
1
1.00125
1
1
1
1
1
1
1
1
1
1
0.996635
1
1
1
1
1
1
1
1
1
1
1
1
1
1
1
1
1
1
1
1
0.999999
1
1
1
0.999999
1
1
1
1
1
0.996322
1
1
1
1
0.990511
1
1
1
1
1
1
1
0.999957
1
1
1
1
1
1
1
1
1
0.999992
1
1
1
1
1
1
1
1
1
1
1
1
1
1
1
1
1
1
1
1
1
1
1
1
1
0.989458
1
1
1
1
1
1
1
1
1
1
1
1
1
1
1
1
1
1
1
1
0.996
0.998432
1
1
1
1
1
0.999999
1
1
1.00002
1
1
1
1
1
1
1
1.00012
1
0.999957
1
1
1
0.999978
1
1.00147
1
1
1
1
1
1
1
1
1
1
1
1
1
1
1
1
1
1
1
1
1
1
0.999981
1
1
1
1
1
1
1
1
1
1
0.998933
1.00206
1
1
1
1
1
1
1
1
1
1.00001
1
1
1
1
1
1
1
1
1
1
0.999981
1
1
1
1
1
1
1
1
1.00005
1
1
1
1
1
1
1
1
1
1
0.999944
1
1
1
1
1
1
1
0.999999
1
1
1
1
1
1
0.999999
1
1
1
1
1
1
1
1
1.00143
1
1
1
1
1
0.999998
1
1
1
1
1
1
1
1
1
1
1
1
0.998923
1
1
1
1
1
1
1
1
1
0.994466
1
1
1
1
1
1
1
1
1
1
1
1
1
1
1
1
1
1
1
1
1
1
1
1
1
1
1
1
1
1
1
1.00016
1
1
1.00001
1
1
0.991769
1
1
1
1
1
1
1
1
1
1
1
1
1
1
1
1
1
1
1
1
1
1
1
0.996795
1
1
1
1
1
1
1
1
1.00014
1
1
1
1
1
1
1
1
1
1
1
1
1
1
1
1
1
1
1
1
1
1
1
1
1
1
1
1
1
1.00001
1
1
1
1
0.995492
1
1
1.00001
1
1.00014
1
1
1
1
1
1
1
1
1
1.00056
1
1
1
1
1
1
1
1
1
1
1
1
1
1
0.999302
1
1
1
0.98935
1
1
1
1
0.99996
1
0.998893
1
1
1
1
1
1
1
1
1
1
1
1
1
1
1
0.999004
1
1
1
1
1
1
1
1
1
1.00001
1
1
1
1
1
1
1
1
0.999887
1
0.999554
1
1
1
1
1
1
1
1
1
1
0.999211
1
1
1
1
1
1
1
1
1
1
1
1
1
1
1
1
1
1
1
1
1
1
1
1
1
1
1
1
1
1
1
1
1
1
1
1
1
1.00001
1
1
1
1
1
1
1
1
1
1
1
1
0.999989
1
1
1
1
1
1
1
1
1
1
1
1
1
1
1
1
1
0.999898
0.999988
1
1
1
1
0.995574
1
1
1
1
1
1
1
1
1
1
1
1
1
1
1
1
1
1
1
1
1
1
1.00024
1
0.999966
1
1
1
1
1
1
0.99982
1
1
1
1
1
0.994857
1
1
0.991352
1
1
1
1
1
1
1
1
1
1
1
1
1
1
1
1
1
1
1
1
1
1
1
1
1
0.995387
1
1
1
1
1
1
1
1
1
1
1
0.999985
1
1
1
1
1
1
1
1
1
1
1
1
1
1
1
1.00024
1
1
1
1
1
1
1
1
1
1
1
1
1
1
1
1
1
1
1
1
1
1
1
1
1
1
0.999992
1
1
1
1
1
1
1
1
1
1
1
1
0.999938
1
1
1
1
1
1
1.00003
1
1
1
1
1
1
1
1
1
1
1
1
1
1
1
1
1
1
1
0.989403
1
1.00005
1
1
1
1
0.999999
1
1
1
1
1
1
1
1
1
1
1
1
1
1
1
1
1
1
0.996242
0.989502
1
1
1
1
0.999266
1
1
1
1
1
1
1
1
1
1
1
0.999946
0.999801
1
1
1
1.00001
1
1
1
1.00077
1
1
0.998781
1
1
1
1
1
1
1.00056
1
1
1
1
1
1.00002
1
1
0.999883
1
1
1
1
1
1
1
1
1
1
1
1
1
1
1
1
1
1
1
1
1
1
1
1
1
1
1
0.998084
1
1
1
1
1
1
1
1
1
1
1
1
1
1
1
1
1
1.00002
1
0.999998
1
1
1
1
1
1
1
1
1
1
1
1
1
1
1
1
1
1
1
1
1
0.997259
1
1
1
0.997854
1
1
1
1
1
1
1
1
1
1
1.00029
1
1.00087
1
1
0.999147
1.00001
1.00001
1
1
1
1
1
1
1
1
1
1
1
1
1
1
1
1
1
1
1
1
1
1
0.99991
1
1
1.00001
1
1
1
1
1
1
1
1
0.999983
1
1
1
1
1
1
1
1.00021
1
1
1
1
0.999998
1
1
1
1
1
1
1
1
1
1
0.999924
1
0.997661
1
1
1
1
1
1
1
1
1
1
1
1
1
1
1
1
1
1
1
1
1
1
1
1
1
1
1
1
1
1
1
1
1
1
1
1
1
1
1
0.998361
1
1
1
1
1
1
1
1
1.00003
1
1
1
1
1
1
1
1
1
1
1
1
1
1
1
1
1
1
1
1
1
1.00001
1
1
1
1
1
1
1
1
1
1
1
1
1
0.990154
1
1
1
1.00035
1
1
1
1
1
1
1
1
1
1
1
1
0.995995
1
1
1.00096
1
1
1
1
1
1
1
1
1
1
1
1
1
1
1
1
1
1
1
1
1
1
1
1
1
1
1
1
1
1
1
1
1
1
1
1
1
1
1
1
1
1
1
1
1
1
1
1
1
1
1
1
0.999941
1
1
1
1
1
1
1
1
1
1
1
1
1
1
1
1
1
1
1
1
1
1
1
1
1
1
1
1
1
1
1
1
1
1
1
1
1
1
1
1
1
1
1
1
1
1
1
1
1
1
1
1
1
1
1
1
1
1
1
1
1
1
1
1
1
1
1
1
1
1
1
1
1
1
1
1
1
0.992848
1
1
1
1
1
1
0.999178
1
1
1
1
1
1
1
1
1
1
1
1
1
1
1
1
1
1
1
1
1
0.999991
1
1
1
1
1
1
1
1
1
1
1
1
1
1
1
1
1
1
1
1
1
1
1
1
1
1
1
1
1
1
1
1
1
0.999997
1
1
1
1
1
1
1
1
1
0.999417
1
1
0.998124
1
1
1
1
1
1
1
1
1
1
1
1
1
1
1
1
1
1
1
1
1
1
1
1
1
1
1
1
1
1
0.999999
1
1
1
1.00001
1
1
1
1
1
1
0.999999
1
1
1
1
1
1
1
1
1.00139
1
1
1
1
1
1.00001
1
1
1
1
1
1
1
1
1
1
0.999999
1
1
1
1
1
1
1
1
1
0.992659
1
1
1
1
1
1
1
1
1
1
1
1
1
1
1
1
1
1
1
1
1
1
1
1
1
1
1
1
1
1
1
1
1
1
1
1.00003
1
1
1
0.99862
1
1
1
1
1
1
1
1
1
1
1
1
1
1
1
1
1
1
1.00003
1
1
1
1
1
1
1
1
1
1
1
1
1
1
1
1
1
0.999957
1
1
1
1
1
1
1
1
1
1
1
1
1
0.988794
1
1
1
1
1
0.999999
1
1
1
1
1
1
1
1
1
1
1
1
1
1
1
1
1
1
1
1
1
1
1.00002
1
1
1
1
1
1
1
1
1
1
1
1
1
1
1
1
1
1.00001
1
1
1
1
1
1.00001
1
1
1
1
1
1
1
1.00019
1
1
1
1
0.999998
1
1
1
0.999714
1
1
1
1
1
1
1
1
1
1
1
1
1
1
1
1
0.999999
1
1
1
1
1
1
0.999999
1
1
0.999998
1
1
1
1
1
1
1
1
1
1
1
1
1
1
1
1
1
1
1
1
1
1
1
1
1
1
1
1
1
1
0.998687
1
1
1
1
1
0.999999
1
1
1
1
1
1
1
1
1
1
1
1
0.993334
1
1
1
1
1.00044
1
1
0.999999
1
1
1
1
1
1
1
1
1
1
1
1
1
1
1
1
1
1
1
1
1
0.999997
0.999766
1
1
1
1
1
1
1
1
1
1
1
1
1
1
1.00043
1
1
1
0.9848
0.999973
1
1
1
1
1
1
1
1
1
1
1
0.999999
1
1
1
1
1
1
1
1
1
1
1
1
1
1
1
1
1
1
0.997606
1
1
1
1
1
1
1
1
1
1
1
1
1
1
1
1
1
1
1
1
1
1
1
1
1
1
1
1
1
1
1
1
1
1
1
1
1
1
1
1
1
1
0.999992
1
1
1
1
1
1
1
1
1
1
1
1
1
1
1
1
1
1
1
0.993724
1
1
1
1
0.999954
1
1
1
0.999994
1
1
1
1
1.00001
1
1
1
1.00294
1
1
1
1
1
1
1
1
1
1
1
1
1
1
1
1
1
1
1
1
1
1
1
1
1
1
1
1
1
0.994733
1
1
1
1
1
1
0.999311
1
1
1
1
1
1
1
1
1.00003
1
1
1
1
1
1
1
1
1
1
1
1.00041
1
1
1
1
1
1
1
1
1
1
0.999963
1
1
1
1
1
1
1
1
1
1
1
1
1
1
1
1
1
1
1
1
1
1
1
1.00008
1
1
1
0.996376
1
1
1.00019
1.00181
1
1
0.998501
1
1
1
1
1
0.999235
1
1
1
1
1
0.999971
1
1
1
1
1.00002
1
1
1
1
0.998886
1
1
1
1
1
1
1
1
1
1
1
1.00018
1
1
1
1
1
1
1
1
1
1
1
1.00002
1
1
1
1
1
0.999919
1
1
1
1
1
1
1
1
1
1
1
1
1
1
1
1
1
1
1
1
1
1
1
1
1
1
1
1
1
1
1
1
1
1
1
1
1
1
0.999979
1
1
1
1
1
1
1
1
1
1.00005
1
1
1
1
1
1
1
1
1
1
1
1
1
1
1
1
1
1
1
1
1
1
1
1
1
0.999757
1
1
1
1
1
1
1
1
1
1
1
1
0.999643
1
1
1
1
1
1
1
0.998503
1
1
1
1
1
1
1
1
1
1
1
1
1
1
1
1
1
0.999991
1
1
1
1
1
1
1
1
1
1
1
1
1
1
1
1.00002
1
1
1
1
1
1
1
1
0.999998
1
1
1
1
1
1
1
1
1
1
1
1
1
0.999343
1
1
1
1
1
1
1
1
1
0.999995
1
1
1
1
0.999004
1
1
0.997416
1
1
1
1
1
1
1
1
1
1
1
1
1
0.999998
1
1
1
1
1
1
1
1
1
1
0.996124
1
1
1
1
1
1
1
1
1
1
1
1
1
1
1.00124
1
1
1
0.999997
1
1
1
1
1
1
1
1
1
1
1
1
1
1
1
1
1
1
1
1
0.999997
1
1
1
1
1
1.00001
1
1
1
1
1
1
1
1
1
1
1
1
1
1
1
1
0.999993
1
1
1
1
1
1
1
1
1
1
1
1
1
1
1
1
1
1
1
1
1
1
1
1
1
1
1
1
1
1
1
1
1
1
1
1
1
1
1
1
1
1
1
1
1
1
1
0.999999
1
1.00108
0.999999
1
1
1
1
1
1
1
1
1
1
1
1
1
1
1
0.999998
1
1
1
1
1
1
1.00059
1
1
1
1
1
1
1
1
1
1
1
1
1
1
1
1
1
1
1
1
1
1
1
1
1
1
1
1
1
1
1
1
1
1
1
1
1.00034
1
1
1
1
1
1
1
1
1
1
1
1
1.00001
1
1
1
1
1
1
1
1
1
1
1
1
1
1
0.998863
1
1
1
1
1
1
1
1.00001
1
1
1
1
1
1
1
1
1
1
0.979365
1
1
1
1
1
1
1.00012
1
0.999999
1
1
1
1
1
1
1
1
1
1
1
1
1
1
1
1
1
1
0.999723
1
1
1
1
1.00001
1
1
1
1
1
1
1
1
1
1
0.997161
1
1
1
1
1
1
1
1
1
1
1
1
1
0.995112
1
1
1
0.999999
1
1
1
1
1.00001
1
1
1
0.999049
1
1
1
1
0.999995
0.999919
1
1
1
1
1
1
1
1
1
1
1
1
1
1
1
0.999995
1
1
1
1
1
1
1
1
1
1
1
1
1
1
1
1
1
1
1
1
1
1
1
1
1
1
1
1
0.999999
1
1
1
1
1
1
1
1
1
1
1
1
1.00033
1
0.997823
1
1
1
1
1
1
1
1
1
1
1
1
1
1
1
1
1.00033
1.00002
1.00002
1
1
1
1
1
1.00001
1
1
1
1
1
1
1
1
1
1
1
1
1
1
1.00027
1
1
1
1
1
1.00001
1
1
1
1
1
0.997501
0.999997
1
1
1
0.999522
1
1
1
1
1
1
1
1
1
1
1
1
1
1
1
1
1
1
1
1
1
1
1
0.998219
1
1
1
1
1
1
1
1
1
1
1
1
1
1
1
1
1
1
1
1
0.99977
1
1
1
1
1
1
1
1
1
0.999999
1
1
1
)
;

boundaryField
{
    frontback
    {
        type            empty;
    }
    topbottom
    {
        type            zeroGradient;
    }
    outlet
    {
        type            zeroGradient;
    }
    inlet
    {
        type            fixedValue;
        value           uniform 1;
    }
    walls
    {
        type            zeroGradient;
    }
    procBoundary0to1
    {
        type            processor;
        value           nonuniform List<scalar> 
104
(
1
1
1
1
1
1
1
1
1
0.999912
1
1
1
1.00039
1.00023
1
1
1
0.999941
1
1
1
1
1
1
1
1
1
1
1
1
1
1
1
0.999996
0.999999
1
1
1
1
1
1
0.999904
1
1
1
1
1
1
1
1
1
1
1
0.997455
1
1.00006
1
1
1
1
1
1
1
1
1
1
1
1
1
1
1
1
1
1
1
1
1
1
1
1
0.995188
1
1
1
1
1
1
1
1
1
1
0.99999
1
1
1
1
1
1
1
1
1
1
1
)
;
    }
    procBoundary0to2
    {
        type            processor;
        value           nonuniform List<scalar> 
83
(
1
1
1
1
1
1
1
1
1
1
1
1
1
1
1
1
1
1
1
1
1
1
1
1
1
1
1
1
1
1
1
1
1
1
1
1
1
1
1
1
1
1
1
1
1
1
1
1
1
1
1
1
1
1
1
1
1
1
1
1
1
1
0.998797
1
1
1
1
1
1
1
1
1
1
1
1
1
1
1
1
1
1
1
1
)
;
    }
}


// ************************************************************************* //
