/*--------------------------------*- C++ -*----------------------------------*\
| =========                 |                                                 |
| \\      /  F ield         | OpenFOAM: The Open Source CFD Toolbox           |
|  \\    /   O peration     | Version:  v2012                                 |
|   \\  /    A nd           | Website:  www.openfoam.com                      |
|    \\/     M anipulation  |                                                 |
\*---------------------------------------------------------------------------*/
FoamFile
{
    version     2.0;
    format      ascii;
    class       labelList;
    location    "constant/polyMesh";
    object      pointProcAddressing;
}
// * * * * * * * * * * * * * * * * * * * * * * * * * * * * * * * * * * * * * //


14332
(
2
6
10
14
181
182
183
184
185
186
187
188
189
190
191
192
193
194
195
196
197
198
199
200
201
202
203
204
205
206
207
208
209
210
211
212
213
214
252
253
254
255
256
257
258
259
260
261
262
263
264
265
266
267
268
269
270
271
272
273
274
275
276
277
278
279
280
281
282
283
284
285
286
287
288
289
290
291
292
293
294
295
296
297
298
299
300
301
302
303
304
305
306
307
308
309
310
311
312
313
314
315
316
317
318
319
320
321
322
323
324
325
326
327
328
329
330
331
332
333
334
335
336
337
338
339
340
341
342
343
344
345
346
347
574
575
576
577
578
579
580
581
582
583
584
585
586
587
588
589
590
591
592
593
594
595
596
597
598
599
600
601
602
603
604
605
606
607
608
609
610
611
612
613
614
615
616
617
618
935
936
937
938
939
940
941
942
943
944
945
946
947
948
949
950
951
952
953
954
955
956
957
958
959
960
961
962
963
964
965
966
967
968
1006
1007
1008
1009
1010
1011
1012
1013
1014
1015
1016
1017
1018
1019
1020
1021
1022
1023
1024
1025
1026
1027
1028
1029
1030
1031
1032
1033
1034
1035
1036
1037
1038
1039
1040
1041
1042
1043
1044
1045
1046
1047
1048
1049
1050
1051
1052
1053
1054
1055
1056
1057
1058
1059
1060
1061
1062
1063
1064
1065
1066
1067
1068
1069
1070
1071
1072
1073
1074
1075
1076
1077
1078
1079
1080
1081
1082
1083
1084
1085
1086
1087
1088
1089
1090
1091
1092
1093
1094
1095
1096
1097
1098
1099
1100
1101
1328
1329
1330
1331
1332
1333
1334
1335
1336
1337
1338
1339
1340
1341
1342
1343
1344
1345
1346
1347
1348
1349
1350
1351
1352
1353
1354
1355
1356
1357
1358
1359
1360
1361
1362
1363
1364
1365
1366
1367
1368
1369
1370
1371
1372
1524
1526
1544
1545
1553
1562
1563
1566
1569
1571
1573
1574
1575
1576
1580
1581
1588
1589
1593
1599
1601
1605
1608
1614
1618
1623
1625
1629
1634
1640
1663
1667
1671
1672
1677
1681
1683
1687
1690
1693
1695
1698
1699
1700
1701
1703
1705
1709
1721
1726
1727
1729
1732
1739
1744
1745
1749
1750
1751
1752
1754
1755
1756
1763
1764
2160
2161
2162
2163
2164
2165
2166
2167
2168
2169
2170
2171
2172
2173
2174
2175
2176
2177
2178
2179
2180
2181
2182
2183
2184
2185
2186
2187
2188
2189
2190
2191
2192
2193
2194
2195
2196
2197
2203
2204
2205
2206
2207
2208
2210
2211
2212
2213
2217
2218
2219
2220
2221
2222
2223
2224
2227
2228
2229
2231
2232
2233
2234
2235
2237
2238
2239
2240
2241
2242
2244
2245
2246
2247
2248
2249
2250
2251
2252
2253
2254
2255
2256
2257
2258
2259
2260
2261
2262
2263
2264
2265
2266
2267
2268
2269
2270
2271
2272
2273
2274
2275
2276
2277
2278
2279
2280
2281
2282
2283
2284
2285
2286
2287
2288
2289
2290
2291
2292
2293
2294
2295
2296
2297
2339
2340
2341
2389
2393
2394
2397
2398
2400
2403
2404
2407
2408
2411
2412
2413
2415
2416
2419
2420
2421
2422
2423
2424
2428
2429
2430
2431
2434
2435
2436
2437
2441
2442
2445
2446
2448
2449
2450
2453
2454
2455
2456
2457
2458
2459
2460
2461
2462
2463
2468
2469
2470
2471
2472
2473
2477
2478
2514
2515
2516
2517
2519
2520
2521
2522
2523
2526
2527
2528
2529
2530
2531
2532
2533
2534
2535
2536
2537
2540
2541
2542
2543
2544
2545
2546
2547
2548
2551
2552
2553
2554
2555
2558
2559
2560
2561
2562
2563
2564
2565
2568
2569
2570
2571
2573
2574
2577
2578
2579
2580
2581
2582
2583
2584
2585
2586
2587
2588
2589
2590
2591
2595
2596
2597
2598
2599
2600
2601
2602
2603
2604
2606
2607
2608
2609
2610
2611
2618
2619
2620
2621
2622
2623
2624
2625
2628
2629
2632
2855
2856
2857
2860
2861
2862
2863
2865
2866
2871
2872
2873
2874
2875
2876
2877
2878
2879
2880
2881
2882
2883
2884
2885
2886
2888
2889
2890
2891
2892
2894
2895
2896
2897
2898
2900
2901
2902
2903
2904
2905
2906
2907
2908
2909
2910
2911
2912
2913
2914
2915
2916
2917
2920
2921
2922
2924
2925
2926
2927
2928
2929
2930
2931
2932
2933
2934
2935
2936
2937
2938
2939
2940
2941
2942
2943
2944
2945
2946
2947
2948
2949
2950
2951
2952
2956
2957
2958
2959
2960
2961
2962
2963
2964
2965
2966
2967
2968
2969
2972
2973
2975
2976
2977
2978
2979
2980
2981
2982
2983
2984
2985
2986
2987
2988
2989
2992
2993
2994
2995
2996
2997
2998
2999
3000
3001
3002
3003
3004
3005
3006
3007
3008
3009
3010
3011
3012
3013
3014
3015
3016
3017
3018
3019
3020
3021
3022
3023
3024
3025
3026
3027
3028
3029
3030
3031
3032
3033
3034
3035
3036
3037
3038
3039
3040
3041
3042
3043
3044
3045
3046
3047
3048
3049
3050
3063
3064
3180
3191
3192
3201
3207
3209
3210
3211
3213
3214
3215
3216
3217
3218
3220
3234
3235
3236
3240
3241
3243
3244
3245
3246
3249
3265
3278
3279
3280
3281
3282
3283
3312
3313
3314
3315
3316
3317
3318
3319
3330
3331
3332
3333
3334
3335
3341
3342
3343
3344
3345
3346
3347
3348
3351
3355
3368
3369
3370
3371
3372
3373
3377
3381
3382
3441
3442
3445
3446
3447
3448
3449
3450
3453
3468
3469
3470
3472
3473
3494
3495
3501
3504
3505
3510
3511
3518
3564
3565
3587
3588
3589
3590
3591
3592
3593
3594
3595
3596
3597
3598
3599
3600
3601
3602
3603
3604
3605
3606
3607
3608
3613
3614
3615
3616
3617
3619
3624
3627
3628
3633
3634
3647
3648
3649
3650
3651
3652
3653
3667
3668
3672
3673
3684
3685
3686
3687
3688
3690
3691
3692
3695
3698
3699
3700
3701
3702
3703
3704
3705
3706
3707
3708
3709
3710
3711
3712
3713
3714
3715
3716
3717
3718
3719
3723
3726
3727
3728
3729
3730
3731
4103
4104
4105
4109
4110
4111
4112
4119
4120
4121
4126
4127
4134
4135
4136
4137
4138
4140
4141
4145
4148
4149
4153
4154
4158
4159
4160
4161
4396
4403
4405
4407
4412
4416
4417
4419
4420
4459
4470
4471
4475
4476
4477
4478
4479
4480
4481
4482
4483
4484
4485
4489
4490
4494
4495
4604
4605
4606
4607
4608
4609
4610
4611
4612
4613
4614
4615
4626
4627
4628
4630
4631
4632
4633
4634
4635
4636
4637
4638
4639
4640
4641
4642
4645
4646
4647
4648
4649
4650
4651
4652
4653
4654
4655
4656
4657
4658
4659
4660
4665
4668
4669
4670
4671
4672
4673
4676
4716
4725
4726
4727
4728
4729
4730
4731
4733
4734
4735
4737
4738
4792
4793
4794
4797
4798
4801
4802
4826
4827
4828
4829
4830
4831
4832
4833
4834
4835
4836
4837
4838
4839
4840
4841
4842
4843
4844
4845
4846
4847
4848
4849
4850
4851
4852
4853
4854
4855
4856
4857
4858
4859
4860
4863
4865
4866
4867
4868
4869
4870
4900
4901
4915
4918
4924
4932
4933
4934
4935
4936
4938
4941
4944
4946
4947
4950
4954
4955
4974
4975
4997
4998
5013
5014
5015
5016
5019
5020
5070
5071
5072
5073
5076
5077
5081
5088
5089
5106
5107
5108
5109
5110
5111
5112
5113
5114
5115
5116
5117
5118
5119
5120
5121
5122
5123
5124
5125
5126
5127
5128
5129
5130
5131
5132
5133
5134
5135
5136
5137
5138
5139
5140
5141
5142
5143
5144
5145
5146
5147
5148
5149
5150
5151
5152
5153
5154
5155
5156
5157
5158
5159
5160
5161
5162
5163
5164
5165
5166
5167
5168
5169
5170
5179
5180
5183
5185
5186
5187
5188
5211
5212
5214
5216
5217
5218
5219
5220
5221
5224
5225
5226
5227
5228
5230
5231
5232
5233
5236
5237
5238
5239
5240
5251
5252
5253
5254
5255
5256
5257
5258
5259
5260
5261
5262
5263
5264
5265
5266
5267
5268
5269
5270
5271
5272
5273
5274
5275
5276
5277
5278
5279
5280
5281
5282
5283
5284
5285
5286
5287
5288
5289
5290
5291
5292
5293
5294
5295
5296
5492
5493
5494
5519
5521
5529
5530
5531
5532
5533
5534
5535
5536
5537
5538
5539
5540
5541
5542
5543
5544
5545
5546
5547
5548
5549
5550
5551
5552
5553
5554
5555
5556
5557
5568
5569
5570
5571
5573
5588
5589
5590
5598
5602
5608
5615
5618
5620
5621
5627
5628
5630
5631
5632
5638
5639
5640
5641
5642
5650
5653
5660
5662
5663
5664
5665
5668
5669
5670
5671
5675
5676
5677
5678
5679
5680
5681
5682
5683
5684
5685
5687
5691
5724
5725
5726
5727
5728
5730
5731
5732
5733
5734
5735
5736
5737
5738
5739
5740
5741
5742
5743
5744
5745
5746
5747
5748
5749
5750
5794
5795
5796
5797
5798
5799
5802
5803
5805
5806
5807
5808
5809
5810
5811
5812
5817
5819
5821
5822
5843
5847
5848
5849
5850
5858
5861
5863
5877
5878
5879
5882
5883
5885
5888
5896
5897
5898
5899
5900
5910
5911
5912
5913
5914
5915
5916
5917
5918
5920
5922
5923
5925
5926
5927
5928
5929
5937
5938
5939
5940
5941
5942
5943
5944
5945
5946
5947
5948
5949
5950
5951
5952
5953
5958
5959
6085
6087
6091
6136
6137
6157
6158
6160
6161
6162
6163
6168
6250
6255
6256
6296
6297
6298
6306
6308
6310
6311
6312
6313
6314
6315
6316
6317
6318
6319
6338
6340
6344
6347
6348
6350
6351
6416
6417
6424
6425
6426
6431
6432
6433
6436
6437
6471
6472
6473
6474
6477
6478
6479
6608
6609
6612
6613
6614
6615
6668
6669
6673
6695
6708
6709
6710
6711
6713
6724
6737
6738
6739
6740
6742
6753
6773
6774
6777
6919
6920
6921
6922
6923
6924
6925
6926
6927
6928
6929
6930
6931
6932
6933
6934
6935
6936
6937
6938
6939
6940
6941
6942
6943
6944
6945
6946
6947
6948
6949
6950
6951
6952
6953
6954
6955
6956
6957
6958
6959
6960
6961
6963
6964
6965
6966
6967
6969
6970
6972
6973
6975
6976
6977
6978
6979
6980
6981
6982
6983
6984
6988
6990
6991
7116
7117
7118
7119
7120
7121
7123
7124
7125
7126
7128
7129
7134
7139
7140
7150
7151
7155
7156
7160
7186
7187
7188
7203
7221
7222
7226
7236
7237
7238
7242
7243
7253
7254
7255
7256
7261
7262
7265
7266
7267
7268
7269
7272
7275
7276
7277
7278
7279
7280
7281
7282
7283
7284
7285
7286
7287
7288
7289
7290
7291
7298
7299
7300
7313
7319
7320
7321
7322
7324
7325
7359
7360
7361
7367
7368
7374
7375
7378
7379
7388
7390
7391
7392
7393
7403
7411
7412
7413
7414
7417
7418
7419
7420
7421
7422
7423
7424
7425
7426
7427
7428
7429
7430
7431
7442
7444
7445
7446
7461
7466
7467
7468
7471
7472
7477
7482
7490
7491
7492
7497
7498
7513
7520
7521
7523
7528
7529
7530
7533
7541
7543
7547
7551
7552
7553
7554
7592
7604
7628
7633
7634
7638
7641
7642
7643
7644
7645
7646
7647
7650
7662
7667
7678
7680
7684
7685
7686
7687
7694
7747
7750
7751
7762
7766
7767
7775
7797
7798
7800
7801
7802
7824
7825
7826
7827
7828
7829
7830
7831
7832
7833
7834
7835
7836
7837
7838
7839
7840
7841
7842
7843
7853
7854
7857
7858
7859
7860
7861
7862
7863
7869
7870
7875
7876
7883
7950
7952
7957
7958
7959
7969
7984
8097
8104
8110
8114
8123
8124
8125
8128
8132
8135
8146
8147
8166
8167
8168
8169
8170
8171
8174
8176
8190
8191
8192
8193
8194
8195
8196
8198
8200
8201
8244
8247
8255
8257
8260
8261
8262
8263
8264
8266
8267
8268
8269
8270
8272
8273
8300
8304
8305
8306
8307
8308
8326
8339
8340
8347
8348
8349
8350
8355
8356
8357
8358
8359
8360
8361
8362
8364
8377
8378
8379
8380
8382
8384
8390
8393
8394
8395
8397
8400
8404
8405
8406
8407
8408
8409
8410
8411
8412
8413
8414
8415
8416
8417
8418
8419
8420
8421
8422
8423
8424
8425
8426
8434
8436
8438
8439
8441
8442
8443
8444
8445
8446
8447
8448
8449
8450
8452
8453
8454
8455
8456
8457
8458
8459
8460
8461
8462
8463
8466
8471
8472
8473
8474
8475
8476
8477
8478
8485
8492
8495
8498
8499
8500
8503
8504
8505
8506
8507
8508
8509
8510
8515
8516
8517
8518
8519
8520
8521
8522
8523
8524
8525
8526
8527
8528
8529
8530
8531
8532
8533
8534
8535
8536
8537
8538
8539
8540
8541
8542
8543
8544
8545
8546
8547
8548
8549
8550
8551
8552
8553
8554
8555
8556
8557
8558
8559
8560
8561
8562
8563
8564
8565
8566
8567
8568
8569
8570
8571
8572
8573
8574
8575
8576
8577
8578
8579
8591
8592
8595
8596
8597
8610
8619
8620
8621
8622
8623
8624
8625
8626
8627
8629
8630
8631
8632
8644
8648
8653
8654
8655
8656
8657
8658
8659
8660
8661
8677
8697
8720
8725
8727
8764
8819
8824
8825
8830
8835
8836
8837
8838
8896
8900
8901
8906
8907
8910
8918
8919
8924
8925
8930
8935
8940
8949
8951
8952
8963
8970
8971
8972
8973
8974
8975
8976
8977
8978
8979
8982
9013
9022
9035
9037
9038
9048
9170
9171
9172
9173
9174
9175
9176
9177
9178
9179
9180
9181
9182
9183
9186
9187
9188
9189
9200
9201
9211
9212
9219
9222
9223
9224
9232
9234
9235
9236
9241
9255
9256
9257
9258
9259
9260
9264
9269
9272
9279
9280
9281
9282
9283
9294
9295
9296
9297
9298
9299
9300
9301
9302
9319
9320
9322
9339
9340
9354
9397
9398
9400
9401
9402
9404
9408
9409
9413
9422
9423
9424
9425
9426
9427
9428
9432
9474
9477
9479
9480
9481
9482
9489
9490
9493
9494
9501
9502
9503
9504
9505
9506
9507
9508
9509
9510
9511
9512
9513
9514
9515
9517
9518
9528
9529
9545
9547
9548
9549
9550
9551
9552
9553
9554
9555
9556
9557
9558
9568
9569
9570
9586
9587
9591
9592
9614
9615
9625
9626
9627
9630
9633
9634
9635
9636
9637
9638
9639
9640
9641
9642
9643
9644
9645
9646
9647
9648
9652
9665
9673
9675
9676
9677
9683
9693
9694
9700
9701
9702
9708
9709
9719
9726
9727
9729
9730
9731
9734
9735
9736
9743
9760
9761
9763
9768
9769
9771
9776
9777
9778
9804
9805
9806
9807
9814
9815
9816
9828
9832
9833
9834
9839
9840
9842
9843
9848
9849
9853
9854
9855
9858
9868
9871
9872
9873
9874
9876
9882
9887
9890
9891
9892
9893
9896
9900
9904
9905
9906
9907
9909
9915
9916
9917
9918
9919
9920
9922
9927
9928
9929
9930
9931
9932
9933
9934
9935
9936
9950
9951
9952
9953
9954
9955
9956
9966
9971
9972
9973
9978
9979
9995
10017
10018
10020
10021
10022
10026
10034
10035
10036
10057
10058
10083
10084
10085
10086
10087
10095
10096
10107
10109
10110
10114
10119
10120
10121
10122
10123
10124
10128
10129
10136
10137
10142
10143
10151
10152
10153
10163
10164
10165
10166
10172
10173
10174
10175
10176
10177
10178
10179
10181
10184
10186
10187
10188
10189
10190
10191
10192
10193
10194
10195
10196
10197
10202
10203
10204
10208
10209
10210
10211
10212
10213
10214
10215
10216
10217
10218
10219
10220
10221
10222
10223
10224
10225
10226
10227
10228
10229
10230
10231
10232
10233
10234
10235
10236
10237
10238
10239
10240
10241
10242
10243
10246
10247
10248
10253
10254
10305
10307
10308
10311
10371
10412
10413
10414
10415
10416
10417
10500
10501
10503
10504
10505
10506
10508
10509
10510
10511
10519
10520
10523
10558
10561
10562
10576
10598
10599
10600
10601
10602
10603
10609
10610
10611
10612
10613
10614
10615
10616
10617
10618
10619
10620
10621
10622
10623
10624
10625
10626
10659
10667
10668
10669
10730
10732
10733
10756
10757
10758
10764
10765
10767
10768
10769
10770
10771
10772
10773
10774
10775
10776
10777
10778
10779
10780
10784
10785
10794
10803
10809
10813
10814
10815
10816
10817
10827
10828
10831
10832
10833
10834
10835
10837
10844
10845
10846
10847
10848
10850
10851
10852
10853
10854
10855
10856
10857
10858
10859
10860
10861
10862
10863
10864
10867
10868
10869
10870
10873
10874
10875
10877
10878
10879
10880
10881
10882
10883
10884
10885
10886
10887
10888
10889
10890
10892
10893
10894
10895
10896
10902
10903
10946
10947
10948
10949
10950
10951
10952
10953
10954
10955
10956
10957
10958
10959
10960
10961
10962
10963
10964
10965
10966
10967
10968
10969
10970
10971
10972
10973
10974
10975
10976
10977
10978
10981
10992
10993
10994
11028
11031
11032
11033
11034
11035
11036
11037
11038
11039
11040
11041
11042
11043
11044
11045
11046
11047
11048
11056
11061
11062
11066
11069
11070
11071
11072
11073
11074
11075
11076
11077
11078
11079
11080
11081
11082
11083
11084
11085
11086
11087
11088
11089
11090
11091
11092
11093
11094
11095
11096
11097
11098
11099
11100
11101
11102
11104
11105
11106
11107
11108
11110
11111
11122
11123
11124
11125
11133
11134
11136
11137
11138
11139
11140
11149
11150
11153
11154
11155
11156
11157
11158
11160
11164
11165
11166
11167
11168
11173
11174
11175
11176
11177
11186
11243
11244
11245
11246
11252
11257
11258
11259
11260
11261
11263
11264
11265
11266
11268
11269
11276
11285
11287
11288
11290
11292
11314
11315
11316
11317
11318
11319
11320
11321
11322
11323
11324
11325
11326
11327
11328
11329
11330
11331
11332
11333
11346
11347
11349
11354
11358
11359
11365
11366
11372
11376
11386
11387
11391
11392
11393
11395
11398
11399
11400
11401
11402
11403
11404
11407
11409
11455
11456
11458
11459
11460
11469
11475
11477
11490
11491
11492
11495
11496
11497
11498
11499
11500
11501
11569
11570
11571
11572
11573
11576
11589
11601
11604
11611
11619
11620
11621
11634
11635
11636
11639
11648
11649
11650
11651
11652
11653
11654
11656
11661
11671
11695
11696
11697
11698
11705
11706
11707
11708
11709
11710
11711
11726
11735
11739
11748
11753
11754
11760
11761
11765
11774
11775
11776
11777
11781
11782
11783
11784
11786
11808
11812
11813
11814
11815
11816
11817
11823
11824
11825
11849
11855
11856
11866
11868
11869
11870
11871
11872
11877
11878
11879
11880
11881
11884
11889
11890
11891
11904
11905
11906
11907
11908
11915
11916
11917
11919
11920
11921
11926
11927
11928
11944
11949
11950
11951
11952
11955
11956
11957
11959
11960
11961
11966
11967
11976
11997
12011
12014
12015
12016
12017
12018
12019
12020
12021
12022
12023
12024
12025
12026
12027
12028
12029
12030
12031
12032
12033
12034
12035
12036
12037
12040
12041
12050
12051
12052
12053
12054
12056
12057
12058
12062
12063
12065
12066
12068
12070
12071
12072
12085
12089
12092
12107
12108
12117
12119
12128
12129
12130
12131
12132
12133
12134
12135
12136
12137
12143
12146
12147
12157
12159
12160
12164
12166
12167
12168
12169
12170
12171
12173
12174
12175
12176
12179
12180
12195
12196
12206
12212
12220
12221
12227
12235
12240
12241
12242
12243
12244
12245
12246
12247
12248
12249
12250
12251
12253
12257
12259
12260
12265
12266
12267
12268
12269
12271
12272
12280
12281
12282
12284
12285
12288
12303
12311
12313
12317
12319
12320
12321
12326
12332
12333
12344
12346
12349
12350
12355
12364
12371
12372
12374
12378
12379
12380
12385
12386
12395
12414
12415
12419
12420
12421
12424
12426
12427
12431
12432
12435
12440
12448
12452
12453
12457
12458
12459
12461
12465
12467
12468
12469
12471
12480
12481
12482
12491
12492
12493
12498
12499
12501
12502
12513
12514
12525
12526
12542
12548
12559
12562
12563
12564
12565
12566
12567
12568
12570
12571
12609
12613
12614
12615
12617
12624
12626
12630
12631
12632
12635
12641
12643
12645
12651
12652
12655
12659
12662
12663
12665
12666
12671
12674
12675
12677
12678
12683
12693
12694
12698
12701
12704
12705
12706
12707
12708
12709
12710
12711
12712
12713
12714
12715
12716
12717
12718
12719
12720
12721
12722
12723
12724
12725
12726
12727
12728
12729
12730
12731
12732
12733
12743
12770
12771
12772
12781
12783
12792
12795
12796
12797
12798
12809
12810
12812
12813
12814
12815
12820
12831
12835
12836
12844
12845
12846
12847
12853
12856
12861
12862
12878
12894
12895
12896
12897
12898
12901
12902
12905
12906
12908
12916
12918
12919
12922
12935
12937
12938
12941
12946
12951
12952
12954
12958
12959
12980
12981
12987
12998
12999
13001
13002
13003
13004
13007
13010
13011
13012
13015
13018
13019
13020
13027
13030
13033
13034
13035
13042
13044
13046
13059
13060
13061
13065
13077
13078
13079
13080
13081
13082
13083
13084
13085
13086
13087
13088
13089
13090
13091
13092
13093
13094
13095
13118
13119
13120
13126
13128
13166
13167
13168
13174
13178
13180
13184
13185
13200
13208
13209
13212
13216
13219
13223
13240
13244
13255
13257
13258
13259
13262
13268
13290
13321
13325
13326
13336
13369
13370
13396
13403
13404
13410
13416
13417
13461
13464
13480
13481
13482
13497
13498
13516
13517
13519
13520
13523
13529
13531
13532
13564
13566
13567
13568
13569
13579
13580
13581
13582
13585
13589
13590
13591
13594
13595
13603
13604
13605
13612
13613
13622
13623
13624
13625
13626
13633
13634
13639
13640
13641
13642
13643
13644
13645
13647
13648
13649
13650
13651
13652
13653
13654
13655
13657
13661
13664
13665
13666
13667
13683
13684
13685
13686
13695
13705
13706
13707
13708
13709
13710
13711
13727
13734
13735
13739
13740
13742
13743
13744
13746
13748
13749
13770
13776
13783
13796
13797
13798
13799
13803
13804
13805
13808
13809
13815
13816
13823
13833
13835
13836
13848
13849
13850
13851
13852
13853
13854
13855
13856
13857
13858
13863
13867
13869
13871
13872
13873
13874
13903
13904
13905
13906
13907
13908
13909
13910
13911
13912
13913
13914
13915
13916
13929
13932
13933
13934
13935
13939
13944
13945
13948
13952
13955
13956
13957
13958
13959
13960
13961
13965
13966
13967
13968
13969
13970
13971
13973
13980
13982
13985
13986
13987
13988
13989
13990
13991
13992
13993
13994
13999
14012
14017
14035
14036
14039
14041
14043
14044
14062
14066
14067
14068
14076
14078
14080
14081
14096
14097
14098
14099
14100
14104
14105
14106
14107
14109
14110
14112
14114
14124
14130
14135
14145
14148
14156
14161
14162
14165
14170
14171
14175
14177
14179
14180
14182
14205
14214
14218
14219
14220
14222
14224
14232
14233
14234
14238
14239
14243
14245
14246
14251
14252
14253
14259
14261
14312
14319
14357
14372
14373
14374
14375
14376
14377
14378
14379
14380
14411
14419
14428
14429
14430
14431
14435
14440
14441
14442
14443
14444
14445
14447
14448
14455
14457
14458
14480
14496
14501
14503
14507
14508
14512
14513
14514
14515
14516
14521
14529
14531
14534
14537
14549
14554
14555
14563
14564
14569
14570
14571
14576
14577
14578
14579
14581
14582
14588
14590
14598
14600
14631
14639
14641
14646
14647
14648
14652
14653
14661
14662
14663
14664
14665
14679
14700
14705
14706
14711
14713
14717
14777
14786
14793
14794
14795
14796
14797
14820
14828
14841
14842
14843
14844
14856
14874
14875
14876
14882
14883
14889
14890
14921
14922
14923
14930
14937
14946
14947
14948
14951
14977
14983
14984
14990
14991
14992
14993
14994
14997
15000
15001
15002
15003
15004
15010
15011
15017
15018
15023
15026
15027
15028
15029
15030
15031
15045
15048
15081
15085
15086
15095
15099
15109
15110
15111
15116
15124
15125
15126
15142
15167
15179
15180
15184
15185
15196
15197
15227
15228
15229
15236
15237
15238
15241
15242
15245
15259
15260
15261
15262
15263
15264
15265
15271
15275
15276
15277
15288
15292
15293
15307
15308
15311
15312
15313
15314
15315
15319
15320
15337
15340
15362
15368
15369
15370
15371
15379
15382
15393
15404
15407
15408
15409
15410
15412
15416
15417
15430
15431
15434
15441
15451
15452
15453
15457
15464
15466
15467
15470
15473
15474
15476
15477
15478
15480
15481
15482
15483
15499
15500
15510
15511
15512
15520
15532
15533
15534
15536
15538
15540
15541
15545
15546
15547
15550
15552
15556
15558
15560
15561
15562
15565
15566
15573
15574
15575
15576
15577
15578
15579
15580
15582
15583
15584
15588
15589
15592
15593
15596
15597
15600
15605
15621
15622
15623
15624
15625
15626
15627
15629
15630
15631
15635
15636
15637
15638
15639
15645
15646
15647
15649
15650
15656
15657
15658
15662
15663
15667
15672
15673
15682
15686
15687
15688
15689
15690
15691
15692
15693
15694
15695
15704
15705
15706
15707
15717
15718
15719
15726
15727
15728
15735
15736
15737
15738
15739
15744
15745
15746
15747
15748
15749
15750
15751
15752
15761
15767
15768
15769
15782
15785
15786
15809
15814
15815
15816
15820
15821
15822
15823
15824
15826
15827
15828
15829
15832
15833
15838
15840
15844
15847
15848
15849
15851
15852
15853
15855
15856
15861
15864
15865
15866
15867
15868
15877
15878
15879
15885
15887
15891
15892
15893
15900
15913
15914
15915
15924
15927
15928
15929
15930
15942
15947
15953
15967
15974
15975
15982
15983
15984
15985
15986
15987
15988
15989
15990
15991
15992
15993
15994
15995
15996
15997
15998
15999
16000
16001
16002
16003
16005
16010
16034
16039
16040
16041
16045
16046
16051
16054
16055
16057
16058
16059
16064
16082
16083
16099
16100
16113
16114
16115
16134
16141
16143
16147
16150
16161
16162
16175
16176
16177
16197
16201
16210
16211
16216
16217
16240
16250
16251
16255
16263
16266
16279
16280
16297
16307
16308
16309
16313
16314
16323
16324
16326
16334
16335
16340
16341
16342
16353
16359
16367
16375
16381
16382
16389
16394
16406
16407
16410
16417
16418
16427
16432
16434
16435
16437
16443
16444
16445
16452
16456
16459
16484
16488
16489
16492
16493
16502
16508
16509
16510
16511
16519
16520
16523
16524
16528
16537
16544
16545
16551
16555
16565
16570
16575
16576
16577
16578
16587
16588
16592
16593
16599
16601
16602
16603
16608
16609
16612
16613
16617
16618
16622
16626
16627
16632
16633
16636
16639
16653
16655
16658
16663
16669
16670
16671
16672
16673
16680
16683
16696
16700
16701
16702
16713
16714
16716
16717
16718
16723
16737
16739
16745
16746
16747
16748
16749
16751
16766
16772
16774
16775
16776
16777
16778
16779
16780
16781
16782
16783
16795
16796
16806
16814
16850
16852
16853
16854
16855
16856
16871
16874
16875
16876
16877
16879
16888
16889
16892
16893
16899
16900
16908
16909
16916
16921
16937
16938
16944
16948
16955
16956
16967
16968
16974
16979
16992
17009
17014
17015
17020
17029
17030
17031
17032
17033
17035
17048
17049
17050
17053
17054
17091
17104
17110
17111
17112
17114
17124
17132
17137
17140
17141
17142
17143
17147
17150
17184
17217
17220
17221
17226
17227
17229
17234
17238
17239
17251
17254
17255
17264
17269
17271
17276
17281
17300
17301
17318
17319
17320
17321
17325
17326
17334
17335
17336
17345
17346
17348
17349
17350
17351
17352
17353
17357
17358
17359
17363
17364
17367
17368
17373
17375
17377
17381
17387
17405
17406
17409
17411
17412
17413
17415
17416
17417
17418
17421
17424
17425
17426
17433
17442
17443
17447
17448
17478
17482
17492
17493
17498
17499
17503
17504
17506
17507
17509
17510
17511
17515
17516
17518
17523
17528
17548
17555
17557
17558
17559
17572
17573
17574
17575
17576
17581
17582
17583
17585
17586
17593
17602
17606
17612
17619
17620
17627
17642
17645
17646
17647
17648
17649
17650
17653
17658
17676
17682
17685
17687
17688
17689
17690
17691
17692
17693
17694
17695
17696
17697
17698
17699
17700
17701
17702
17704
17705
17720
17729
17730
17731
17741
17742
17743
17744
17745
17746
17747
17748
17749
17750
17751
17752
17753
17754
17765
17769
17771
17777
17784
17785
17808
17819
17820
17821
17822
17823
17831
17837
17838
17839
17854
17857
17859
17869
17894
17895
17909
17910
17911
17924
17925
17926
17927
17928
17929
17930
17933
17944
17945
17953
17954
17955
17965
17966
17967
17968
17969
17970
17982
17984
17998
17999
18000
18003
18004
18005
18009
18023
18024
18025
18026
18054
18059
18060
18062
18063
18097
18098
18099
18100
18101
18102
18103
18104
18105
18106
18107
18108
18109
18132
18133
18138
18139
18140
18144
18145
18146
18147
18148
18149
18150
18151
18152
18153
18154
18155
18156
18157
18160
18161
18162
18163
18164
18165
18166
18167
18168
18169
18178
18179
18196
18199
18217
18253
18254
18255
18256
18271
18272
18273
18274
18275
18276
18277
18278
18279
18280
18281
18282
18329
18345
18346
18347
18348
18349
18364
18365
18374
18375
18376
18377
18378
18379
18380
18381
18382
18383
18384
18385
18386
18399
18400
18401
18402
18406
18412
18417
18418
18420
18421
18427
18453
18459
18461
18468
18469
18470
18487
18488
18489
18490
18491
18492
18493
18494
18503
18510
18511
18519
18553
18554
18555
18557
18593
18594
18596
18599
18600
18601
18602
18603
18604
18605
18606
18607
18608
18609
18610
18611
18612
18613
18614
18615
18616
18617
18618
18619
18620
18621
18622
18623
18624
18625
18626
18627
18628
18629
18630
18631
18653
18654
18655
18656
18657
18658
18659
18665
18666
18667
18668
18669
18676
18677
18683
18687
18688
18696
18697
18730
18731
18751
18752
18760
18769
18770
18771
18772
18773
18774
18796
18805
18902
18903
18904
18906
18907
18908
18914
18977
18978
18979
18980
18981
18982
18983
18984
18985
18986
18988
18989
18999
19000
19017
19018
19020
19047
19065
19066
19067
19068
19069
19089
19090
19091
19109
19110
19111
19125
19147
19149
19150
19151
19152
19153
19154
19155
19156
19157
19158
19159
19160
19161
19162
19163
19164
19165
19166
19167
19169
19179
19180
19181
19182
19194
19196
19197
19198
19199
19224
19225
19226
19228
19236
19239
19240
19241
19264
19265
19266
19287
19296
19301
19302
19303
19304
19321
19322
19323
19332
19333
19335
19336
19337
19338
19339
19340
19341
19342
19349
19350
19351
19385
19402
19403
19404
19418
19424
19441
19442
19443
19444
19445
19446
19447
19448
19470
19482
19483
19484
19498
19501
19514
19517
19527
19528
19529
19530
19531
19545
19546
19547
19548
19549
19550
19551
19552
19553
19554
19555
19556
19557
19558
19560
19561
19562
19579
19580
19596
19597
19598
19599
19608
19637
19671
19673
19708
19709
19710
19711
19712
19713
19714
19715
19716
19718
19719
19720
19724
19725
19726
19750
19768
19769
19773
19811
19812
19813
19828
19830
19836
19837
19838
19839
19840
19841
19842
19843
19844
19854
19855
19859
19877
19880
19885
19891
19892
19893
19894
19899
19906
19922
19923
19924
19943
19944
19945
19946
19948
19979
19980
19981
19982
19990
19991
19992
20021
20022
20023
20024
20025
20026
20027
20028
20029
20030
20031
20032
20033
20044
20046
20060
20079
20080
20081
20102
20105
20106
20107
20120
20122
20123
20129
20130
20138
20139
20140
20141
20142
20143
20151
20152
20153
20154
20155
20159
20162
20167
20184
20185
20188
20189
20220
20221
20225
20226
20227
20228
20229
20230
20231
20234
20249
20250
20251
20252
20253
20257
20258
20259
20260
20261
20270
20271
20275
20276
20277
20280
20290
20300
20301
20303
20304
20305
20315
20316
20317
20318
20319
20320
20321
20324
20325
20326
20327
20328
20329
20331
20340
20341
20343
20344
20353
20361
20362
20368
20373
20374
20375
20377
20379
20385
20387
20388
20396
20410
20411
20412
20413
20414
20419
20420
20422
20431
20432
20445
20451
20452
20466
20467
20468
20469
20517
20522
20536
20595
20600
20602
20603
20604
20605
20614
20634
20641
20647
20653
20658
20662
20681
20688
20700
20701
20704
20705
20707
20710
20714
20715
20716
20744
20746
20747
20763
20764
20767
20771
20773
20775
20776
20780
20782
20785
20796
20797
20798
20799
20800
20801
20802
20803
20805
20808
20809
20810
20812
20813
20814
20815
20816
20817
20818
20822
20831
20835
20841
20845
20846
20847
20848
20849
20850
20851
20852
20853
20854
20855
20864
20865
20887
20888
20889
20890
20891
20892
20903
20906
20920
20922
20923
20926
20927
20928
20929
20930
20932
20937
20939
20940
20945
20946
20951
20952
20954
20955
20956
20957
20958
20962
20972
20973
20976
20978
20981
20982
20985
20986
20995
20997
20998
21004
21005
21006
21010
21022
21023
21027
21028
21029
21030
21037
21038
21039
21042
21049
21051
21052
21053
21054
21058
21063
21074
21093
21094
21095
21097
21099
21100
21101
21105
21106
21109
21115
21116
21117
21129
21141
21142
21143
21146
21160
21161
21162
21163
21167
21171
21176
21182
21183
21193
21194
21197
21198
21199
21200
21202
21207
21210
21211
21214
21226
21227
21237
21238
21239
21240
21241
21246
21247
21250
21251
21255
21259
21260
21261
21262
21264
21265
21266
21267
21268
21281
21282
21283
21284
21286
21287
21288
21289
21290
21309
21310
21311
21312
21314
21316
21317
21322
21329
21348
21349
21350
21351
21354
21355
21356
21357
21358
21359
21360
21364
21370
21373
21374
21375
21376
21377
21378
21379
21380
21381
21382
21383
21384
21385
21387
21396
21403
21404
21405
21406
21408
21409
21410
21411
21412
21413
21416
21417
21419
21428
21440
21441
21442
21444
21447
21455
21457
21458
21459
21460
21463
21464
21465
21466
21468
21469
21470
21472
21473
21474
21475
21476
21477
21479
21480
21482
21483
21484
21485
21497
21498
21499
21500
21505
21506
21507
21512
21516
21518
21528
21529
21530
21531
21532
21533
21534
21539
21545
21546
21548
21549
21550
21551
21552
21553
21554
21555
21556
21559
21561
21564
21565
21566
21579
21580
21581
21587
21590
21591
21592
21593
21595
21606
21608
21610
21612
21634
21635
21636
21637
21638
21639
21640
21643
21644
21645
21646
21647
21649
21665
21668
21669
21670
21671
21672
21673
21674
21675
21677
21678
21679
21682
21683
21684
21686
21696
21697
21701
21704
21705
21706
21715
21716
21717
21718
21719
21720
21729
21730
21732
21736
21737
21744
21748
21755
21758
21759
21764
21765
21766
21775
21783
21784
21789
21792
21795
21800
21801
21802
21803
21806
21807
21809
21810
21811
21814
21815
21816
21818
21819
21831
21833
21835
21837
21838
21839
21840
21841
21842
21844
21853
21865
21866
21872
21873
21874
21875
21876
21878
21879
21880
21883
21885
21893
21894
21895
21912
21919
21923
21924
21925
21926
21929
21930
21932
21933
21934
21936
21937
21939
21940
21944
21945
21948
21958
21959
21966
21969
21970
21975
21976
21977
21984
21985
21989
21990
21991
21992
21996
22000
22003
22004
22005
22006
22007
22008
22009
22011
22013
22017
22021
22022
22023
22025
22027
22028
22030
22032
22035
22036
22037
22040
22043
22047
22048
22052
22056
22059
22060
22062
22063
22064
22065
22072
22073
22075
22076
22078
22079
22080
22081
22082
22088
22092
22095
22105
22109
22117
22119
22120
22122
22125
22126
22128
22129
22130
22132
22135
22137
22139
22140
22143
22145
22147
22148
22149
22150
22151
22152
22156
22157
22162
22163
22165
22169
22171
22174
22177
22178
22179
22184
22185
22189
22191
22192
22195
22197
22198
22199
22200
22201
22205
22208
22210
22213
22217
22218
22220
22227
22229
22231
22232
22233
22234
22235
22237
22239
22241
22242
22244
22245
22251
22252
22255
22256
22258
22261
22262
22264
22265
22270
22274
22275
22276
22279
22280
22281
22283
22286
22290
22293
22294
22295
22296
22300
22302
22305
22306
22307
22308
22310
22312
22314
22315
22317
22319
22325
22328
22330
22331
22332
22333
22338
22339
22352
22356
22357
22361
22362
22364
22365
22366
22369
22370
22371
22375
22381
22383
22384
22386
22387
22388
22391
22392
22393
22395
22400
22401
22402
22403
22406
22409
22410
22411
22412
22414
22415
22417
22418
22421
22422
22427
22428
22430
22431
22432
22433
22435
22436
22438
22440
22441
22444
22445
22446
22451
22455
22456
22458
22459
22460
22462
22463
22464
22466
22470
22474
22476
22478
22481
22483
22485
22486
22487
22489
22490
22491
22492
22496
22497
22499
22500
22502
22505
22507
22509
22513
22517
22530
22531
22534
22538
22539
22540
22541
22543
22544
22550
22552
22554
22564
22566
22567
22569
22571
22573
22578
22579
22583
22588
22589
22590
22591
22593
22595
22598
22600
22605
22607
22608
22611
22612
22615
22617
22619
22620
22622
22624
22629
22631
22633
22635
22640
22642
22645
22647
22654
22655
22658
22660
22667
22668
22669
22674
22675
22676
22679
22681
22682
22684
22685
22688
22693
22696
22697
22699
22701
22702
22703
22705
22706
22708
22709
22710
22713
22714
22716
22717
22718
22723
22728
22737
22738
22744
22745
22748
22749
22751
22754
22755
22757
22758
22759
22763
22764
22773
22775
22776
22778
22779
22783
22787
22790
22791
22794
22795
22796
22800
22803
22806
22817
22818
22827
22830
22833
22838
22840
22843
22846
22848
22858
22859
22871
22874
22889
22893
22894
22895
22897
22902
22904
22908
22917
22920
22930
22937
22938
22940
22947
22957
22958
22963
22965
22975
22980
22983
22986
22988
22991
22998
23012
23014
23022
23025
23036
23039
23041
23046
23064
23070
23071
23072
23073
23074
23081
23082
23083
23084
23087
23088
23090
23095
23096
23097
23099
23100
23102
23112
23122
23126
23128
23138
23140
23144
23145
23160
23175
23180
23185
23187
23188
23191
23192
23193
23194
23195
23198
23206
23208
23209
23212
23213
23217
23218
23219
23224
23225
23231
23232
23233
23234
23236
23237
23238
23241
23245
23246
23247
23248
23249
23251
23254
23257
23258
23261
23264
23268
23269
23277
23278
23289
23295
23301
23302
23306
23310
23317
23320
23321
23327
23332
23336
23342
23343
23344
23345
23347
23348
23354
23361
23362
23363
23364
23368
23369
23372
23379
23388
23390
23392
23397
23398
23400
23402
23403
23407
23417
23418
23421
23423
23431
23432
23444
23445
23451
23454
23457
23460
23463
23469
23474
23477
23484
23488
23490
23499
23501
23502
23503
23504
23512
23516
23517
23522
23524
23525
23532
23533
23537
23539
23541
23542
23545
23550
23551
23554
23561
23567
23570
23576
23578
23584
23588
23594
23597
23598
23600
23601
23603
23608
23612
23617
23625
23631
23641
23642
23648
23653
23654
23657
23659
23660
23679
23680
23682
23688
23689
23691
23692
23698
23700
23709
23710
23722
23728
23729
23732
23733
23734
23735
23741
23745
23760
23762
23764
23775
23778
23779
23784
23795
23804
23808
23812
23830
23834
23837
23840
23842
23845
23855
23860
23876
23877
23889
23896
23897
23911
23929
23942
23954
23961
23972
23991
23992
23993
24001
24003
24013
24014
24021
24023
24024
24025
24028
24030
24037
24047
24050
24055
24058
24079
24082
24094
24096
24105
24111
24115
24139
24163
24164
24165
24178
24179
24185
24191
24197
24206
24208
24212
24219
24232
24240
24249
24251
24255
24260
24269
24277
24281
24289
24291
24293
24294
24296
24297
24298
24302
24308
24311
24317
24324
24332
24334
24336
24340
24345
24353
24359
24365
24367
24369
24371
24380
24381
24384
24387
24398
24401
24402
24406
24407
24410
24411
24414
24418
24424
24425
24431
24434
24445
24450
24455
24457
24458
24463
24467
24472
24478
24479
24487
24488
24492
24500
24502
24507
24513
24515
24519
24521
24524
24530
24534
24543
24549
24552
24557
24566
24569
24570
24573
24575
24589
24590
24607
24609
24612
24614
24615
24623
24626
24627
24632
24633
24634
24636
24641
24643
24655
24656
24657
24661
24663
24664
24670
24679
24682
24683
24687
24693
24695
24698
24700
24702
24713
24723
24736
24737
24738
24739
24743
24754
24758
24764
24767
24770
24775
24776
24777
24780
24795
24796
24801
24805
24809
24812
24815
24816
24817
24819
24820
24821
24823
24825
24827
24831
24835
24836
24837
24843
24844
24854
24857
24860
24871
24876
24877
24878
24885
24888
24897
24898
24900
24901
24902
24904
24905
24906
24909
24911
24923
24925
24926
24928
24937
24938
24941
24951
24964
24969
24980
24981
24984
24987
24990
24991
24992
24999
25001
25003
25005
25009
25011
25019
25022
25024
25027
25039
25040
25055
25059
25064
25065
25074
25077
25086
25087
25088
25089
25093
25101
25105
25108
25111
25113
25114
25119
25124
25127
25138
25140
25143
25147
25154
25156
25158
25159
25164
25172
25175
25178
25187
25189
25194
25196
25197
25200
25203
25206
25216
25219
25224
25225
25243
25248
25257
25260
25265
25268
25269
25272
25279
25292
25303
25310
25312
25317
25319
25321
25322
25323
25327
25328
25331
25342
25345
25351
25360
25363
25378
25379
25385
25389
25391
25394
25395
25399
25402
25409
25410
25411
25416
25421
25427
25428
25431
25436
25441
25446
25447
25449
25450
25456
25460
25466
25476
25477
25478
25480
25481
25493
25496
25498
25499
25500
25506
25510
25515
25516
25518
25522
25532
25538
25539
25541
25552
25555
25557
25559
25560
25564
25567
25569
25578
25581
25585
25590
25592
25596
25598
25602
25605
25613
25614
25616
25618
25634
25637
25641
25642
25643
25646
25654
25655
25661
25664
25666
25669
25670
25672
25673
25677
25678
25682
25684
25685
25686
25688
25692
25698
25699
25701
25702
25705
25708
25712
25721
25741
25744
25746
25759
25762
25765
25769
25774
25783
25790
25792
25794
25795
25796
25797
25799
25809
25813
25815
25820
25821
25823
25831
25833
25839
25848
25855
25859
25862
25870
25872
25873
25876
25887
25893
25894
25895
25899
25904
25906
25908
25910
25917
25918
25920
25922
25925
25926
25930
25934
25939
25941
25942
25948
25949
25951
25952
25959
25961
25964
25965
25967
25969
25970
25975
25976
25978
25979
25987
25991
25996
26005
26013
26014
26018
26021
26032
26034
26041
26042
26043
26045
26046
26048
26050
26055
26058
26060
26067
26072
26077
26078
26081
26085
26086
26088
26089
26092
26099
26103
26105
26107
26108
26120
26127
26135
26137
26144
26153
26158
26169
26170
26180
26185
26193
26205
26208
26218
26228
26235
26238
26239
26244
26249
26251
26258
26269
26279
26280
26281
26290
26294
26295
26297
26302
26304
26310
26313
26318
26319
26324
26325
26327
26332
26338
26342
26349
26351
26352
26366
26368
26369
26374
26382
26383
26393
26400
26408
26413
26415
26416
26421
26423
26424
26426
26430
26432
26435
26438
26446
26447
26450
26451
26461
26462
26473
26477
26481
26491
26495
26499
26500
26504
26506
26509
26512
26518
26522
26523
26532
26536
26544
26556
26570
26572
26578
26581
26583
26585
26593
26595
26604
26609
26612
26627
26635
26640
26643
26650
26653
26655
26658
26661
26666
26668
26669
26674
26679
26681
26683
26684
26689
26691
26692
26699
26703
26704
26705
26707
26725
26730
26733
26734
26735
26738
26739
26744
26748
26749
26755
26759
26761
26775
26784
26785
26793
26807
26809
26819
26834
26835
26840
26841
26848
26850
26851
26853
26856
26869
26874
26876
26877
26879
26880
26881
26883
26884
26885
26895
26902
26904
26905
26906
26908
26911
26916
26927
26928
26929
26933
26935
26939
26944
26945
26949
26954
26962
26963
26967
26975
26977
26988
26990
27000
27010
27013
27015
27025
27026
27027
27031
27035
27038
27039
27041
27050
27057
27058
27059
27066
27081
27086
27099
27105
27106
27111
27112
27122
27123
27135
27136
27146
27155
27160
27165
27175
27191
27192
27201
27205
27207
27214
27215
27217
27218
27226
27227
27240
27243
27246
27248
27249
27251
27252
27262
27264
27267
27274
27280
27289
27291
27305
27307
27310
27314
27315
27320
27321
27322
27325
27331
27332
27339
27343
27345
27350
27353
27354
27355
27356
27360
27361
27363
27369
27371
27373
27374
27379
27383
27385
27390
27397
27401
27404
27408
27413
27415
27418
27421
27425
27428
27430
27432
27437
27440
27442
27444
27446
27452
27458
27462
27471
27481
27482
27490
27509
27512
27514
27523
27524
27527
27530
27539
27540
27541
27542
27545
27546
27549
27553
27560
27562
27568
27569
27571
27576
27581
27586
27589
27591
27592
27598
27599
27602
27603
27605
27608
27614
27615
27617
27621
27626
27638
27639
27644
27658
27660
27661
27665
27666
27667
27674
27676
27681
27686
27689
27690
27691
27694
27704
27706
27713
27715
27716
27722
27723
27727
27730
27733
27747
27750
27757
27758
27763
27764
27770
27771
27775
27777
27778
27779
27782
27783
27784
27789
27793
27795
27798
27799
27807
27809
27818
27819
27820
27823
27828
27834
27855
27873
27880
27885
27895
27902
27917
27921
27924
27928
27930
27931
27934
27937
27938
27941
27952
27962
27966
27970
27972
27981
27988
27989
27990
27991
27992
28000
28010
28011
28021
28024
28025
28028
28040
28045
28048
28049
28062
28064
28073
28074
28075
28078
28082
28083
28092
28107
28110
28124
28128
28129
28132
28135
28138
28146
28149
28151
28163
28170
28171
28172
28174
28175
28178
28180
28182
28183
28184
28188
28200
28201
28210
28211
28218
28226
28229
28234
28235
28238
28239
28240
28250
28254
28259
28263
28265
28270
28274
28276
28283
28284
28287
28299
28303
28305
28307
28310
28313
28326
28327
28328
28329
28334
28336
28339
28345
28348
28351
28352
28355
28357
28358
28364
28367
28371
28372
28375
28380
28382
28389
28393
28396
28401
28403
28405
28406
28414
28416
28426
28434
28447
28450
28451
28453
28454
28457
28458
28462
28477
28484
28487
28489
28493
28494
28496
28500
28501
28505
28507
28511
28516
28518
28521
28526
28527
28530
28533
28536
28545
28548
28553
28556
28560
28564
28576
28577
28581
28583
28587
28588
28590
28594
28595
28599
28606
28609
28611
28612
28629
28630
28635
28641
28643
28647
28648
28650
28660
28662
28664
28671
28675
28683
28688
28689
28692
28694
28697
28702
28703
28705
28708
28709
28715
28718
28720
28726
28731
28738
28743
28745
28747
28756
28762
28763
28769
28773
28776
28780
28784
28786
28787
28789
28793
28796
28800
28801
28803
28807
28818
28825
28827
28828
28829
28830
28832
28833
28837
28840
28845
28848
28850
28852
28857
28869
28874
28880
28881
28893
28896
28899
28904
28907
28910
28911
28913
28931
28932
28940
28949
28950
28953
28956
28958
28960
28961
28962
28963
28967
28968
28975
28976
28980
28986
28988
28992
28995
29001
29005
29010
29012
29016
29021
29027
29050
29054
29058
29059
29064
29068
29070
29074
29077
29080
29082
29085
29086
29087
29088
29090
29092
29096
29108
29113
29114
29116
29119
29126
29131
29132
29136
29137
29138
29139
29141
29142
29143
29150
29151
29547
29548
29549
29550
29551
29552
29553
29554
29555
29556
29557
29558
29559
29560
29561
29562
29563
29564
29565
29566
29567
29568
29569
29570
29571
29572
29573
29574
29575
29576
29577
29578
29579
29580
29581
29582
29583
29584
29590
29591
29592
29593
29594
29595
29597
29598
29599
29600
29604
29605
29606
29607
29608
29609
29610
29611
29614
29615
29616
29618
29619
29620
29621
29622
29624
29625
29626
29627
29628
29629
29631
29632
29633
29634
29635
29636
29637
29638
29639
29640
29641
29642
29643
29644
29645
29646
29647
29648
29649
29650
29651
29652
29653
29654
29655
29656
29657
29658
29659
29660
29661
29662
29663
29664
29665
29666
29667
29668
29669
29670
29671
29672
29673
29674
29675
29676
29677
29678
29679
29680
29681
29682
29683
29684
29726
29727
29728
29776
29780
29781
29784
29785
29787
29790
29791
29794
29795
29798
29799
29800
29802
29803
29806
29807
29808
29809
29810
29811
29815
29816
29817
29818
29821
29822
29823
29824
29828
29829
29832
29833
29835
29836
29837
29840
29841
29842
29843
29844
29845
29846
29847
29848
29849
29850
29855
29856
29857
29858
29859
29860
29864
29865
29901
29902
29903
29904
29906
29907
29908
29909
29910
29913
29914
29915
29916
29917
29918
29919
29920
29921
29922
29923
29924
29927
29928
29929
29930
29931
29932
29933
29934
29935
29938
29939
29940
29941
29942
29945
29946
29947
29948
29949
29950
29951
29952
29955
29956
29957
29958
29960
29961
29964
29965
29966
29967
29968
29969
29970
29971
29972
29973
29974
29975
29976
29977
29978
29982
29983
29984
29985
29986
29987
29988
29989
29990
29991
29993
29994
29995
29996
29997
29998
30005
30006
30007
30008
30009
30010
30011
30012
30015
30016
30019
30242
30243
30244
30247
30248
30249
30250
30252
30253
30258
30259
30260
30261
30262
30263
30264
30265
30266
30267
30268
30269
30270
30271
30272
30273
30275
30276
30277
30278
30279
30281
30282
30283
30284
30285
30287
30288
30289
30290
30291
30292
30293
30294
30295
30296
30297
30298
30299
30300
30301
30302
30303
30304
30307
30308
30309
30311
30312
30313
30314
30315
30316
30317
30318
30319
30320
30321
30322
30323
30324
30325
30326
30327
30328
30329
30330
30331
30332
30333
30334
30335
30336
30337
30338
30339
30343
30344
30345
30346
30347
30348
30349
30350
30351
30352
30353
30354
30355
30356
30359
30360
30362
30363
30364
30365
30366
30367
30368
30369
30370
30371
30372
30373
30374
30375
30376
30379
30380
30381
30382
30383
30384
30385
30386
30387
30388
30389
30390
30391
30392
30393
30394
30395
30396
30397
30398
30399
30400
30401
30402
30403
30404
30405
30406
30407
30408
30409
30410
30411
30412
30413
30414
30415
30416
30417
30418
30419
30420
30421
30422
30423
30424
30425
30426
30427
30428
30429
30430
30431
30432
30433
30434
30435
30436
30437
30450
30451
30567
30578
30579
30588
30594
30596
30597
30598
30600
30601
30602
30603
30604
30605
30607
30621
30622
30623
30627
30628
30630
30631
30632
30633
30636
30652
30665
30666
30667
30668
30669
30670
30699
30700
30701
30702
30703
30704
30705
30706
30717
30718
30719
30720
30721
30722
30728
30729
30730
30731
30732
30733
30734
30735
30738
30742
30755
30756
30757
30758
30759
30760
30764
30768
30769
30828
30829
30832
30833
30834
30835
30836
30837
30840
30855
30856
30857
30859
30860
30881
30882
30888
30891
30892
30897
30898
30905
30951
30952
30974
30975
30976
30977
30978
30979
30980
30981
30982
30983
30984
30985
30986
30987
30988
30989
30990
30991
30992
30993
30994
30995
31000
31001
31002
31003
31004
31006
31011
31014
31015
31020
31021
31034
31035
31036
31037
31038
31039
31040
31054
31055
31059
31060
31071
31072
31073
31074
31075
31077
31078
31079
31082
31085
31086
31087
31088
31089
31090
31091
31092
31093
31094
31095
31096
31097
31098
31099
31100
31101
31102
31103
31104
31105
31106
31110
31113
31114
31115
31116
31117
31118
31490
31491
31492
31496
31497
31498
31499
31506
31507
31508
31513
31514
31521
31522
31523
31524
31525
31527
31528
31532
31535
31536
31540
31541
31545
31546
31547
31548
31783
31790
31792
31794
31799
31803
31804
31806
31807
31846
31857
31858
31862
31863
31864
31865
31866
31867
31868
31869
31870
31871
31872
31876
31877
31881
31882
31991
31992
31993
31994
31995
31996
31997
31998
31999
32000
32001
32002
32013
32014
32015
32017
32018
32019
32020
32021
32022
32023
32024
32025
32026
32027
32028
32029
32032
32033
32034
32035
32036
32037
32038
32039
32040
32041
32042
32043
32044
32045
32046
32047
32052
32055
32056
32057
32058
32059
32060
32063
32103
32112
32113
32114
32115
32116
32117
32118
32120
32121
32122
32124
32125
32179
32180
32181
32184
32185
32188
32189
32213
32214
32215
32216
32217
32218
32219
32220
32221
32222
32223
32224
32225
32226
32227
32228
32229
32230
32231
32232
32233
32234
32235
32236
32237
32238
32239
32240
32241
32242
32243
32244
32245
32246
32247
32250
32252
32253
32254
32255
32256
32257
32287
32288
32302
32305
32311
32319
32320
32321
32322
32323
32325
32328
32331
32333
32334
32337
32341
32342
32361
32362
32384
32385
32400
32401
32402
32403
32406
32407
32457
32458
32459
32460
32463
32464
32468
32475
32476
32493
32494
32495
32496
32497
32498
32499
32500
32501
32502
32503
32504
32505
32506
32507
32508
32509
32510
32511
32512
32513
32514
32515
32516
32517
32518
32519
32520
32521
32522
32523
32524
32525
32526
32527
32528
32529
32530
32531
32532
32533
32534
32535
32536
32537
32538
32539
32540
32541
32542
32543
32544
32545
32546
32547
32548
32549
32550
32551
32552
32553
32554
32555
32556
32557
32566
32567
32570
32572
32573
32574
32575
32598
32599
32601
32603
32604
32605
32606
32607
32608
32611
32612
32613
32614
32615
32617
32618
32619
32620
32623
32624
32625
32626
32627
32638
32639
32640
32641
32642
32643
32644
32645
32646
32647
32648
32649
32650
32651
32652
32653
32654
32655
32656
32657
32658
32659
32660
32661
32662
32663
32664
32665
32666
32667
32668
32669
32670
32671
32672
32673
32674
32675
32676
32677
32678
32679
32680
32681
32682
32683
32879
32880
32881
32906
32908
32916
32917
32918
32919
32920
32921
32922
32923
32924
32925
32926
32927
32928
32929
32930
32931
32932
32933
32934
32935
32936
32937
32938
32939
32940
32941
32942
32943
32944
32955
32956
32957
32958
32960
32975
32976
32977
32985
32989
32995
33002
33005
33007
33008
33014
33015
33017
33018
33019
33025
33026
33027
33028
33029
33037
33040
33047
33049
33050
33051
33052
33055
33056
33057
33058
33062
33063
33064
33065
33066
33067
33068
33069
33070
33071
33072
33074
33078
33111
33112
33113
33114
33115
33117
33118
33119
33120
33121
33122
33123
33124
33125
33126
33127
33128
33129
33130
33131
33132
33133
33134
33135
33136
33137
33181
33182
33183
33184
33185
33186
33189
33190
33192
33193
33194
33195
33196
33197
33198
33199
33204
33206
33208
33209
33230
33234
33235
33236
33237
33245
33248
33250
33264
33265
33266
33269
33270
33272
33275
33283
33284
33285
33286
33287
33297
33298
33299
33300
33301
33302
33303
33304
33305
33307
33309
33310
33312
33313
33314
33315
33316
33324
33325
33326
33327
33328
33329
33330
33331
33332
33333
33334
33335
33336
33337
33338
33339
33340
33345
33346
33472
33474
33478
33523
33524
33544
33545
33547
33548
33549
33550
33555
33637
33642
33643
33683
33684
33685
33693
33695
33697
33698
33699
33700
33701
33702
33703
33704
33705
33706
33725
33727
33731
33734
33735
33737
33738
33803
33804
33811
33812
33813
33818
33819
33820
33823
33824
33858
33859
33860
33861
33864
33865
33866
33995
33996
33999
34000
34001
34002
34055
34056
34060
34082
34095
34096
34097
34098
34100
34111
34124
34125
34126
34127
34129
34140
34160
34161
34164
34306
34307
34308
34309
34310
34311
34312
34313
34314
34315
34316
34317
34318
34319
34320
34321
34322
34323
34324
34325
34326
34327
34328
34329
34330
34331
34332
34333
34334
34335
34336
34337
34338
34339
34340
34341
34342
34343
34344
34345
34346
34347
34348
34350
34351
34352
34353
34354
34356
34357
34359
34360
34362
34363
34364
34365
34366
34367
34368
34369
34370
34371
34375
34377
34378
34503
34504
34505
34506
34507
34508
34510
34511
34512
34513
34515
34516
34521
34526
34527
34537
34538
34542
34543
34547
34573
34574
34575
34590
34608
34609
34613
34623
34624
34625
34629
34630
34640
34641
34642
34643
34648
34649
34652
34653
34654
34655
34656
34659
34662
34663
34664
34665
34666
34667
34668
34669
34670
34671
34672
34673
34674
34675
34676
34677
34678
34685
34686
34687
34700
34706
34707
34708
34709
34711
34712
34746
34747
34748
34754
34755
34761
34762
34765
34766
34775
34777
34778
34779
34780
34790
34798
34799
34800
34801
34804
34805
34806
34807
34808
34809
34810
34811
34812
34813
34814
34815
34816
34817
34818
34829
34831
34832
34833
34848
34853
34854
34855
34858
34859
34864
34869
34877
34878
34879
34884
34885
34900
34907
34908
34910
34915
34916
34917
34920
34928
34930
34934
34938
34939
34940
34941
34979
34991
35015
35020
35021
35025
35028
35029
35030
35031
35032
35033
35034
35037
35049
35054
35065
35067
35071
35072
35073
35074
35081
35134
35137
35138
35149
35153
35154
35162
35184
35185
35187
35188
35189
35211
35212
35213
35214
35215
35216
35217
35218
35219
35220
35221
35222
35223
35224
35225
35226
35227
35228
35229
35230
35240
35241
35244
35245
35246
35247
35248
35249
35250
35256
35257
35262
35263
35270
35337
35339
35344
35345
35346
35356
35371
35484
35491
35497
35501
35510
35511
35512
35515
35519
35522
35533
35534
35553
35554
35555
35556
35557
35558
35561
35563
35577
35578
35579
35580
35581
35582
35583
35585
35587
35588
35631
35634
35642
35644
35647
35648
35649
35650
35651
35653
35654
35655
35656
35657
35659
35660
35687
35691
35692
35693
35694
35695
35713
35726
35727
35734
35735
35736
35737
35742
35743
35744
35745
35746
35747
35748
35749
35751
35764
35765
35766
35767
35769
35771
35777
35780
35781
35782
35784
35787
35791
35792
35793
35794
35795
35796
35797
35798
35799
35800
35801
35802
35803
35804
35805
35806
35807
35808
35809
35810
35811
35812
35813
35821
35823
35825
35826
35828
35829
35830
35831
35832
35833
35834
35835
35836
35837
35839
35840
35841
35842
35843
35844
35845
35846
35847
35848
35849
35850
35853
35858
35859
35860
35861
35862
35863
35864
35865
35872
35879
35882
35885
35886
35887
35890
35891
35892
35893
35894
35895
35896
35897
35902
35903
35904
35905
35906
35907
35908
35909
35910
35911
35912
35913
35914
35915
35916
35917
35918
35919
35920
35921
35922
35923
35924
35925
35926
35927
35928
35929
35930
35931
35932
35933
35934
35935
35936
35937
35938
35939
35940
35941
35942
35943
35944
35945
35946
35947
35948
35949
35950
35951
35952
35953
35954
35955
35956
35957
35958
35959
35960
35961
35962
35963
35964
35965
35966
35978
35979
35982
35983
35984
35997
36006
36007
36008
36009
36010
36011
36012
36013
36014
36016
36017
36018
36019
36031
36035
36040
36041
36042
36043
36044
36045
36046
36047
36048
36064
36084
36107
36112
36114
36151
36206
36211
36212
36217
36222
36223
36224
36225
36283
36287
36288
36293
36294
36297
36305
36306
36311
36312
36317
36322
36327
36336
36338
36339
36350
36357
36358
36359
36360
36361
36362
36363
36364
36365
36366
36369
36400
36409
36422
36424
36425
36435
36557
36558
36559
36560
36561
36562
36563
36564
36565
36566
36567
36568
36569
36570
36573
36574
36575
36576
36587
36588
36598
36599
36606
36609
36610
36611
36619
36621
36622
36623
36628
36642
36643
36644
36645
36646
36647
36651
36656
36659
36666
36667
36668
36669
36670
36681
36682
36683
36684
36685
36686
36687
36688
36689
36706
36707
36709
36726
36727
36741
36784
36785
36787
36788
36789
36791
36795
36796
36800
36809
36810
36811
36812
36813
36814
36815
36819
36861
36864
36866
36867
36868
36869
36876
36877
36880
36881
36888
36889
36890
36891
36892
36893
36894
36895
36896
36897
36898
36899
36900
36901
36902
36904
36905
36915
36916
36932
36934
36935
36936
36937
36938
36939
36940
36941
36942
36943
36944
36945
36955
36956
36957
36973
36974
36978
36979
37001
37002
37012
37013
37014
37017
37020
37021
37022
37023
37024
37025
37026
37027
37028
37029
37030
37031
37032
37033
37034
37035
37039
37052
37060
37062
37063
37064
37070
37080
37081
37087
37088
37089
37095
37096
37106
37113
37114
37116
37117
37118
37121
37122
37123
37130
37147
37148
37150
37155
37156
37158
37163
37164
37165
37191
37192
37193
37194
37201
37202
37203
37215
37219
37220
37221
37226
37227
37229
37230
37235
37236
37240
37241
37242
37245
37255
37258
37259
37260
37261
37263
37269
37274
37277
37278
37279
37280
37283
37287
37291
37292
37293
37294
37296
37302
37303
37304
37305
37306
37307
37309
37314
37315
37316
37317
37318
37319
37320
37321
37322
37323
37337
37338
37339
37340
37341
37342
37343
37353
37358
37359
37360
37365
37366
37382
37404
37405
37407
37408
37409
37413
37421
37422
37423
37444
37445
37470
37471
37472
37473
37474
37482
37483
37494
37496
37497
37501
37506
37507
37508
37509
37510
37511
37515
37516
37523
37524
37529
37530
37538
37539
37540
37550
37551
37552
37553
37559
37560
37561
37562
37563
37564
37565
37566
37568
37571
37573
37574
37575
37576
37577
37578
37579
37580
37581
37582
37583
37584
37589
37590
37591
37595
37596
37597
37598
37599
37600
37601
37602
37603
37604
37605
37606
37607
37608
37609
37610
37611
37612
37613
37614
37615
37616
37617
37618
37619
37620
37621
37622
37623
37624
37625
37626
37627
37628
37629
37630
37633
37634
37635
37640
37641
37692
37694
37695
37698
37758
37799
37800
37801
37802
37803
37804
37887
37888
37890
37891
37892
37893
37895
37896
37897
37898
37906
37907
37910
37945
37948
37949
37963
37985
37986
37987
37988
37989
37990
37996
37997
37998
37999
38000
38001
38002
38003
38004
38005
38006
38007
38008
38009
38010
38011
38012
38013
38046
38054
38055
38056
38117
38119
38120
38143
38144
38145
38151
38152
38154
38155
38156
38157
38158
38159
38160
38161
38162
38163
38164
38165
38166
38167
38171
38172
38181
38190
38196
38200
38201
38202
38203
38204
38214
38215
38218
38219
38220
38221
38222
38224
38231
38232
38233
38234
38235
38237
38238
38239
38240
38241
38242
38243
38244
38245
38246
38247
38248
38249
38250
38251
38254
38255
38256
38257
38260
38261
38262
38264
38265
38266
38267
38268
38269
38270
38271
38272
38273
38274
38275
38276
38277
38279
38280
38281
38282
38283
38289
38290
38333
38334
38335
38336
38337
38338
38339
38340
38341
38342
38343
38344
38345
38346
38347
38348
38349
38350
38351
38352
38353
38354
38355
38356
38357
38358
38359
38360
38361
38362
38363
38364
38365
38368
38379
38380
38381
38415
38418
38419
38420
38421
38422
38423
38424
38425
38426
38427
38428
38429
38430
38431
38432
38433
38434
38435
38443
38448
38449
38453
38456
38457
38458
38459
38460
38461
38462
38463
38464
38465
38466
38467
38468
38469
38470
38471
38472
38473
38474
38475
38476
38477
38478
38479
38480
38481
38482
38483
38484
38485
38486
38487
38488
38489
38491
38492
38493
38494
38495
38497
38498
38509
38510
38511
38512
38520
38521
38523
38524
38525
38526
38527
38536
38537
38540
38541
38542
38543
38544
38545
38547
38551
38552
38553
38554
38555
38560
38561
38562
38563
38564
38573
38630
38631
38632
38633
38639
38644
38645
38646
38647
38648
38650
38651
38652
38653
38655
38656
38663
38672
38674
38675
38677
38679
38701
38702
38703
38704
38705
38706
38707
38708
38709
38710
38711
38712
38713
38714
38715
38716
38717
38718
38719
38720
38733
38734
38736
38741
38745
38746
38752
38753
38759
38763
38773
38774
38778
38779
38780
38782
38785
38786
38787
38788
38789
38790
38791
38794
38796
38842
38843
38845
38846
38847
38856
38862
38864
38877
38878
38879
38882
38883
38884
38885
38886
38887
38888
38956
38957
38958
38959
38960
38963
38976
38988
38991
38998
39006
39007
39008
39021
39022
39023
39026
39035
39036
39037
39038
39039
39040
39041
39043
39048
39058
39082
39083
39084
39085
39092
39093
39094
39095
39096
39097
39098
39113
39122
39126
39135
39140
39141
39147
39148
39152
39161
39162
39163
39164
39168
39169
39170
39171
39173
39195
39199
39200
39201
39202
39203
39204
39210
39211
39212
39236
39242
39243
39253
39255
39256
39257
39258
39259
39264
39265
39266
39267
39268
39271
39276
39277
39278
39291
39292
39293
39294
39295
39302
39303
39304
39306
39307
39308
39313
39314
39315
39331
39336
39337
39338
39339
39342
39343
39344
39346
39347
39348
39353
39354
39363
39384
39398
39401
39402
39403
39404
39405
39406
39407
39408
39409
39410
39411
39412
39413
39414
39415
39416
39417
39418
39419
39420
39421
39422
39423
39424
39427
39428
39437
39438
39439
39440
39441
39443
39444
39445
39449
39450
39452
39453
39455
39457
39458
39459
39472
39476
39479
39494
39495
39504
39506
39515
39516
39517
39518
39519
39520
39521
39522
39523
39524
39530
39533
39534
39544
39546
39547
39551
39553
39554
39555
39556
39557
39558
39560
39561
39562
39563
39566
39567
39582
39583
39593
39599
39607
39608
39614
39622
39627
39628
39629
39630
39631
39632
39633
39634
39635
39636
39637
39638
39640
39644
39646
39647
39652
39653
39654
39655
39656
39658
39659
39667
39668
39669
39671
39672
39675
39690
39698
39700
39704
39706
39707
39708
39713
39719
39720
39731
39733
39736
39737
39742
39751
39758
39759
39761
39765
39766
39767
39772
39773
39782
39801
39802
39806
39807
39808
39811
39813
39814
39818
39819
39822
39827
39835
39839
39840
39844
39845
39846
39848
39852
39854
39855
39856
39858
39867
39868
39869
39878
39879
39880
39885
39886
39888
39889
39900
39901
39912
39913
39929
39935
39946
39949
39950
39951
39952
39953
39954
39955
39957
39958
39996
40000
40001
40002
40004
40011
40013
40017
40018
40019
40022
40028
40030
40032
40038
40039
40042
40046
40049
40050
40052
40053
40058
40061
40062
40064
40065
40070
40080
40081
40085
40088
40091
40092
40093
40094
40095
40096
40097
40098
40099
40100
40101
40102
40103
40104
40105
40106
40107
40108
40109
40110
40111
40112
40113
40114
40115
40116
40117
40118
40119
40120
40130
40157
40158
40159
40168
40170
40179
40182
40183
40184
40185
40196
40197
40199
40200
40201
40202
40207
40218
40222
40223
40231
40232
40233
40234
40240
40243
40248
40249
40265
40281
40282
40283
40284
40285
40288
40289
40292
40293
40295
40303
40305
40306
40309
40322
40324
40325
40328
40333
40338
40339
40341
40345
40346
40367
40368
40374
40385
40386
40388
40389
40390
40391
40394
40397
40398
40399
40402
40405
40406
40407
40414
40417
40420
40421
40422
40429
40431
40433
40446
40447
40448
40452
40464
40465
40466
40467
40468
40469
40470
40471
40472
40473
40474
40475
40476
40477
40478
40479
40480
40481
40482
40505
40506
40507
40513
40515
40553
40554
40555
40561
40565
40567
40571
40572
40587
40595
40596
40599
40603
40606
40610
40627
40631
40642
40644
40645
40646
40649
40655
40677
40708
40712
40713
40723
40756
40757
40783
40790
40791
40797
40803
40804
40848
40851
40867
40868
40869
40884
40885
40903
40904
40906
40907
40910
40916
40918
40919
40951
40953
40954
40955
40956
40966
40967
40968
40969
40972
40976
40977
40978
40981
40982
40990
40991
40992
40999
41000
41009
41010
41011
41012
41013
41020
41021
41026
41027
41028
41029
41030
41031
41032
41034
41035
41036
41037
41038
41039
41040
41041
41042
41044
41048
41051
41052
41053
41054
41070
41071
41072
41073
41082
41092
41093
41094
41095
41096
41097
41098
41114
41121
41122
41126
41127
41129
41130
41131
41133
41135
41136
41157
41163
41170
41183
41184
41185
41186
41190
41191
41192
41195
41196
41202
41203
41210
41220
41222
41223
41235
41236
41237
41238
41239
41240
41241
41242
41243
41244
41245
41250
41254
41256
41258
41259
41260
41261
41290
41291
41292
41293
41294
41295
41296
41297
41298
41299
41300
41301
41302
41303
41316
41319
41320
41321
41322
41326
41331
41332
41335
41339
41342
41343
41344
41345
41346
41347
41348
41352
41353
41354
41355
41356
41357
41358
41360
41367
41369
41372
41373
41374
41375
41376
41377
41378
41379
41380
41381
41386
41399
41404
41422
41423
41426
41428
41430
41431
41449
41453
41454
41455
41463
41465
41467
41468
41483
41484
41485
41486
41487
41491
41492
41493
41494
41496
41497
41499
41501
41511
41517
41522
41532
41535
41543
41548
41549
41552
41557
41558
41562
41564
41566
41567
41569
41592
41601
41605
41606
41607
41609
41611
41619
41620
41621
41625
41626
41630
41632
41633
41638
41639
41640
41646
41648
41699
41706
41744
41759
41760
41761
41762
41763
41764
41765
41766
41767
41798
41806
41815
41816
41817
41818
41822
41827
41828
41829
41830
41831
41832
41834
41835
41842
41844
41845
41867
41883
41888
41890
41894
41895
41899
41900
41901
41902
41903
41908
41916
41918
41921
41924
41936
41941
41942
41950
41951
41956
41957
41958
41963
41964
41965
41966
41968
41969
41975
41977
41985
41987
42018
42026
42028
42033
42034
42035
42039
42040
42048
42049
42050
42051
42052
42066
42087
42092
42093
42098
42100
42104
42164
42173
42180
42181
42182
42183
42184
42207
42215
42228
42229
42230
42231
42243
42261
42262
42263
42269
42270
42276
42277
42308
42309
42310
42317
42324
42333
42334
42335
42338
42364
42370
42371
42377
42378
42379
42380
42381
42384
42387
42388
42389
42390
42391
42397
42398
42404
42405
42410
42413
42414
42415
42416
42417
42418
42432
42435
42468
42472
42473
42482
42486
42496
42497
42498
42503
42511
42512
42513
42529
42554
42566
42567
42571
42572
42583
42584
42614
42615
42616
42623
42624
42625
42628
42629
42632
42646
42647
42648
42649
42650
42651
42652
42658
42662
42663
42664
42675
42679
42680
42694
42695
42698
42699
42700
42701
42702
42706
42707
42724
42727
42749
42755
42756
42757
42758
42766
42769
42780
42791
42794
42795
42796
42797
42799
42803
42804
42817
42818
42821
42828
42838
42839
42840
42844
42851
42853
42854
42857
42860
42861
42863
42864
42865
42867
42868
42869
42870
42886
42887
42897
42898
42899
42907
42919
42920
42921
42923
42925
42927
42928
42932
42933
42934
42937
42939
42943
42945
42947
42948
42949
42952
42953
42960
42961
42962
42963
42964
42965
42966
42967
42969
42970
42971
42975
42976
42979
42980
42983
42984
42987
42992
43008
43009
43010
43011
43012
43013
43014
43016
43017
43018
43022
43023
43024
43025
43026
43032
43033
43034
43036
43037
43043
43044
43045
43049
43050
43054
43059
43060
43069
43073
43074
43075
43076
43077
43078
43079
43080
43081
43082
43091
43092
43093
43094
43104
43105
43106
43113
43114
43115
43122
43123
43124
43125
43126
43131
43132
43133
43134
43135
43136
43137
43138
43139
43148
43154
43155
43156
43169
43172
43173
43196
43201
43202
43203
43207
43208
43209
43210
43211
43213
43214
43215
43216
43219
43220
43225
43227
43231
43234
43235
43236
43238
43239
43240
43242
43243
43248
43251
43252
43253
43254
43255
43264
43265
43266
43272
43274
43278
43279
43280
43287
43300
43301
43302
43311
43314
43315
43316
43317
43329
43334
43340
43354
43361
43362
43369
43370
43371
43372
43373
43374
43375
43376
43377
43378
43379
43380
43381
43382
43383
43384
43385
43386
43387
43388
43389
43390
43392
43397
43421
43426
43427
43428
43432
43433
43438
43441
43442
43444
43445
43446
43451
43469
43470
43486
43487
43500
43501
43502
43521
43528
43530
43534
43537
43548
43549
43562
43563
43564
43584
43588
43597
43598
43603
43604
43627
43637
43638
43642
43650
43653
43666
43667
43684
43694
43695
43696
43700
43701
43710
43711
43713
43721
43722
43727
43728
43729
43740
43746
43754
43762
43768
43769
43776
43781
43793
43794
43797
43804
43805
43814
43819
43821
43822
43824
43830
43831
43832
43839
43843
43846
43871
43875
43876
43879
43880
43889
43895
43896
43897
43898
43906
43907
43910
43911
43915
43924
43931
43932
43938
43942
43952
43957
43962
43963
43964
43965
43974
43975
43979
43980
43986
43988
43989
43990
43995
43996
43999
44000
44004
44005
44009
44013
44014
44019
44020
44023
44026
44040
44042
44045
44050
44056
44057
44058
44059
44060
44067
44070
44083
44087
44088
44089
44100
44101
44103
44104
44105
44110
44124
44126
44132
44133
44134
44135
44136
44138
44153
44159
44161
44162
44163
44164
44165
44166
44167
44168
44169
44170
44182
44183
44193
44201
44237
44239
44240
44241
44242
44243
44258
44261
44262
44263
44264
44266
44275
44276
44279
44280
44286
44287
44295
44296
44303
44308
44324
44325
44331
44335
44342
44343
44354
44355
44361
44366
44379
44396
44401
44402
44407
44416
44417
44418
44419
44420
44422
44435
44436
44437
44440
44441
44478
44491
44497
44498
44499
44501
44511
44519
44524
44527
44528
44529
44530
44534
44537
44571
44604
44607
44608
44613
44614
44616
44621
44625
44626
44638
44641
44642
44651
44656
44658
44663
44668
44687
44688
44705
44706
44707
44708
44712
44713
44721
44722
44723
44732
44733
44735
44736
44737
44738
44739
44740
44744
44745
44746
44750
44751
44754
44755
44760
44762
44764
44768
44774
44792
44793
44796
44798
44799
44800
44802
44803
44804
44805
44808
44811
44812
44813
44820
44829
44830
44834
44835
44865
44869
44879
44880
44885
44886
44890
44891
44893
44894
44896
44897
44898
44902
44903
44905
44910
44915
44935
44942
44944
44945
44946
44959
44960
44961
44962
44963
44968
44969
44970
44972
44973
44980
44989
44993
44999
45006
45007
45014
45029
45032
45033
45034
45035
45036
45037
45040
45045
45063
45069
45072
45074
45075
45076
45077
45078
45079
45080
45081
45082
45083
45084
45085
45086
45087
45088
45089
45091
45092
45107
45116
45117
45118
45128
45129
45130
45131
45132
45133
45134
45135
45136
45137
45138
45139
45140
45141
45152
45156
45158
45164
45171
45172
45195
45206
45207
45208
45209
45210
45218
45224
45225
45226
45241
45244
45246
45256
45281
45282
45296
45297
45298
45311
45312
45313
45314
45315
45316
45317
45320
45331
45332
45340
45341
45342
45352
45353
45354
45355
45356
45357
45369
45371
45385
45386
45387
45390
45391
45392
45396
45410
45411
45412
45413
45441
45446
45447
45449
45450
45484
45485
45486
45487
45488
45489
45490
45491
45492
45493
45494
45495
45496
45519
45520
45525
45526
45527
45531
45532
45533
45534
45535
45536
45537
45538
45539
45540
45541
45542
45543
45544
45547
45548
45549
45550
45551
45552
45553
45554
45555
45556
45565
45566
45583
45586
45604
45640
45641
45642
45643
45658
45659
45660
45661
45662
45663
45664
45665
45666
45667
45668
45669
45716
45732
45733
45734
45735
45736
45751
45752
45761
45762
45763
45764
45765
45766
45767
45768
45769
45770
45771
45772
45773
45786
45787
45788
45789
45793
45799
45804
45805
45807
45808
45814
45840
45846
45848
45855
45856
45857
45874
45875
45876
45877
45878
45879
45880
45881
45890
45897
45898
45906
45940
45941
45942
45944
45980
45981
45983
45986
45987
45988
45989
45990
45991
45992
45993
45994
45995
45996
45997
45998
45999
46000
46001
46002
46003
46004
46005
46006
46007
46008
46009
46010
46011
46012
46013
46014
46015
46016
46017
46018
46040
46041
46042
46043
46044
46045
46046
46052
46053
46054
46055
46056
46063
46064
46070
46074
46075
46083
46084
46117
46118
46138
46139
46147
46156
46157
46158
46159
46160
46161
46183
46192
46289
46290
46291
46293
46294
46295
46301
46364
46365
46366
46367
46368
46369
46370
46371
46372
46373
46375
46376
46386
46387
46404
46405
46407
46434
46452
46453
46454
46455
46456
46476
46477
46478
46496
46497
46498
46512
46534
46536
46537
46538
46539
46540
46541
46542
46543
46544
46545
46546
46547
46548
46549
46550
46551
46552
46553
46554
46556
46566
46567
46568
46569
46581
46583
46584
46585
46586
46611
46612
46613
46615
46623
46626
46627
46628
46651
46652
46653
46674
46683
46688
46689
46690
46691
46708
46709
46710
46719
46720
46722
46723
46724
46725
46726
46727
46728
46729
46736
46737
46738
46772
46789
46790
46791
46805
46811
46828
46829
46830
46831
46832
46833
46834
46835
46857
46869
46870
46871
46885
46888
46901
46904
46914
46915
46916
46917
46918
46932
46933
46934
46935
46936
46937
46938
46939
46940
46941
46942
46943
46944
46945
46947
46948
46949
46966
46967
46983
46984
46985
46986
46995
47024
47058
47060
47095
47096
47097
47098
47099
47100
47101
47102
47103
47105
47106
47107
47111
47112
47113
47137
47155
47156
47160
47198
47199
47200
47215
47217
47223
47224
47225
47226
47227
47228
47229
47230
47231
47241
47242
47246
47264
47267
47272
47278
47279
47280
47281
47286
47293
47309
47310
47311
47330
47331
47332
47333
47335
47366
47367
47368
47369
47377
47378
47379
47408
47409
47410
47411
47412
47413
47414
47415
47416
47417
47418
47419
47420
47431
47433
47447
47466
47467
47468
47489
47492
47493
47494
47507
47509
47510
47516
47517
47525
47526
47527
47528
47529
47530
47538
47539
47540
47541
47542
47546
47549
47554
47571
47572
47575
47576
47607
47608
47612
47613
47614
47615
47616
47617
47618
47621
47636
47637
47638
47639
47640
47644
47645
47646
47647
47648
47657
47658
47662
47663
47664
47667
47677
47687
47688
47690
47691
47692
47702
47703
47704
47705
47706
47707
47708
47711
47712
47713
47714
47715
47716
47718
47727
47728
47730
47731
47740
47748
47749
47755
47760
47761
47762
47764
47766
47772
47774
47775
47783
47797
47798
47799
47800
47801
47806
47807
47809
47818
47819
47832
47838
47839
47853
47854
47855
47856
47904
47909
47923
47982
47987
47989
47990
47991
47992
48001
48021
48028
48034
48040
48045
48049
48068
48075
48087
48088
48091
48092
48094
48097
48101
48102
48103
48131
48133
48134
48150
48151
48154
48158
48160
48162
48163
48167
48169
48172
48183
48184
48185
48186
48187
48188
48189
48190
48192
48195
48196
48197
48199
48200
48201
48202
48203
48204
48205
48209
48218
48222
48228
48232
48233
48234
48235
48236
48237
48238
48239
48240
48241
48242
48251
48252
48274
48275
48276
48277
48278
48279
48290
48293
48307
48309
48310
48313
48314
48315
48316
48317
48319
48324
48326
48327
48332
48333
48338
48339
48341
48342
48343
48344
48345
48349
48359
48360
48363
48365
48368
48369
48372
48373
48382
48384
48385
48391
48392
48393
48397
48409
48410
48414
48415
48416
48417
48424
48425
48426
48429
48436
48438
48439
48440
48441
48445
48450
48461
48480
48481
48482
48484
48486
48487
48488
48492
48493
48496
48502
48503
48504
48516
48528
48529
48530
48533
48547
48548
48549
48550
48554
48558
48563
48569
48570
48580
48581
48584
48585
48586
48587
48589
48594
48597
48598
48601
48613
48614
48624
48625
48626
48627
48628
48633
48634
48637
48638
48642
48646
48647
48648
48649
48651
48652
48653
48654
48655
48668
48669
48670
48671
48673
48674
48675
48676
48677
48696
48697
48698
48699
48701
48703
48704
48709
48716
48735
48736
48737
48738
48741
48742
48743
48744
48745
48746
48747
48751
48757
48760
48761
48762
48763
48764
48765
48766
48767
48768
48769
48770
48771
48772
48774
48783
48790
48791
48792
48793
48795
48796
48797
48798
48799
48800
48803
48804
48806
48815
48827
48828
48829
48831
48834
48842
48844
48845
48846
48847
48850
48851
48852
48853
48855
48856
48857
48859
48860
48861
48862
48863
48864
48866
48867
48869
48870
48871
48872
48884
48885
48886
48887
48892
48893
48894
48899
48903
48905
48915
48916
48917
48918
48919
48920
48921
48926
48932
48933
48935
48936
48937
48938
48939
48940
48941
48942
48943
48946
48948
48951
48952
48953
48966
48967
48968
48974
48977
48978
48979
48980
48982
48993
48995
48997
48999
49021
49022
49023
49024
49025
49026
49027
49030
49031
49032
49033
49034
49036
49052
49055
49056
49057
49058
49059
49060
49061
49062
49064
49065
49066
49069
49070
49071
49073
49083
49084
49088
49091
49092
49093
49102
49103
49104
49105
49106
49107
49116
49117
49119
49123
49124
49131
49135
49142
49145
49146
49151
49152
49153
49162
49170
49171
49176
49179
49182
49187
49188
49189
49190
49193
49194
49196
49197
49198
49201
49202
49203
49205
49206
49218
49220
49222
49224
49225
49226
49227
49228
49229
49231
49240
49252
49253
49259
49260
49261
49262
49263
49265
49266
49267
49270
49272
49280
49281
49282
49299
49306
49310
49311
49312
49313
49316
49317
49319
49320
49321
49323
49324
49326
49327
49331
49332
49335
49345
49346
49353
49356
49357
49362
49363
49364
49371
49372
49376
49377
49378
49379
49383
49387
49390
49391
49392
49393
49394
49395
49396
49398
49400
49404
49408
49409
49410
49412
49414
49415
49417
49419
49422
49423
49424
49427
49430
49434
49435
49439
49443
49446
49447
49449
49450
49451
49452
49459
49460
49462
49463
49465
49466
49467
49468
49469
49475
49479
49482
49492
49496
49504
49506
49507
49509
49512
49513
49515
49516
49517
49519
49522
49524
49526
49527
49530
49532
49534
49535
49536
49537
49538
49539
49543
49544
49549
49550
49552
49556
49558
49561
49564
49565
49566
49571
49572
49576
49578
49579
49582
49584
49585
49586
49587
49588
49592
49595
49597
49600
49604
49605
49607
49614
49616
49618
49619
49620
49621
49622
49624
49626
49628
49629
49631
49632
49638
49639
49642
49643
49645
49648
49649
49651
49652
49657
49661
49662
49663
49666
49667
49668
49670
49673
49677
49680
49681
49682
49683
49687
49689
49692
49693
49694
49695
49697
49699
49701
49702
49704
49706
49712
49715
49717
49718
49719
49720
49725
49726
49739
49743
49744
49748
49749
49751
49752
49753
49756
49757
49758
49762
49768
49770
49771
49773
49774
49775
49778
49779
49780
49782
49787
49788
49789
49790
49793
49796
49797
49798
49799
49801
49802
49804
49805
49808
49809
49814
49815
49817
49818
49819
49820
49822
49823
49825
49827
49828
49831
49832
49833
49838
49842
49843
49845
49846
49847
49849
49850
49851
49853
49857
49861
49863
49865
49868
49870
49872
49873
49874
49876
49877
49878
49879
49883
49884
49886
49887
49889
49892
49894
49896
49900
49904
49917
49918
49921
49925
49926
49927
49928
49930
49931
49937
49939
49941
49951
49953
49954
49956
49958
49960
49965
49966
49970
49975
49976
49977
49978
49980
49982
49985
49987
49992
49994
49995
49998
49999
50002
50004
50006
50007
50009
50011
50016
50018
50020
50022
50027
50029
50032
50034
50041
50042
50045
50047
50054
50055
50056
50061
50062
50063
50066
50068
50069
50071
50072
50075
50080
50083
50084
50086
50088
50089
50090
50092
50093
50095
50096
50097
50100
50101
50103
50104
50105
50110
50115
50124
50125
50131
50132
50135
50136
50138
50141
50142
50144
50145
50146
50150
50151
50160
50162
50163
50165
50166
50170
50174
50177
50178
50181
50182
50183
50187
50190
50193
50204
50205
50214
50217
50220
50225
50227
50230
50233
50235
50245
50246
50258
50261
50276
50280
50281
50282
50284
50289
50291
50295
50304
50307
50317
50324
50325
50327
50334
50344
50345
50350
50352
50362
50367
50370
50373
50375
50378
50385
50399
50401
50409
50412
50423
50426
50428
50433
50451
50457
50458
50459
50460
50461
50468
50469
50470
50471
50474
50475
50477
50482
50483
50484
50486
50487
50489
50499
50509
50513
50515
50525
50527
50531
50532
50547
50562
50567
50572
50574
50575
50578
50579
50580
50581
50582
50585
50593
50595
50596
50599
50600
50604
50605
50606
50611
50612
50618
50619
50620
50621
50623
50624
50625
50628
50632
50633
50634
50635
50636
50638
50641
50644
50645
50648
50651
50655
50656
50664
50665
50676
50682
50688
50689
50693
50697
50704
50707
50708
50714
50719
50723
50729
50730
50731
50732
50734
50735
50741
50748
50749
50750
50751
50755
50756
50759
50766
50775
50777
50779
50784
50785
50787
50789
50790
50794
50804
50805
50808
50810
50818
50819
50831
50832
50838
50841
50844
50847
50850
50856
50861
50864
50871
50875
50877
50886
50888
50889
50890
50891
50899
50903
50904
50909
50911
50912
50919
50920
50924
50926
50928
50929
50932
50937
50938
50941
50948
50954
50957
50963
50965
50971
50975
50981
50984
50985
50987
50988
50990
50995
50999
51004
51012
51018
51028
51029
51035
51040
51041
51044
51046
51047
51066
51067
51069
51075
51076
51078
51079
51085
51087
51096
51097
51109
51115
51116
51119
51120
51121
51122
51128
51132
51147
51149
51151
51162
51165
51166
51171
51182
51191
51195
51199
51217
51221
51224
51227
51229
51232
51242
51247
51263
51264
51276
51283
51284
51298
51316
51329
51341
51348
51359
51378
51379
51380
51388
51390
51400
51401
51408
51410
51411
51412
51415
51417
51424
51434
51437
51442
51445
51466
51469
51481
51483
51492
51498
51502
51526
51550
51551
51552
51565
51566
51572
51578
51584
51593
51595
51599
51606
51619
51627
51636
51638
51642
51647
51656
51664
51668
51676
51678
51680
51681
51683
51684
51685
51689
51695
51698
51704
51711
51719
51721
51723
51727
51732
51740
51746
51752
51754
51756
51758
51767
51768
51771
51774
51785
51788
51789
51793
51794
51797
51798
51801
51805
51811
51812
51818
51821
51832
51837
51842
51844
51845
51850
51854
51859
51865
51866
51874
51875
51879
51887
51889
51894
51900
51902
51906
51908
51911
51917
51921
51930
51936
51939
51944
51953
51956
51957
51960
51962
51976
51977
51994
51996
51999
52001
52002
52010
52013
52014
52019
52020
52021
52023
52028
52030
52042
52043
52044
52048
52050
52051
52057
52066
52069
52070
52074
52080
52082
52085
52087
52089
52100
52110
52123
52124
52125
52126
52130
52141
52145
52151
52154
52157
52162
52163
52164
52167
52182
52183
52188
52192
52196
52199
52202
52203
52204
52206
52207
52208
52210
52212
52214
52218
52222
52223
52224
52230
52231
52241
52244
52247
52258
52263
52264
52265
52272
52275
52284
52285
52287
52288
52289
52291
52292
52293
52296
52298
52310
52312
52313
52315
52324
52325
52328
52338
52351
52356
52367
52368
52371
52374
52377
52378
52379
52386
52388
52390
52392
52396
52398
52406
52409
52411
52414
52426
52427
52442
52446
52451
52452
52461
52464
52473
52474
52475
52476
52480
52488
52492
52495
52498
52500
52501
52506
52511
52514
52525
52527
52530
52534
52541
52543
52545
52546
52551
52559
52562
52565
52574
52576
52581
52583
52584
52587
52590
52593
52603
52606
52611
52612
52630
52635
52644
52647
52652
52655
52656
52659
52666
52679
52690
52697
52699
52704
52706
52708
52709
52710
52714
52715
52718
52729
52732
52738
52747
52750
52765
52766
52772
52776
52778
52781
52782
52786
52789
52796
52797
52798
52803
52808
52814
52815
52818
52823
52828
52833
52834
52836
52837
52843
52847
52853
52863
52864
52865
52867
52868
52880
52883
52885
52886
52887
52893
52897
52902
52903
52905
52909
52919
52925
52926
52928
52939
52942
52944
52946
52947
52951
52954
52956
52965
52968
52972
52977
52979
52983
52985
52989
52992
53000
53001
53003
53005
53021
53024
53028
53029
53030
53033
53041
53042
53048
53051
53053
53056
53057
53059
53060
53064
53065
53069
53071
53072
53073
53075
53079
53085
53086
53088
53089
53092
53095
53099
53108
53128
53131
53133
53146
53149
53152
53156
53161
53170
53177
53179
53181
53182
53183
53184
53186
53196
53200
53202
53207
53208
53210
53218
53220
53226
53235
53242
53246
53249
53257
53259
53260
53263
53274
53280
53281
53282
53286
53291
53293
53295
53297
53304
53305
53307
53309
53312
53313
53317
53321
53326
53328
53329
53335
53336
53338
53339
53346
53348
53351
53352
53354
53356
53357
53362
53363
53365
53366
53374
53378
53383
53392
53400
53401
53405
53408
53419
53421
53428
53429
53430
53432
53433
53435
53437
53442
53445
53447
53454
53459
53464
53465
53468
53472
53473
53475
53476
53479
53486
53490
53492
53494
53495
53507
53514
53522
53524
53531
53540
53545
53556
53557
53567
53572
53580
53592
53595
53605
53615
53622
53625
53626
53631
53636
53638
53645
53656
53666
53667
53668
53677
53681
53682
53684
53689
53691
53697
53700
53705
53706
53711
53712
53714
53719
53725
53729
53736
53738
53739
53753
53755
53756
53761
53769
53770
53780
53787
53795
53800
53802
53803
53808
53810
53811
53813
53817
53819
53822
53825
53833
53834
53837
53838
53848
53849
53860
53864
53868
53878
53882
53886
53887
53891
53893
53896
53899
53905
53909
53910
53919
53923
53931
53943
53957
53959
53965
53968
53970
53972
53980
53982
53991
53996
53999
54014
54022
54027
54030
54037
54040
54042
54045
54048
54053
54055
54056
54061
54066
54068
54070
54071
54076
54078
54079
54086
54090
54091
54092
54094
54112
54117
54120
54121
54122
54125
54126
54131
54135
54136
54142
54146
54148
54162
54171
54172
54180
54194
54196
54206
54221
54222
54227
54228
54235
54237
54238
54240
54243
54256
54261
54263
54264
54266
54267
54268
54270
54271
54272
54282
54289
54291
54292
54293
54295
54298
54303
54314
54315
54316
54320
54322
54326
54331
54332
54336
54341
54349
54350
54354
54362
54364
54375
54377
54387
54397
54400
54402
54412
54413
54414
54418
54422
54425
54426
54428
54437
54444
54445
54446
54453
54468
54473
54486
54492
54493
54498
54499
54509
54510
54522
54523
54533
54542
54547
54552
54562
54578
54579
54588
54592
54594
54601
54602
54604
54605
54613
54614
54627
54630
54633
54635
54636
54638
54639
54649
54651
54654
54661
54667
54676
54678
54692
54694
54697
54701
54702
54707
54708
54709
54712
54718
54719
54726
54730
54732
54737
54740
54741
54742
54743
54747
54748
54750
54756
54758
54760
54761
54766
54770
54772
54777
54784
54788
54791
54795
54800
54802
54805
54808
54812
54815
54817
54819
54824
54827
54829
54831
54833
54839
54845
54849
54858
54868
54869
54877
54896
54899
54901
54910
54911
54914
54917
54926
54927
54928
54929
54932
54933
54936
54940
54947
54949
54955
54956
54958
54963
54968
54973
54976
54978
54979
54985
54986
54989
54990
54992
54995
55001
55002
55004
55008
55013
55025
55026
55031
55045
55047
55048
55052
55053
55054
55061
55063
55068
55073
55076
55077
55078
55081
55091
55093
55100
55102
55103
55109
55110
55114
55117
55120
55134
55137
55144
55145
55150
55151
55157
55158
55162
55164
55165
55166
55169
55170
55171
55176
55180
55182
55185
55186
55194
55196
55205
55206
55207
55210
55215
55221
55242
55260
55267
55272
55282
55289
55304
55308
55311
55315
55317
55318
55321
55324
55325
55328
55339
55349
55353
55357
55359
55368
55375
55376
55377
55378
55379
55387
55397
55398
55408
55411
55412
55415
55427
55432
55435
55436
55449
55451
55460
55461
55462
55465
55469
55470
55479
55494
55497
55511
55515
55516
55519
55522
55525
55533
55536
55538
55550
55557
55558
55559
55561
55562
55565
55567
55569
55570
55571
55575
55587
55588
55597
55598
55605
55613
55616
55621
55622
55625
55626
55627
55637
55641
55646
55650
55652
55657
55661
55663
55670
55671
55674
55686
55690
55692
55694
55697
55700
55713
55714
55715
55716
55721
55723
55726
55732
55735
55738
55739
55742
55744
55745
55751
55754
55758
55759
55762
55767
55769
55776
55780
55783
55788
55790
55792
55793
55801
55803
55813
55821
55834
55837
55838
55840
55841
55844
55845
55849
55864
55871
55874
55876
55880
55881
55883
55887
55888
55892
55894
55898
55903
55905
55908
55913
55914
55917
55920
55923
55932
55935
55940
55943
55947
55951
55963
55964
55968
55970
55974
55975
55977
55981
55982
55986
55993
55996
55998
55999
56016
56017
56022
56028
56030
56034
56035
56037
56047
56049
56051
56058
56062
56070
56075
56076
56079
56081
56084
56089
56090
56092
56095
56096
56102
56105
56107
56113
56118
56125
56130
56132
56134
56143
56149
56150
56156
56160
56163
56167
56171
56173
56174
56176
56180
56183
56187
56188
56190
56194
56205
56212
56214
56215
56216
56217
56219
56220
56224
56227
56232
56235
56237
56239
56244
56256
56261
56267
56268
56280
56283
56286
56291
56294
56297
)


// ************************************************************************* //
