/*--------------------------------*- C++ -*----------------------------------*\
| =========                 |                                                 |
| \\      /  F ield         | OpenFOAM: The Open Source CFD Toolbox           |
|  \\    /   O peration     | Version:  v2012                                 |
|   \\  /    A nd           | Website:  www.openfoam.com                      |
|    \\/     M anipulation  |                                                 |
\*---------------------------------------------------------------------------*/
FoamFile
{
    version     2.0;
    format      ascii;
    class       volScalarField;
    location    "100";
    object      gammaInt;
}
// * * * * * * * * * * * * * * * * * * * * * * * * * * * * * * * * * * * * * //

dimensions      [0 0 0 0 0 0 0];


internalField   nonuniform List<scalar> 
13917
(
1
1
1.00003
1
1
1
1
1
1
1
1
1
1
1
1
1
1
1
1
1
1
1
1
1
1
1
1
1
1
1
1
1
1
1
1
1
1
1
1
1
1
1
1
1
1
1
1
1
1
1
1
1
1
1
1
1
0.999065
1
1
1
1
0.999973
1
1
1
1
1
1
1
1
0.999998
1
1
1
1
1
1
1
1
1
1
1
1
0.999999
1
0.999995
1
1
1
1
1
1
1
1
1
1
1
1
1
1
1
1
1
1
1
1.00001
1
0.999915
0.999998
1
1
1
1
1
1
1
1
1
0.999984
1
1
1
1
1
1
1
1
1
1
1
1
1
1
1
1
1
1
1
1
1
1
1
1.00003
1
1
0.999977
0.999999
1
1
1
1
1
1
1
1
1
1
1
1
1
1
1
1
1
1
1
1
1
1
1
1
1
1
1
1
1
1
1
1
1
1
1
1
1.00013
0.999971
1
1
1.0001
1
1
1
1
1.00001
1
1
1
1
1
1
1
1
1
1
1
1
1
1
1
1
1
1
1
1
1
1
1
1
1
1
1
1
0.999956
0.99988
1
1
1
1
1
1
1
1
1
1
1
1
1
1
1
1
1
1
1.00001
0.999887
1
1
1
1
1
1
1
1
1
1
1
1
1
1
1
1
1
1
1
1
1
1
1
1
1
1
1
1
1
1
1
1
1
1
1
1
1
1
1
1
1
1
1
1.00003
1
1
1
1
0.999924
1
1
1
1
1
1
1
1
1
1
1
0.999986
1
1
1
1
1
1
1
1
1
1
1
1
0.999986
1
1
1.00002
1
0.999889
1
1
1
1
1
1
1
1
1
1
1
1
1
1
1
0.999924
1
1
0.999988
1
1
1
0.99999
1
1
1
1
1.00001
1
1
1
1
1
1
1
1
1
1
1
1
1
1
0.999785
1
1
1
1
1
1
0.999998
1
0.999995
0.99986
1
1
1
0.999923
1
1
0.999959
0.999995
1
1
1
1
1
1
1
1
0.999999
1
1
0.999994
1
0.999999
1
1
0.999833
1
1
1
1
1
1
1
1
1
1
1
1
1
1
1
1
1
1
1
1
1
1
1
1.00014
1
1
1
1
1
1
1
1
1
1
1
1
1
1
1
1
1
1
1
1
1
1
1
1
1
0.999999
1.00001
1
1
0.999998
1
1
1
1
1
1
1
1
1
1
1
1
1
1
1
1
1
1
1
1
1
1
1
1
1
0.99997
0.999996
1
1.00002
1
1
1
1
1
1.00001
1
1.00008
1
1
1
1
1
1
1
1
1
1
1
1
1
1
1
1
1
1
1
1
1
1
1
1.00001
0.999222
0.999997
1
1
1
1
1
1
1
1
1
0.999999
1
1
1
1
1
1
1
1
1
1
1
1
1
1
1
1
1
1
1
1
1
1
0.999897
1
1
1
1
1
1
1
1
1
1
1
1
1
1
1
0.999928
1
1
1
1.00003
0.999999
1
1
1
1
1
1
1
1
1
1
1
1
0.999998
1
1
1
1
1
1
1
1.00012
1
1
1
1
1
1
1
1
1
1
0.998944
1
1
1
1
1
1
0.998641
1
0.999999
1
1
1
1
1
1
1
1
1
1
1
0.999996
1
1
1
1
1
1
1
1
0.999849
1
1
1
1
1
1
1
1
0.999984
0.999999
1
1
1
1
0.999967
1
1
1.00001
1
1
0.999999
1
1
1
1
1
0.99999
0.99997
1
1.00002
1
1
0.999796
1
1
1
1
0.999998
1
1
1
1
1
1
1
1
1
1
1
1
1
1.00001
1
1
1
1
1
1
1
1
0.999818
1
1
1
1
1
1
1
1
1
1
1
1
1.00002
1
1
1
1
1
1
1
1
1
1
1
1
1
0.999966
1
1
1
0.999994
1
1
1
1
1.00001
1
1
1
1
1
1
1
1
1
0.999999
0.999999
1
1
1
1.00009
1
1
0.999996
1
1
1
1
1
1
1
1
1
1
1
1
1
1
1
1
1
1
1.00003
1
1
1.00003
1
1
0.995389
0.999999
0.999991
1
1
1
1
1
1
0.999998
1
1
1
1
1
1
1
1
1.00002
1
1
1
1
1
0.999992
1
1
1
1
1
0.999999
1
1
1
1
1.00002
1
1
1
1
1
1
1
1
1
1
1
1
1
1
1
1
0.999676
1
1
1
1
1.00001
1
1
1
1
1
1
1
1
1
1
1
1
0.997765
1
1
1
1
1
1
0.999998
1
1
1
1
1
1
1
1
1
1
1
1
1
1
1
1
1
0.999939
1
1
1
1
1
1
1
0.999974
1
1
1
1
1
1
1.00002
1
0.998903
0.999995
1
1
0.998615
1
1
1
1
1
0.999988
1
1
1
1
0.999992
1
1
1
1
0.999993
1
1
1
1
1
1
1
1
1
1
1
1
1
1
1
0.999975
1
1
1
1
1
1
1
1
1
1
1
1
1
1
1
1
0.996393
1
1
1
1
1
1
1
1
1
1
1
1
1
1
1
1
1
0.999883
1
1
1
1
1
1
1.00001
1
1
1
1
1
1
1
1
1
1
0.999998
1
1
1
1
1
1
1
1
1
1
1
1
1
1
1
1
1
1
1
1
0.993693
0.999991
1
1
1
1
1
1
0.999999
1
1
1
1
1
1
1
1
1
1
1
1
1
0.999997
1
1
1
0.999984
1
1
1
1
1
1
1.00001
1
1
0.999997
1
1
1
1.00003
1
1
1
1
1
1
1
1
1
0.999493
1
1
1
1
0.998777
1
1
1
1
1
1
1
1
1
1
1
1
1
1
1
1
1
1
0.999992
1
1
1
0.998808
1
1
1
1
1
1
1
1
1
1.00005
1.00001
1
1
1
1
1
1
1
1
1
1
1
1
1
1
1
1.00002
1
1
1
0.999968
1
1
1
1
1
1
1
0.999935
1
1
1
1
1
1
0.999998
1
1
1
1
1
1
1
1
1
1
1
1
1.00001
1
1
0.999997
1
1
1
1
1
1
1
1
1.00001
1
1
1
1
1
0.99998
0.990057
0.996213
1
1
1
1
1
1
1
1
1
1
1
0.989597
1
1
1
1
1
1
1
1
1
1
1
1
1
0.999999
1
1
1
1
0.999978
1
1
1
1
0.999992
1
1
1
1
1
1
1
1
1
1
1
1
1
1
1
1
1
1
1
1
1
1
1
1
1
1
1
1
1
1
1
1
1.00003
1
1
1
1
1
1
1
1
1
1
1.00148
1
1
1
1
0.996839
1
1
1
1
1
1
1
1
1
1
1
0.999486
1
1
1
1
1.00003
1
1
1
1
1
0.999956
1
1
1
1
1
1
1
1.00001
1
1
1
0.999979
1
1
1
1
1
0.999999
1
1
1
1
1
1
0.999995
1
1
1
1
1.00004
1
1
0.999999
1
1
1
1
1
1
1
1
0.999999
1
0.999924
1
0.999969
1
1
1
1
1
1
1
1
1
1
1
1
1
1
1
1
1
0.999998
1
1
1
1
0.999999
1
1
0.99999
1
1
1
1
1
1
1
1
1
1.00001
1
1
1
1
1
1
0.999998
1
1
1
1
1
1
1
1
1
1
1
1
1
1
1
1
1
1
1
1
1
1
1
0.999999
0.999822
1
1
1
1
1
1
1
1
0.999999
1
1
1
1
1
1
1
1
1
1
1
1
1
1
1
1
0.999975
1
1
0.999897
1
1
1
1
1
1
1
1
1
1
1
1
0.992889
1
1
1
1
0.998447
1
1
1
1
1
1
1
1
1
1
1
1
1
1
1
1.00006
1
1
1
1
1
1
1
1
1
1
1
1
1
0.999849
1
1
1
0.999998
1.00092
1
1
1
1
1
1
1
1
1
1
1
1
1
1
1
1
1
1
1
0.998127
1
1
1
1
1
1
1
1
1
0.999477
1
1
1
1
1
0.999999
1
1
1
1
1
1
0.999656
1
1.00001
1
1
1
1
1
0.999636
1
1
1
1
1
1
1
1
1
1
1.00063
1
1
1
0.999999
1
0.992745
1
1
1.00002
1
1.00001
1
0.999998
1
0.999892
1
1
1
1
1
1
1
1
1
1
1
1
0.999994
0.999998
1
1
1
1
1
1
1
1
1
1
1
1
1
1
1
1
1
1
1
1
0.997703
1.00002
1
1
1
0.999946
1
1
1
1
1
1
1
1
1
1
1
1
1
1.00004
1
1
1
1
1
1
1
1
1
0.999797
1
1
0.998985
1
1
1
1
1
1
1
1
1
1
1
1
1
1
1
1
1.00002
1
1
1
1
1
1
1
1
1
1
1.00176
1
1
1
1.00001
1
1
1
1
1
1
1
1
1
1
1
1
1
1
0.999898
1
0.999999
1
1
1
1
1
1
1
1
1
1
1
1
1
1
1
1
1
1
1
1
1
1.00007
1
1
1
1
1
1
1
1
1
1
1
1
1
1
1
1
1
1
1
1
0.999425
1
1
1
1
1
1
1
1
1
1
1
1
1
1
1
1
1
1
1
1
1
1
1
1
1
1
1
1
0.999535
1
1
1
1
1
1
1
1
1
1
1
1
1
1
1
1
1
1
1
1
1
1
1
1
1
1
1
1
1
1
1
1
1
1
1
1
1
1
1
1
1
1
1
1
1
1
1
1
1
1
1
1
1
1
1
1
1
1
1
1
0.99231
1
1
1
1
1.00001
1
1
1
1
1
1
1
1
1
1
1
1
1.00006
0.999987
1
1
1
1
1
1
1
1.00001
1
1
1
1
1
1
1
1
1
1
1
1
1
1
1
1
1
1
1
1
1
1
1
1
1
1
1
1
0.997455
1
1
1
1
1
1
1
1
1
1
1
1
1
0.999999
1
1
1
1
1
1
1
1
1
1
1
1
1
1
1
1
1
1
1
1
1
1
1
1
1
1
1
1
1
1
1
1
1
0.999997
1
1
1
1
1
1
1
1
0.999595
1
1
1
1
0.999999
1
1
1
1
1
1
1
1
1
1
1
1
1
1
1
1
1
1
1
0.999971
0.999997
0.996456
1
1
1
1
1
1
1
1
1
1.00098
1
1
1
1
1
1
1
1
1
1
1
1
1.00016
0.992836
1
1
1
1
1
1
1
1
1
1
1
1
1
1
1
1
1
1
1
1
0.999998
1
1
1
1
1
1
0.999989
1
1
1
1
1
1
1
1
1
1
1
1
1
1
1.00023
0.999821
1
1
1
1
0.999998
1
1
1
1
1
0.999981
0.999867
1
1
1
1
1
1
1
1.00002
1.00002
1
1
1
1.00014
1
1
1
1
1
1
1
1
0.997428
1
1
1
1
1
1
1
1
1
1
1
1
1
1
1
0.998253
1
0.999994
0.997367
1
1
1
1
1
1
1
1
1
1
0.991444
1
1
1
1
1
1
1
1
1
1
1
1
1
1
1
1
1
1
1
1
1
1
1
1
1
1
1
1
1
1
1
1
1
0.997917
0.998829
1
1
1
1
0.999958
1
1
1
1
1
1
1
1
1
1
1
1
1
1
1
1
1
1
1
1
1
1
0.999988
1
0.999914
1
1
1
1
1
1
1
1
0.999999
1
1
1.00001
1.00003
1
1.00001
1
1
1
1
1
1
1
1
1
1
1
1
1
1
1
1
1
1.00001
1
0.999848
1
1
1
1
1
1
0.999981
1
1
1
0.999999
1
1
0.997631
1
1
1
1
1
1
1
0.999999
1
0.999997
0.999999
1
1
1
1
1
1
1
0.999938
1
1
1
1
1
1
1
1
1
1
1
1
1
1
1
1
1
1
0.996755
1
1
1
1
1
1
1
1
1
1
1
1
1
1
1
1
1
1
1
0.995947
1
1
0.999844
0.999997
1
1
1
1
1
1
1
1
1
1
1.00051
1
1
1
1
1
1
1
1
1
1
1
1
1
1
1
1
1
0.999995
1
1
1
1
1
1
1
1
1
1
0.999948
0.999999
1.00001
0.99999
1
1
1
0.999247
1
1
1
0.99999
1
1
0.999999
1
1
1
1
1
0.999793
1
0.999565
0.999999
1.00088
1
1
1
0.999635
0.997169
1
1
1
1
1
1
1
1
1
1
1
1
1
1
1
1
1
1
1
1
1
1
1
1
1
1
1
1
1
1
1
1
1
1
1
1
0.996792
1
1
1
1
1
1
1
1
1
1
1
0.99999
1
0.995339
0.999941
0.99992
1
1
1
0.999423
1
1
1
1
1
0.998968
1
1
1
1
1
0.999999
1
1
1
0.999999
1
1
1
1
1
1
1
1
1
1
1
1
1
1
1
1
1
1
1.00002
1
1
1
1
1
1
1
0.997382
1
1
1
1
1
0.998917
1
1
1
1
1
1
1
1
1
0.996758
1
0.995578
1
1
1
1
1
1.00001
1
0.999998
1
1
1
1
1
0.999999
1
0.999996
1.00001
1
1
1
1
1
1
1
1
1
1
1
1
1
1
1
0.999995
1
1
1
1
1
1
1
1
1
1
1
1
1
1
1
1
1
1
1
1
1
1
1
1
1
1
1
1
1
1
1
1
1
1
1
1
1
1
1
1
1
1
0.99997
1
1
1
1
1
1
1
1.00007
1
0.992336
1
1
1
1
1
0.999996
1
0.999994
0.999979
1
1
1
1
1
1
0.999971
1
1
1
1
1
0.999987
1
1.00004
1
1
1
0.995276
1
1
1
1
1
1
1
1
1
1
1
0.999998
1
0.999995
1
1
1
1
1
1
1
1
1
1
1
1
1
1
1
1
1
0.999997
1
1
0.999997
0.999505
1
1
1
1
1
1
1
1
1
1
1
1
1
1
1
1
1
1
1
1
1
1
1
1
1
1
1
1
1
1
1
1
0.999996
1
1
1
1
0.999967
1
1
1
1
1
1
1
1
1
1
1
1
1
1
1
1
1
1
1
1
1
1
1
1
1
1
1
1
1
1
1
1
1.00008
1
1
1
1
1
1
1
1
1
1
1
1.00003
1
1
1
1
0.999985
1
1
1
1
1
1
1
1
1
1
1
1
1
1
1
1
1
1
1
1
1
1
1
1
1
1
1
1
1
1
1
1
1
0.994265
1
1
1
1
1
1
1
1
1
1
1
0.999999
1
1
1
1
1
1
1
1
1
1
1
1
1
1
1
1
1
1
1
1
1
0.999999
1
1
1
1
1
1
1
1
1
1
1
1
1
1
1
1
1
1
1
1
1
1
1
1
1
1
1
1
1
1
1
1
1
1
1
1
1
1
1
0.999937
1
1
1
1
1
1
1
1
1
1
1
1
1
1
1
1
1
1
1
1
1
1
1
1
1
1
1
1
1
0.999969
1
0.999956
1
1
1
1
1
1
1
1
1
1
1
1
1
1
1
1
1
1
1
1
1
1
1
1
1.00002
1
1
1
1
1
1
1
1
1
1
1
1
1
1
1
1
1
1
1
1
1
1
1
1
1
1
1
1
1
1
1
1
1
1.00001
1
1
1
1
1
1
1
1
1
1
0.999999
1
1
1
1
1
1
1
1
1
0.999998
0.997575
1
1
1
1
1
1
1
1
1
1
1
0.994086
1
1
1
1
1
1
1
1
1
1
1
1
1
1
1
1
1
1
1
1
1
1
1
1
1
1
1
1
1
1
0.999997
1
1
1
0.999998
1
1
1
1
1
1
1
1
1
1
1
1
1
1
1
1
1
1
0.999996
1
1
1
1
1
1
0.999999
1
1
1
1
1
1
1
1
1
1
1
1
1
1
0.999999
1
1
1
1
1
1
1
1
1
1
1
1.00002
1
1
1
1
1
1
1
1
1
1
1
1
1
1
1
1
1
1
1
1
1
1
1
1
1
1
1
1
1
1
1
0.997475
1
1
1
1
1
1
1
1
1
0.997971
1
1
1
0.999999
1
1
1
1
1
1
1
1
0.99999
1
1
1
1
1
1
1
1
1
1
1
1
1
1
1
1
1
1
1
1
1
1
1
1
1
1
1
1
1
0.994937
0.999997
1
1
1
1
1
1
1
1
1
1
1
1
1
1
1
0.999996
1
1.00001
1
1
1
1
1
0.999999
1
1
1
1
1
1
0.999988
1
1
1
1
1
1
1
1
1
0.999984
1
1
1
1
1
1
1
1
1
1.00007
1
1
1
1
1
1
1
1.00001
1
1
1
1
1
0.999868
1
1
1
1
1
0.999999
1
1
1.00002
1
1
1
1
1
1
1.00001
1
1
1
1
1
1
1
1
1
1
1
1
1
1
0.999989
1
0.995836
1
1
1
1
1
1
1
1
1
1
1.0003
1
1
1
1
0.999995
1
1
1
1
1
1
1
1
1
1
1
1
1
1
1
1
1
1
1
1
1
1
1
1
1
1
1
1
0.999996
1
1
1
1
1
1
1
1
1
1
1
1
1
1
1
1
1
1
1
1
1
1
0.990924
1
1
1
1
1
1
1
1
1
1
1
1
1
1
1
1
1
1
1
1
1
1
1
1
1
1
1
1
1
1
1
1.00002
1
1
1
0.999997
1
1
1
1
1
1
1
1
1.00057
1
0.999811
1
1
1
1
1
1
1
1
1
1
1
1
1
1
1
1
1
1
0.999999
1
1
1
1
1
1
1
1
1
1
0.999997
1
1
1
1
1
1
1
1
1
1
1
1
1
1
1
1
1
1
1
1
1
1
0.999994
1
1
1
1
1
1
1
1
1
1
1
1
1
1
1
1
1
1
0.99999
1
1
1
1
1
1
1
1
1
0.999865
0.999998
1
1
1
1
1
1
1
1
1
1
1
1
1
1
1
1
1
1
1
1
0.999998
1
1
1
1
1
1
1
1
1
1
1
1
1
1
1
1
1
1
1
1
1
1
1
1
1
1
1
1
1
1
1
1
0.999999
1
1
1
1
1
1
1
1
1
1
1
1
1
1
1
1
1
0.999999
1
1
0.999999
1
1
1
1
1
1
1
1
1
1
1
1
1
1
1
1
0.999862
1
1
1.00003
1
1
1.00001
1
1
1
1
1
1
1
1
1
1
1
0.999996
1
1
0.999998
1
1
1
1
1
1
0.999874
1
1
1
1
1
0.999938
1
0.999999
1
1
1
0.998493
1.00006
1
0.999999
1
0.999998
1
1
1
1
1
1
1
1
1
1
1
1
1
1
1
1
1
1
0.999998
0.999574
1
0.999985
1
0.999996
1
1
1
1
1
0.999999
1
1
1
1
1
1
1
1.00009
1
1
1
0.997507
0.999998
1
1
1
1
1
1
1.00003
1
1
1
1
1
1
1
1
0.999997
1
1
1
1
1
1
1
1
1
0.998892
1
1
1
1
1
1
1
1
1
1
1
1
1
1
0.999997
0.999999
1
1
1
1
1
1
1
1
0.999957
1
1
1
1
1
1
1
1
1
1
1
1
0.999999
1
1
1
1
1
1
1
1
1
1
1
1
1
1
1
1
1
1
1
1
1
1
1
1
1.00001
1
1
1
1
1
1
1
1
1
1
1
1
1
1
1
1
1
1
1
1
1
1
1
1
1
1
1
1
0.999998
1
1
1
1
1
1
1
1
1
1
1
0.999999
1
1
1
1
1
1
1
1
1
1
1
1
1
1
1
1
1
1
1
1
1
1
1
1
1
1
1
1
1
1
1
1
1
1
1
1
1
1
1
1
1
1
1
1
1
1
1
1
1
1
1
1
1
1
1
1
1
1
1
1
1
1
1
1
1
1
1
1
1
1
1
1
1
1
1
1
1
1
1
1
1
1
1
1
1
1
1
1
0.999996
1
1
1
1
1
1.00001
1
1
1
1
1
1
1
1
1
1
1
1
1
0.999991
1
1
1.00001
1
1
1
1
1
1
1.00001
1
0.999726
1
1
1
1
1
1
1
1
1
1
1
1
1
1
1
1
1
1
1
1
1
1
1
1
1
1
1
1
1
1
1
1
1
1
1.00003
1
1
1
1
1
1
1
0.999949
1.00002
1
1
0.990479
1
1
1
1
1
1
1
1
1
1
1
1
1
1
1
0.999995
1
1
1
1
1
1
1
1
1
1
1
1
1
1
0.998958
1.00002
1
1
1
1
1
1
1
1
0.999999
1
1
1
1
1
1
1
1.00002
1
1
1
1
1
1
1
1.00002
1
1
1
1.00018
1
1
1
1
1
1
1
1
1
1
1
1
1
1.00004
1
1
1
1
1
1
1
1
1
1
1
0.999994
1
1
1
1
1
1
1
1
1
1
1
1
1
1
1
1
1
1
1
1
1
1
1
1
1
1
1
1
1
1
1
1
1
1
1
1
1
1
1
1
1
1
1
1
1.00004
0.999815
1
1
1
1
1
1
1
1
1
1
1
1
1
1
1
1
1
1
1
1
1
1
1
0.999639
1
1
1
1
1
1
1
1
1
1
0.999981
1
1
1
1
1
1
1
1
1
1
1
0.999998
1
1
1
1
1
1
0.999999
1
1
1
1
1
1
1
1
1
1
0.996186
1
0.99996
1
1
1
1
0.999995
1
1
1
1
1
1
1
1
1
1
0.999997
1
1
1
1
1
1.00001
1
1
1
1
1
1
1
1
1
1
1
1
1
1
0.999997
1
1
1
1
1
1
1
1
1
0.999995
1
1
1
1
1
1
1
1
0.999998
1
1
1
1
1
1
1
1
1
1
1
1
1
1
1
1
1
1
1
1
1
1
1
1
1
1
1
1
1
1
1
1
0.999963
1.00001
1
1
1
1
1
1
1
1
1
1
1
1
1
1
1
1
1
1
1
1
1
1
1
1
1
1
1
1
1
1
1
0.999988
1
1
1
1
1
1
1
1
1
1
1.00002
0.999986
1
1
1
1
1
1
1
1
1
1
1
1
1
1
1
1
1
0.999822
1
1
1
1
1
1
1
1
1
1
1
1
1.00001
1
1
1
1
1
1
1
1
1
1
1
1
1
1
1
1
1
1
1
1
0.996263
1
1
1
1
1
1
1
1
1
1
1
1
1
1
1
1
1
1
1
1
1
1
1
1
1
1
1
1
1
1
1
1
1
1
1
1
1
1
1
1
1
1
1
1
1
1
1
1
1
1
1
1
1
1
1
1
1
1
1
1
1
1
1
1
1
1
1
1
1
1
0.999999
1
1
1.00003
1
1
1
1
1
1
0.999998
1
1
1
1
1
1
1
1
1
1
1
1
0.999997
1
1
1
1
1
1
1
1
1.00001
0.999993
1
1
1
1
1
1
1
1
1
1
1
0.999996
1
1
0.999999
1
1
1
1
1
0.999998
1
1
1
1
1
1
1
1
1
1
1
1
1
1
1
1
1
1
1
1
1
1
1
1
1
1
1
1
1
1
1
1
1
1
0.999978
1
1
1
1
1
1
1
1
1
1
1
1
1
1
1
1
1
1
1
1
1
1.00001
1
1
0.999998
1
1
0.999998
1
1
1
1
1
1
1
1
1
1
1
1
1
1
1
0.999991
1
1
1
1
1
0.999999
1
1
1.00001
1
1
1
1
1
1
1
1
1
1
1
1
1.00002
1
1
1
1
1
1
1
1
1
1
1
1
1
1
1
1
1
0.999994
1
0.99999
1
1
1
1
1
1
0.999984
1
1
1
1
1
0.999998
1
1
0.999997
1
1
1
1
1
0.999994
1
1
1
1
1
1
1
1
1
1
1.00001
1
1
0.999995
1
1
1
1
1
1
1
1
1
1.00003
1
1
1.00002
1
1
1
1
1
1
1.00001
1
1
1
1
1
1
1
1
1
1
1
1
1
1
1
1
1
1
1
1
1
1
1
1
1
1
1
0.999997
0.999986
1
1
1
1
1
1
1
1
1
1
1
1
1
1
1
0.999423
1
1
1
0.999999
1
1
1
0.99972
1
1
0.999996
1
1
1
1
1
1
1
1
1
1
1
1
1
1
1
1
1
1
1
1
1
1
1
1
1
1
1
1
1
1
1
0.999988
1
1
1.00001
1
1
0.999785
1
1
1
1
1
0.999987
0.999168
1
1
1
1
1
1
1
1
1
1.00002
1
1
1
1
1.00001
1
1
1
1
1
1
1
1
1
1
1
1
1
1
1
1
1
1
1
1
1
1
1
1
1
1
1
1
1
1
1
1
1
1
1
1
1
1
1
1
1
1
1
1
1
1
1
1
0.999999
1
0.999553
1
1
1
1
1
1
1
1
1
1
1
0.999954
1
1
1
1
1
1
1
1
1
1
1
1
1
1
1
0.999845
1
1
1
1
1
1
1
1
1
1
0.999996
1
1
1
1
1
1
1
1
1
1
1
1
1
1
1
0.999731
1
1
1
1
1
1
1
1
1
1
1
0.999995
1
1
1
1
1
1
1
1
1
1
1
1
1
1
1
0.998333
1
1
1
1
1
1
1
1
1
1
1
1
1
1
1
1
1
1
0.999998
1
1
1
1
1
1
0.999843
1
1
0.999947
1
1
1
1
1
1
1
1
1
1
1
1
1
1
1
1
0.999942
1
0.999974
1
1
1
1
1
1
0.999999
1
1
1
1
1
1
1
1
1
1
0.999997
1
1
1
0.999992
1
1
1
1
1
1.00001
1
1
1
1
1
0.999969
1
1
1
1
1
1
1
1
1
0.999261
1
1
1
1
1
1
1
1
1
1
0.999908
0.999862
1
1
1
1
1
1
1
1
1
1
1
1
0.999298
1
1
0.999834
1
0.999006
1
1.00054
1
1
1
1
1
1
1
1
1
1
1
1
0.999983
1
1
0.999989
0.999998
1
1
0.999934
1
1
1
1
1
1
0.999003
1
1
1
0.999999
1
1
0.997546
0.999966
1
0.999999
1
1
1
1
0.999999
1
1
1
1
1
1
1
1
1
1
1
1
1
0.999998
1
1
0.999403
1
1
1
1
1
0.999997
1
1
1
1
1
1
1
1
1
1
1
1
1.00002
1
1
1
1
1
1
1
1
1
1
0.999999
1
1
1
1
1
0.999905
1
1
1
1
1
1
1
1
1
1
1
1
1
1
1
1
1
1
0.999992
1
1
0.999549
1
1
1
1
1
1
1
1
1
0.999994
1
1.00001
1
1
1
1
1
1
1
1
1
1
1
1
1
1
1
1
1
1
1
1
1
1
1
1
0.999875
1
1
1
1
1
1
1
0.999999
1
1
1
1
1
1
1
1
1
0.999997
1
1
1
1
0.999996
1
1
1
1
1
1
1
0.999951
1
1
1
1
1
1
1
1
1
1
1
1
1
1
1
1.00002
1
1
1
1
1
1
1
0.999999
1
1.00001
1
1
1
1
1
1
1
1
1
1
1
1
1
0.99973
1
1
0.999997
0.999585
1
1
1
0.99981
0.999999
1
1
0.999736
1
1.00004
1
1
1
1
1
1
1
0.999999
1
1
1
1
1
1
1
1
1
1
1
1
1
1
1
1
1
1
0.999783
1
1
1
1
1
1
1
1
1
1
1
1
1
0.999998
1
1.00012
1
1
1
1
0.999997
1
1
1
1
0.999999
1
1
1
1
1
1
1.00001
1
1
1
0.999999
1
1
1.00002
1
1
1
1
1
1
1
1
1
1
0.999734
1
0.999998
1
1
1.00007
0.999806
1
0.999924
1
1
0.999998
1
1
1
1
1
1
1
1
1
1
1
1
0.999999
0.999709
1
0.99975
1
1
1
1
1
1
1
1
1
1
1
1
1
1
0.999925
1
1
1
1
1
1
1
1
1
1
0.9998
1
1
0.999736
1
1
1
1
1
1
1
1
1
1
1
1
1
1
1
1
1
0.998537
0.99968
1
1
1
0.999839
1
1
1
1
1
1
1
1
1
1
1
1
1
1
1
1
1
1
1
1
1
1
1
1
1
1
1
1
1
1
1
1
0.999997
1
1
1
1
1
1
1
1
1
1
1
0.999992
1
1
1
0.997414
1
1
1
1
1
1
1
1
1
1
0.999992
1
0.999989
0.999889
1
0.999948
1
1
1
0.999915
1
1
1
1
1
1
1
1
1
1
1
0.999815
1
1
0.999976
1
1
1
1
1
1
1
1
1
1
1
1
1
1
1
0.999915
1
0.999982
1
1
1
1
1
1
1
1
1
1
1
1
1
0.999993
1
0.999994
1
1
0.999999
0.999968
1
1
1.00006
1
1
1
0.999874
1
1
1
1
1
1
1
1
1
1
1
1
1
1
1
1
1
1
1
0.999784
1
0.99977
1
1
0.999999
0.99994
1
1.00001
1
1
1
1
1
1
1
1
1
1
1
1
1
1
1
1
1
1
1
1
1
1
1
1
1.00002
0.999998
1
0.999999
1
0.999985
1
1
1
1.00014
1
1
1
1
1
1
0.999999
1.00004
1
0.999998
0.999999
0.999992
1
1
0.999775
1
1
1
1
0.999978
1
1
1
1
1
1
1
1
1
1
1
0.999975
1
1
1
1
1
1
1
1
0.999889
1
1
1
0.99981
1
1
1
1
1
0.999998
1
1
1
1
0.999998
1
1
1
1
1
1
1
1
0.999924
1
1
1
1
1
1
1
1
1
1
1
1
1
1
1
1
1
1
1
1
1
1
1
1
1
1
1
0.999746
1
1
1
1
1
1
1
1
1
1
1
1
1
1
0.999942
1
1
0.99975
0.999994
1
0.999998
1
0.99986
1
1
1
0.999995
1
1
1
0.999999
1
1
1
1
1
1
1
1
1
1
1
0.999858
1
1
1
0.999988
1
1
0.999322
1
1
0.999948
1
1
1
1
1
0.999195
1
1
1
0.99997
0.996355
1
0.999898
1
1
1
1
1
1
1
1
1
1
1
0.999999
1
0.999857
1
1
1
0.999991
1
1
1
1
1
1
1
1
1
1
0.999997
1
1
0.999984
1
1
1
1
1
1
0.999991
1
1
1
1
1
1
0.999672
1
1
1
1
1
1
0.999999
1
1
0.999947
1
1
1
1
0.999947
1
1
1
0.999692
1
1
1
1
1
1
1.00004
1
0.99997
1
1
1
1
1
1
1
1
1
1
1
1
1
1
1
1
1
1
1
0.999991
1
1
0.999997
1.00001
1
1
1
1
1
1
1
1
1
1
1
1
1
1
1
1
1
1
1
1
1
1
1
1
1
1
1
1
1
1
1
1
1.00001
0.999898
1
1
1
1
1
1
1
0.99981
1
1
1
1
1
1
1
1
1
1
1
0.999996
1
1
0.99999
1
1
1
1
1
1
1
1
1
1
1
1
1
1
1
1
1
1
1
1
1
1
1
1
1
1
1
1
1
1
1
1
1
1
1
1
1
1
1
1
1
1
1
1.00003
1
1
0.999995
1
1
0.99961
1
1
1
1
1
1
1
1
1
1
1
1
1
1
1
1
1
1
1
1
1
1
1
1
0.999689
1
1
1
1
1
1
1.00002
1
1
0.999752
1
1
1.00001
1
1
1
1
1
1
1
1.00001
1
1
1
1
1
1
1
1
1
1
1
1
1
1
1
1
1
0.999999
1
1
1
1
1
1
1
1
1
0.999978
1
1
1
1
1
1
1
1
1
1
1
1
1
0.999999
1
1.00048
1
1
1
1
0.999998
1.00001
1
1
1
1
1
1
1
1
0.999904
1
0.999999
1
1
1
1
1.00013
1
1
0.99997
1
1
1
1
1
1.00002
1
0.999999
1
1
1
1
1
1
1
1
1
1
1
0.999979
1
1
1
1
1
1
1
1
1
1
1
1
1
1
1
1
1
1
1
1
1
1
1
1
1
1
1
1
1
1
1
1
1
1
1.00001
1
1
1
1.00004
1.00002
1
1
0.999998
1
1
1
1
0.999999
1
1
1
1
1
1
0.999834
1
1
1
0.998085
1
1
0.999998
1
1
1.00001
0.999984
0.999955
1
1
0.999984
1
1
1
1
1
1
1
1
1
1
1
1
1
1
1
1
1
1
1
1
1
1.00016
1
1
1
1
0.999805
1
1
1
1
1
1
1
1
1
1
1
1
1
1.00002
0.999961
1
1
1
1
0.999899
1.00002
1
1
1
1
1
1
1
1
1
0.999999
1
1
1
1
1
1
0.999998
1
1.00001
1
0.999998
1
1
1
1
1
1
1
1
1
1
1
1
1
1
1
1
1
1
1
1
0.999992
1
1
1
1
1
1
1
1
1
1
1
1
1
1
1
1
1
1
1
1
0.999987
1
1
1
1
1
1
1
1
1
0.999991
1
1
1
1
1
1
1
1
1
1
1
1
1
1
1
1
1
1
1
0.999959
1
1
1
1
0.999995
1
1
1
1
1
1
1
0.999897
1
1
0.999995
1
1
1
1
1
1
1
1
1
1
1
1
1
1
1
1
0.999999
1
1
1
1
1
1
1
1
1
1
1
1
1
1.00002
1
1
1
1
1
1
1
1
1
1
1
1
1
1
1
1
1
1
1
0.999997
0.999983
1
0.999996
1
1
1
1
1
1
1
1
1
1
1
1
1
1
1
0.999994
1
0.999921
1
1
1
1
1
1.00001
1
1
1
1
1
1
1
1
0.999998
0.999999
1
0.999981
1
1
1
1
1
1
1
1
1
1
1
1
1
1
1
1
1
1
1
1
0.999349
0.999942
1
1
1
1
0.999994
1
0.999891
1
1
1
1
1.00097
1
1
1
1
1
1
1
1
1.00004
1
1
1
1
1
1
1
1
1
1
0.999998
1
1.00002
1
1
1
1
1.00003
1
1
0.999999
0.999995
1
1
1
1
1
1
1
1
1
0.999888
1
1
1
1
1
0.999994
1
1
1
1
1
1
1
1
0.999996
1
1
1
1
1
1
1
1
1
1
1
1
1
1
1
1
1
1
0.999996
1
1
1
1
1
1
1
1
1
1
1.00012
1
1
1
1
1
1.00007
1
0.999995
1
1.00011
1
1
1
1
1
0.999848
1
1
1
1
1
1
1
1
1
1
1
1
0.999975
1
1.00001
1
1.00001
1
1
1
1
1
1
1
0.999512
1
0.999999
1
0.999998
1
1
1
1
1
1
1
1
1
1
1.00001
1
1
1
1
1
1
1
1
1.00002
0.999999
1
0.999681
1
1
0.999994
1
0.999998
1.00002
1
1
1
1
1
1
1
0.999986
1
1
1
1
1
1
1
1
1
1
1
0.999998
1
0.999999
0.999993
1
0.999999
0.999952
0.999999
0.99998
1
1
1.00001
1
1
1
1
0.999922
1
1
1
0.999953
1
1
1.00002
1
0.999989
1
1
1
1
1
1
1
1
0.999995
0.999997
0.999985
0.999999
1
1
1
0.999999
1.00001
1
1
1
1
1
1
1
1
1
1
1
1
1
1
1
1
1
0.999998
1
0.999996
1
1
1
1
1
1
1
1
1.00004
0.999994
1
1
0.999999
1
1
1
1
1
1
1
1
1
1
1
1
1
1
1
1
1
1
1
1
1
1
1
0.999974
1
1
1
1
1
1
1
1
1
1
1
1
1
1
1
1
1
1
1
0.999824
1
1
1
1
1
1
1
1
1
1.00001
1
1
1
0.999973
1
1
1
1
1
1
1
1
0.999776
1
1
1
1
1
1
0.999999
1
1
1
1
1
1
1
1
1
1.00004
1
1
1
1
1
1
1
0.99993
1
1
1
1
1
1
1
1
1
1
1
0.999981
1
1
1
1
1
1
1
0.999996
1
1
1
1
1
1
1
1
1
1
0.999998
1
1
1
1
1
1
1
0.999999
1
0.999956
1
1
1
1
1
1
1
1
1
1
1
0.999998
1
1
1
1
1
1
0.999994
1
1
1
1
1
1
1
1
1
1
1
1
1
1
0.999989
1
1
1
1
1
1
1
1
1
1
1
1
1
1
0.999935
1
1
1
1
1
1
1
1
1
1
1
1
1
1
1
1
1.00001
1
1
1
0.999999
1
1
1
1
1
1
1
1
1
1
1
1
1
1
1
1
1.00003
1
1
1
1
1
1
1
1
1
1
1
1
1
1
1
1
1
1
1
1
1
1
1
1
1
1
1
1
1
1
1
1
1
1
1
1
1
1
1
1
1
1
1
1.00094
0.999978
1
1
1
1
1
1
1
1
1
1
1
1
1
1
1
1
1
1
1
1
0.999967
1
1
1
1
1
1
1
1
1
0.999877
1
1
1
1
1.00009
1
1
1
1
1
1
1
1
1
1
1
1
0.999999
1
1
1
1
1
1
1
1
1
1
1
1
1
1
1
1
1
1
1
1
1
1
1
1
0.999806
1
1
1
1
1
1
1
1
1
1
1
1
1
1
1
1
1
1
1
1
1
1
1
1
1
1.00001
1
1
1
1
1
1
1
1
1
0.999967
1
1
0.999999
1
1
1
0.999999
1
1
1
1
1
1
1
0.999925
1
1
1
1
1
0.999988
1
0.999998
1
1
1
1
1
1
1
1
1
1
1
1
1
1
1
1
1.00001
1
1
1
1
0.999994
1
1.00003
1
0.999803
0.999993
1
1
1
0.999999
1
1
1.00001
1
1
1
1
1.00067
1
1.00001
1
1
1
1
1.00001
1
1
1
1
1
1
1
1
1
1
1
0.999993
1
1
1
1
1
1
1
1
1
1
1
1
1
1
1
1
1
0.99998
1
1.00002
0.999998
1
1
1
1
1
1
1
1
1
1
1
1
1
1
0.99981
1
1
1
1
1
1
1
0.999989
0.999982
1
1
1
1
1
1
1
1
1
1
1
1
1
1
1
1
1
1
1
1
1
1
1
1
1
1
1
1
1
1
1
1
1
1
1
1
1
1
1
0.999995
1
1
1
1
1
1
1
1
1
1
1
1
1
1
1
1
0.999986
1
0.999986
1
1
1
1
1
1
1
1
1
1
1
1
1
1
1
0.999997
1
1
1
1
0.999971
1
1
1
1
0.999961
1
0.999974
1
0.999998
0.999998
1
1
1
0.999994
1
1
1
1
1
1
1
1
1
1
1
1
1
1
1
1
1
1
1
1
1
1
0.999998
1
1
0.999996
1
1
1
1
1
1
1
1
1
1
1
1
1
1
1
1
1
1
1
1
1
1
1
1
1
1
1
1
1.00001
0.999834
1
1
1.00004
1
1
1
1
1
1
1
0.999998
1
0.999999
1
1
1
1
1
1
1
1
0.999952
1
1
1
1
1
1.00003
1
1
1
0.999999
1
1
1
1
1
1
1
1
1
1
1
1
1
1
1
1
1
1
1
1
1
1
1
1
1
1
1
1
0.999997
1
1
1
1
1
1
1
1
1
1
1
1
1
1.00003
1
1
1
1
1
1.00001
1
1
0.999997
1
1
1
1
1
1
1
1
1
1
1
1
1
1
1
1
1
1
1
1
1
1
0.999876
1
0.999992
1
1
1
0.998883
1
1
1
1
1
1
0.999921
1
1
1
1
1
1
1
1
1
1
1
1
1
1
1
1
1
1
0.999986
1
1
1
1
1
1
1.00001
1
1
1
1
1
1
1
1
1
1
1
1
1
0.999871
1
1
1
1.00002
1
1
1
0.999999
1
1
1
1
0.999965
1
1
1
1
1
1
1
1
1
0.999999
1
1
1
1
1
1
1
0.999991
1
1
1
0.999999
1
1
1
1
1
1.00002
1
1
1
0.999926
1
1
1
1
1
1
1
1
1
1
1
1
1
1
1
1
1
1
1
1
1
1
1
1
1
1
1
1
1
1
1
1
1
1
1.00005
1
1
1
1
1
1
1
1
1
1
1
1
1
1
1
1
1
1
1
1
1
1
1
0.999783
0.999982
1
1
1
0.999838
1
1
1
0.999943
1
1
1
1
1
1
1
0.999463
1
1
1
1
1
1
1
1
1
1
1
1
1
1
1
1
1
1
1
1
1
1
1
1
1
1
1
1
1
1
1
0.999998
1
1
0.999997
1
1
1
1
1
1.00005
1
1
1
1
1
1
1.00001
1
1
1
1
1
1
1
1
1
1
1
1
1
1
1
1.00005
1
1
1
1
1
1
0.999996
1
1
1
1
1
1
1
1
1
1
1
1
1.00001
1
1
0.999688
1
1
1.00003
1
1
1
1
1
1
1
1
1
0.999996
1
0.999989
0.999892
1.00002
1
1
1
1.00001
0.999364
1
1
0.999998
0.999647
1
0.999143
1
1
1
1
1
1
0.999985
1
1
1
1
1
1
1
1
1
1
1
1
1
1
0.999933
1
1
1
1.00002
1
1
1
1.00002
1
0.999987
1
1
1
1
1
1
1
1
1
1
1
1
1
1
1
1
0.999999
1
1
1
1
1
1
0.999996
1
1
1
1
1
1
1
0.999997
1
1
1
1
1
1
1
1
1
1
1
0.999861
1
1
1
1
1
1
1
1
0.999993
1
1
1
1
1
1
1
1
1
1
1
0.999903
1
0.999998
1
1
1
1
1
1.00001
1
1
1
1
1
1
1
1
1
1
1
0.999987
1
0.999999
1
1
1
1
1
1
1
1
1
1
1
1
1
1
1
1
1
1
1
1
1
1
1
1
1
1
1
1
1
1
1
1
1
1
0.999999
1.00002
1
1
1
1
1
1
1
1
0.999597
1
1.00008
1
1
1
1
1
1
1
1
1
1
1
1
1
1
1
1
1
1
1
1
1
0.999869
1
1
0.999906
1
1
1
1
1
1
0.999999
1
1
1
1
1
1
1
1
1
1.00005
1
1
1
1
1.00001
1
1
1
1
1
1
1
1
1
1
1
1
1
1
1
0.999779
1
1
1
1
1.00003
1
1
1
1
1
0.99999
1
1
1
1
1
1
1
1
1
1
1
1
1
1
1
1
1
1
1
1
1
1
1
1
1
1
1
1
1
1
1
1
1
1
1
1
1
1
0.999996
1
1
1
1
1
1
1
0.999999
0.999722
1
1
1
1
1
1
1
1
1
1
1
1
1
1
1
1
1
1
1
1
1
1
1
1
1
1
0.999999
1
1
0.999995
1
1
1
0.999999
0.999979
1
1
1
1
1
1
1
0.999999
1
1
1
1
1
1
0.99999
1
1
1
0.999998
1
1
1
1
1
1
1
1
1
0.999999
1
1
1
0.999993
1
1
1
0.999958
1
1
1
1
1
1
1
1
1
1
1
1
1
1
1
1
1
1
1
1
1
1
1
1
1
1
1
1
1
1
1
1
1
1
1
1
1
1
1
1
1
1
1
1
1
1
0.999997
1
1
1
1
1
1
1
1
1
1
1
1
1
1
1
1
1
0.994599
1
1
1
1
0.999759
1
1
0.999982
1
0.999998
1
1
1
0.999835
1
1
1
1
1
1
1
1
0.999886
1
1
1
0.999959
1
1
1
1
1
1
1
1
1
1
1
1
1
1
1
1
1
1
1
1
1
1
1
1
1
1
1
0.999998
1
1
1
1.00001
1
1
1
1
1
1
1
1
1
1
1
1
1
1
1
1
1
1
1
1
1
1
1
1
1
1
1
1
1
1
1
1
1
1
1
1
1
1
1
1
1
1
1
1
1
1
1
1
1
1
1
1
1
1
1
1
1.00003
1
1
1
0.999999
1
0.999992
1
1
1
1
1
1
1
1
1
1
1
1
1
1
1
1
1
1
1
1
1
1
1
1
1
1
1
1
1
1
1
1
1
1
1
1
1
1
1
1
1
1
1
1
0.999995
1
1
1
1
1
1
1
1
1
1
1
1
1
1
1
0.999966
1
1
1
1
1
1
1
1
1
1
1.00059
1
1
1
1
1
1
1
1
1
1
1
1
1
1
1
1
0.999946
1
1
1
1
1
1
1
1
1
1
1
1
1
1
1
1
1
1
1
1
1
1
0.999993
1
1
1
1
1
1
1
1
1
1
1
1
1
0.999997
1
1
1
1
1
1
1
1
1
1
1
1
1
1
1
1
1
1
0.999989
1
1
1
1
1
1
1
1
1
1
1
1
1
1
1
1
1
1
1
1
1
1
1
1
0.999958
1
1
0.999978
1
1
0.999999
1
0.999996
0.999964
1
1
1
1
1
1
1
1
1
1
1
1
1.00002
1
1
1
1
1
1
0.999912
1
1
1
1
1
1
1
0.99991
1
1
1
0.999794
1
0.999999
1
1
1
1
0.999999
0.999804
1
1
1
0.999999
1
1
0.999993
1
1
1
1
1
1
1
1
1
1
1
1
1
1
1
1
0.999986
1
1
0.999999
1
1
1
1
1
1
1
1
1
1
1
1
1
1
1
1
1
1
1
1
1
1
1
1
1
1
1
1
1.00001
1
1
1
1
0.999999
1
1
1
1
1
1
1
1
1
1
1
1
1
0.999942
1
1
1
1
1
1
1
0.999998
1
1
1
1
1
1
0.999996
1
1
1
1
1
1
1
1
1
1
1
1
1
1
1
1
1
0.999998
1
1
1.00001
1
1
0.999915
1
1
1
0.996678
1
1
1
1
1
1
1
1
1
1
1
1
1
1
1
1
1
1
1
1
1
1
1
1
1
1
1
1
1
1
1
0.999999
1
1
1
1
1
1
1
1
1
1
1
1
1
1
1
0.999999
1
1
1
1
0.999926
1
1
1
1
1
1
1
1
1
1
1
1
1
1
1
1
1
1
1
1
1
1
1
1
1
1
1
1
1
1
1
1
1.00001
1
1
1
1
1
1
1
1
1
1
1
1
1
1
1.00001
1
1
1
1
1
1
1
1
0.999994
1
1
1
1
1
1
1
1
1
1
1
1
1
1
1
1
1
1
1
1
1
1
1
1
1
1
1
1
1
1
1
1
1
1
1
1
1
0.999998
1
1
1
1
1
1
1
1
0.999998
1
1
1
1
1
0.999992
1
1
1
1
1
1
1
0.999942
1
1
1
1
1
1
1
0.999958
1
1
1
1
1
1
1
1
1
1
1
1
1
1
1
0.999998
1
1
1
1
1
1
1
1
1
1
1
1
1
1
1
1
1
1
1
1
1
1
1
1
1
1
1
1
1
1
1
1
1
1
1
1
1
1
1
1
1
1
1
1
1
1
1
1
1
1
1
1
1
1
1
0.999999
1.00001
1
1
1
1
1
1
1
1
0.999999
1
1
1
1
1
1
1
1
1
1
1
1
1
1
1
1
0.999996
1
1
1
1
1
1
1
1
1
1
1
1
1
1
1
1
1
1
1
1
1
1
1
1
1
1
1
1
1.00002
1
1
1
1
1
1
1
1
1
1
1
1
1
1
1
1
1
1
1
1
0.999907
1
1
1
1
1
1
1
1
0.997758
1
1
1
1
1
1
1
1
1
1
1
1
1
1
1
1
1
0.999195
1
0.99999
1
1
0.999971
1
1
1
1
1
1
0.999985
1
1
1
1
1
1
1
1
1
1
1
1
1
0.999997
1
1
0.99999
1
1
1
1
1
1
1.00001
1
1
1
1
1
1
1.00043
1
1
1
1
1
1
1
1
1
1
1
1
1
0.998997
1
1
1
1.00063
1
1
0.999999
1
1
1
1
1.00001
1
1
1
1
1
1
1
1
1
1
1
1
1
1
1
1
1
1
1
1
1
1
1
1
1
1.00005
1
1
1
1
1
1
1
0.999997
1
1
1
1
0.999993
1
1
1
1
1
1
1
1
1
1
1
1
0.999999
1
1
1
0.999999
1
0.999998
0.999988
1
1
0.99993
1
1
1
1
1
1
1
1
1
1
1
1
1
1
1
1
1
1
0.997586
1
1
1
1
1
0.999989
1
1
1
1
1
1
1
1
1
1
1
1
1
1
1
1
1
1
1
1
1
1
1
1
1
1
1
1
1
1
1
1
1
1
1
1
1
1
1
1
1
1
0.999955
1
1
1
1
0.999996
1
1
1
1
1
0.999998
1
1
1
1
1
1
1
1
1
1
1
1
1.00001
1
1
1
1
1
1
1
1
1
1
1
1
1
0.999995
1
1
1
1
1
1
1
1.00061
1
1
1
1
1
1
1
1
1
1
1
1
1
1
1
1
1
1
0.999994
1
1
1
0.999998
1
1
1
1
1
1
1
1
0.999882
1
1
1
1
1
1
1
1
1
1
1
1
1
1
1
1
1
1
1
1
1
1
1
1
1
1
1
1
1
1
1
1
1
1
1
1
1
1
1
1
1
1.00001
0.999997
1
0.999996
1
1.00002
1
1
1
1
1
1
1
1
1
1
1
1
1
1
1
1
1
0.999996
1
1
1
1
1
0.999778
1
1
1
1
1
1
1
1
1
1
1
1
1
1
1
1
1
1
1
1
1
1
1.00003
1
1.00003
1
1
1
1
1
1
1
1
1
1
1
1
1
1
1
1
1
1
1
1
1
1
1
0.99989
1
1
1
1
1
1
1
1
1
1
1
0.999892
1
1
1
1
1.00057
1
1
1
1
1
1
1
1
1
1.0008
1
1
1
1
1
1
1
1
1
1
1
1
1
1
1
1
1
0.999989
0.999973
1
1
1
1
1
1
1
1
1
1
1
1
1
1
1
1
1
1
1
1
1
0.999918
1
1
1
1
1
1
1
1
1
1
1
1
1
0.999995
1
1
1
1
1
1
1
1
1
1
1
1
1
1
1
1
1
1
1
1
1
1
0.999847
1
1
1
1
1
1
1
1
1
1
1
1
1
1
1
1
1
1
1
1
1
1
1
0.999998
1
1
1
1
1
1
1
1
1
1
1
1
1
1
1
1
0.999994
1
1
1
1
1
1
1
1
1
1
1
1
1
1
1
1
1
1
1
1
1
1
1
1
1
1
1
1
1
1
1
1
1
1
1
1
1
1
1
1
1
1
1
1
1
1
1
1
1
1
1
1
1
1
0.999961
1
0.99994
1
1.00003
1
1
1
1
1
1
1
0.999999
1
1
0.999999
0.999988
1
1
1
1
1
1
1
1
0.999793
1
1
1
0.998466
1
1
1
1
1
1
1
1
1
1
1
1
1
1
1
1
1
1
1
0.999984
1
1
1
1
1
1
1
1
1
0.99452
1
1
1
1
1
1
1
1
1
1
1
1
1
1
1
1
1
1
0.999948
1
1
1
1
1
1
1.00106
1.00001
1
0.99999
1
1
1
1.00021
1
1
1
1
1
1
1
1
1
1
1
1
1
1
1
1
1
1
1
1
1
1
1
1
0.999987
1
1
1
0.999995
1
1
1
1
1
1
1
1
1
1
1
1
1
1
1
1
1
1
1
1
1
1
1
1
0.999835
1
1
1
1
1
1
1
1
1
1
1
1
1
1
1
1
1
1
1
1
1
1
1
1
1
1
1
1
1
1
0.999997
1
1
1
1
1
1
1
1.00025
1
1
1
1
1
1.00003
1
1
0.999933
1
1
1
1
1
1
1
1
1
1
0.999976
0.999946
0.999993
1
1
1
1
1
1
1
1
1
1
1
1
1
1
1
1
1
1
1
1
1
1
1
1
1
1
1
1
1
1
1
0.999915
1
1
1
1
1
1
1
1
1
1
1
1
1
1
1
1
1
1
1
1
1
1
1
1.00018
1
1
1
1
1
1
1
1
1
1
1
0.999999
1
1
1
1
1
1
1
1
1
1
1.00001
1.00003
1
1
1
1
1
1
1
1
1
1
1
1
1
1
1
1
1
1
1
0.99995
1
1
1
1
1
1
1
1
1
1
1
1
1
1
1
1
1
0.999996
1
1
1
1
1
1
1
1
1
1
1
1
1
1
1
1
1
1
1
0.999999
1
1
1
1
1
1
1
1
1
1
1
1
1
1
1
1
1
1
1
0.999939
1
1
1
1
1
1
1.00142
1
1
1
1
1
1
1
1
1
0.999999
1
1
1
1
1
1
1
1
1
1
1
1
1
1
1
1
1
1
1
1
1
1
1
1
1
1
1
1
1
1
1
1
1
1
1
1
1
1
1
1
1
1
1
1
1
1
1
1
1
1
1
1
1
1
1
1
1
1
1
1
1
1
1
1.0005
1
1
0.999991
1
1
1
1
1
1
1
1
1
1
1
1
1
1
1
1
0.999999
1
1
1
1
1
1
0.999862
0.999964
1
1
1
1
1
1
1
1
1
1
1
1
1
1
1
1
1
1
1
1
1
0.99985
1
1
1
1
1
1
1
1
1
1
1
1
1
1
1
1
1
1
1
1
1
1
1
1
1
1
1
1
1
1
1
1
0.998116
0.999998
1
1
1
1
0.999998
1
1
1
1
1
1
1
1
1
1
1
1
1
0.999656
1
1
1
1
1
1
1
1
1
1
1
1
1
0.999996
1
1
1
1
1
1
1
1
1
1
1
1
1
1
1
0.999939
1
1
1
1
1
1
1
1
1
1
1
1
1
1
1
1
1
1
1
1
1
1
1
1
1
1
1
1.00001
1
1.00002
1
1
1
0.999996
1
1
1
1
1
1
1
1
1
1
1
1
1
1
1
1
1
1
1
1.00022
1
1
1
1
1
1
1
1
1
1
1
1
0.999876
1
1
1.00001
1
1
1
1
1
1.00026
1
1
1
1
1
1
0.999995
0.999835
1
1
1
1
1.00001
1
1
1
1
0.999993
1
1
1
1
1
1
1
1
1.00002
1
0.999895
1
1
1
1
1
1
1
1
1
1
1
1
1
1
1
1
1
1
1
1
1
1
1
1
1
1
1
1
1
0.999197
1
1
1
1
1
1
1
1
1
1
1
1
1
1
1
1
1
1
1
1
1
1
1
1
1
1
1
1
0.999777
1.00092
1
1
1
1
1
1
1
1
1
1
1
1
1
1
0.999368
1
1
1
1
1
1
1
1
1
1
1
1
1
1
1
1.00001
1
1
1
1
1
1
1
1
1
1
1
1
1
1
1.00058
1
1.00081
1
1
1
1
1
1
1
1
1
1
1
1
1
1
1
1
1
1
1
1
1
1
1
1
1
1
0.989646
1
1
0.995938
1
1
1
1
1
1
1
1
1
1
1
1
1
1
1
0.999986
1
1
1
1
1
1
1
1
1
1
1
1
0.999736
1
1
0.997444
1
1
1
1
1
1
1
1
1
1
1
1.00117
1
1
1
1
1
1
1
1
1
1
0.988711
1
1
1
1
0.999998
1
1
1
1
1
1
1
1.00108
1.00005
1
1
1
1
1
1
1
0.99992
1
0.99986
1
0.999997
1
0.999727
1
1
1
1
1
1
1
1
1
1
1
1
1
0.999995
0.994829
1
0.999998
1
1
1
1
1
1
1
1
1
0.999037
1
1.00061
1
1
1.00056
0.999224
1
1
1
1
1
1
1
1
1
1
1
1
1
1.00004
1
0.999999
1
1
1
1
1
1
1
1
1
1
0.999737
1
1
1.00008
1
1
0.999274
1
1
1
1
1
1
1
1
1
1
1.00021
1
1
1
1
1
0.999998
1
1
0.999993
1
1
1
1
1.00005
1
1
1
1
1
1
1
1
1
1.00041
1.00019
1
1
1
1
1
1
1.00008
1.00044
1
1
1
1
1
1
1
1
1
1
1
1
1
1
0.999658
1
1
1
1
1.00017
1
1
1
1
1
1
1
1
1
1
1
1
1
1
1
1
1
1
1
1
1
1.00012
1
1
1
1
1
1
1
1
1
1
1
1.00068
1
0.999906
1
1
1
1
1
0.999997
1
1
1
1
1
1
1
1
1
1
1
1
1
1
1
1
0.999719
1
1
1
1
1
1
0.999988
1
1
1
1
1
1
1
1.00001
1
1
0.999854
1
1
1
1
1
1
1
0.999993
1.00002
0.999905
1
1
1
1
1
1
1
1
1
1
0.999982
1.00016
1
1
1
1
1
1
1
1
1
0.999987
1
1
1
1
1
1
1
1
1
1
1
1
1
1
1
1
1
1
1
1
1
1
1
1
1
1
1
0.999999
1
0.997466
1
1
1
1
1
1
1
1
1
0.999967
1.00002
0.999993
1
1.00001
1
0.999975
1
1
1
1.00012
1
1
1
0.999977
1
1
1
1
1
1
1
1
1
1
0.999874
1.00005
1.00048
1
1
1
1
1
1
1
1
1
1
1
1
1
1
1.00005
1
1
1
1
1
1
1
1
1
0.999981
1
1
1.00001
1
1
1
1
1
1
1
1
1
1
0.99999
1
1
1
1
1
1
1
1
1
1
1
1
1
1
1
1
1
1
1
1
1
1
1
1
1
1
1
1
1
1
1
1
1
1
1
1
1.00004
1
1
1.00005
1
1
1
1
1
1
1
1
1
1.00003
1
1
0.998812
1
1
1
1
1
0.999999
1
1
1
1
1
1
1.00111
1
1
1
1
1
1
1
1
1
1
1
1
1
1
0.995811
1
1
1
1
1
1
1
1
1
1
1
1.00002
1
1
1
1
1
1
1
1
1
1
1
1
1
1
1
0.99148
0.997773
1
1
1.00047
1
1
1.00003
1
1
1
1.00001
1
1
1
1
1
1
0.993592
1
1
1
1
1
1
1
1
1
1
1
1
1
1.00001
1
1
1
1
1
1
1
1
1
1
1
1
1
1
1
1
1
1
1
1
1
1
1
1
1
1
1
1
1
1
1
1
1
1
1
1
1
1
1
1
1
1
1
1
1
1.00003
1
1
1
1
1
1
1
1
1
1.00002
1
1
1
1
1
1
1
1
1
1
1
1
1
1
1
1
1
1
1
1
1
1
1
0.999823
1
1
1
1
1
1
1
1
1
1
1
1
1
1
1
1
1
1
1
1
1
1
1
1
1
1
1
1
1
1
1
1
1
1
1
1
1.00012
1
1
1
1
1
1
1
1
1.00044
1
1
1
1
1
1
1
1
1
1
1
1
1
1
1
1
1
1
1
1
1
1
1
1
0.999999
1
1
1
1.00003
1
1
1
1
1.00008
0.999999
0.999985
1
1
1
1
1
1
1
1
1
1
1
0.999999
1
1
1
1
1
1
1
1
1
1
1
1
1
1
1
1
0.999859
1
1
1
1
1
1
1
1.00001
1
1
1
1
1
1
1
1
1
1
1
1
1
1
1
1
1
1
1
1
1
1
1
1
1
0.999986
1
1
1
1
1
1
1
1
1
1
0.999958
0.999994
1
1
1
1
1
1
1
1
1
1
1
1
1
1
1
0.999996
1
1
1
1
1
1
1
1
1
1
1
1
1
1
0.999865
1
0.999999
1
0.999997
1
1
1
1
1
1
1
1
1
1
0.999965
1
1
0.999996
1
1
1
1
0.99994
0.999997
1
1
1
1
1
1
1
1
1
0.999825
1
1
1
1
1
1.00032
0.999844
0.999995
1
1.00003
1
0.992734
1
1
1
1
1
1
1
1
1
1
1
1
1
1
1
1
1
1
1
1
1
1
1
1
1
1
1
1
1
1
1
1
1
1
0.998986
1
1
1
1
1.00002
0.999776
1
1
1
1
1
1
0.999978
1
1
1
1
1
1
1
1
1
1
1
1
1
1
1
1
1
1
1
1
1
1
1
1
1
1
1
1
1
0.999924
1
1.00002
1
1
1
1
1
1
1
1
1
1
1
1
1.00001
1
1
1
1
1
1
1
1
1.00002
1
1
1
1
1
1
1
1
1
1
1
1
1
1
1
1
1
1
0.998596
0.999895
1
1
1
1
1
1
1
1
1
1
1
1
1
1
1
0.999992
1
1
1
1
1
1
1
1
1
1.0007
1
0.999996
1.00001
1
1
1
1
1
1
1
1
1
0.999996
1
1
1
1
1
1
1
1
1
1
1
1
1
1
1
1
1
1
1
1
1
1
1
1
1
1
1
1
1
1
1
1
1
1
1
1
1
1
1
1
1
1
1
1
1
1
1
1
1
1
1
1
1
1
1
1
1
1
1
1
1
0.999218
1
1
1
1
1
1
1
1
1
1
1
1
1
1
1
1
1
1
1
1
0.999976
1
1
1
1
1
1
0.99634
1
1
1
1
1
1
1
1
1
1
0.999986
1
1
1
1
1
1
1
1
1
1
1
1
1
1
1
1
0.999913
1
0.999918
0.99918
1
1
1
1
1
1
1
1
0.99977
1
1
1
1
1
1
1
1
1
1
1
1
1
1
1
1
1
1
1
1
1
1
1
1
1
1
1
1
1
1
1
1
1
1
1
1
1
1.00011
1
0.999753
1
1
1
1
1
1
1
1
1
0.999999
1
1
1
1
1
0.999993
1
1
1
1.00005
1
1
1
1
1
1.00011
1
1.00005
1
1
1
0.999999
1
1
1
1
1
1
1
1
1
1
1
1
0.999989
1
0.999997
1
1
1
1.00001
1
0.999873
1
1
0.999999
1
1
0.999991
1
1
1
1
0.999966
0.999995
1.00001
1
1
0.99989
1
1
1
1
1
1
1
1
1
1
0.999994
1
1
1.00002
1
1
1
1
1
1
1
1
1
1
1
1
1.00015
1
1
1
1
0.999931
1
1
1
1
1
1.0001
1
1
1
0.99999
1
1
1
1
1.00003
1
1
0.998292
1
1
1
1
1
1.00001
1
1
1
1
1
1
1
1
1
1
1
1
1
1
1
1
1
1
0.999771
1
0.999868
1
1
1
1
1
1
1
0.999993
1
1
1
1
1
1
1
0.999919
1
1
1
1
1
1
1
0.998587
1
1
1
1
1
1
0.999989
1
1
1
1
1
1
1
1
1
1
1
1
1
1
0.999994
1
0.999905
1
1
1
1
1
1
1
1
1
1
1
1
1
1
1
1
1
1
1
1
1
0.999995
1.00001
1
1.00001
1
1
1
1
1
1
1
1
1
1.00001
1
1
1
0.999999
1
1
1
1
1
1
1
1
1
1
1
1
1
1
0.996331
1
1
1
1
1
1
0.998798
1
1
1
1
1
1
1
1
1
1
1
0.999994
1
1
1
1
1
1
1
1
1
1
1
0.999926
1
1
1
1.00001
1
1
1
1
1
1
1
1
1
1
1
1
1
1
1
1
1
1
1
1
1
1
1
1
1
1
1
1
1
1
1.00001
1
1
1
1
1
1
1
1
0.999998
1
1
1
1
1
1
1
1
1
1
1
0.999988
1
1
1
0.99989
1
1
0.999977
1
1
1
1
1
1
1
1
1
1
1
1
1
1
1
0.999798
1
1
1
0.999238
1
1
1
1
1
1
1
1
1
0.999927
1
1
1
1
1
1
1
1
1
1
1
1
1
1
1
1
0.995269
1
1.00001
1.00031
1
1
1
1
1
1
1
0.999696
1
1
0.999975
1
1
1
1
1
1
1
1
1
1
1
1
1
1
1
0.998325
1
1
1
1
1
1
1
1
1
1
1
1
1
1
1
1
1
0.999999
1
1
1
1
1
1
1
1
1
1
1
1
1
1
1
1
1
1
1
0.999998
0.999993
1
1
1
1
1
1.00003
1
1
1
1.0001
1
1
1
1
1
1
0.999998
1
1
1
1
0.999994
1
1
1
1
0.999969
1
1
1
1
1
1
1
1
1
1
1
1
1
1
0.999999
1
1.00001
1
1
1
1
1
1
1
1
1
1
1
1
1
1
1
1
1
1
1
1
1
0.999997
1
0.999985
1
1
0.999939
1
1
0.999982
1
0.999999
1
1
1
1
1
1
0.999952
1
1
0.999933
1
1
0.999998
1
1
1
1
1
1
1
0.996086
1
1
1
1
1
1
1
1
1
1.00001
1
1
1
1
1
1
1
1
0.999994
1
1
1
1
1
1
1
1
1
1
1
1
1
1
1
1
1
0.998751
1
1
1
1
1
1
1
1
1
1.00001
1
1
1
1
1
1
1
1
1.00002
1
1
0.999869
1
1
1
1
1
1
1
1
1
1
1
1
0.999999
1
1
1
1
1
1
1
1
1
1
1
1
1
1
0.999804
1
1
1
1
1
1
1
1
1
1
1
1
1
1
1
1
1
1
1
1
1
1
1
1
1
1
0.999641
1
1
1
1
1
1
1
1
1
1
1
1
1
1
1
1
1.00001
1
1
1.00002
1
0.999996
1
1
1
1
0.999958
1
1
1
1
1
1
1
0.999997
1
1
1
0.99999
1
1
1
1
1
1
1
0.999942
1
1
1
1
1
1
1
1
1
1
1
1.00002
1
1
1
1
1
1
1
0.999578
1
1
1.00006
1
1
1
1
0.999997
1
1
1
1
1
1.00001
1
1
0.999998
1
1
1
1
1
1
1
1
1
0.999935
1
1
0.999999
1
1
1
1
0.99994
1
1
1
1
1
1
1
1
1
1
1
1
1
0.99999
0.999991
1
0.999986
1
1
1
1.00001
1
0.99999
1
1
1
1
1
1
1
1
1
1
1
1
1
1
1
1
1
1
1
1
1
1
1
1
0.997487
1
1
1
1
1
1
1
1
1
1
1
1
1
1
0.995962
1
1
1
0.999998
1
1
1
1
0.998681
1
1
1
1
1
0.999999
1
1
1
1
1
1
1
0.999999
1
1
1
1
0.988977
1
1
1
1
1
1
0.999995
1.00001
1
1
1
1
1
1
1
1
1
1
1
1
1
1
1
1
1.00001
1
1
1
1
1
1
1
1
1
1
1
0.999891
0.99991
1
1
1
1
1
1
1
1
1
1
1
1
1
1
1
1
1
1
1
0.999999
1
1
1
1
1
1
1
1
1
1
1
1
1
1
1
1
1
1
0.99991
1
1
1
1
1
1
1
1
1
1
1
1
1
1
1
1
1
1.00002
1
1
1
1
1
0.999996
1
1
1
1
1
1
1
1
1
1
1
1
1
1
1.00001
1
1
1
1
1
1
1
1
1
1
1
1
1
1
1
1
1
1
1
1
1
1
1
1
1
1
1
1
1
0.999934
1
1
1
1
1
1
1
1
1
1
1
1
1
1
1
1
1
1
1
1
1
1
1
1
0.999997
1
1
1
0.999999
1
1
1
1
1
1.00001
0.999998
1
1
1
1
1
1
1
1
1
1
1
1.00002
1
1
0.98791
1
1
1
1
1
1
1
1
1
1
1
1
1
1
1
1
1
1
1
0.999998
1
1
0.998273
1
0.999923
0.999999
1
0.99999
1
1
1.0001
1
1
1
1
1
1
1
1
1
1
1
1
1
1
0.999969
1
1
1
1
1
1
1
0.999993
1
1
0.999756
1
1
1
1
1
1
1
1
1
1
1
1
1
1
1
1
1
0.999263
1
1
1
1
0.999979
1
1
1
1
1
1
1
1
1
0.999942
1
1
1
1
1
1
1
1
1
1
1
1
1
0.998435
1.00003
1
1
1
1
1
1
1
1
1
1.00002
0.999969
1
1
1
1
1
1
1
1
1
1
1
1
1
1
1
1
1
1
0.999997
1
1.00031
1
1
1
1
1
1
1
1
1
1
1
1
1
1.00001
1
1
1.00004
1
1
1
0.999941
1
1
1
1
0.999996
1
1
1
1
1
1
1
1
1
0.999999
1
1
1
0.999507
1
1
1
1
1
1
1
1
1
1
1
1
1.00015
1
1
0.99978
1
1
1
1
0.999997
1
1
1
1
1
1
1
1
1
1
1
1
1
0.997095
1
1
1
1
1
1
1
1
1
1
1
1
1
1
0.994108
1
0.999896
1
1
1
0.99998
1
1
1.00159
1
1
1
1
1
1
1
1
1
1
1
1
1
1
1
1
1
1
0.999907
1
1
1
1
1
1
1
1
1
1
1
1
1
1
1
1
1
1
1
1
1
1
1
1
1
1
1
1
1
1
1
1
1
1
1
1
1
1
1
1
1
1
1
1
1
1.00005
1
1
1
1
1.00006
0.999881
0.995446
1
1
1.00006
1
0.999999
1
1
1
1
1.00001
1
1
1
1
1
1
1
1
1
1
1
1
1
1
1.00012
1
1
1
1
1
1
1
1
1
1
1
1
1
1
1
1
1
1
1
1
1
1
1
1
1
1
1
1
1
1
1
1
1
1
1
1
1
0.999992
0.999996
1
1
1
0.999869
1
1
1
1
1
1
1
1
1
1
1
1
1
1.00001
1
1
1
1
1
1
1
1
1
1
1
1
1
1
0.999969
1
1
1
1
1
1
1
1
1
1
1
1
1
1
1
1
1
1
1
1
0.999999
1
1
1
1
1
1
1
1
1
1
1
1
0.992898
1
1
1
0.999999
1
1
0.999999
1
1
1
1
1
1
1
0.999996
1
1
1
0.999999
1
1
1.00005
1
1
0.999985
0.999996
1
1
1
1
1
1
1
1
0.999998
1
1
1
1
1
1
1.00001
1
1
1
1
1
1
0.999996
1
1
1
1
1
1
1
1
1
1
1
1
1
1
1
1
1
1
1
1
1
1.00006
0.999999
1
1
1
1
1
1
1
1
1
1.00005
1
1
1
1
1
1
1
1
1
1
1
1
1
1
1
1
1
1
1
0.999879
1
1
1
1
1
0.999991
1
1
0.999929
1
1
1
1
0.999999
1
1
1
1
0.999947
0.999999
1
1
1
1
1
1
1
1
1
1
0.999998
1
1.00003
1
1
1
1
1
1
1.00027
1
0.999999
1
1
1
1
1
1
1
1
1
1
0.99999
0.99997
1
0.999968
1
1
0.999291
1
1
1
0.999999
1
1.00001
1
1
1
1
1
0.999986
1
1
1
1
1
1
1
1
1
1
1
1
1
1
1
1.00047
1
1
1
1
1
1
1
1
1
1
1
0.999998
1
1
1
1
1
1
0.999979
1
1
1.00002
0.999988
1
1
1
1
1
1
1
1
1
1
1
1
1
1
1
1
0.999997
1
1
0.999999
1
1
1
0.99998
1
1
1
1.00001
1
1
1
1
1
1
1
1
1
1
1
1
1
1
1
1
1
1
1
1
1
1
1
1
1
1
1
1
1
0.99999
0.999999
1
1
1
1
1
0.999999
1
1
1
1
1
1
1
0.998389
0.999999
1
1
1.00001
1
0.999841
1
1
1
1
0.999998
1
1
1
1
1
1
1.00072
1
1
0.998678
1
0.999346
1
0.999629
1
1
1
1
1
0.999996
1
1
1
1
1
1
1
1
0.999886
1
1
1
1
1
0.999933
1
1
1.00002
1
1
1
1
1.00002
1
1
1
1
1
1
1
1
1
1
1
1
1
1
1
1
1
1
0.999997
1
0.999968
0.99995
1
1
1
1
1
1
1
1
1
1
0.999773
0.999835
1
1
1
1
1
1
1
1
1
1
1
1
1
1
1
1
1
1
1
1
1
1
1
1
1
1
1
1
1
1
0.998591
1
1
1
1
1
1
0.999999
1
1
1
1
1
1
1
1
1.00001
1
0.999779
0.999994
1
1
1
1
1
1
1
1
1
1
1
1
1
1
1
1
0.999984
1
1
1
1
1
1
1
1
1
1
1
1
1
1
1
1
1
1
1
1
0.999998
1
1.00003
1
1
0.999982
1
0.999992
0.999806
1.00146
1
1
1
1
1.00001
1
1
1
1
1
1
1
1.00008
1
1
1
1
0.999999
1
1
1
1
0.999126
1
0.999953
1
0.999993
1
1
1
1
0.99944
1
1
1
1
1
1
1
1
1.00109
1
1
1
1
0.999981
0.999916
1
0.998822
1
1
1
1
0.999966
1
1
1
1
1
1.00062
1
1
1
1
1
1
1
1
1
1
1
1
1
1
1
1
1
1
1
1
1
1
1
1
1.00001
1
1
1
1
1
1
1
1
1
1
1
1
1
1
1
1
1
1
1
1
1
1
1
1
1.00125
1
1
0.999862
1
1
1
1
1
1
1
1.0006
1
1.00001
1
1
1
1
1
1
1
1
1
1
1
1
1
1.00001
1
1
1
1
1
1
1
1
1
1.00004
1
1
0.999891
1
1
1
1
1
1
1
1
1
0.999983
1
1
1
1
1
1
1
1
1
1
1
1
1
1
0.999994
1
1
1
1
1
1
1
1
1
1
1
1
1
1
1
1
1
1
1
1
1
1
1
1
1
1
1
1
1
1
1
1
1
1
1
1
1
1
1
0.999928
0.999992
1
0.999647
0.99999
1
1
1
1
0.999949
1
1
1
1
1
1
1
1
1
1
0.999999
1
0.999912
1
1
1
1
1
1.00175
1
1
1
0.999999
1
1
1
1
1
0.999947
1
1
1
1
1
1
0.999999
1
1
1
1
1
1
1
1
1
1
1
1
1
1
1
1
1
1
1
1
0.99993
1
1.00007
1
1
0.999677
1
1
1
1
1
1
1
1
1
1
1
1
1
1
1
1
1
1
1
1
1
1
0.999991
1
1
1
1
1
1
1
1
1
1
1
1
1
1
1.00001
1
1
1
1
1
1
1
1
1
1
1
1
0.99984
1
1
1
1
1
1
1
1
1
1
1
1
1
1
1
1
1
1
1
1
1
1
1
0.999999
1
1
0.99949
1
1
1
1
1
1
0.999871
1
1
0.999998
0.999999
1
1
1
1.00001
0.999999
1
1
0.999992
1
1
1
1
1
1
1
1
1
1
1
0.999987
1
1.00003
1
1
0.999979
1
1
1
1
1
1
1
1
1
1
1
1
0.999999
1
1
1.00003
1
0.99999
1
1
1
1
0.999837
1
1
1
1
1
1
1
1
1
1
1
1.00001
1
1
1
1.00001
)
;

boundaryField
{
    frontback
    {
        type            empty;
    }
    topbottom
    {
        type            zeroGradient;
    }
    outlet
    {
        type            zeroGradient;
    }
    inlet
    {
        type            fixedValue;
        value           nonuniform List<scalar> 0();
    }
    walls
    {
        type            zeroGradient;
    }
    procBoundary1to0
    {
        type            processor;
        value           nonuniform List<scalar> 
104
(
1
1
1
1
1
1
1
1
1
1.00001
1
1
1
0.999991
1.00002
1
1.00013
1
1
1
1
1
1
1
1
1
1
1
1
1
1
1
1
1
1.00013
1
1
1
1
1
1
1
0.998209
1
1
1
1
1
1
1
1
1
1
1
0.999653
1
1
1
1
1
1
1
1
1
1
1
1
1
1
1
1
1
1
1
1
1
1
1
1
1
1
0.999933
1
1
1
1
1
1
1
1
1
1
1
1
1
1
1
1
1
1
1
1
1
1
)
;
    }
    procBoundary1to3
    {
        type            processor;
        value           nonuniform List<scalar> 
205
(
1
1
1
1
1
1
1
1
1
1
1
1
1
1
1
1
1
1
1
1
1
1
1
1
1
1
1
1
1
1
1
1
1
1
1
1
1
1
1
1
1
1
1
1
1
1
1
1
1
1
1
1
1
1
1
1
1
1
1
1
1
1
1
1
1
1
1
1
1
1
1
1
1
1
1
1
1
1
1
1
1
1
1
1
1
1
1
1
1
1
1
1
1
1
1
1
1
1
1
1
1
1
1
1
1
1
1
1
1
1
1
1
1
1
1
1
1
1
1
1
1
1
1
1
1
1
1
1
1
1
1
1
1
1
1
1
1
1
1
1
1
1
0.999998
1
1
1
1
1
1
1
1
1
1
1
1
1
1
1
1
1
1
1
1
1
1
0.999998
1
1
1
1
1
1
1
1
1
1
1
1
1
1
1
1
1
1
1
1
1
1
1
1
1
1
1
1
1
0.999999
1
1
1
1
1
1
1
1
1
)
;
    }
}


// ************************************************************************* //
