/*--------------------------------*- C++ -*----------------------------------*\
| =========                 |                                                 |
| \\      /  F ield         | OpenFOAM: The Open Source CFD Toolbox           |
|  \\    /   O peration     | Version:  v2012                                 |
|   \\  /    A nd           | Website:  www.openfoam.com                      |
|    \\/     M anipulation  |                                                 |
\*---------------------------------------------------------------------------*/
FoamFile
{
    version     2.0;
    format      ascii;
    class       volScalarField;
    location    "100";
    object      gammaInt_0;
}
// * * * * * * * * * * * * * * * * * * * * * * * * * * * * * * * * * * * * * //

dimensions      [0 0 0 0 0 0 0];


internalField   nonuniform List<scalar> 
13917
(
1
1
1.00003
1
1
1
1
1
1
1
1
1
1
1
1
1
1
1
1
1
1
1
1
1
1
1
1
1
1
1
1
1
1
1
1
1
1
1
1
1
1
1
1
1
1
1
1
1
1
1
1
1
1
1
1
1
0.999202
1
1
1
1
0.99997
1
1
1
1
1
1
1
1
0.999999
1
1
1
1
1
1
1
1
1
1
1
1
1
1
0.999994
1
1
1
1
1
1
1
1
1
1
1
1
1
1
1
1
1
1
1
1.00001
1
0.999911
0.999997
1
1
1
1
1
1
1
1
1
0.999979
1
1
1
1
1
1
1
1
1
1
1
1
1
1
1
1
1
1
1
1
1
1
1
1.00002
1
1
0.999978
0.999999
1
1
1
1
1
1
1
1
1
1
1
1
1
1
1
1
1
1
1
1
1
1
1
1
1
1
1
1
1
1
1
1
1
1
1
1
1.00013
0.999968
1
1
1.0001
1
1
1
1
1.00001
1
1
1
1
1
1
1
1
1
1
1
1
1
1
1
1
1
1
1
1
1
1
1
1
1
1
1
1
0.999959
0.999855
1
1
1
1
1
1
1
1
1
1
1
1
1
1
1
1
1
1
1.00001
0.999867
1
1
1
1
1
1
1
1
1
1
1
1
1
1
1
1
1
1
1
1
1
1
1
1
1
1
1
1
1
1
1
1
1
1
1
1
1
1
1
1
1
1
1
1.00003
1
1
1
1
0.999927
1
1
1
1
1
1
1
1
1
1
1
0.999986
1
1
1
1
1
1
1
1
1
1
1
1
0.999986
1
1
1.00002
1
0.999881
1
1
1
1
1
1
1
1
1
1
1
1
1
1
1
0.999923
1
1
0.999992
1
1
1
0.999989
1
1
1
1
1.00001
1
1
1
1
1
1
1
1
1
1
1
1
1
1
0.999798
1
1
1
1
1
1
0.999998
1
0.999995
0.999782
1
1
1
0.999929
1
1
0.999966
0.999995
1
1
1
1
1
1
1
1
0.999999
1
1
0.999993
1
0.999998
1
1
0.999849
1
1
1
1
1
1
1
1
1
1
1
1
1
1
1
1
1
1
1
1
1
1
1
1.00014
1
1
1
1
1
1
1
1
1
1
1
1
1
1
1
1
1
1
1
1
1
1
1
1
1
1
1.00001
1
1
0.999998
1
1
1
1
1
1
1
1
1
1
1
1
1
1
1
1
1
1
1
1
1
1
1
1
1
0.999969
0.999996
1
1.00003
1
1
1
1
1
1
1
1.00009
1
1
1
1
1
1
1
1
1
1
1
1
1
1
1
1
1
1
1
1
1
1
1
1.00001
0.999325
0.999999
1
1
1
1
1
1
1
1
1
0.999999
1
1
1
1
1
1
1
1
1
1
1
1
1
1
1
1
1
1
1
1
1
1
0.999894
1
1
1
1
1
1
1
1
1
1
1
1
1
1
1
0.999925
1
1
1
1.00003
0.999999
1
1
1
1
1
1
1
1
1
1
1
1
0.999998
1
1
1
1
1
1
1
1.0001
1
1
1
1
1
1
1
1
1
1
0.998972
1
1
1
1
1
1
0.998914
1
0.999999
1
1
1
1
1
1
1
1
1
1
1
0.999996
1
1
1
1
1
1
1
1
0.999852
1
1
1
1
1
1
1
1
0.999979
0.999999
1
1
1
1
0.999979
1
1
1.00001
1
1
0.999999
1
1
1
1
1
0.999989
0.99997
1
1.00002
1
1
0.999797
1
1
1
1
0.999999
1
1
1
1
1
1
1
1
1
1
1
1
1
1.00001
1
1
1
1
1
1
1
1
0.999821
1
1
1
1
1
1
1
1
1
1
1
1
1.00002
1
1
1
1
1
1
1
1
1
1
1
1
1
0.999954
1
1
1
0.999994
1
1
1
1
1.00002
1
1
1
1
1
1
1
1
1
0.999999
0.999999
1
1
1
1.00011
1
1
0.999996
1
1
1
1
1
1
1
1
1
1
1
1
1
1
1
1
1
1
1.00003
1
1
1.00002
1
1
0.995894
0.999999
0.999989
1
1
1
1
1
1
0.999998
1
1
1
1
1
1
1
1
1.00002
1
1
1
1
1
0.999991
1
1
1
1
1
0.999998
1
1
1
1
1.00002
1
1
1
1
1
1
1
1
1
1
1
1
1
1
1
1
0.999757
1
1
1
1
1.00001
1
1
1
1
1
1
1
1
1
1
1
1
0.994637
1
1
1
1
1
1
0.999998
1
1
1
1
1
1
1
1
1
1
1
1
1
1
1
1
1
0.999948
1
1
1
1
1
1
1
0.999974
1
1
1
1
1
1
1.00002
1
0.998959
0.999995
1
1
0.998032
1
1
1
1
1
0.999981
1
1
1
1
0.999992
1
1
1
1
0.999993
1
1
1
1
1
1
1
1
1
1
1
1
1
1
1
0.999975
1
1
1
1
1
1
1
1
1
1
1
1
1
1
1
1
0.99621
1
1
1
1
1
1
1
1
1
1
1
1
1
1
1
1
1
0.999878
1
1
1
1
1
1
1.00004
1
1
1
1
1
1
1
1
1
1
0.999998
1
1
1
1
1
1
1
1
1
1
1
1
1
1
1
1
1
1
1
1
0.994279
0.999991
1
1
1
1
1
1
0.999999
1
1
1
1
1
1
1
1
1
1
1
1
1
0.999997
1
1
1
0.999984
1
1
1
1
1
1
1.00001
1
1
0.999997
1
1
1
1.00003
1
1
1
1
1
1
1
1
1
0.999606
1
1
1
1
0.999072
1
1
1
1
1
1
1
1
1
1
1
1
1
1
1
1
1
1
0.999992
1
1
1
0.998885
1
1
1
1
1
1
1
1
1
1.00004
1.00001
1
1
1
1
1
1
1
1
1
1
1
1
1
1
1
1.00003
1
1
1
0.999966
1
1
1
1
1
1
1
0.99992
1
1
1
1
1
1
1.00002
1
1
1
1
1
1
1
1
1
1
1
1
1.00001
1
1
0.999997
1
1
1
1
1
1
1
1
1.00001
1
1
1
1
1
0.99998
0.990049
0.996236
1
1
1
1
1
1
1
1
1
1
1
0.991105
1
1
1
1
1
1
1
1
1
1
1
1
1
0.999999
1
1
1
1
0.999978
1
1
1
1
0.999991
1
1
1
1
1
1
1
1
1
1
1
1
1
1
1
1
1
1
1
1
1
1
1
1
1
1
1
1
1
1
1
0.999992
1.00003
1
1
1
1
1
1
1
1
1
1
1.0015
1
1
1
1
0.996684
1
1
1
1
1
1
1
1
1
1
1
0.999549
1
1
1
1
1.00003
1
1
1
1
1
0.999957
1
1
1
1
1
1
1
1.00001
1
1
1
0.99998
1
1
1
1
1
0.999998
1
1
1
1
1
1
0.999995
1
1
1
1
1.00004
1
1
0.999999
1
1
1
1
1
1
1
1
0.999998
1
0.99994
1
0.999969
1
1
1
1
1
1
1
1
1
1
1
1
1
1
1
1
1
0.999998
1
1
1
1
0.999997
1
1
0.99999
1
1
1
1
1
1
1
1
1
1.00001
1
1
1
1
1
1
0.999998
1
1
1
1
1
1
1
1
1
1
1
1
1
1
1
1
1
1
1
1
1
1
1
0.999999
0.999828
1
1
1
1
1
1
1
1
0.999999
1
1
1
1
1
1
1
1
1
1
1
1
1
1
1
1
0.999973
1
1
0.999949
1
1
1
1
1
1
1
1
1
1
1
1
0.993237
1
1
1
1
0.998996
1
1
1
1
1
1
1
1
1
1
1
1
1
1
1
1.00004
1
1
1
1
1
1
1
1
1
1
1
1
1
0.999883
1
1
1
0.999998
1.00081
1
1
1
1
1
1
1
1
1
1
1
1
1
1
1
1
1
1
1
0.998268
1
1
1
1
1
1
1
1
1
0.999486
1
1
1
1
1
0.999999
1
1
1
1
1
1
0.999728
1
1.00001
1
1
1
1
1
0.999794
1
1
1
1
1
1
1
1
1
1
1.00064
1
1
1
0.999999
1
0.993396
1
1
1.00002
1
1.00002
1
0.999999
1
0.999887
1
1
1
1
1
1
1
1
1
1
1
1
0.999994
0.999997
1
1
1
1
0.999999
1
1
1
1
1
1
1
1
1
1
1
1
1
1
1
0.997459
1.00002
1
1
1
0.999966
1
1
1
1
1
1
1
1
1
1
1
1
1
1.00004
1
1
1
1
1
1
1
1
1
0.999854
1
1
0.998896
1
1
1
1
1
1
1
1
1
1
1
1
1
1
1
1
1.00003
1
1
1
1
1
1
1
1
1
1
1.00159
1
1
1
1.00001
1
1
1
1
1
1
1
1
1
1
1
1
1
1
0.999895
1
0.999999
1
1
1
1
1
1
1
1
1
1
1
1
1
1
1
1
1
1
1
1
1
1.0001
1
1
1
1
1
1
1
1
1
1
1
1
1
1
1
1.00001
1
1
1
1
0.999351
1
1
1
1
1
1
1
1
1
1
1
1
1
1
1
1
1
1
1
1
1
1
1
1
1
1
1
1
0.999438
1
1
1
1
1
1
1
1
1
1
1
1
1
1
1
1
1
1
1
1
1
1
1
1
1
1
1
1
1
1
1
1
1
1
1
1
1
1
1
1
1
1
1.00182
1
1
1
1
1
1
1
1
1
1
1
1
1
1
1
1
1
0.993541
1
1
1
1
1.00001
1
1
1
1
1
1
1
1
1
1
1
1
1.0001
0.999981
1
1
1
1
1
1
1
1.00001
1
1
1
1
1
1
1
1
1
1
1
1
1
1
1
1
1
1
1
1
1
1
1
1
1
1
1
1
0.997215
1
1
1
1
1
1
1
1
1
1
1
1
1
0.999999
1
1
1
1
1
1
1
1
1
1
1
1
1
1
1
1
1
1
1
1
1
1
1
1
1
1
1
1
1
1
1
1
1
0.999997
1
1
1
1
1
1
1
1
0.999543
1
1
1
1
0.999999
1
1
1
1
1
1
1
1
1
1
1
1
1
1
1
1
1
1
1
0.999973
0.999997
0.995303
1
1
1
1
1
1
1
1
1
1.00077
1
1
1
1
1
1
1
1
1
1
1
1
1.00017
0.992844
1
1
1
1
1
1
1
1
1
1
1
1
1
1.00001
1
1
1
1
1
1
0.999998
1
1
1
1
1
1
0.999989
1
1
1
1
1
1
1
1
1
1
1
1
1
1
1.00009
0.999822
1
0.999992
1
1
0.999997
1
1
1
1
1
0.999978
0.999872
1
1
1
1
1
1
1
1.00002
1.00002
1
1
1
1.00019
1
1
1
1
1
1
1
1
0.997636
1
1
1
1
1
1
1
1
1
0.999999
1
1
1
1
1
0.998035
1
0.999995
0.996824
1
1
1
1
1
1
1
1
1
1
0.989
1
1
1
1
1
1
1
1
1
1
1
1
1
1
1
1
1
1
1
1
1
1
1
1
1
1
1
1
1
1
1
1
1
0.997857
0.998607
1
1
1
1
0.999957
1
1
1
1
1
1
1
1
1
1
1
1
1
1
1
1
1
1
1
1
1
1
0.999972
1
0.999906
1
1
1
1
1
1
1
1
0.999998
1
1
1.00001
1.00003
1
1.00004
1
1
1
1
1
1
1
1
1
1
1
1
1
1
1
1
1
1.00001
1
0.99986
1
1
1
1
1
1
0.999981
1
1
1
0.999999
1
1
0.997985
1
1
1
1
1
1
1
0.999999
1
0.999997
0.999997
1
1
1
1
1
1
1
0.999931
1
1
1
1
1
1
1
1
1
1
1
1
1
1
1
1
1
1
0.996859
1
1
1
1
1
1
1
1
1
1
1
1
1
1
1
1
1
1
1
0.996268
1
1
0.999889
0.999998
1
1
1
1
1
1
1
1
1
1
1.00048
1
1
1
1
1
1
1
1
1
1
1
1
1
1
1
1
1
0.999995
1
1
1
1
1
1
1
1
1
1
0.999951
0.999999
1.00002
0.99999
1
1
1
0.999201
1
1
1
0.99999
1
1
0.999999
1
1
1
1
1
0.999805
1
0.999533
0.999999
1.00093
1
1
1
0.999406
0.997202
1
1
1
1
1
1
1
1
1
1
1
1
1
1
1
1
1
1
1
1
1
1
1
1
1
1
1
1
1
1
1
1
1
1
1
1
0.99661
1
1
1
1
1
1
1
1
1
1
1
0.99999
1
0.996435
0.999933
0.999907
1
1
1
0.999492
1
1
1
1
1
0.99864
1
1
1
1
1
0.999999
1
1
1
0.999999
1
1
1
1
1
1
1
1
1
1
1
1
1
1
1
1
1
1
1.00002
1
1
1
1
1
1
1
0.997569
1
1
1
1
1
0.998806
1
1
1
1
1
1
1
1
1
0.996619
1
0.995727
1
1
1
1
1
1.00001
1
0.999998
1
1
1
1
1
1
1
0.999997
1.00001
1
1
1
1
1
1
1
1
1
1
1
1
1
1
1
0.999995
1
1
1
1
1
1
1
1
1
1
1
1
1
1
1
1
1
1
1
1
1
1
1
1
1
1
1
1
1
1
1
1
1
1
1
1
1
1
1
1
1
1
0.999983
1
1
1
1
1
1
1
1.00007
1
0.991896
1
1
1
1
1
0.999956
1
0.999997
0.999979
1
1
1
1
1
1
0.999966
1
1
1
1
1
0.999987
1
1.00004
1
1
1
0.995456
1
1
1
1
1
1
1
1
1
1
1
0.999998
1
0.999995
1
1
1
1
1
1
1
1
1
1
1
1
1
1
1
1
1
0.999997
1
1
0.999997
0.999797
1
1
1
1
1
1
1
1
1
1
1
1
1
1
1
1
1
1
1
1
1
1
1
1
1
1
1
1
1
1
1
1
0.999997
1
1
1
1
0.99996
1
1
1
1
1
1
1
1
1
1
1
1
1
1
1
1
1
1
1
1
1
1
1
1
1
1
1
1
1
1
1
1
1.00019
1
1
1
1
1
1
1
1
1
1
1
1.00003
1
1
1
1
0.999985
1
1
1
1
1
1
1
1
1
1
1
1
1
1
1
1
1
1
1
1
1
1
1
1
1
1
1
1
1
1
1
1
1
0.993535
1
1
1
1
1
1
1
1
1
1
1
0.999998
1
1
1
1
1
1
1
1
1
1
1
1
1
1
1
1
1
1
1
1
1
0.999998
1
1
1
1
1
1
1
1
1
1
1
1
1
1
1
1
1
1
1
1
1
1
1
1
1
1
1
1
1
1
1
1
1
1
1
1
1
1
1
0.999939
1
1
1
1
1
1
1
1
1
1
1
1
1
1
1
1
1
1
1
1
1
1
1
1
1
1
1
1
1
0.999968
1
0.999957
1
1
1
1
1
1
1
1
1
1
1
1
1
1
1
1
1
1
1
1
1
1
1
1
1.00002
1
1
1
1
1
1
1
1
1
1
1
1
1
1
1
1
1
1
1
1
1
1
1
1
1
1
1
1
1
1
1
1
1
1
1
1
1
1
1
1
1
1
1
1
0.999999
1
1
1
1
1
1
1
1
1
0.999997
0.997384
1
1
1
1
1
1
1
1
1
1
1
0.994058
1
1
1
1
1
1
1
1
1
1
1
1
1
1
1
1
1
1
1
1
1
1
1
1
1
1
1
1
1
1
0.999997
1
1
1
0.999998
1
1
1
1
1
1
1
1
1
1
1
1
1
1
1
1
1
1
0.999997
1
1
1
1
1
1
0.999999
1
1
1
1
1
1
1
1
1
1
1
1
1
1
0.999999
1
1
1
1
1
1
1
1
1
1
1
1.00003
1
1
1
1
1
1
1
1
1
1
1
1
1
1
1
1
1
1
1
1
1
1
1
1
1
1
1
1
1
1
1
0.997342
1
1
1
1
1
1
1
1
1
0.997882
1
1
1
0.999999
1
1
1
1
1
1
1
1
0.99999
1
1
1
1
1
1
1
1
1
1
1
1
1
1
1
1
1
1
1
1
1
1
1
1
1
1
1
1
1
0.994467
0.999996
1
1
1
1
1
1
1
1
1
1
1
1
1
1
1
0.999996
1
1.00001
1
1
1
1
1
0.999999
1
1
1
1
1
1
0.999988
1
1
1
1
1
1
1
1
1
0.999984
1
1
1
1
1
1
1
1
1
1.00004
1
1
1
1
1
0.999999
1
1.00001
1
1
1
1
1
0.999865
1
1
1
1
1
0.999998
1
1
0.999885
1
1
1
1
1
1
1.00002
1
1
1
1
1
1
1
1
1
1
1
1
1
1
0.999985
1
0.99602
1
1
1
1
1
1
1
1
1
1
1.00034
1
1
1
1
0.999995
1
1
1
1
1
1
1
1
1
1
1
1
1
1
1
1
1
1
1
1
1
1
1
1
1
1
1
1
0.999996
1
1
1
1
1
1
1
1
1
1
1
1
1
1
1
1
1
1
1
1
1
1
0.996636
1
1
1
1
1
1
1
1
1
1
1
1
1
1
1
1
1
1
1
1
1
1
1
1
1
1
1
1
1
1
1
1.00002
1
1
1
0.999996
1
1
1
1
1
1
1
1
1.00059
1
0.999809
1
1
1
1
1
1
1
1
1
1
1
1
1
1
1
1
1
1
0.999999
1
1
1
1
1
1
1
1
1
1
0.999996
1
1
1
1
1
1
1
1
1
1
1
1
1
1
1
1
1
1
1
1
1
1
0.999994
1
1
1
1
1
1
1
1
1
1
1
1
1
1
1
1
1
1
0.999989
1
1
1
1
1
1
1
1
1
0.999863
0.999998
1
1
1
1
1
1
1
1
1
1
1
1
1
1
1
1
1
1
1
1
0.999998
1
1
1
1
1
1
1
1
1
1
1
1
1
1
1
1
1
1
1
1
1
1
1
1
1
1
1
1
1
1
1
1
0.999999
1
1
1
1
1
1
1
1
1
1
1
1
1
1
1
1
1
0.999999
1
1
0.999998
1
1
1
1
1
1
1
1
1
1
1
1
1
1
1
1
0.999858
1
1
1.00003
1
1
1.00001
1
1
1
1
1
1
1
1
1
1
1
0.999995
1
1
0.999998
1
1
1
1
1
1
0.999783
1
1
1
1
1
0.999938
1
0.999999
1
1
1
0.998375
1.00003
1
0.999998
1
0.999998
1
1
1
1
1
1
1
1
1
1
1
1
1
1
1
1
1
1
0.999999
0.999157
1
0.999984
1
0.999998
1
1
1
1
1
1
1
1
1
1
1
1
1
1.00009
1
1
1
0.998074
0.999998
1
1
1
1
1
1
0.999967
1
1
1
1
1
1
1
1
0.999997
1
1
1
1
1
1
1
1
1
0.999074
1
1
1
1
1
1
1
1
1
1
1
1
1
1
0.999997
0.999999
1
1
1
1
1
1
1
1
0.999956
1
1
1
1
1
1
1
1
1
1
1
1
0.999999
1
1
1
1
1
1
1
1
1
1
1
1
1
1
1
1
1
1
1
1
1
1
1
1
1.00001
1
1
1
1
1
1
1
1
1
1
1
1
1
1
1
1
1
1
1
1
1
1
1
1
1
1
1
1
0.999998
1
1
1
1
1
1
1
1
1
1
1
0.999999
1
1
1
1
1
1
1
1
1
1
1
1
1
1
1
1
1
1
1
1
1
1
1
1
1
1
1
1
1
1
1
1
1
1
1
1
1
1
1
1
1
1
1
1
1
1
1
1
1
1
1
1
1
1
1
1
1
1
1
1
1
1
1
1
1
1
1
1
1
1
1
1
1
1
1
1
1
1
1
1
1
1
1
1
1
1
1
1
0.999996
1
1
1
1
1
1
1
1
1
1
1
1
1
1
1
1
1
1
1
0.999992
1
1
1.00001
1
1
1
1
1
1
1.00001
1
0.999764
1
1
1
1
1
1
1
1
1
1
1
1
1
1
1
1
1
1
1
1
1
1
1
1
1
1
1
1
1
1
1
1
1
1
1.00003
1
1
1
1
1
1
1
0.999942
1.00002
1
1
0.99102
1
1
1
1
1
1
1
1
1
1
1
1
1
1
1
0.999995
1
1
1
1
1
1
1
1
1
1
1
1
1
1
0.998927
1.00002
1
1
1
1
1
1
1
1
0.999999
1
1
1
1
1.00001
1
1
1.00002
1
1
1
1
1
1
1
1.00002
1
1
1
1.00013
1
1
1
1
1
1
1
1
1
1
1
1
1
1.00005
1
1
1
1
1
1
1
1
1
1
1
0.999994
1
1
1
1
1
1
1
1
1
1
1
1
1
1
1
1
1
1
1
1
1
1
1
1
1
1
1
1
1
1
1
1
1
1
1
1
1
1
1
1
1
1
1
1
1.00004
0.99981
1
1
1
1
1
1
1
1
1
1
1
1
1
1
1
1
1
1
1
1
1
1
1
0.999644
1
1
1
1
1
1
1
1
1
1
0.999945
1
1
1
1
1
1
1
1
1
1
1
0.999999
1
1
1
1
1
1
0.999999
1
1
1
1
1
1
1
1
1
1
0.995098
1
0.999963
1
1
1
1
0.999995
1
1
1
1
1
1
1
1
1
1
0.999997
1
1
1
1
1
1.00001
1
1
1
1
1
1
1
1
1
1
1
1
1
1
0.999997
1
1
1
1
1
1
1
1
1
0.999996
1
1
1
1
1
1
1
1
0.999998
1
1
1
1
1
1
1
1
1
1
1
1
1
1
1
1
1
1
1
1
1
1
1
1
1
1
1
1
1
1
1
1
0.999965
1.00001
1
1
1
1
1
1
1
1
1
1
1
1
1
1
1
1
1
0.999999
1
1
1
1
1
1
1
1
1
1
1
1
1
0.999986
1
1
1
1
1
1
1
1
1
1
1.00001
0.999987
1
1
1
1
1
1
1
1
1
1
1
1
1
1
1
1
1
0.999827
1
1
1
1
1
1
1
1
1
1
1
1
1.00001
1
1
1
1
1
1
1
1
1
1
1
1
1
1
1
1
1
1
1
1
0.996175
1
1
1
1
1
1
1
1
1
1
1
1
1
1
1
1
1
1
1
1
1
1
1
1
1
1
1
1
1
1
1
1
1
1
1
1
1
1
1
1
1
1
1
1
1
1
1
1
1
1
1
1
1
1
1
1
1
1
1
1
1
1
1
1
1
1
1
1
1
1
0.999999
1
1
1.00003
1
1
1
1
1
1
0.999998
1
1
1
1
1
1
1
1
1
1
1
1
0.999997
1
1
1
1
1
1
1
1
1.00001
0.999994
1
1
1
1
1
1
1
1
1
1
1
0.999996
1
1
0.999999
1
1
1
1
1
0.999997
1
1
1
1
1
1
1
1
1
1
1
1
1
1
1
1
1
1
1
1
1
1
1
1
1
1
1
1
1
1
1
1
1
1
0.999977
1
1
1
1
1
1
1
1
1
1
1
1
1
1
1
1
1
1
1
1
1
1.00002
1
1
0.999998
1
1
0.999999
1
1
1
1
1
1
1
1
1
1
1
1
1
1
1
0.999992
1
1
1
1
1
0.999999
1
1
1.00001
1
1
1
1
1
1
1
1
1
1
1
1
1.00001
1
1
1
1
1
1
1
1
1
1
1
1
1
1
1
1
1
0.999994
1
0.999991
1
1
1
1
1
1
0.999984
1
1
1
1
1
0.999998
1
1
0.999997
1
1
1
1
1
0.999995
1
1
1
1
1
1
1
1
1
1
1.00001
1
1
0.999994
1
1
1
1
1
1
1
1
1
1.00004
1
1
1.00003
1
1
1
1
1
1
1.00001
1
1
1
1
1
1
1
1
1
1
1
1
1
1
1
1
1
1
1
1
1
1
1
1
1
1
1
0.999995
0.999986
1
1
1
1
1
1
1
1
1
1
1
1
1
1
1
0.999434
1
1
1
0.999999
1
1
1
0.999724
1
1
0.999996
1
1
1
1
1
1
1
1
1
1
1
1
1
1
1
1
1
1
1
1
1
1
1
1
1
1
1
1
1
1
1
0.999988
1
1
1.00001
1
1
0.999782
1
1
1
1
1
0.999987
0.99917
1
1
1
1
1
1
1
1
1
1.00002
1
1
1
1
1.00001
1
1
1
1
1
1
1
1
1
1
1
1
1
1
1
1
1
1
1
1
1
1
1
1
1
1
1
1
1
1
1
1
1
1
1
1
1
1
1
1
1
1
1
1
1
1
1
1
0.999999
1
0.999555
1
1
1
1
1
1
1
1
1
1
1
0.999953
1
1
1
1
1
1
1
1
1
1
1
1
1
1
1
0.999841
1
1
1
1
1
1
1
1
1
1
1
1
1
1
1
1
1
1
1
1
1
1
1
1
1
1
0.999735
1
1
1
1
1
1
1
1
1
1
1
0.999996
1
1
1
1
1
1
1
1
1
1
1
1
1
1
1
0.998606
1
1
1
1
1
1
1
1
1
1
1
1
1
1
1
1
1
1
0.999998
1
1
1
1
1
1
0.999858
1
1
0.999948
1
1
1
1
1
1
1
1
1
1
1
1
1
1
1
1
0.99994
1
0.999973
1
1
1
1
1
1
0.999999
1
1
1
1
1
1
1
1
1
1
1
1
1
1
0.999992
1
1
1
1
1
1.00002
1
1
1
1
1
0.999968
1
1
1
1
1
1
1
1
1
0.999253
1
1
1
1
1
1
1
1
1
1
0.999909
0.999861
1
1
1
1
1
1
1
1
1
1
1
1
0.999291
1
1
0.999839
1
0.998992
1
1.00054
1
1
1
1
1
1
1
1
1
1
1
1
0.999983
1
1
0.99999
0.999998
1
1
0.999934
1
1
1
1
1
1
0.999201
1
1
1
0.999999
1
1
0.997587
0.999962
1
0.999999
1
1
1
1
1
1
1
1
1
1
1
1
1
1
1
1
1
1
0.999998
1
1
0.999386
1
1
1
1
1
0.999998
1
1
1
1
1
1
1
1
1
1
1
1
1.00003
1
1
1
1
1
1
1
1
1
1
0.999998
1
1
1
1
1
0.999902
1
1
1
1
1
1
1
1
1
1
1
1
1
1
1
1
1
1
0.999991
1
1
0.999568
1
1
1
1
1
1
1
1
1
0.999994
1
1.00001
1
1
1
1
1
1
1
1
1
1
1
1
1
1
1
1
1
1
1
1
1
1
1
1
0.999877
1
1
1
1
1
1
1
0.999999
1
1
1
1
1
1
1
1
1
0.999996
1
1
1
1
0.999996
1
1
1
1
1
1
1
0.999952
1
1
1
1
1
1
1
1
1
1
1
1
1
1
1
1.00002
1
1
1
1
1
1
1
0.999999
1
1.00001
1
1
1
1
1
1
1
1
1
1
1
1
1
0.999723
1
1
0.999997
0.999591
1
1
1
0.999809
0.999999
1
1
0.999735
1
1.00004
1
1
1
1
1
1
1
0.999999
1
1
1
1
1
1
1
1
1
1
1
1
1
1
1
1
1
1
0.999783
1
1
1
1
1
1
1
1
1
1
1
1
1
0.999998
1
1.00012
1
1
1
1
0.999997
1
1
1
1
0.999999
1
1
1
1
1
1
1.00001
1
1
1
0.999999
1
1
1.00002
1
1
1
1
1
1
1
1
1
1
0.999734
1
0.999998
1
1
1.00007
0.999817
1
0.999921
1
1
0.999998
1
1
1
1
1
1
1
1
1
1
1
1
0.999999
0.99971
1
0.999753
1
1
1
1
1
1
1
1
1
1
1
1
1
1
0.999925
1
1
1
1
1
1
1
1
1
1
0.999803
1
1
0.999738
1
1
1
1
1
1
1
1
1
1
1
1
1
1
1
1
1
0.998537
0.999645
1
1
1
0.999842
1
1
1
1
1
1
1
1
1
1
1
1
1
1
1
1
1
1
1
1
1
1
1
1
1
1
1
1
1
1
1
1
0.999997
1
1
1
1
1
1
1
1
1
1
1
0.999992
1
1
1
0.997562
1
1
1
1
1
1
1
1
1
1
0.999991
1
0.999989
0.999892
1
0.999949
1
1
1
0.999913
1
1
1
1
1
1
1
1
1
1
1
0.999813
1
1
0.999975
1
1
1
1
1
1
1
1
1
1
1
1
1
1
1
0.999916
1
0.999981
1
1
1
1
1
1
1
1
1
1
1
1
1
0.999993
1
0.999994
1
1
0.999999
0.999968
1
1
1.00006
1
1
1
0.999872
1
1
1
1
1
1
1
1
1
1
1
1
1
1
1
1
1
1
1
0.999783
1
0.999786
1
1
0.999999
0.99994
1
1.00001
1
1
1
1
1
1
1
1
1
1
1
1
1
1
1
1
1
1
1
1
1
1
1
1
1.00002
0.999998
1
0.999999
1
0.999984
1
1
1
1.00014
1
1
1
1
1
1
0.999999
1.00004
1
0.999998
0.999999
0.999992
1
1
0.999771
1
1
1
1
0.999977
1
1
1
1
1
1
1
1
1
1
1
0.999976
1
1
1
1
1
1
1
1
0.999892
1
1
1
0.999814
1
1
1
1
1
0.999998
1
1
1
1
0.999998
1
1
1
1
1
1
1
1
0.999931
1
1
1
1
1
1
1
1
1
1
1
1
1
1
1
1
1
1
1
1
1
1
1
1
1
1
1
0.999754
1
1
1
1
1
1
1
1
1
1
1
1
1
1
0.999944
1
1
0.999748
0.999994
1
0.999997
1
0.999861
1
1
1
0.999994
1
1
1
0.999999
1
1
1
1
1
1
1
1
1
1
1
0.999859
1
1
1
0.999987
1
1
0.999319
1
1
0.999948
1
1
1
1
1
0.999154
1
1
1
0.999968
0.997123
1
0.999898
1
1
1
1
1
1
1
1
1
1
1
0.999999
1
0.999858
1
1
1
0.999991
1
1
1
1
1
1
1
1
1
1
0.999997
1
1
0.999984
1
1
1
1
1
1
0.999991
1
1
1
1
1
1
0.999669
1
1
1
1
1
1
0.999999
1
1
0.999949
1
1
1
1
0.999947
1
1
1
0.999685
1
1
1
1
1
1
1.00004
1
0.999971
1
1
1
1
1
1
1
1
1
1
1
1
1
1
1
1
1
1
1
0.99999
1
1
0.999997
1.00001
1
1
1
1
1
1
1
1
1
1
1
1
1
1
1
1
1
1
1
1
1
1
1
1
1
1
1
1
1
1
1
1
1.00001
0.999897
1
1
1
1
1
1
1
0.99981
1
1
1
1
1
1
1
1
1
1
1
0.999996
1
1
0.99999
1
1
1
1
1
1
1
1
1
1
1
1
1
1
1
1
1
1
1
1
1
1
1
1
1
1
1
1
1
1
1
1
1
1
1
1
1
1
1
1
1
1
1
1.00003
1
1
0.999995
1
1
0.999608
1
1
1
1
1
1
1
1
1
1
1
1
1
1
1
1
1
1
1
1
1
1
1
1
0.999685
1
1
1
1
1
1
1.00002
1
1
0.99975
1
1
1.00001
1
1
1
1
1
1
1
1.00001
1
1
1
1
1
1
1
1
1
1
1
1
1
1
1
1
1
0.999999
1
1
1
1
1
1
1
1
1
0.999979
1
1
1
1
1
1
1
1
1
1
1
1
1
0.999999
1
1.00046
1
1
1
1
0.999998
1
1
1
1
1
1
1
1
1
0.999904
1
0.999999
1
1
1
1
1.00013
1
1
0.99997
1
1
1
1
1
1.00002
1
0.999999
1
1
1
1
1
1
1
1
1
1
1
0.999979
1
1
1
1
1
1
1
1
1
1
1
1
1
1
1
1
1
1
1
1
1
1
1
1
1
1
1
1
1
1
1
1
1
1
1.00001
1
1
1
1.00004
1.00002
1
1
0.999998
1
1
1
1
0.999999
1
1
1
1
1
1
0.999821
1
1
1
0.998282
1
1
0.999998
1
1
1.00001
0.999982
0.999955
1
1
0.999985
1
1
1
1
1
1
1
1
1
1
1
1
1
1
1
1
1
1
1
1
1
1.00016
1
1
1
1
0.999808
1
1
1
1
1
1
1
1
1
1
1
1
1
1.00002
0.999961
1
1
1
1
0.999905
1.00002
1
1
1
1
1
1
1
1
1
0.999999
1
1
1
1
1
1
0.999998
1
1.00001
1
0.999998
1
1
1
1
1
1
1
1
1
1
1
1
1
1
1
1
1
1
1
1
0.999992
1
1
1
1
1
1
1
1
1
1
1
1
1
1
1
1
1
1
1
1
0.999985
1
1
1
1
1
1
1
1
1
0.999991
1
1
1
1
1
1
1
1
1
1
1
1
1
1
1
1
1
1
1
0.99996
1
1
1
1
0.999996
1
1
1
1
1
1
1
0.999895
1
1
0.999995
1
1
1
1
1
1
1
1
1
1
1
1
1
1
1
1
0.999999
1
1
1
1
1
1
1
1
1
1
1
1
1
1.00002
1
1
1
1
1
1
1
1
1
1
1
1
1
1
1
1
1
1
1
0.999997
0.999984
1
0.999996
1
1
1
1
1
1
1
1
1
1
1
1
1
1
1
0.999994
1
0.999922
1
1
1
1
1
1.00001
1
1
1
1
1
1
1
1
0.999998
0.999999
1
0.999982
1
1
1
1
1
1
1
1
1
1
1
1
1
1
1
1
1
1
1
1
0.999357
0.999939
1
1
1
1
0.999994
1
0.999892
1
1
1
1
1.00102
1
1
1
1
1
1
1
1
1.00004
1
1
1
1
1
1
1
1
1
1
0.999997
1
1.00002
1
1
1
1
1.00004
1
1
0.999999
0.999995
1
1
1
1
1
1
1
1
1
0.999892
1
1
1
1
1
0.999994
1
1
1
1
1
1
1
1
0.999996
1
1
1
1
1
1
1
1
1
1
1
1
1
1
1
1
1
1
0.999997
1
1
1
1
1
1
1
1
1
1
1.00011
1
1
1
1
1
1.00007
1
0.999994
1
1.00011
1
1
1
1
1
0.999852
1
1
1
1
1
1
1
1
1
1
1
1
0.999977
1
1.00001
1
1.00001
1
1
1
1
1
1
1
0.999493
1
0.999999
1
0.999998
1
1
1
1
1
1
1
1
1
1
1
1
1
1
1
1
1
1
1
1.00002
0.999999
1
0.999658
1
1
0.999994
1
0.999998
1.00002
1
1
1
1
1
1
1
0.99998
1
1
1
1
1
1
1
1
1
1
1
0.999998
1
0.999999
0.999993
1
0.999999
0.99995
0.999999
0.999979
1
1
1.00001
1
1
1
1
0.999924
1
1
1
0.999955
1
1
1.00002
1
0.999989
1
1
1
1
1
1
1
1
0.999995
0.999997
0.999986
0.999999
1
1
1
0.999999
1.00001
1
1
1
1
1
1
1
1
1
1
1
1
1
1
1
1
1
0.999998
1
0.999996
1
1
1
1
1
1
1
1
1.00004
0.999995
1
1
0.999999
1
1
1
1
1
1
1
1
1
1
1
1
1
1
1
1
1
1
1
1
1
1
1
0.999962
1
1
1
1
1
1
1
1
1
1
1
1
1
1
1
1
1
1
1
0.999817
1
1
1
1
1
1
1
1
1
1.00001
1
1
1
0.999972
1
1
1
1
1
1
1
1
0.999771
1
1
1
1
1
1
0.999999
1
1
1
1
1
1
1
1
1
1.00004
1
1
1
1
1
1
1
0.999931
1
1
1
1
1
1
1
1
1
1
1
0.999981
1
1
1
1
1
1
1
0.999996
1
1
1
1
1
1
1
1
1
1
0.999998
1
1
1
1
1
1
1
0.999999
1
0.999721
1
1
1
1
1
1
1
1
1
1
1
0.999998
1
1
1
1
1
1
0.999994
1
1
1
1
1
1
1
1
1
1
1
1
1
1
0.999988
1
1
1
1
1
1
1
1
1
1
1
1
1
1
0.999933
1
1
1
1
1
1
1
1
1
1
1
1
1
1
1
1
1
1
1
1
0.999999
1
1
1
1
1
1
1
1
1
1
1
1
1
1
1
1
1.00003
1
1
1
1
1
1
1
1
1
1
1
1
1
1
1
1
1
1
1
1
1
1
1
1
1
1
1
1
1
1
1
1
1
1
1
1
1
1
1
1
1
1
1
1.00072
0.999979
1
1
1
1
1
1
1
1
1
1
1
1
1
1
1
1
1
1
1
1
0.999968
1
1
1
1
1
1
1
1
1
0.999874
1
1
1
1
1.00012
1
1
1
1
1
1
1
1
1
1
1
1
0.999999
1
1
1
1
1
1
1
1
1
1
1
1
1
1
1
1
1
1
1
1
1
1
1
1
0.999817
1
1
1
1
1
1
1
1
1
1
1
1
1
1
1
1
1
1
1
1
1
1
1
1
1
1.00001
1
1
1
1
1
1
1
1
1
0.999968
1
1
0.999999
1
1
1
0.999999
1
1
1
1
1
1
1
0.999955
1
1
1
1
1
0.999987
1
0.999998
1
1
1
1
1
1
1
1
1
1
1
1
1
1
1
1
1.00001
1
1
1
1
0.999994
1
1.00003
1
0.999782
0.999993
1
1
1
0.999998
1
1
1.00001
1
1
1
1
1.00073
1
1.00001
1
1
1
1
1.00001
1
1
1
1
1
1
1
1
1
1
1
0.999993
1
1
1
1
1
1
1
1
1
1
1
1
1
1
1
1
1
0.999978
1
1.00002
0.999998
1
1
1
1
1
1
1
1
1
1
1
1
1
1
0.999747
1
1
1
1
1
1
1
0.99999
0.999982
1
1
1
1
1
1
1
1
1
1
1
1
1
1
1
1
1
1
1
1
1
1
1
1
1
1
1
1
1
1
1
1
1
1
1
1
1
1
1
0.999995
1
1
1
1
1
1
1
1
1
1
1
1
1
1
1
1
0.999987
1
0.999987
1
1
1
1
1
1
1
1
1
1
1
1
1
1
1
0.999997
1
1
1
1
0.999971
1
1
1
1
0.999959
1
0.999973
1
0.999998
0.999999
1
1
1
0.999994
1
1
1
1
1
1
1
1
1
1
1
1
1
1
1
1
1
1
1
1
1
1
0.999998
1
1
0.999996
1
1
1
1
1
1
1
1
1
1
1
1
1
1
1
1
1
1
1
1
1
1
1
1
1
1
1
1
1.00001
0.99984
1
1
1.00004
1
1
1
1
1
1
1
0.999998
1
0.999999
1
1
1
1
1
1
1
1
0.999955
1
1
1
1
1
1.00003
1
1
1
0.999999
1
1
1
1
1
1
1
1
1
1
1
1
1
1
1
1
1
1
1
1
1
1
1
1
1
1
1
1
0.999997
1
1
1
1
1
1
1
1
1
1
1
1
1
1.00003
1
1
1
1
1
1.00001
1
1
0.999997
1
1
1
1
1
1
1
1
1
1
1
1
1
1
1
1
1
1
1
1
1
1
0.999873
1
0.999992
1
1
1
0.998881
1
1
1
1
1
1
0.999926
1
1
1
1
1
1
1
1
1
1
1
1
1
1
1
1
1
1
0.999986
1
1
1
1
1
1
1.00001
1
1
1
1
1
1
1
1
1
1
1
1
1
0.999874
1
1
1
1.00001
1
1
1
0.999999
1
1
1
1
0.999965
1
1
1
1
1
1
1
1
1
0.999999
1
1
1
1
1
1
1
0.999991
1
1
1
0.999998
1
1
1
1
1
1.00002
1
1
1
0.999926
1
1
1
1
1
1
1
1
1
1
1
1
1
1
1
1
1
1
1
1
1
1
1
1
1
1
1
1
1
1
1
1
1
1
1.00005
1
1
1
1
1
1
1
1
1
1
1
1
1
1
1
1
1
1
1
1
1
1
1
0.999783
0.999982
1
1
1
0.999842
1
1
1
0.999946
1
1
1
1
1
1
1
0.999459
1
1
1
1
1
1
1
1
1
1
1
1
1
1
1
1
1
1
1
1
1
1
1
1
1
1
1
1
1
1
1
0.999998
1
1
0.999997
0.999999
1
1
1
1
1.00005
1
1
1
1
1
1
1.00001
1
1
1
1
1
1
1
1
1
1
1
1
1
1
1
1.00005
1
1
1
1
1
1
0.999996
1
1
1
1
1
1
1
1
1
1
1
1
1.00001
1
1
0.999694
1
1
1.00003
1
1
1
1
1
1
1
1
1
0.999995
1
0.999989
0.999822
1.00002
1
1
1
1.00001
0.999339
1
1
0.999998
0.999657
1
0.999155
1
1
1
1
1
1
0.999987
1
1
1
1
1
1
1
1
1
1
1
1
1
1
0.999936
1
1
1
1.00002
1
1
1
1.00002
1
0.999987
1
1
1
1
1
1
1
1
1
1
1
1
1
1
1
1
0.999999
1
1
1
1
1
1
0.999997
1
1
1
1
1
1
1
0.999997
1
1
1
1
1
1
1
1
1
1
1
0.999866
1
1
1
1
1
1
1
1
0.999993
1
1
1
1
1
1
1
1
1
1
1
0.999901
1
0.999998
1
1
1
1
1
1.00001
1
1
1
1
1
1
1
1
1
1
1
0.999986
1
0.999999
1
1
1
1
1
1
1
1
1
1
1
1
1
1
1
1
1
1
1
1
1
1
1
1
1
1
1
1
1
1
1
1
1
1
0.999999
1.00002
1
1
1
1
1
1
1
1
0.999607
1
1.00008
1
1
1
1
1
1
1
1
1
1
1
1
1
1
1
1
1
1
1
1
1
0.99987
1
1
0.999906
1
1
1
1
1
1
0.999999
1
1
1
1
1
1
1
1
1
1.00005
1
1
1
1
1.00001
1
1
1
1
1
1
1
1
1
1
1
1
1
1
1
0.999788
1
1
1
1
1.00003
1
1
1
1
1
0.99999
1
1
1
1
1
1
1
1
1
1
1
1
1
1
1
1
1
1
1
1
1
1
1
1
1
1
1
1
1
1
1
1
1
1
1
1
1
1
0.999996
1
1
1
1
1
1
1
0.999999
0.99973
1
1
1
1
1
1
1
1
1
1
1
1
1
1
1
1
1
1
1
1
1
1
1
1
1
1
0.999999
1
1
0.999996
1
1
1
0.999999
0.999983
1
1
1
1
1
1
1
0.999999
1
1
1
1
1
1
0.99999
1
1
1
0.999998
1
1
1
1
1
1
1
1
1
0.999999
1
1
1
0.999993
1
1
1
0.999957
1
1
1
1
1
1
1
1
1
1
1
1
1
1
1
1
1
1
1
1
1
1
1
1
1
1
1
1
1
1
1
1
1
1
1
1
1
1
1
1
1
1
1
1
1
1
0.999997
1
1
1
1
1
1
1
1
1
1
1
1
1
1
1
1
1
0.992999
1
1
1
1
0.999745
1
1
0.999983
1
0.999998
1
1
1
0.999828
1
1
1
1
1
1
0.999999
1
0.999889
1
1
1
0.999956
1
1
1
1
1
1
1
1
1
1
1
1
1
1
1
1
1
1
1
1
1
1
1
1
1
1
1
0.999998
1
1
1
1.00001
1
1
1
1
1
1
1
1
1
1
1
1
1
1
1
1
1
1
1
1
1
1
1
1
1
1
1
1
1
1
1
1
1
1
1
1
1
1
1
1
1
1
1
1
1
1
1
1
1
1
1
1
1
1
1
1
1.00003
1
1
1
0.999999
1
0.999992
1
1
1
1
1
1
1
1
1
1
1
1
1
1
1
1
1
1
1
1
1
1
1
1
1
1
1
1
1
1
1
1
1
1
1
1
1
1
1
1
1
1
1
1
0.999995
1
1
1
1
1
1
1
1
1
1
1
1
1
1
1
0.999964
1
1
1
1
1
1
1
1
1
1
1.00052
1
1
1
1
1
1
1
1
1
1
1
1
1
1
1
1
0.999939
1
1
1
1
1
1
1
1
1
1
1
1
1
1
1
1
1
1
1
1
1
1
0.999992
1
1
1
1
1
1
1
1
1
1
1
1
1
0.999997
1
1
1
1
1
1
1
1
1
1
1
1
1
1
1
1
1
1
0.999989
1
1
1
1
1
1
1
1
1
1
1
1
1
1
1
1
1
1
1
1
1
1
1
1
0.999958
1
1
0.999982
1
1
0.999999
1
0.999997
0.999934
1
1
1
1
1
1
1
1
1
1
1
1
1.00002
1
1
1
1
1
1
0.999914
1
1
1
1
1
1
1
0.999889
1
1
1
0.999796
1
0.999999
1
1
1
1
0.999999
0.999801
1
1
1
1
1
1
0.999991
1
1
1
1
1
1
1
1
1
1
1
1
1
1
1
1
0.999986
1
1
0.999999
1
1
1
1
1
1
1
1
1
1
1
1
1
1
1
1
1
1
1
1
1
1
1
1
1
1
1
1
1.00001
1
1
1
1
0.999999
1
1
1
1
1
1
1
1
1
1
1
1
1
0.999968
1
1
1
1
1
1
1
0.999998
1
1
1
1
1
1
0.999997
1
1
1
1
1
1
1
1
1
1
1
1
1
1
1
1
1
0.999998
1
1
1
1
1
0.999892
1
1
1
0.996532
1
1
1
1
1
1
1
1
1
1
1
1
1
1
1
1
1
1
1
1
1
1
1
1
1
1
1
1
1
1
1
0.999999
1
1
1
1
1
1
1
1
1
1
1
1
1
1
1
1
1
1
1
1
0.999926
1
1
1
1
1
1
1
1
1
1
1
1
1
1
1
1
1
1
1
1
1
1
1
1
1
1
1
1
1
1
1
1
1.00001
1
1
1
1
1
1
1
1
1
1.00001
1
1
1
1
1.00001
1
1
1
1
1
1
1
1
0.999994
1
1
1
1
1
1
1
1
1
1
1
1
1
1
1
1
1
1
1
1
1
1
1
1
1
1
1
1
1
1
1
1
1
1
1
1
1
0.999997
1
1
1
1
1
1
1
1
0.999998
1
1
1
1
1
0.999992
1
1
1
1
1
1
1
0.999942
1
1
1
1
1
1
1
0.999956
1
1
1
1
1
1
1
1
1
1
1
1
1
1
1
0.999998
1
1
1
1
1
1
1
1
1
1
1
1
1
1
1
1
1
1
1
1
1
1
1
1
1
1
1
1
1
1
1
1
1
1
1
1
1
1
1
1
1
1
1
1
1
1
1
1
1
1
1
1
1
1
1
0.999999
1
1
1
1
1
1
1
1
1
0.999999
1
1
1
1
1
1
1
1
1
1
1
1
1
1
1
1
0.999996
1
1
1
1
1
1
1
1
1
1
1
1
1
1
1
1
1
1
1
1
1
1
1
1
1
1
1
1
1.00002
1
1
1
1
1
1
1
1
1
1
1
1
1
1
1
1
1
1
1
1
0.999906
1
1
1
1
1
1
1
1
0.997727
1
1
1
1
1
1
1
1
1
1
1
1
1
1
1
1
1
0.999165
1
0.99999
1
1
0.99997
1
1
1
1
1
1
0.999983
1
1
1
1
1
1
1
1
1
1
1
1
1
0.999997
1
1
0.99999
1
1
1
1
1
1
1.00001
1
1
1
1
1
1
1.0004
1
1
1
1
1
1
1
1
1
1
1
1
1
0.999005
1
1
1
1.00066
1
1
0.999999
1
1
1
1
1.00001
1
1
1
1
1
1
1
1
1
1
1
1
1
1
1
1
1
1
1
1
1
1
1
1
1
1.00005
1
1
1
1
1
1
1
0.999997
1
1
1
1
0.999993
1
1
1
1
1
1
1
1
1
1
1
1
0.999999
1
1
1
0.999999
1
0.999998
0.999988
1
1
0.999939
1
1
1
1
1
1
1
1
1
1
1
1
1
1
1
1
1
1
0.997783
1
1
1
1
1
0.999989
1
1
1
1
1
1
1
1
1
1
1
1
1
1
1
1
1
1
1
1
1
1
1
1
1
1
1
1
1
1
1
1
1
1
1
1
1
1
1
1
1
1
0.999911
1
1
1
1
0.999996
1
1
1
1
1
0.999998
1
1
1
1
1
1
1
1
1
1
1
1
1.00001
1
1
1
1
1
1
1
1
1
1
1
1
1
0.999995
1
1
1
1
1
1
1
1.0006
1
1
1
1
1
1
1
1
1
1
1
1
1
1
1
1
1
1
0.999995
1
1
1
0.999999
1
1
1
1
1
0.999999
1
1
0.99988
1
1
1
1
1
1
1
1
1
1
1
1
1
1
1
1
1
1
1
1
1
1
1
1
1
1
1
1
1
1
1
1
1
1
1
1
1
1
1
1
1
1.00001
0.999996
1
0.999996
1
1.00002
1
1
1
1
1
1
1
1
1
1
1
1
1
1
1
1
1
0.999996
1
1
1
1
1
0.999797
1
1
1
1
1
1
1
1
1
1
1
1
1
1
1
1
1
1
1
1
1
1
1.00003
1
1.00003
1
1
1
1
1
1
1
1
1
1
1
1
1
1
1
1
1
1
1
1
1
1
1
0.999882
1
1
1
1
1
1
1
1
1
1
1
0.999891
1
1
1
1
1.00064
1
1
1
1
1
1
1
1
1
1.00071
1
1
1
1
1
1
1
1
1
1
1
1
1
1
1
1
1
0.999987
0.999971
1
1
1
1
1
1
1
1
1
1
1
1
1
1
1
1
1
1
1
1
1
0.999899
1
1
1
1
1
1
1
1
1
1
1
1
1
0.999996
1
1
1
1
1
1
1
1
1
1
1
1
1
1
1
1
1
1
1
1
1
1
0.999834
1
1
1
1
1
1
1
1
1
1
1
1
1
1
1
1
1
1
1
1
1
1
1
0.999999
1
1
1
1
1
1
1
1
1
1
1
1
1
1
1
1
0.999994
1
1
1
1
1
1
1
1
1
1
1
1
1
1
1
1
1
1
1
1
1
1
1
1
1
1
1
1
1
1
1
1
1
1
1
1
1
1
1
1
1
1
1
1
1
1
1
1
1
1
1
1
1
1
0.999954
1
0.999958
1
1.00003
1
1
1
1
1
1
1
0.999999
1
1
0.999999
0.999988
1
1
1
1
1
1
1
1
0.999789
1
1
1
0.998479
0.999999
1
1
1
1
1
1
1
1
1
1
1
1
1
1
1
1
1
1
0.999981
1
1
1
1
1
1
1
1
1
0.994876
1
1
1
1
1
1
1
1
1
1
1
1
1
1
1
1
1
1
0.999919
1
1
1
1
1
1
1.00106
1.00001
1
0.99999
1
1
1
1.00009
1
1
1
1
1
1
1
1
1
1
1
1
1
1
1
1
1
1
1
1
1
1
1
1
0.999989
1
1
1
0.999996
1
1
1
1
1
1
1
1
1
1
1
1
1
1
1
1
1
1
1
1
1
1
1
1
0.999813
1
1
1
1
1
1
1
1
1
1
1
1
1
1
1
1
1
1
1
1
1
1
1
1
1
1
1
1
1
1
0.999997
1
1
1
1
1
1
1
1.00034
1
1
1
1
1
1.00003
1
1
0.999929
1
1
1
1
1
1
1
1
1
1
0.999972
0.999949
0.999993
1
1
1
1
1
1
1
1
1
1
1
1
1
1
1
1
1
1
1
1
1
1
1
1
1
1
1
1
1
1
1
0.999918
1
1
1
1
1
1
1
1
1
1
1
1
1
1
1
1
1
1
1
1
1
1
1
1.00019
1
1
1
1
1
1
1
1
1
1
1
0.999999
1
1
1
1
1
1
1
1
1
1
1.00002
1.00003
1
1
1
1
1
1
1
1
1
1
1
1
1
1
1
1
1
1
1
0.999966
1
1
1
1
1
1
1
1
1
1
1
1
1
1
1
1
1
0.999996
1
1
1
1
1
1
1
1
1
1
1
1
1
1
1
1
1
1
1
0.999999
1
1
1
1
1
1
1
1
1
1
1
1
1
1
1
1
1
1
1
0.999931
1
1
1
1
1
1
1.00148
1
1
1
1
1
1
1
1
1
0.999999
1
1
1
1
1
1
1
1
1
1
1
1
1
1
1
1
1
1
1
1
1
1
1
1
1
1
1
1
1
1
1
1
1
1
1
1
1
1
1
1
1
1
1
1
1
1
1
1
1
1
1
1
1
1
1
1
1
1
1
1
1
1
1
1.00048
1
1
0.999991
1
1
1
1
1
1
1
1
1
1
1
1
1
1
1
1
0.999999
1
1
1
1
1
1
0.999848
0.999964
1
1
1
1
1
1
1
1
1
1
1
1
1
1
1
1
1
1
1
1
1
0.999854
1
1
1
1
1
1
1
1
1
1
1
1
1
1
1
1
1
1
1
1
1
1
1
1
1
1
1
1
1
1
1
1
0.998465
0.999998
1
1
1
1
0.999999
1
1
1
1
1
1
1
1
1
1
1
1
1
0.999645
1
1
1
1
1
1
1
1
1
1
1
1
1
0.999996
1
1
1
1
1
1
1
1
1
1
1
1
1
1
1
0.999931
1
1
1
1
1
1
1
1
1
1
1
1
1
1
1
1
1
1
1
1
1
1
1
1
1
1
1
1.00001
1
1.00001
1
1
1
0.999996
1
1
1
1
1
1
1
1
1
1
1
1
1
1
1
1
1
1
1
1.00026
1
1
1
1
1
1
1
1
1
1
1
1
0.99988
1
1
1.00001
1
1
1
1
1
1.00034
1
1
1
1
1
1
0.999994
0.999832
1
1
1
1
1.00001
1
1
1
1
0.999993
1
1
1
1
1
1
1
1
1.00002
1
0.999899
1
1
1
1
1
1
1
1
1
1
1
1
1
1
1
1
1
1
1
1
1
1
1
1
1
1
1
1
1
0.999166
1
1
1
1
1
1
1
1
1
1
1
1
1
1
1
1
1
1
1
1
1
1
1
1
1
1
1
1
0.999765
1.00089
1
1
1
1
1
1
1
1
1
1
1
1
1
1
0.999385
1
1
1
1
1
1
1
1
1
1
1
1
1
1
1
1
1
1
1
1
1
1
1
1
1
1
1
1
1
1
1.00063
1
1.00083
1
1
1
1
1
1
1
1
1
1
1
1
1
1
1
1
1
1
1
1
1
1
1
1
1
1
0.989669
1
1
0.995988
1
1
1
1
1
1
1
1
1
1
1
1
1
1
1
0.999987
1
1
1
1
1
1
1
1
1
1
1
1
0.999732
1
1
0.997603
1
1
1
1
1
1
1
1
1
1
1
1.00129
1
1
1
1
1
1
1
1
1
1
0.986359
1
1
1
1
0.999998
1
1
1
1
1
1
1
1.00119
1.00005
1
1
1
1
1
1
1
0.999918
1
0.999865
1
0.999997
1
0.999735
1
1
1
1
1
1
1
1
1
1
1
1
1
0.999995
0.99506
1
0.999998
1
1
1
1
1
1
1
1
1
0.999245
1
1.00067
1
1
1.00057
0.999107
1
1
1
1
1
1
1
1
1
1
1
1
1
1.00003
1
0.999999
1
1
1
1
1
1
1
1
1
1
0.999846
1
1
1.00008
1
1
0.999238
1
1
1
1
1
1
1
1
1
1
1.00022
1
1
1
1
1
0.999998
1
1
0.999993
1
1
1
1
1.00005
1
1
1
1
1
1
1
1
1
1.00041
1.00017
1
1
1
1
1
1
1.00006
1.00046
1
1
1
1
1
1
1
1
1
1
1
1
1
1
0.999633
1
1
1
1
1.00017
1
1
1
1
1
1
1
1
1
1
1
1
1
1
1
1
1
1
1
1
1
1.00012
1
1
1
1
1
1
1
1
1
1
1
1.00051
1
0.999911
1
1
1
1
1
0.999997
1
1
1
1
1
1
1
1
1
1
1
1
1
1
1
1
0.99943
1
1
1
1
1
1
0.999991
1
1
1
1
1
1
1
1.00002
1
1
0.999836
1
1
1
1
1
1
1
0.999993
1.00002
0.999904
1
1
1
1
1
1
1
1
1
1
0.999982
1.0001
1
1
1
1
1
0.999999
1
1
1
0.999987
1
1
1
1
1
1
1
1
1
1
1
1
1
1
1
1
1
1
1
1
1
1
1
1
1
1
1
1
1
0.997519
1
1
1
1
1
1
1
1
1
0.999965
1.00001
0.999993
1
1.00001
1
0.999985
1
1
1
1.00015
1
1
1
0.999978
1
1
1
1
1
1
1
1
1
1
0.999831
1.00005
1.00048
1
1
1
1
1
1
1
1
1
1
1
1
1
1
1.00007
1
1
1
1
1
1
1
1
1
0.999985
1
1
1.00001
1
1
1
1
1
1
1
1
1
1
0.999994
1
1
1
1
1
1
1
1
1
1
1
1
1
1
1
1
1
1
1
1
1
1
1
1
1
1
1
1
1
1
1
1
1
1
1
1
1.00004
1
1
1.00005
1
1
1
1
1
1
1
1
1
1.00003
1
1
0.998171
1
1
1
1
1
0.999998
1
1
1
1
1
1
1.00151
1
1
1
1
1
1
1
1
1
1
1
1
1
1
0.996501
1
1
1
1
1
1
1
1
1
1
1
1.00002
1
1
1
1
1
1
1
1
1
1
1
1
1
1
1
0.993127
0.998054
1
1
1.00052
1
1
1.00004
1
1
1
1.00001
1
1
1
1
1
1
0.994434
1
1
1
1
1
1
1
1
1
1
1
1
1
1.00001
1
1
1
1
1
1
1
1
1
1
1
1
1
1
1
1
1
1
1
1
1
1
1
1
1
1
1
1
1
1
1
1
1
1
1
1
1
1
1
1
1
1
1
1
1
1.00003
1
1
1
1
1
1
1
1
1
1.00002
1
1
1
1
1
1
1
1
1
1
1
1
1
1
1
1
1
1
1
1
1
1
1
0.999812
1
1
1
1
1
1
1
1
1
1
1
1
1
1
1
1
1
1
1
1
1
1
1
1
1
1
1
1
1
1
1
1
1
1
1
1
1.00011
1
1
1
1
1
1
1
1
1.0005
1
1
1
1
1
1
1
1
1
1
1
1
1
1
1
1
1
1
1
1
1
1
1
1
0.999999
1
1
1
1.00003
1
1
1
1
1.00008
0.999999
0.999985
1
1
1
1
1
1
1
1
1
1
1
0.999999
1
1
1
1
1
1
1
1
1
1
1
1
1
1
1
1
0.999834
1
1
1
1
1
1
1
1.00001
1
1
1
1
1
1
1
1
1
1
1
1
1
1
1
1
1
1
1
1
1
1
1
1
1
0.999986
1
1
1
1
1
1
1
1
1
1
0.999959
0.999995
1
1
1
1
1
1
1
1
1
1
1
1
1
1
1
0.999997
1
1
1
1
1
1
1
1
1
1
1
1
1
1
0.999858
1
0.999999
1
0.999997
1
1
1
1
1
1
1
1
1
1
0.999969
1
1
0.999996
1
1
1
1
0.999951
0.999997
1
1
1
1
1
1
1
1
1
0.999824
1
1
1
1
1
1.00038
0.99983
0.999996
1
1.00003
1
0.990629
1
1
1
1
1
1
1
1
1
1
1
1
1
1
1
1
1
1
1
1
1
1
1
1
1
1
1
1
1
1
1
1
1
1
0.997058
1
1
1
1
1.00002
0.999773
1
1
1
1
1
1
0.99997
1
1
1
1
1
1
1
1
1
1
1
1
1
1
1
1
1
1
1
1
1
1
1
1
1
1
1
1
1
0.999934
1
1.00003
1
1
1
1
1
1
1
1
1
1
1
1
1.00001
1
1
1
1
1
1
1
1
1.00002
1
1
1
1
1
1
1
1
1
1
1
1
1
1
1
1
1
1
0.998666
0.999898
1
1
1
1
1
1
1
1
1
1
1
1
1
1
1
0.999992
1
1
1
1
1
1
1
1
1
1.00071
1
0.999997
1.00001
1
1
1
1
1
1
1
1
1
0.999996
1
1
1
1
1
1
1
1
1
1
1
1
1
1
1
1
1
1
1
1
1
1
1
1
1
1
1
1
1
1
1
1
1
1
1
1
1
1
1
1
1
1
1
1
1
1
1
1
1
1
1.00001
1
1
1
1
1
1
1
1
1
1
0.99914
1
1
1
1
1
1
1
1
1
1
1
1
1
1
1
1
1
1
1
1
0.999978
1
1
1
1
1
1
0.996317
1
1
1
1
1
1
1
1
1
1
0.999986
1
1
1
1
1
1
1
1
1
1
1
1
1
1
1
1
0.999917
1
0.999942
0.999198
1
1
1
1
1
1
1
1
0.999787
1
1
1
1
1
1
1
1
1
1
1
1
1
1
1
1
1
1
1
1
1
1
1
1
1
1
1
1
1
1
1
1
1
1
1
1
1
1.00001
1
0.999749
1
1
1
1
1
1
1
1
1
1
1
1
1
1
1
0.999993
1
1
1
1.00004
1
1
1
1
1
0.999983
1
1.00005
1
1
1
0.999999
1
1
1
1
1
1
1
1
1
1
1
1
0.999988
1
1
1
1
1
1.00001
1
0.999924
1
1
0.999999
1
1
0.999993
1
1
1
1
0.999967
0.999995
1.00001
1
1
0.999884
1
1
1
1
1
1
1
1
1
1
0.999994
1
1
1.00002
1
1
1
1
1
1
1
1
1
1
1
1
1.00018
1
1
1
1
0.999929
1
1
1
1
1
1.0001
1
1
1
0.999991
1
1
1
1
1.00001
1
1
0.998124
1
1
1
1
1
1.00001
1
1
1
1
1
1
1
1
1
1
1
1
1
1
1
1
1
1
0.999769
1
0.999876
1
1
1
1
1
1
1
0.999988
1
1
1
1
1
1
1
0.999946
1
1
1
1
1
1
1
0.998681
1
1
1
1
1
1
0.99999
1
1
1
1
1
1
1
1
1
1
1
1
1
1
0.999995
1
0.99991
1
1
1
1
1
1
1
1
1
1
1
1
1
1
1
1
1
1
1
1
1
0.999993
1.00001
1
1.00001
1
1
1
1
1
1
1
1
1
1.00001
1
1
1
0.999999
1
1
1
1
1
1
1
1
1
1
1
1
1
1
0.996212
1
1
1
1
1
1
0.998833
1
1
1
1
1
1
1
1
1
1
1
0.999995
1
1
1
1
1
1
1
1
1
1
1
0.999921
1
1
1
1.00001
1
1
1
1
1
1
1
1
1
1
1
1
1
1
1
1
1
1
1
1
1
1
1
1
1
1
1
1
1
1
1.00001
1
1
1
1
1
1
1
1
0.999998
1
1
1
1
1
1
1
1
1
1
1
0.999988
1
1
1
0.999886
1
1
0.999995
1
1
1
1
1
1
1
1
1
1
1
1
1
1
1
0.999783
1
1
1
0.99927
1
1
1
1
1
1
1
1
1
0.999929
1
1
1
1
1
1
1
1
1
1
1
1
1
1
1
1
0.995044
1
1
1.00033
1
1
1
1
1
1
1
0.999775
1
1
0.999975
1
1
1
1
1
1
1
1
1
1
1
1
1
1
1
0.99832
1
1
1
1
1
1
1
1
1
1
1
1
1
1
1
1
1
0.999999
1
1
1
1
1
1
1
1
1
1
1
1
1
1
1
1
1
1
1
0.999997
0.999993
1
1
1
1
1
1.00003
1
1
1
1.00013
1
1
1
1
1
1
0.999997
1
1
1
1
0.999995
1
1
1
1
0.999972
1
1
1
1
1
1
1
1
1
1
1
1
1
1
0.999999
1
1.00001
1
1
1
1
1
1
1
1
1
1
1
1
1
1
1
1
1
1
1
1
1
0.999996
1
0.999983
1
1
0.999939
1
1
0.999982
1
0.999999
1
1
1
1
1
1
0.999952
1
1
0.999929
1
1
0.999998
1
1
1
1
1
1
1
0.996153
1
1
1
1
1
1
1
1
1
1.00001
1
1
1
1
1
1
1
1
0.999994
1
1
1
1
1
1
1
1
1
1
1
1
1
1
1
1
1
0.998388
1
1
1
1
1
1
1
1
1
1.00001
1
1
1
1
1
1
1
1
1.00002
1
1
0.99987
1
1
1
1
1
1
1
1
1
1
1
1
0.999999
1
1
1
1
1
1
1
1
1
1
1
1
1
1
0.999912
1
1
1
1
1
1
1
1
1
1
1
1
1
1
1
1
1
1
1
1
1
1
0.999999
1
1
1
0.999634
1
1
1
1
1
1
1
1
1
1
1
1
1
1
1
1
1.00001
1
1
1.00001
1
0.999994
1
1
1
1
0.999958
1
1
1
1
1
1
1
0.999997
1
1
1
0.99999
1
1
1
1
1
1
1
0.999945
1
1
1
1
1
1
1
1
1
1
1
1.00002
1
1
1
1
1
1
1
0.999506
1
1
1.00006
1
1
1
1
0.999997
1
1
1
1
1
1.00001
1
1
0.999999
1
1
1
1
1
1
1
1
1
0.999925
1
1
1
1
1
1
1
0.999942
1
1
1
1
1
1.00001
1
1
1
1
1
1
1
0.999989
0.999991
1
0.999987
1
1
1
1.00001
1
0.99999
1
1
1
1
1
1
1
1
1
1
1
1
1
1
1
1
1
1
1
1
1
1
1
1
0.997334
1
1
1
1
1
1
1
1
1
1
1
1
1
1
0.995619
1
1
1
0.999997
1
1
1
1
0.999087
1
1
1
1
1
1
1
1
1
1
1
1
1
1
1
1
1
1
0.988217
1
1
1
1
1
1
0.999995
1.00001
1
1
1
1
1
1
1
1
1
1
1
1
1
1
1
1
1.00001
1
1
1
1
1
1
1
1
1
1
1
0.999887
0.99991
1
1
1
1
1
1
1
1
1
1
1
1
1
1
1
1
1
1
1
0.999999
1
1
1
1
1
1
1
1
1
1
1
1
1
1
1
1
1
1
0.999914
1
1
1
1
1
1
1
1
1
1
1
1
1
1
1
1
1
1.00002
1
1
1
1
1
0.999996
1
1
1
1
1
1
1
1
1
1
1
1
1
1
1.00001
1
1
1
1
1
1
1
1
1
1
1
1
1
1
1
1
1
1
1
1
1
1
1
1
1
1
1
1
1
0.999938
1
1
1
1
1
1
1
1
1
1
1
1
1
1
1
1
1
1
1
1
1
1
1
1
0.999997
1
1
1
0.999999
1
1
1
1
1
1.00001
0.999998
1
1
1
1
1
1
1
1
1
1
1
1.00002
1
1
0.98906
1
1
1
1
1
1
1
1
1
1
1
1
1
1
1
1
1
1
1
0.999998
1
1
0.99816
1
0.999927
0.999999
1
0.999989
1
1
1.00015
1
1
1
1
1
1
1
1
1
1
1
1
1
1
1.00002
1
1
1
1
1
1
1
0.99999
1
1
0.999761
1
1
1
1
1
1
1
1
1
1
1
1
1
1
1
1
1
0.999277
1
1
1
1
0.999978
1
1
1
1
1
1
1
1
1
0.999944
1
1
1
1
1
1
1
1
1
1
1
1
1
0.998256
1.00003
1
1
1
1
1
1
1
1
1
1.00002
0.999969
1
1
1
1
1
1
1
1
1
1
1
1
1
1
1
1
1
1
0.999998
1
1.00036
1
1
1
1
1
1
1
1
1
1
1
1
1
1.00001
1
1
1.00004
1
1
1
0.999943
1
1
1
1
0.999996
1
1
1
1
1
1
1
1
1
0.999999
1
1
1
0.999632
1
1
1
1
1
1
1
1
1
1
1
1
1.00014
1
1
0.999775
1
1
1
1
0.999997
1
1
1
1
1
1
1
1
1
1
1
1
1
0.997022
1
1
1
1
1
1
1
1
1
1
1
1
1
1
0.993605
1
0.999888
1
1
1
0.999981
1
1
1.00173
1
1
1
1
1
1
1
1
1
1
1
1
1
1
1
1
1
1
0.999903
1
1
1
1
1
1
1
1
1
1
1
1
1
1
1
1
1
1
1
1
1
1
1
1
1
1
1
1
1
1
1
1
1
1
1
1
1
1
1
1
1
1
1
1
1
1.00005
1
1
1
1
1.00006
0.999881
0.99514
1
1
1.00004
1
0.999999
1
1
1
1
1.00001
1
1
1
1
1
1
1
1
1
1
0.999999
1
1
1
1.00019
1
1
1
1
1
1
1
1
1
1
1
1
1
1
1
1.00001
1
1
1
1
1
1
1
1
1
1
1
1
1
1
1
1
1
1
1
1
1
0.999992
0.999996
1
1
1
0.999881
1
1
1
1
1
1
1
1
1
1
1
1
1
1.00001
1
1
1
1
1
1
1
1
1
1
1
1
1
1
0.999967
1
1
1
1
1
1
1
1
1
1
1
1
1
1
1
1
1
1
1
1
0.999999
1
1
1
1
1
1
1
1
1
1
1
1
0.991059
1
1
1
0.999997
1
1
0.999999
1
1
1
1
1
1
1
0.999996
1
1
1
0.999999
1
1
1.00003
1
1
0.999987
0.999996
1
1
1
1
1
1
1
1
0.999998
1
1
1
1
1
1
1.00002
1
1
1
1
1
1
0.999996
1
1
1
1
1
1
1
1
1
1
1
1
1
1
0.999997
1
1
1
1
1
1
1.00006
0.999999
1
1
1
1
1
1
1
1
1
1.00005
1
1
1
1
1
1
1
1
1
1
1
1
1
1
1
1
1
1
1
0.999875
1
1
1
1
1
0.999991
1
1
0.999937
1
1
1
1
0.999999
1
1
1
1
0.999943
0.999999
1
1
1
1
1
1
1
1
1
1
0.999998
1
1.00003
1
1
1
1
1
1
1.00018
1
0.999999
1
1
1
1
1
1
1
1
1
1
0.999991
0.999948
1
0.999971
1
1
0.999324
1
1
1
0.999999
1
1.00001
1
1
1
1
1
0.999986
1
1
1
1
1
1
1
1
1
1
1
1
1
1
1
1.00029
1
1
1
1
1
1
1
1
1
1
1
0.999998
1
1
1
1
1
1
0.999984
1
1
1.00002
0.999989
1
1
1
1
1
1
1
1
1
1
1
1
1
1
1
1
0.999997
1
1
0.999999
1
1
1
0.999978
1
1
1
1.00001
1
1
1
1
1
1
1
1
1
1
1
1
1
1
1
1
1
1
1
1
1
1
1
1
1
1
1
1
1
0.999989
0.999999
1
1
1
1
1
1
1
1
1
1
1
1
1
0.998424
0.999999
1
1
1.00001
1
0.999844
1
1
1
1
0.999998
1
1
1
1
1
1
1.0007
1
1
0.998706
1
0.999324
1
0.999603
1
1
1
1
1
0.999991
1
1
1
1
1
1
1
1
0.999882
1
1
1
1
1
0.999932
1
1
1.00002
1
1
1
1
1.00002
1
1
1
1
1
1
1
1
1
1
1
1
1
1
1
1
1
1
0.999997
1
0.999966
0.99995
1
1
1
1
1
1
1
1
1
1
0.999766
0.999821
1
1
1
1
1
1
1
1
1
1
1
1
1
1
1
1
1
1
1
1
1
1
1
1
1
1
1
1
1
1
0.998573
1
1
1
1
1
1
0.999998
1
1
1
1
1
1
1
1
1.00001
1
0.999775
0.999994
1
1
1
1
1
1
1
1
1
1
1
1
1
1
1
1
0.999978
1
1
1
1
1
1
1
1
1
1
1
1
1
1
1
1
1
1
1
1
0.999998
1
1.00004
1
1
0.99998
1
0.999989
0.999794
1.00141
1
1
1
1
1
1
1
1
1
1
1
1
1.00008
1
1
1
1
0.999999
1
1
1
1
0.9991
1
0.999954
1
0.999994
1
1
1
1
0.999446
1
1
1
1
1
1
1
1
1.00143
1
1
1
1
0.999983
0.999913
1
0.998804
1
1
1
1
0.99994
1
1
1
1
1
1.0009
1
1
1
1
1
1
1
1
1
1
1
1
1
1
1
1
1
1
1
1
1
1
1
1
1.00001
1
1
1
1
1
1
1
1
1
1
1
1
1
1
1
1
1
1
1
1
1
1
1
1
1.00123
1
1
0.999864
1
1
1
1
1
1
1
1.00059
1
1.00001
1
1
1
1
1
1
1
1
1
1
1
1
1
1.00001
1
1
1
1
1
1
1
1
1
1.00004
1
1
0.999893
1
1
1
1
1
1
1
1
1
0.999973
1
1
1
1
1
1
1
1
1
1
1
1
1
1
0.999993
1
1
1
1
1
1
1
1
1
1
1
1
1
1
1
1
1
1
1
1
1
1
1
1
1
1
1
1
1
1
1
1
1
1
1
1
1
1
1
0.999925
0.999992
1
0.999661
0.99999
1
1
1
1
0.999931
1
1
1
1
1
1
1
1
1
1
0.999999
1
0.99991
1
1
1
1
1
1.00175
1
1
1
1
1
1
1
1
1
0.999945
1
1
1
1
1
1
0.999999
1
1
1
1
1
1
1
1
1
1
1
1
1
1
1
1
1
1
1
1
0.999931
1
1.00005
1
1
0.999671
1
1
1
1
1
1
1
1
1
1
1
1
1
1
1
1
1
1
1
1
1
1
1
1
1
1
1
1
1
1
1
1
1
1
1
1
1
1.00001
1
1
1
1
1
1
1
1
1
1
1
1
0.999841
1
1
1
1
1
1
1
1
1
1
1
1
1
1
1
1
1
1
1
1
1
1
1
0.999999
1
1
0.999502
1
1
1
1
1
1
0.999874
1
1
0.999998
1
1
1
1
1.00001
0.999999
1
1
0.999991
1
1
1
1
1
1
1
1
1
1
1
0.999986
1
1.00003
1
1
0.999978
1
1
1
1
1
1
1
1
1
1
1
1
0.999999
1
1
1.00002
1
0.999981
1
1
1
1
0.999839
1
1
1
1
1
1
1
1
1
1
1
1.00001
1
1
1
1.00001
)
;

boundaryField
{
    frontback
    {
        type            empty;
    }
    topbottom
    {
        type            zeroGradient;
    }
    outlet
    {
        type            zeroGradient;
    }
    inlet
    {
        type            fixedValue;
        value           nonuniform List<scalar> 0();
    }
    walls
    {
        type            zeroGradient;
    }
    procBoundary1to0
    {
        type            processor;
        value           nonuniform List<scalar> 
104
(
1
1
1
1
1
1
1
1
1
1.00001
1
1
1
0.999988
1.00004
1
1.00011
1
1
1
1
1
1
1
1
1
1
1
1
1
1
1
1
1
1.00011
1
1
1
1
1
1
1
0.997739
1
1
1
1
1
1
1
1
1
1
1
0.999338
1
1
1
1
1
1
1
1
1
1
1
1
1
1
1
1
1
1
1
1
1
1
1
1
1
1
0.999925
1
1
1
1
1
1
1
1
1
1
1
1
1
1
1
1
1
1
1
1
1
1
)
;
    }
    procBoundary1to3
    {
        type            processor;
        value           nonuniform List<scalar> 
205
(
1
1
1
1
1
1
1
1
1
1
1
1
1
1
1
1
1
1
1
1
1
1
1
1
1
1
1
1
1
1
1
1
1
1
1
1
1
1
1
1
1
1
1
1
1
1
1
1
1
1
1
1
1
1
1
1
1
1
1
1
1
1
1
1
1
1
1
1
1
1
1
1
1
1
1
1
1
1
1
1
1
1
1
1
1
1
1
1
1
1
1
1
0.999999
1
1
1
1
1
1
1
1
1
1
1
1
1
1
1
1
1
1
1
1
1
1
1
1
1
1
1
1
1
1
1
1
1
1
1
1
1
1
1
1
1
1
1
1
1
1
1
1
1
0.999999
1
1
1
1
1
1
1
1
1
1
1
1
1
1
1
1
1
1
1
1
1
1
0.999999
1
1
1
1
1
1
1
1
1
1
1
1
1
1
1
1
1
1
1
1
1
1
1
1
1
1
1
1
1
0.999999
1
1
1
1
1
1
1
1
1
)
;
    }
}


// ************************************************************************* //
