/*--------------------------------*- C++ -*----------------------------------*\
| =========                 |                                                 |
| \\      /  F ield         | OpenFOAM: The Open Source CFD Toolbox           |
|  \\    /   O peration     | Version:  v2012                                 |
|   \\  /    A nd           | Website:  www.openfoam.com                      |
|    \\/     M anipulation  |                                                 |
\*---------------------------------------------------------------------------*/
FoamFile
{
    version     2.0;
    format      ascii;
    class       volScalarField;
    location    "100";
    object      gammaInt_0;
}
// * * * * * * * * * * * * * * * * * * * * * * * * * * * * * * * * * * * * * //

dimensions      [0 0 0 0 0 0 0];


internalField   nonuniform List<scalar> 
13851
(
1
1
1
1
1
1
1
1
1
1
1
1
1
1
1
1
1
1
0.999944
1
1
1
1
1
1
1
1.00008
0.999909
1
1
1
1
1
1
1
1
1
0.999997
1
1
1
1
1
0.999814
1
1
1
1
1
1
1
1
1
1
1
1
1
1
1.00042
1
1
0.999998
1
1
1
1
1
1
1
1
1
1
1
1
1
1
1
1
0.999983
1
1
1.00001
1
1
1
1
1
1
1
1
1
1
1
1
1
1.00002
1
1
1
0.999999
1
1
1
1
1
1
1
1
1
1
1
1
1
1
1
1
1
1
1
1
0.999992
1
1
1
0.999978
1
1
1
1
1
1
1
0.999716
1
1
1
1
1
1
1
1.00001
1
1
1
0.999997
1
1
1
1
1
1
1
1
1.00005
1
1
1
1
1
1
1
1
1
1
1
1
1
1
1
1
1
1
1
1
1
1.00014
1
1
1
1
1.00003
0.999902
1
1
1
1
1
1
1
1
0.99996
1
1
1
1
1
1
1
1
1
1.00002
1
1
1
1.00055
1
1
1
1
1
1
1
1.00002
1
1
1
1
1.00002
1
1
1
1
1
1
1
1
1
1
1
1
1
1
1
1
1
1
1.00003
1
1
1
0.999594
1
1
1
1
1
0.999995
1
1
1
1
1
1
1
1
1
1
1
1
1
0.999999
0.999988
1
1
1
1
1
1
0.998527
1
1
1
1
1
1
1
1.00003
1.00001
1
1
1
1
1
1
1.00001
1
1
1
1
1
1
1
1
1
1
1
1
1
1
1
1
1
1
1
1
1
1
1
1
1
1
1
1
1
0.999744
1
0.999676
0.999458
1
1
1
1
1
0.999075
1
1
1
1
1
1
1
1
1
1
1
1
1
1
1
1
1
1
1
1
1
1.00004
1
1
1
1
1
1.00003
1
1
1
1
1
1
0.999998
1
0.99925
1
1
1
1.00001
1
1.00003
1
1
1
1
0.999955
1.00002
1
1
1
0.999989
1
1
1
1
1
1
1
1
1
1
1
1
1
1
1
1
1
1
1
1
0.995454
1
1
1
1
1.00004
0.999963
1
1
1
0.999977
1
1
1
1
1
1
1
0.999958
1
1
0.999971
1
1
1
1.00002
1
1
0.996282
1
1
1
1.00001
1
1
1
1
1
1
1
1
1
1
0.999973
1
1
1
1
1
0.999992
1
1
1
1
1
1
1
0.999992
1
1
1
1
1
1
1
1
1
1
0.999684
1
1
1
1
1
1
0.999921
1
1
1
1
0.992835
1
1
1
1
1
0.999994
0.999705
1
1
1
1
1
1
1
1
1
1
1
1
1
1
1
1
1
0.999991
1
1
0.998821
1
1
1
1
1
1
1
1
1
1
1
1
1.00019
1
1
0.999986
0.999725
1
1
0.999935
1
1
0.999816
1
1
1
1
1
1
1
1
1.00001
1
1
1
1
1
1
1
1
1
1
1
1
1
1
1
1
1
1
1
1
1
1
1
1
1
1
1
1
1
1
1
1
1
1
1
1
1
1
0.999997
1
0.996633
1
1
1
1
1
1
1
1
1
1.00023
0.962711
1
1
1
1
1
1
1
1
1
1
1
1
1
1
1
1
0.999999
1
1
1
1
1
1
1
1
1
1
1
1
1
1
1
1
1.0002
1
1
1
1
1
1
1
1
1
0.999976
1
1
1
1
1
1
0.999892
1
1
1
1
1
1
1
1
1
1
1
1
1
1
1
1
1
1.00011
1
1
1
1
1
1
1
1
1
1
1
1
1
1
0.998507
0.999932
1
1
1
1
1
1
1
1
1
0.999985
1
1
1
1
1
1
1
1
1
1
1
1
1
1
1
1
1
1.00004
1
1.00124
1
1
1
1.00012
1
1
1
1
1
1
1.00011
1
1
1
1
0.999999
0.999982
1
1
1
1
1
1
1
1
1
0.999628
1
1
1
1
1
1
1
1
1
1.00001
1
1
1
1
1
1
1
1.00008
1
1
1
1
1
1
1
1.00003
1
1
1
1
1
1
1
1
0.999961
1
1
1
1
1
1
1
1
1
1
1.00002
1
0.999991
0.997439
0.999976
1
1
1
1
1
1
1
1
1
1
1
1
1
1
1
1
1.00001
1
1
1
1
1
1
0.999355
1
1
1
1
0.999999
1
1
1
1
1
1
1
1
1
1
1
1
1
1
1
1
1
1
1.00008
1
1
1
0.999999
1
1
1
1
1
1
1
1
1
1
0.999994
1
1
1.00038
1
1
1
1
1
1
1
1
1
1
1
1
1
1
1
1
1
1
1
1
1
1
1
1
1
1
1
1
1
1
0.999349
1
1
1
1
1
1
1
1
1
0.996465
1
1
1
1
1
0.999908
1.00001
1
1
1
1.00026
1
1
1
1
1
1
1
1
1.00002
1
1
1
1
1
1
1
1
1
0.999973
1
1
1
1
0.999979
1
1
1
1
1
1
1
1
1
1
1
1
1
1
1
1
1
1
1
1
1
1
1
1
1
1.00004
1
1
1
1
1
1
1
1
1
1
1
1
1
1
0.999999
1
1
0.99862
1
0.999997
1
1
1
1
1
1
1
1
1
1.00002
1
1
1
1
1.00003
1
1
1
1
1
1
1
1
1
1.00002
0.99999
1
1
1
1
1
1
1
1
1
1
1
1
1
1
1
1
1
1
1
1
1
1
0.998574
1
1
1
1
1
1
1
1
1
1
1
1
0.999988
1
1
1
1
1.00004
1
1
1
1
1
1
1
1
0.997148
1
1
1
1
1
1
1
0.999999
1
1
1
1
0.99304
1
1.00011
1
1
1
1
1
1
1
1
1
1
1
0.999982
1
1.00001
1
1
0.998985
1
1
1
0.999992
1
1
1
1
1
1
1
1
1
1
1
1
1
1
1
1
1
1
1
1
1
1
1
1
1
1
1
1
1
1
1
1
1
1
1
1
1
0.999999
1
1
1
1
1
1
1
1
1
1
1
1
1
1
1.00001
1
1
1
1
1
1
1
1
1
1
1
1
1
1
1
1
1
1
1.00001
1
1
1
1
1
1
1
1
1
1
0.995645
1
1
1
1
1
1
1
1
1
1
1
1
1
1.00017
1
1
1
1
1
0.998979
1
0.999938
1
1
1
1
1
1
1
1
1
1
1
1
1
1
1
1
1
1
0.995051
1
1
1
1
1
0.999913
1
1
1
1
1
0.99881
1
1
1
1
1
1
0.99964
1
1
1
1
1
1
1
1
1
1
1
1
1
1
1
1
1
1
1.00005
1
1
1
1
1
1
1
1
1
1
1
1
1
1
1
0.997662
1
1
0.999997
1
1
1
1
1
1
1
0.999991
1
1.00027
1
1.00001
1
1
1
1
1
1
1
1
1
1
1
1
1
0.981901
1
1
1
1
1
1
0.999908
1
1
0.998892
1
1
1
1
0.999998
1
1
1.00023
1
1
1
1
1
1
1
1
1
1
1
0.96432
1
1
1
1
1
1
1
1
1
1
1
1
1
1
1
0.999184
1
1
1
1
1.00002
1
1
1
1
1
1
0.996105
1
1
1
1
1
1
1
1
1
1
1
1
1
1
1
1
1
1
0.999998
1
1
0.999648
1
1
1
1
0.999994
1
0.999992
1
1
1
1
1
1
1
1
1
1
1
1
1
1
0.997686
1
1
1
1
1
1
1
1
1
1
1
1
1.00078
0.999716
1
0.999977
1
1
1
1
0.999926
1
1.00001
1.0004
1
1
1
1
1
1.00002
1
1
1
1.00001
1
1
1
1
1
1
1
1
1
1
1
1.00003
1
1
1
1
1
1
0.999977
1
1
1
1
1
1
1
1
1
1
1
1
1
1
0.99886
1
1
1.00001
1
1
1
1
1
1
1
1
1
1
1
1
1
1
1
1
1
1
1
1
1
1
1
1
1.00084
1
1
1
1
1
1
0.999208
1
1.00003
1
1
1
1
1
0.999983
1
1
1
1
1
1
1
1
1
1
1
1
0.999998
1
1
1
1
1
1
1
1
1
1
1
1
1
1
1
1
0.999999
1
1
1
1
1
1
1
1
1
1
1
1
1
1
1
1
1
1
1
1.00001
0.99683
1
1
1
1
1
1
1
1
1
1
1
1
1.00003
1
1
1
1
1
1
1
1
1
1
1
1
1
1
1
1
1
1
1
1
1
1
1
1
1
1
1
1
1
1
1
1
1
1
1
1
1
1
1
1
1
1
1
1
1
1
1
1
1
1
1
1
1
1
1
1
1.00008
1
1
1
1
1
0.999843
0.999997
1
1
1
1.00007
1
1
1
1
1
1
1
1
0.999997
1
1
1
1
1
1
0.999999
1
0.999353
1
1
1
1
1
1
1
1.00018
0.999965
1
1
1
1
1
1
0.999986
1
1
1
1
1
1
1
1.00003
1
1
1
1
1
1
1
1
1
1
1
1
1
1
1
1
1
1
1
1
1.00004
1
1
1
1
1
1
1.00001
1
1
1
1
1
1
1
1
1
1
1
0.999099
1
1
1
1
1
1
1
1
1
1
1
1
1
0.999804
1
1
1
1
1
1
1
1
1
1
1
1
1
1
1
1
1.00005
1
1
1
1
1
1
1
1.00096
1
1.00011
1
1
1
1
1
0.999984
0.999939
1
1
1
0.997819
0.998514
1
0.999977
1
1
1
1
1
1
1
1
1
1
1
1
1
1
1
1
1
1
1
1
1
1
1
1
1
1
1
1
1
0.999553
1
1
1
1
1
1
1
1
1
1
1
1
1
0.997168
1
1
1
1
1
1
1
1
1
1
1
0.999981
1
1
1
1.00012
1
1
1
1
1
1
1
1
1
1
1
1
1
1
1
1
1
1
1
1
1
1
1
1.00019
0.999996
1
1
1
1
1
1
1
1
1
1
1
1
1
1
1
1
1
1
1
1
0.997694
1
1
1
1
1
1
1
1
1
1
1
1
1
1
1
1
1
1
1
1
0.999857
1
1
1
1
1
1
1
1
0.999897
1
1
1
0.999973
1
1
1
1.00625
1.00002
1
0.997572
1
1
1
1
1.00001
1
1
1
1
1
1
1
1
1
1
1
1.00001
1
1.00003
1
1
1
0.998704
1
1
1
1
1
1
1
1
1
1
1
1
1
1
1
1
1
1
1
1
1
1
1
1
1
1
1
1
1.00044
1
1
1
1
1
1
1
1
1.0003
1
1
1
1
1
1
1
1
1
1
1.00004
1
1
1
1
1
1
1
1
1
1
1
1
1
1
1
1
1
0.999997
1
1
1
1
0.999093
1
1
1
1.00017
1
1
1
0.999951
1.00001
1
1
0.998587
1.00001
1
1
1
1
1
1
1
1
1
1
1.00001
1
1
1
1
1
1
1
0.99998
1
1
1
1
1
1
1
1
1
1
0.999999
1
1
1
1
1
1.00051
1
1
1
1
1
1
1
1
1
1
1.00003
1
1
1
1
1
1
1
1
1
1
1
1
1
1
1
1
1
1
1
1
1
1
1
1
1
1
0.997847
1
1
1
1
1
1
0.999948
1
1
1
1
1
1
1.00001
1
1
1
0.999792
1
1
1
1
1
1
1
1
1.00014
1
1
1
1
1
1
1
1
1
1
1
1.00002
1
1.00074
1
1
1
1
1
1
1
1
0.999998
1
1
1
1
0.999592
1
1
1
1
1
1
1
1
1
1
1
1
1
1
1
1
1
0.999323
1
1
1
0.999986
1
1
1
0.999996
1
1
1
1
1
1.00005
1
0.999988
0.99997
1
1
1
1
1
0.995241
1
1
1
1
1
1
1.0002
1
1.00001
1
1
1
1
1
1
0.999428
0.999971
1
1
1
1
1
1
1
1
1
1
1
1
1.00001
1
0.999991
1
0.99999
1
1
1
1.0001
1
1
0.993611
1
1
1
1
0.999944
1
1
1
1
1.00007
1
1
1
1
0.992805
1
1
1
1
1
1
1
1.00028
1
1
1
1
1
0.999999
1
1
1
1
1
1
1.00013
1
1
1
1
1
1
1
1
1
1
1
0.999997
1
1
1
1
1
1
1
1
0.999982
1
1
1
1
1
1
0.999778
1
1
1
1
1
1
1
1
1
1
0.997078
1
1
1
1
1
1
1
1
1
1
1
1
1
1
1
1
1
1
1
1
1
1.00003
1
1
1
1
1
1
1
1
1
1
1
1
1
1
1
1
1
1
1
1
1
0.999998
1
1
1
1
1
1
1
1
1
1
1
1
1
0.999894
1
0.999999
1
1
1
1
1
1
1
1
1.00005
1
1
1
1
1
1
1
1
1
0.999897
1.00011
1
0.999623
1
1
1
1
1
1
1
1
1
1
1
1
1
1
1
1
1
1
1
1
1
1
1
1
1
1
1.00134
1
1
1
1
1
1
0.999129
1
1
1
1
1
1
1
1
1
1
1
1
1
0.999167
1
1
1
1
1
1
1
1
1
1
1
0.998159
1
1
1
1
1
1
1
1
1
1
1
1
1
1
1
1
1
1
1
1
1
1
1
1
1
1
1
1
1
1
1
1
1
1
1
1
0.999737
1
1
1
1
0.999942
1
1
1
1
1
1
0.997084
1
1
1
1
1
1
1
1
1
1
1
1
1
1
1
1
1
1
1
1
1
1
1
1
1
1
1
1
1
1
1
1
1
1
1
1
1
0.999186
1
1
1
1
0.999999
1
1
1
0.999989
1
0.999997
1.00011
1
1
1
0.999991
1
1
1
1
1
1
1
1
1
1
1
1
1
1
1
1
1
1
1
1
1
1
1
1
1
1
1
1
1
1
1.00001
0.999936
1
1
1
1
1
0.999992
1
1
1
1
1
1
1
1
1
0.999996
1
1
1
1
1
1
1
1
1
1.00003
1
1
1
1
1
0.999262
1
1
1
1
1
1
1
1
1
1
1
1
1
1.00009
1
1
1
1
1.00002
1
1
1
1
1
1
1
1
1
1
1
1
1
1
1
1
1
1
1
1
0.998487
1
1
1
1
1
1
1
1
1
1
1
1
1
1
0.999984
1
1
1
1
1
1
1
1
1
1
1
1
1
0.999998
1
1
1
1
1
1
1
1
0.999918
1
1
1
1
1
1
1
1
1
1
1
1
1.00038
1
1
1
1
1
1
1
1
1
1
1
1
1
1
1
1
1
1
1
1
1
1
1
1
1
1.00003
1
1
1
1.00001
1
1
1
1
1
1
1
1
1
1
1
1
1
1
1
1
1
1
1
0.999995
1
1
1
1
1
1
1
1
1.00011
1.00027
1
1
1
1
1
1
1
1
1
1
1
1
1
1
1
1
1
1
1
1
1
1
1
1
1
1
1
1
1
1
1
1
1
1
1
1
1
1
1
1
1
1
1
1
1
1
1
1
1
1
1
1
1
1
1
1
1.00114
1
1
1
1
1
1
1
1
1
1
1
1
1
1
1
1
1
1.00001
1.00011
1
1
1
1
1
1
1
1
1
1
1
1
1
1
1
1
1
0.999983
1
1
1
1
1
1
1
1
1
1
1
1
1
1
1
1
1
1
1
1
1
1
1
1
1
1
1
1
1
1
1
1
1
1
1
1
1
1
1.00001
1
1.00092
1
1
1
1
1
1
1
1
1
1
1
1
1
1
1.00135
1
1
1
1
1
0.999998
1
1
1
1
1
1
1
1
1
0.999999
1
1
1
1
1
1
1
1
1
1
1
1.00032
0.999981
1
1
1
1
1
1
1
1
1
1
1.00024
1
1
1
1
1
1
0.999904
1
1
1
1
1
1
1
1
1
1
0.990115
1
1
1
1
1
1
1
1
1
1
1
1
1
1
1
1
1
1
1
1
0.999747
0.995513
1
1
0.999452
1
1
1
1
1
1
1
1
1
1
1
1
1.00012
1
0.998713
1
1
1
0.998618
1.00043
1
1
1
1
1
1
1
1
0.998435
1
1
1
0.984522
1
1.00006
1
1
1
1
1
1
1
1
1
1
1
1
1
1
1
1
1
1
1
1
1
1
1
1
1
1
1
1
1
1
1
1
1
1
1
1
1
1
0.999659
1
1
1
1
1
1
0.999974
1
1
1
1
1
1
1
1
1
1
0.993034
1
0.999865
1
1
1
1
1
1
1
0.999994
1
1
1
1
1
1
1
1
1
1
1
1
1
1
1
1
1
1
1
1
1
1
0.999998
1
1
1
1
1
1
1
1
1
1
1
0.999906
1
1
0.999999
1
1
1
1
1
1
1
1
1
1
1
1
1
1
0.999729
1
1
1
1
1
1
1
1
1
1
1
1
1
0.999913
1
1
1
1
1.00031
1
1
1
1
1
1
1
1
1
1
1
1
0.999852
0.999993
1
1
1
1
1
1
1
1
1
1
1
1
1
1.00002
1
1
1
1
1
1
1
1
1
1
1
1
0.99999
1
1
1
1
1
1
1
1
1
1
1
1
1
1
1
1
1
0.999998
1
1
1
1
1
1
0.999968
1
1
1
1
1
1
1
1
1
1
1
1
0.999985
1
1
1
1
1
1
1
1
1
1
1
1
1
1
1
1
1
1
1
1
0.999984
1
1
1
0.999993
1
1
1
1.00001
1
1
1
1
1
1
1
1
1
1
1
1
1
1
1
1
1.00014
1
1
1.0002
1
1
1
0.995721
1
1
1
1
1
1
1
1
1
1
1
1
1
1
1
1
1
1
1
1
1
1
1
1
1
1
1
1
1
1
1
1
1
1
1
1
1
1
1
1
1
1
1
1
1
1
1.00001
1
0.999471
1
1
1
1
1
1.00028
1
1
1
1
1
1
1
1
1
1
1
1
1
1
1
1
1
1
1
1
1
1
1
1
1
1
0.999908
1
1
1
1
1
1
1
1
1
1
1
1
1
1
1
1
1
1
1
0.998135
1
1
1
1.00087
1
1
1
1
1
1
1
1
1
1
1
1.00104
1
1
1
1
1
1
1
1
1
1
1
1
1
1
1
0.999976
1
1
1
1
1
1
0.999998
1
1
0.999996
0.999775
1
1
1
1
1
1
1
1
1
0.99844
1
1
1
1
0.999994
1
1.00052
0.999989
1
1
1
1
1
1
1
1
1
1
1
1
1
0.99998
1
1
1
1
1
1
1
1.00112
1
1
1
1
1
1
1
1
0.999808
1.00008
1
0.999221
1
1
1
1.00006
1
1
1
1
1
1
1
0.999999
1.00043
1
1
1
1
0.999995
1
0.999055
1
1
1
1
1
1
1
1
1
1
1
1
1
1
1
1
1
1
1
1
1
1
1
1
1
1
1
1
1
1.00058
1
1
1
1
1
1
1
1
1
1
0.999973
1
1
1
1
1
1
1
1
1
1
1.00022
1
1
1
1
0.997739
0.999991
1
1
1
1
1
1
1
1
0.999982
1
1
1
1
1
1
1
1
1
1
1
1.00025
1
1
1
1
1
1
1
1
1
0.995968
1
1
1
1
1
1
1
1
1
1
1
1
1
0.997405
1
1
1
1
0.999995
1
1
1
1
1
1
1
1
1
1
1
1
0.999168
1
1
0.999979
1
1
1
1
1
0.999853
0.999999
1
1
1
1
1
0.999991
1
1
1
1
0.99994
1
1
1
1
1
1
1
1
0.999995
1
1
1
1
1
1
1
1
1
1
0.999979
1
1
1
1
1
1
1
1
1
1
1
1
1
1
1
1
1
1
1
1
1
1
1
1
1
0.999999
1
1
1
1
1
1
1
1
1
1
1
1
1
1
1
1
1
1
1
1
1
1
1
0.999997
1
1
1
1
1
1
1
1
1
1
1
1
1
1
1
1
1
1
1
1
1
1
1
1
1
1
1
1
1
1
1
1
1
1.00001
1
1
1
1
0.999996
1
1
1
1
1
1
1
1
1
1
1
1
1
1
1
1
1
1
1
1
1
1
1
1
1
1
1
1
1
1
1
1
1
1
1
1
1
1
1
1
1
1
1
1
1
1
1
1
1
1
1
1
1
1
1
1
1
1
1
1
0.999996
1
1
1
1
0.999965
1
1
1
1
1
1
1
1
1
1
1
1
1
1
1
1
1
1
1
1
1
1
1
1
1
1
1
1
1
1
1
0.999971
1
1
1
1
1
1.00001
1
1
1
1
1
1
1
1
0.999922
1
1
1
1
1
1
1
1
1
1
1
1
1
1
1
1
1
1
1
1
1
1
1
1
1
1
1
1
1
1
1
1
1
1
1
1
1
1
1
1
1
1
1
1
1
1
1
1
1
1
1
1
1
1
0.999997
1
1
1
1
1
1
1
1
1
1
1
1
1
1
1
1
1
1
1
1
1
1
1
1
1.00001
1
1
1
1
1
1
1
1
1
0.998536
1
1
1
1
1
1
1
1
1
0.999017
1
1
1
1
0.995764
1.00039
1
1
1
1
1
1
1
1
1
1
1
1
1
1
1
1
1
1
1
1
1
1
1
1
0.99998
1
1
1
1
1
1
1
1
1
1
1
0.999995
1
1
1
1
1
1
1
1
1
1
1
1
1
1
1
1
1
1
1
1
1
0.995396
1
1
1
1
1
1
1
1
1
1
1
1
1
1
1
1
1
1
1
1
1
1
0.999437
1
1
1
1
1
0.999497
1
1
1
1
1.00075
1
1
1
1
1
0.999998
1
1
1
1
1
1
1
0.997285
1
1
1
1
1
1
1
1
1
1
1
1
1
1
1
1
1
1
1
1
1
1
1
1
1
1
1
1
1
1
1
1
1
1
0.999999
1
1
1
1
1
1
1
1
1
1
1
1
1
1
1.00001
1
1
1
1
1
1
1
1
1
1
1
1
1
1
1
1
1
1
1
1
1
0.999694
1
1.00001
0.999999
1
1.00036
1
1
1
1
1
1
1
1
1
1
1
1
1
1
1
1
0.999995
1
0.999994
1
1
1
1
0.999996
1
1
1
1
1.00034
1
1
1
1
1
1
1
1
0.996112
1
1
1
0.999983
1
1
1
1
1
1
1
1
1
1
1
0.999999
1
1
1
1
1
1
1
1
1
1
1
1
0.999993
1
1
1
1
1
1
1
1
1
1
1
1
1
1
1
1
1
1
1
1
1
1
1
1
1
1
1
1
1
1
1
1
1
1
1
1
1
1
0.999989
1
0.996716
1
1
1
1
1
1
1
1
1
1
1
1
1
1
1
1
1
1
1
1
1
1
1
1
1
1
1
1
1
1
1
1
1
1
1
1
1
1
1
1
1
1
1
1
1
0.999999
0.999451
1
1
1
1
1
1
1
0.999997
1
1
1
1
1
1
1
1
1
1
1
1
1
1
1
1
1
1
1
1
1
1
1
1
1
1
1
1
1
1
1
1
1
1
1
1
1
1
1
1
1
1
1
1
1
1
1
1
1
1
1
1
1
1
1
1
1
1
1
0.999997
1
1
1
1
1
1
1
1
1
1
1
1
1
1
1
1
1
1
1
1
1
1
1
1
1
1
1
1
1
1
1
1
1
1
1
1
1
1
1
1
1
1
1
1
1
1
0.999925
1
1
1
1
1
1
1
1
1
1
1
1
1
1
1
1
1
1
1
1
1
1
1
1
1
1
1
1.00004
1
1
1
1
1
1
1
1
1
1
1
1
0.999995
1
1.00151
1
1
1
1
1
1
1
1
1
1
1
1
1
1
1
1
1
1
1
1
1
0.999047
1
1
1
1
1
1
1
1
1
0.999989
1
1
1
1
1
1
1
1
1
1
1
1
1
1
1
1
1
1
1
1
1
1.00001
1
1
1
1
1
1
1
1
1
1
1
1
1
1
1
1
1
1
1
1
1
1
1
1
1
1
1
1
1
1
1
1
1
1
1
1
1
1
0.999995
1
1
1
0.999946
1
1
1
1
1
0.999988
0.999685
1
1
1
1
1
1
1
1
1
1
1
1
1
1
1
1
1
1
1
0.999953
1
1
1
1
1
1
1
1
1
1
1
1
1
1
1
1
1
1
1
1
1
1
1
1
1
1
1
1
1
1
1
1
1
1
1
1
1
1
1
1
1
1
1
1
1
1
1
1
1
1
1
1
1
1
1
1
1
1
1
1
1
1
1
1
1
1
1
1
1
1
0.999897
1
1
1
1
1
0.999954
1
1
1
1
1
1
1
1
1
1
1
1
1
1
1
1
1
1
1
1
1
1
1
1
1
1
1
1
1
1
1
1
0.999999
1
1
1
1
1
1
1
1
1
1
1
1
0.999994
1
1
1
1
1
1
1
1
1
1
1
1
1
1
1
1
1
1
1
1
1
1
1
1
1
1
1
1
1
0.999965
1
1
0.999985
1
1
1
1
1
1
1
1
1
1
1
1
1
1
1
1
1
1
1
1
1
1
1
1
1
1
1.00001
1
1
1
1
0.999996
1
1
1
1
0.999934
1
1
1
1
1
1
1
1
1
1
1
1
1
1
1
1
1
1
1
1
1
1
1
1
0.999971
1
1
1
1
1
1
1
1
1
1
1
1
1
1
1
1
1
1
1
1
1
1
1
1
1
1
1
1
1
1
1
1
1
1
1
1
1
1
1
1
1
1
1
1
1
1
1
1
1
1
1
1
0.999999
1
1
1
1
1
1
1
1
1
1
1
1
1
1
1
1
1
1
1
1
1
1
1
1
1
1
1
1
1
1
1
1
1
1
1
1
1
1
1
1
1
1
1
1
1
1
1
1
1
1
1
1
1
1
1
1
1
1
1
1
1
1
1
1
1
1
1
1
1
1
1
1
0.999998
1
1
1
1
1
1
1
1
1
1
1
1
1
1
1
1
1
1
1
1
1
1
1
1
1
1
0.999998
1
1
1
1
1
1
1
1
1
1
1
1
1
1
1
1
1
1
1
1
1
1
1
1
1
1
1
1
1
1
1
1
1
1
1
1
1
1
1
1
1
1
1
1
1
1
1
1
1
1
1
1
1
1
1
1
1
1
1
1
1
1
1
1
1
1
1
1
1
1
1
1
1
1
1
1
1
1
1
1
1
1
1
1
1
1
1
1
1
1
1
1
1
1
1
1
1
1
1
1
1
1
1
1
1
1
1
1
1
1
1
1
1
1
1
1
1
1
1
1
1
1
1
1
1
1
1
1
1
1
1
1
1
1
1
1
1
1
1
1
1
1
1
1
1
1
1
1
1
1
1
1
1.00006
1
1.00017
1
1
1
1
1
1
1
1
1
1
1
1
1
1
1
1
1
1
1
1
0.999338
1
1
1
1.00001
1
1
1
1
1
0.999994
1
1
1
1
1
1
1
1
1
1
1
1.00001
1
1
1
1
1
1
0.999998
1
1
1
1
1
1
1
1
1
1
1
1
1
0.993099
1
1
1
1
1
1
1
0.999426
1
1
1
1.00059
1
1
0.999981
1
1
1
1
1
1
1
1
1
1
1
1
1
1
1
1
1
1
1
0.998642
1
1
1
1
0.999999
1
1
1
1
1
1
1
1
1
1
1
1
1
1
1
1
1
1
1
1
1
1
1
1
0.998098
1
1
1
1
1
1
1
0.999998
1
1
0.956855
1
0.997412
1
1
1
1
1
1
1
1
1
0.998118
1
1
1
1
1
1
1
1
1
1
1
1
0.998519
1
1
1
1
1
1
1
1
1
1
1
1
0.99992
1
1
1
1
1
1
1
1
1
1
1
1
1
1
1
1
1
0.999493
1
1
1
1
1
1
1
1
0.999998
1
1
1
1
1
1
1
1
0.999513
1
1
0.999769
0.999463
1
1
0.999999
1
1
0.999999
1
1
1
0.999998
1
1
1
1
1
1
1
1
0.999855
0.999999
1
1
1
1
1
0.999998
1
1
1
1
1
1
1
1
1
0.999887
1
1
1
1
1
0.996204
1
1
1
1.00017
1
1
1
1
1.00003
1
1
1
1
0.999875
1
1
1
0.999998
1
1
1
1
1
1
1.00003
1
1
1
0.999999
0.999998
1
1
1
1
1
0.999892
1
1
1.00001
1.00002
1
1
1
1
0.99953
1
1.00002
1
1
1
0.999983
1.00001
0.999999
1
1.00018
1.00001
1
1
1
0.999987
1
0.999952
1
0.999902
1.00003
1
1
1
1
1
1
0.999996
1
1
1
1
0.999924
1.00016
0.999994
0.999891
1
1.00015
0.999913
0.999967
1
0.999899
1
1
0.999957
0.999995
0.999994
1.0001
1.00021
1
1.00008
0.999996
1
1
0.999998
1
1
0.999983
0.999835
1
1
1.0001
1
1
1
1
1.00035
1
1
1.00021
0.999997
1
1
1
1
1.00005
0.999988
1
1
0.999812
1
1.00013
1
1
0.999998
1
1
1.00073
1
1
1
1
1
1
1
1
1
1
1
1
0.999706
1
1
1
0.999997
1
1
1
1
1
1
1
1
1
1
1
1
1
1
1
1
1
0.999999
1
1
1
1
1
1
1
1
1
1
1
1
1
1
1
1
1
1
0.99985
1
1
1
1
1
1
1
1
1
1
1
1
1
1
0.999999
1
1
1
1
1
1
1
1
1
1
1
1
1
0.999999
1
1
1
1
1
1
1
1
1
1
1
1
1
1
1
1
1
1
1
1
1
1
1
1
1
1
1
1
1
0.998366
1
1
1
1
1
1
1
0.999999
1
1
1
0.999998
1
1
1
1
1
1
1
1
1
1
1
1
1
1
1
1
1
1
1
1
1
1
1
1
1
1
1
1
1
1
1
1
1
1
1
1
1
1
1
1
1
1
1
1
1
1
1
1
1
1
1
1
1
1
1
1
1
1
1
1
1
1
1
1
1
1
1
1
1
1
1
1
1
1
1
1
1
1
1
1
1
1
1
1
1
1
1
1
1
1
1
1
1
1
1.0008
1
1
1
1
1
1
0.999992
1
1
1
1
1
1
1
1
1
1
1
1
1
1
1
1
1
1
1
1
1
1
1
1
1
1
1
1
1
1
1
1
1
1.0001
1
1
1
1
1
0.999082
1
1
1
1
1
1
1
1
0.999577
1
1
1
1
1
1
1
1
1
1
1
1
1
0.996322
1
1
1
0.999985
1
1
1
1
1
1
1
1
1
1
1
1
1
1
1
1
1
1
1
1
1
1
1
1
1
1
1
1
1
1
0.9999
1
1
1
1
1
1
1
1
1
1
1
1
1
1
1
1
1
1
1
1
1
1
1
1
1
1
1
1
1
1
1
1
1
1
1
1
1
1
1
1
1
1
1
1
1
1
1
1
1
1
1
1
1
1
1
1
1
1
1
1
1
1
1
1
1
1
1
1
1.00007
1
1
1
1
1
1
1
1
1
1
0.999602
1
1
1
1
1
1
1
1
1
1
0.995593
1
1
1
1
1
1
1
1
1
1.00001
1
1
1.00002
1
1
1
1
1
1.00002
1
1
0.992945
1
1
1
1
1
1
1
1
1
1
1
1
1
1
1
1
1
1
1
1
1
1
1
1
1
1
1
1
1
1
1
1
1
1
1
1
1
1
1
1
1
1
1
1
1
1
1
1
1
1
1
1
1
1
1
1
1
1
1
1
1
1
1
1
1
1
1
1
1
1
1
1
0.999972
1
1
1
1
1
1
1
1
1
1
1
1
1
1
1
1
1
1
1
1
1
1
1
1
1
1
1
1
1
1
1
1
1
1
1
1
1
0.998841
1
1
1
0.999184
1
1
1
1
1
1
1
1
1
1
1
1
1
1
1
1
1
1
1
0.999999
1
1
1
0.999999
1
1
1
1
1
1
1
1
1
1
1
1
1
1
1
1
1
1
1
1
1
1
1
1
1
1
1
1
1
1
1
1
1
1
1
1
1
1.00001
1
1
1
1
1
1
1
1
1
1
1
1
1
1
1
1
1
1
1
1
1
1
1
1
1
1
1
1
1
1
1
1
1
1
1
1
1
1
1
1
1
1
1
1
1
1
1
1
1
1
1
1
1
1
1
1
1
1
1
1
1
1
1
1
1
1
1
1
1
1
1
1
1
1
1
1
1
1
1
1
1
1
1
1
1
1
1.00007
1
0.999974
1
1
1
1.00002
1
1
1
1
1
1
1
1
1
1
1
0.999998
1
1
1
1
1
1
1
1
1
1
1
1
1
1
1
1
1
1
1.00002
1
1
0.998915
1
1
1
1
1
1
1
0.996434
1
1
1
1
1
1
1
1
1
1
1
1
1
1
0.999999
1
1
1
1
1
1
1
1
1
1
1
1
1.00001
1
1
1
1.00005
1
1
1
1
0.999513
1
1
1
1
1
1
1
1
1
1
1
1
1
1
1
1
1
1
1
1
1
1
1
1
1
1
1
1
1
1
1
1
1
1
1
1
1
1
1.00002
1
0.999993
1
1
1
1
1
1
1
1
1
1
1
1
1
1
1
1
1
1
1
1
1
1
1
1
1
1
1
1
1
1
1
1
1
1
1
1
1
1
1
1
1
1
1
0.999946
1
1
1
1
1
1
1
1
0.999995
1
1
1
1
1
1
1
1
1
1
1
1
1
1
1
1
1
1
1
1
1
1
1
1
1
1
1
1
1
1
1
1
1
1
1
1
1
1
1
1
1
1
1
1
1
1
1
1
1
1
1
1
1
1
1
1
1
1
1
0.999658
1
1
1
1
1
1
1
1
1
1
1
1
1
1
1
1
1
1
1
1
1
1
1
1
1
1
1
1
1
1
1
0.99888
1
1
1
1
1
1
1
1
1
1
1
1
1
1
1
1
1
1
1
1
1
1
1
1
1
1
1
1
1
1
1
1
1
1
1
1
1
1
1
1
1
1
1
1
1
1
1
1
1
1
1
1
1
1
1
1
1
1
1
1
1
0.999984
1
1
1
1
1
1
1
1
1
1
1
1
1
1
1
1
1
1
1
1
1
1
1
1
1
1
1
1
1
1
1
1
1
1
1
1
1
1
1
1
1
1
1
1
1
1
1
1
1
1
1
1
1
1
1
1
1
1
1
1
1
1
1
1
1
1
1
1
1
1
1
1
1
0.999998
1
1
1
1
1
1
1
1
1
1
1
1
1
1
1
1
1
1
1
1
1
1
1
1
1
1
1
1
1
0.999985
1
1
1
1
1
1
1.00044
1
1
1
1
1
1
1
1
1
1
0.999806
1
1
1
1
1
1
1
1
1
1
1
1
1
1
1.00052
1
1
1
1
1
1
1
1
1
1
1
0.999999
1
1
1
1
1
1
1
1
1
1
1
1
1
0.9995
1
1
1
1
1
1
1
1
1
1
1
1
1
1
1
1
1
1
1
1
1
1
0.999999
1
1
1
1
1
1
1
1
1
1
1
1
1
1
1
1
1
1
1
1
1
1
0.999036
1
1
1
1
1
1
1
1
1
1
1
1
1
1
1
1
0.997857
1
1
1
1
1
1
1
0.998144
1
1
1
1
1
1
1
1
1
1
1
1
1
1
1
1
1
1
1
1
1
1
1
1
0.998587
1
1
1
0.999998
1
1
1
1
1
1
1
1
0.999333
1
1
1
1
1
1
1
1
1
1
1
1
1
1
1
1
0.999773
1
1
1
1
1
1
1
1
1
1
1
1
1
1
1
1
1
1
1
1
1
0.999326
1
1
1
1
1
1
1
0.999997
1
0.999999
0.999999
0.999987
1
0.998921
1
1
1
0.999999
0.999998
1
1
1
1
1
1
1
1
1
0.998231
1
1
1
1
1
1
1
1
1
1
0.999998
1
1
1
1
1
1
1
1
1
1
1
1
1
1
1
1
0.999999
1
1
1
1
1
1
1
1
1
1
1
1
1
1
1
1
1
1
1
1
1
1
1
1
1
1
1
1
1
1
1
1
1
1
1
1
1
1
1
1
1
1
1
1
1
1
1
1
1
1
1
1
1
1
1
1
1
1
1
1
1
1
0.999994
1
1
1
1
1
1
1
1
1
1
1
1
1
1
0.9988
1
1
1
1
1
1
1
1
1
1
1
1.00002
1
1
1
1
1
1
1
1
1
1
1
1
1
1
1
1
1
1
1
1
1
1
1
1
0.999976
0.999994
0.999997
1
1
1
1
1
1
1
1
1
1
0.999925
1
1
1
1
1
1
1
1
1
1
1
1
1
1
1
0.999883
1
1
1
1
1
1
1
1
1
1
1
1
1
1
1
1
0.999907
1
1
1
1
1
1
1
1
0.999949
1
1
1.00005
1.00002
1
0.999881
1
0.999955
1
0.999993
1
1
1
1
1
0.999975
1
1
1
1
1
1
1
1
1
1
1
1
1
1
1
1
1
1
1
1
1
0.999921
1
1
1
0.999903
1
1
1
1
1.00029
1
1.00022
1
1
1
1
1
0.999911
0.999891
1
1
1
1
1
1
1
1
1
1
1
1
1
1
1.0002
1
1
1
1
1
1
1
1
1
1
1
1
1
1
1
1
1
1
1
1
1
1
1
1
1
1
1
1
1
1
1
0.999948
1
1
1
1
1
1
1
0.999793
1
1
0.999998
1
1
1
1
1
1
1
1
1
1
1
1
1
1
0.999999
0.999999
1
1
1
1.00032
1
1.00012
0.999999
1
1
1
1
1
1
1
1
1.00015
1
1
0.99972
1
1
1
1
1
0.999997
1
1
1
1
1
0.999999
1
1
1
1
1
1.00069
1
1
0.999995
1
1
1
1
1.0001
1
1
1
1
1
1
1
1
1
1
1
1
1
1
1
1
1
1
1
1
1
1
0.99998
1
1
1
1
1
1
1
1
1.00006
1
1
1
1
1.00002
1
1
1
1
1
1
1.00002
1
0.999956
1
1
1
1
1
0.999805
1
1
1
1
1
1
1
1
1
1
1
1
1.00001
1
1
1
1
1
1
1
1
1
1
1
1
1
1
1
1
1
1
1
1
1
1
1
1
1
1
1
1
1
1
1
1
1
1
1
1
1
1
1
1
0.999974
1.00003
1
1
1
1
1
1
1
1.00001
1
1
1
1
1
1
1
1
1
1
1
1
1.00004
1
1
1
1
1
1
1
1
1
1
1
1
1
0.999996
1
0.999979
1
1
1
1
0.999667
1
1
1
1
1
1
1
1
1
1
1
1
1
1
1
1
1
1
1.00014
1
1
1
1
1
1
1
1
1
1
1
1
1
1
1
1
1
1
1
1
1
1
1
1
1
1
1
0.999993
1
1
1
1
1
0.999952
1
1
1
1
1
1
1
1
1
1
1
1
0.999873
1
1
1
1
1
1
1
1
1
1
1.00017
1
1
1
1
1
1
1.00014
0.999921
1
1
1
1
1
1
1
1
1
1
1
1
1
1
1
1
1
1
1
1
1
1
1
1
1
1
1.00007
1
1
1
1
1
1
1
1
1
1
1
1
1
1
1
1
1
1
1
1
1
1
1
0.995217
1
1
1
0.999934
1
1
0.99998
1
1.00004
0.999262
1
1
1
1
1
1
1
1
1
1
1
1
1
1
1
1
1
1
1
1
1
1
1
1
1
1
1
1
1
1
1
1
1
1
1
1
1
1
1
0.999999
1
1
1
1
1.00003
1
1
1
1
0.994038
1
1
1.00001
1
1
1
1
1
1
1
1
1
1
0.997839
1
1
1
1
1
1
1.00006
1
1
1
1
1
1
1
1
1
1
1
1
1
1
1
1
1.00001
1
1
0.997663
1
1
1
1
1
1
1
1
1
1
1
1
1
1.00018
1
1
1
1
1
1
1
1
1
1
1
1
0.999985
1
1
1
1
1
1
1
1
1
1
1
1
1
1
1
1
1
1
1
1
1
1
1
1
1
1
1
1
1
1
1
1
1
1
1
1
1
1
1
1
1
1
1
1
1
1
1
1
1
1
1.00001
1
1
1
1
1
1
1
1
1
1
1
1
1
1
1
1
1
1
1
1
1
1
1
1.00005
1
1
1
1
1
1
1
1
1
1
1
1
1
1
1
1
1
1
1
1
1
1
1
1
1
1
1
1
1
1
1
1
1
1
1
1
1
1
1
1
1
1
1
1
1
1
1
1
1
1
1
1
0.869124
1
1
1
1
1
1
1
1
1
1
1
1
1
1
1
1
1
1
1
1
1
1
1
1
1
1
1
1
1
1
1
1
1
1
1
1
1
1
1
1
0.999999
1
1
1
1
1
1
1
1
1
1
1
1
1
1
1
1
1
1
1
1
1
1
1
1
1
1
1
1
1
0.999996
1
1
1
1
1
1
1
1
1
1
1
1
1
1
1
1
1
1
1
1
1
1
1
1
1
1
1
1
1
1
1
1
1
1
1
1
0.999589
1
1
1
1
1
1
1
1
1
1
1
1
1
1
1
1
1
1
1
1
1
1
1
1
1
1
1
1
1
1
1
1
1
1
1
1
1
1
1
1
1
1
1
1
1
1
1
1
1
1
1
1
1
1
1
1
1
1
1
1
1
1
1
1
1
1
1
1
1
1
1
1
1
1
1
1
1
1
1
1
1
1
1
1
1
1
1
1
1
1
1
1
0.999999
1
0.997592
1
1
1
1
1
1
1
1
1
1
1
1
1
1
1
1
1
1
1
1
1
1
1
1
1
1
1
1
1
1
1
1
1
1
1
1
1
1
1
1
1
1
1
1
1
1
1
1
1
1
1
1
1
1
1
1
1
1
1
1
1
1
1
1
1
1
1
1
1
1
1
1
1
1
1
1
1
1
1
1
1
1
1
1
1
1
1
1
1
1
1
0.99245
1
1
1
1
1
1
1
1
1
1
1
0.999991
1
1
1
1
1
1
1
1
1
1
1
1
1
1
1
1
1
1
1
1
1
1
1
1
1
1
1
1
1
1
1
1
1
1
1
1
1
1
1.00002
1
1
1
1
1
1
1
1
1
1
1
1
1
1
1
1
1
1
1
1
1
1
1
1
1
1
1
1
1
1
1
1
1
1
1
1
1
1
1
1
1
1
1
1
1
1
1
1
1
1
1
1
1
1
1
1
1
1
1
1
1
1
1
1
1
1
0.992706
1
1
1
1
1
1
1
1
1
1
1
1
1
1
1
1
1
1
1
1
1
1
1
1
1
1
1
1
1
1
1
1
1.00008
1
1
1
1
1
1
1
1
1
1
0.999996
1
1
1
1
1
1
1
1
1
1
1
1
1
1
1
1
1
1
1
1
1
1
1
1
1
1
1
1
1
1
1
1
1
1
1
1
1
1
1
1
1
1
1
1
1
1
1
1
1.00016
1
1
1
1
1
1
0.996353
1
1
1
1
1
1
1
1
1
1
1
1
1
1
1
1
1
1
1
1
1
1
0.997013
1
1
1
1
1
1
1
1
1
1
1
1
1
1
1
0.999482
1
1
1
1
1
1
1
1
1
1
1
1
1
1
1
1
1
0.999177
1
1
1
1
1
1
1
1
1
1
1
1
1
1
1
1
1
1
1
1
1
0.999993
1
1
1
1
0.999989
1
1
1
1
1
1
1
1
1
1
1
1
1
1
1
1
1
1
1
1
1
1
1
1
1
1
1
1
1
0.999953
1
1
1
1
1
1
1
1
1
1
0.995085
1
1
1
1
1
1
1
1
1
1
1
1
1
1.00181
1
1
1
1
1
1
1
1
1
1
1
1
1
1
1
1
1
1
1
1
1
1
1
1
1
1
1
0.998025
1
1
1
1
1
1
1
1
1
1
1
1
1
1
0.998653
1
1
1
1
1
1
1
1
1
1
1
1
0.999958
1
1
1
0.999251
1
1
1
0.999998
1
1
1
1
1
1.00006
1
1
1
1
1
1
1
1
1
0.999999
1
1
1
1
1
1
1
1
1
1
1
1
1
1
1
1
1
1
1
1
1
1
1
1
1
1
1
1
1
1
1
1
1
1
1
1
1
1
1
1
1
1
1
1
1
1
1
1
1
1
1
1
1
1
1
1
1
1
1
1.00001
1
1
1
1
1
1
1
0.999999
1
1
1
1
1
1
1
1
1
1
1
1
1
1
1
1
1
1
1
1
1
1
1
1
1
1
1
1
1
1
1
1
1
1
1
1
1
1
1
1
1
1
1
1
1
1
1
1
1
1
1
1
1
1
1
1
1
1
1
1
1
1
1
1
1
1
1
1
1
1
1
1
1
1
1
1
1
1
1
1
1
1
1
1
1
1
1
1
1
1
1
1
1
1
1
1
0.999872
1
0.999892
1
1
1
1
1
1
1
1
1
1
1
1
1
1
1
1
1
1
1
1
1
1
1
1
1
1
1
1
1
1
1
1
1
1
1
1
1
1
1
1
1
1
1
1
1
1
1
1
1
1
1
1.00059
1
1
1
1
1
1
1
1
1
1
1
1
1
1
1
1
1
1
1
1
0.997381
1
1
1
1
1
1
1
1
1
1
1
1
1
1
1
0.999996
1
1
1
1
1
1
1
1
1
1
1
1
1
1
1
1
1
1
1
1
1
1
1.00071
1
1
1
1
1.00007
1
1
1
1
1
1
1
1
1
1
1
1
1
1
1
1
1
1
1.00001
1
0.993618
1
1
1
1
1
1
1
1
1
1
1.0003
1
1
1
1
1
1
1
1
1
1
1
1
1
1
1
1
1
1
1
1.00003
1
1
1
1
1
1
1
1
1
1.00009
1
1
1
1
1
1
1
1
1
1
1
1
1
1
1
1
1
1
1
1
0.999759
1
1
1
1
1
1
1
1
1.00008
1
1
1
1
0.999996
1
1
1
1
1
1
1
1
1
1
1
1
1
0.999404
1
1
1
1.00004
1
0.99666
1
1
1
1
1
1
1
1
1
1
1
1
1
1
1
1
1
1
1
1
1
1
1
1
1
1
1
1
1
1
1
1
1
1
1
1
1.00004
1
1
1
1
1
1
1
1
1
1
1
1
1
1
1
1
1
1
1
1
1
1
1
1
1
1
1
1
1
1
1
1
1.00001
1
1
1
1
1
1
1
0.996204
1
1
1
1
1
1
1
1
1
1
1
1
1
1
1
1
1
1
0.999992
1
1
1
1
1
1
1
1
1
1
1
1
1
1
1
1.00001
1
1
1
1
1
1
1
1
1
1
1
1
1
1
1
1
1
1
1
1
1
1
1
1
1
1
1
1
1
1
1
1
1
1
1
1
1
1
1
1
1
1
1
1
1
1
1
1
1
1
1
1
1
1
1
1
1
1
1
1
1
1
1
1
1
1
1
1
1
1
1
1
1
1
1
1
1
1
1
1
1
1
1
1
1
1
1
1
1
1
1
1
1.00002
1
1
1
1
1
1
1
1
1
0.999974
1
1
1
1
1
1
1
1
1
1
1
1
0.942038
1
1
0.999971
1.00003
1
1
1
1
1
1
1
1
1
1
1
1
1
1
1
1
1
1.00002
0.999884
1
1
1
1
1
1
1
1
1.00018
1
1
1
1
1
1
1
1
1
1
1
1
1
1
1
1
1
1
0.998874
1
1
1
1
1
1
1
1
1
1
1
1
1
1
1
1.00017
1
1
1
1
1
1
1
1
1
1
1
1
1
1
1
1
1
1
1.00007
1
1
1
1
1
1
1
1
0.999997
1
1
1
1
1
1
1
1
1
1
1
1
1
1
1
1
1
1
1
1
1
1
1
1.0001
1
1
1
1
1
1
1
1
1
1
1
1
1
1
1
1
1
1
1
1
1
1
1
1
1
1
1
1
1
1
1
1
1
1
1
1
1
1
1
1
1
1
1.00005
1
1
1
1.00012
1
1
1
1
1
1
1
1
0.999994
1
1
1
1
0.999842
1
1
1.00003
1
1
1
1
1
1
1
0.999906
1
1
1
1
1
1
1
1
1
1
1
1.00004
1
1
1
1
1
1
1
1
1.00004
1
1
0.99992
1
1
1
1
0.999989
1.00053
1
1
1
1
1
1
1
1
1
1
1
1
1
1
1
1
1
1
1
1
1
1
1
1
1
1
1
1
0.999985
1
1
0.999999
1
1
1
1
1
1
1
1
1
1
1
1
1
1
0.999984
1
1
1
1
1
1
0.999912
1
1
1
1
1
1
1
1
1
1
1
1
1
1
1
1
1
1
1
1
1
1
1
1
1
1.00045
1
1
1
0.999995
1
1
1
1
1
1
1
1
1
1
1
1
1
1
1
0.998575
1
1
1
0.999999
1
1
1
1
1
1
1
1
1
1
1
1
1
1
1
1
1
1
1
1
1
1
1
1
1.0001
1
1
1
1
1
1
1
1
1
1
1
1
1
1
1
1
1
1
1
1
1
1
1
1
1
1
1
1
1
1
1
1
1
1
1
1
1
0.999996
1
1
1
1
1
1
1
1
1
1
1
0.999983
1
1
1
1
0.998512
0.999988
1
1
1
1
1
1
1
1
1
1
1
1
1
1
0.999832
1
0.999969
1
1
1
1
1
1
1
1
1
1
1
1
1
1
1
1
1
1
1
1
1
1
0.999068
0.998366
1
1
1
1.00001
0.999899
1
1
1
1
1
0.999984
1
1
1
1.00002
1
1
1
1
1
1
1
1
1
1
1
1
1
1
0.99591
1
1
1
1
1
1
1
1
1
1
1
1
1
1
1
1
1
1
1
1
1
1
1
1
1
1
1
1
1
1
1
1
1
1
1
1
1
1
1
1
1
1
1
1
1
1.00006
1
0.999963
1
1
1
1
1
1
1
1
1
1
1
1
1
1
1
1
1
1
1
1
1
1
1
1.00001
1
1
1
1
1
1
1
1
1.00035
1
1
1
1
1
1
1
1
1
1
1
1
1
0.999995
1
1
1
1
1
1
1
1
1
1
1
1
1
1
1
0.999989
1.00001
1
1
1
1
1
1
1
1
1
1
1
1
1.00339
1
1
1
1
1
1
1
1
1
1
1
1.00004
0.999982
1
1
1
1
1
1
1
1
1
1.00001
1
1
1
1
1
1
1
1
1
1
1
1
1
1
1
1
1
1
1
1
1
1
0.997287
1
1
1
1
1
1
1
1
1.00007
1
1
1
1
1
1
1
1
1
1
1
1
1
1
1
1
1
1
1
1
1
1
0.999999
1
1.00009
1
1
1
1
1
1
1
1
1
1
1
1
1
1
1
1
1
1
1
1
1
1
1
1
1
1
1
1
1
1
1
1
1
1
1
1
1
1
1
1
1
1
1
0.99998
1
1
1
1
1
1
1
1
1.00001
1
1
0.999996
1.00001
1
1
1
1
1
1
1
1
1
1
1
1
1
1
1
1
1
1
0.999993
1
0.994701
1
1
1
1
1
1
1
1
1
1
1
1
1
1
1
1
1
1
1
1
1
1
1
1
1
1
1
1
1
1
1
1
1
1
1
1
1
1
1
1
1
1
1
1
0.999998
1
1
1
1
1
1
1
1
1
1
1
1
1
0.998544
1
1
1
1
1
1
1
0.997954
1
1
1
1
1
1
1
1
1
1
1
1
0.999274
1
1
1
1
1
1
1
1
1
1
1
1
1
0.999531
1
1
1
1
1
1
1
1
1
1
1
1
1
1
1
1
1
1
0.999999
1
1
1
1
0.999998
1
1
1
1
1
1
0.999859
1
1
1
1
1
1
1
1
1
0.999935
1.00007
1
1
1
1
1
0.999999
1
1
1
1
1
1
1
1
1
1
1
1
1
1
1
1
1
1
1
1
1.00002
1
1.00018
1
1
1
1.00002
1
1
1
1
1
1
1
1
1
1
1
1
1
1
1
1
1
1
1
1
1
1.00001
1
1
1
1
1
1
1
1
1.00019
1
1
1
1
1
1
1
1
0.995375
1
1
1
1
1
1
1
1.0001
1
1
1
1
1
1
1
1
0.999913
1
1
1
1
1
1
1
1
1
0.99904
1
1
1
1
1.00015
1
1
1
1
1
1
1
1
1
0.99998
1
1
1
1
1
1
0.999974
1
1
1
1
1
1
1
1
1
1
1
1
1
1
1
1.00001
0.999594
1
1
1
1
1
1
1
1
1
1
1
0.999617
1
1.00003
1
1
1
1
1
1
1
1
1
1
1
1
1
1
1
1
1
1
1
1
1
1
1
1
1
1
1
1
1
1.00068
1
1
1
1
1
1
1
1
1
1
1
1.00002
1
0.999953
1
1
1
1
1
1
1
1
1
1
1
1
1
1
1
1
1
1
1
1
0.996485
1
1
1
1
1
1
1
1
1
1
1
1
1
1
1
1
1
1
1
1
1
1
1
1
1
1
1
1
1
1
1
1
0.994765
0.996771
0.998952
1
1
1
1
1.00001
1.00053
1
1.00001
1
1
1
1
1
1
1
1
1
1
1.00003
1
1
1
1
1
1
1
1
1
1
1
1
1
1
1
1
1
1
1
1
1
1
1
1
1
1
1
1
1
1
1
1
1
1
1
1
1
1
1
1
1
1
1
1
0.999818
1
1
1
1
1
1
1
0.999992
1
1
1
0.999994
1
1
1
1
1
1
1.00001
1
1
1
1
1
1
1
1
1
1
1.00001
1
1
1
1
1
1
1
1
1
1
1
1
1
1
1
1
1
1
1
1
1
1
1
1
1
1
0.999226
1
1
1
1
1
1
1
1
1
1
1.0001
0.998115
1
1
1
1
1
1
1
1
1
1
1
1
1
1
1
1
1
1
1
1
1
1
1
1
1
0.999997
1
1
1
1
1
1
1
1
1
1
1
1
1
0.998747
1
1
1
1
1
1
1
1
1
1
1
1
1
1
1
1
1
1
1
1
1
1
1
1
1
1
1
1
1
1
1
0.99861
1
1
1
1
1
1
1
1
1
1
1
1
1
1
1
1
1
1
1
1
1
1
1
1
1
1
1
1.00022
1
1
1
1
1
0.999614
1
1
1
1
1
1
1
1
1
1
1
1
1
1
1
1
1
1
1
0.999824
1
1
1
1
1
1
1
1
1
1
1
1
1
0.999996
1
1
1
1
1
1
1
1
1
1
1
1
1
1
1
1
1
1
1
1
1
1
1
1
1
1
1
1
1
1
1
1
1
1
1
0.999856
1
1
1
1
1
1
1
1
1
1
0.999854
1
1
1
1
1
1
0.998351
0.999993
1
1
1
1
1
1
1
0.999444
1
1
1
0.999988
1
1.00002
1
1
1
1
1
1
1
1
1
1
1
1
1
1
1
1
1
1
1.00004
1
1
1
1
1
1
1
1
1
0.999901
1
1
1
1
1
1
1
1
1
1
1
1
1
1
1
1
1
1
1
1
1
1
1
1.00235
1
1
1
1
1
1
1
1
1
1
1
1
1
1
1
1
1
1
1
1
1.00003
1.00004
0.999972
1
1.00009
1
1
1
1
1
1
0.994867
1
1
1
0.999991
1
1
1
1
1
1
1
1
1
1
1
1
1
1
1.00009
1
1
1
0.998124
1
1
1
1
1.00005
1
1
1
1
1
0.998331
1
1
1
1
1
1
1
1
1
1
1
1
1
1
1
1
1.00003
1
1
1
1
1
1
1
0.999993
1
1
1
1
1
1
1.00001
1
1
1
1
1
1
1
1
1
1
1
1
1
1
1
1
1
1
1
1
1
1
1
1
1
0.999974
1
1
1
1
1
1
1
1
0.999996
1
1
1
1
1
1
1
1
1
1
1
1
1
1
1
1
1
1
1
1
1
1
0.999943
1
1
1
1
1
1
1
1
0.998415
1
1
1
1
1
1
1
1
1
1
1
1
1
1
1
1
0.999991
1
1
1
1
1.00001
1
1
1
1
1
1
1.00001
1
1
1
1
1
1
1
1
1
1
1
1
1
1
1
1
1
1
1
1
1
1
1
1
1
1
1
1
1
1
1
1
1
1
1
1
1
1
1
1
1
1
1
1
1
1
0.9994
1.00007
1
1
1
1
1
1
1
1
1
1.00206
1
1
1
1
1
1
1
1
1
1
1
1
1
1
1
1
1
1
1
1
1
1
1
1.00004
1
1
1
1
1
1
1
1
1
1
1
1
1
1
1
1
1.00002
1
1
1
1
1
1
1
1
1
1
1
1
1.00006
1
1
1
1
1
1
1
0.999998
1
1
1
1
1
1
1
1
1
1
1
1
1
1
1
1
0.999962
1
1
1.00041
0.999993
1
1
0.999998
1
1
1
1
1
1.00002
1
1.00001
1.00005
1
1
1
1
1
1
1
1
1
1
1
1
1
1
1.00007
0.994823
1
1
1
1
1
1
1
1
1
1
1
1
1
0.998571
1
1
1
1
0.999996
1
1
1.00003
1
0.999983
1.00009
1
1
1
1
1
1
1
1
1
1
0.999924
1
1
1
1
1.00001
1
1
1
1
1
1
1
1
1
1
1
1
1
1
1
1
1
1
1
1
1
1
1
1
1
1
1
1
1
1
1
1
1
1
1
1
1
1
1
1
1
1
1
1.00006
1
1
1
1
1
1
1
1
1
0.999855
1
1
1
1
1
1
1
1
1
1
1
1
1
1
1
1
1
0.999996
1
1
0.999685
1
1
1
1
1
1
1.00003
1
1
1
0.998811
1
1
1
1
1
1
1
1
1
1
1
1
0.999878
1
1
0.999005
1
1
1
1
1
1
1
1
1
1
1
1
1
1
1
1
1
1
1
1
1
1
1
1
1
1
1
1
1
1
1
1
1
0.999947
1
1
1
1
1
1
0.999922
1
1
1.00001
1
1
1
0.999998
1
0.999602
1.00001
1
1
1
1
1
1
1
1
1
1
1
1
1
0.999949
0.999867
1
1
1
1
1.0001
1
1.00007
1
1
1
1
1
1
1
1
1
1
0.999494
1
1
1
1
1
1
1
1
1
1
1
1
1
1
1
1
1
1
1
1
0.999998
1
1
1
1
1
1
1
1
1
0.99994
1
1
0.999996
1
0.994632
1
1
1
1
1
1
1
1.00001
1
1
1
1
1
1
1
1
1
0.999991
1
1
1
1
1
1
1
1
1
1
1
1
1
1
1
1
1
1
1
1
1
1
1
1
1
0.994645
1
1
1
1
1
1
1
1
1
1
1
1
1
1
1
1
1
1
1
1
1.00013
0.999972
1
1
1
1
1
1
1
1
1
1
1
1
1
1
1
1
1.00001
1
0.999998
1
1
1
0.999988
1
0.998552
1
1
1
1
1
1
1
1
1
1
1
1
1
1
1
1
1
1
1
1
1
1
0.999988
1
1
1
1
1
1
1
1
1
1
0.994378
1
1
1
1
1
1
1
1
1
1
1.00002
1
1
1
1
1
1
1
1
1
1
0.999981
1
1
1
1
1
1
1
1
0.999999
1
1
1
1
1
1
1
1
1
1
1
1
1
1
1
1
1
1
1
1
1
1
1
1
1
1
1
0.999999
1
1
1
1
1
1
1.00001
1
1
1
1
1
1
1
1
1
1
1
1
1
1
1
1
1
1
0.999057
1
1
1
1
1
1
1
1
1
0.980713
1
1
1
1
1
1
1
1
1
1
1
0.999975
1
1
1
1
1
1
1
1
1
1
1
1
1
1
1
1.00001
1
1
1
1.00002
1
1
1.00001
1
1
0.99735
1
1
1
1
1
1
1
1
1
1
1
1
1
1
1
1
1
1
1
1
1
1
1
1.00038
1
1
1
1
1
1
1
1
1.00006
1
1
1
1
1
1
1
1
1
1
1
1
1
1
1
1
1
1
1
1
1
1
1
1
1
1
1
1
1
0.999888
1
1
1
1
0.999958
1
1
1.00002
1
0.999998
1
1
1
1
1
1
1
1
1
0.994569
1
1
1
1
1
1
1
1
1
1
1
1
1
1
1.00006
1
1
1
0.99941
1
1
1
1
0.999999
1
0.99784
1
1
1
1
1
1
1
1
1
0.999997
1
1
1
1
1
0.996355
1
1
1
1
1
1
1
1
1
0.999982
1
1
1
1
1
1
1
1
1.00145
1
0.999887
1
1
1
1
1
1
1
1
1
1
0.998228
1
1
1
1
1
1
1
1
1
1
1
1
1
1
1
0.999999
1
1
1
1
1
1
1
1
1
1
1
1
1
1
1
1
1
1
1
1
1
1.00001
1
1
1
1
1
1
1
1
1
1
1
1
1
1
1
1
1
1
1
1
1
1
1
1
1
1
1
1
1
1
0.999901
1.00008
1
1
1
1
0.999768
1
1
1
1
1
1
1
1
1
1
1
1
1
1
1
1
1
1
1
1
1
1
1.00006
1
0.999991
1
1
1
1
1
1
1
1
1
1
1
1
0.999603
1
1
1.0001
1
1
1
1
1
1
1
1
1
1
1
1
1
1
1
1
1
1
1
1
1
1
1
1
1
0.999925
1
1
1
1
1
1
1
1
1
1
1
0.999985
1
1
1
1
1
1
1
1
1
1
1
1
1
1
1
0.999983
1
1
1
1
1
1
1
1
1
1
1
1
1
1
1
1
1
1
1
1
1
1
1
1
1
1
0.999991
1
1
1
1
1
1
1
1
1
1
1
1
0.999992
1
1
1
1
1
1
0.99997
1
1
1
1
1
1
1
1
1
1
1
1
1
1
1
1
0.999991
1
1
1.00009
1
1
1
1
1
1
0.999999
1
1
1
1
1
1
1
1
1
1
1
1
1
1
1
1
1
1
1.00016
0.999781
1
1
1
1
1.00004
1
1
1
1
1.00001
1
1
1
1
1
1
0.999932
1
1
1
1
0.999979
1
1
1
1.00024
1
1
0.997714
1
1
1
1
1
1
0.999513
1
1
1
1
1
0.999998
1
1
0.999686
1
1
1
1
1
1
1
1
1
1
1
1
1
1
1
1
1
1
1
1
1
1
1
1
1
1
1
0.998694
1
1
1
1
1
1
1
1
1
1
1
1
1
1
1
1
1
0.999945
1
1
1
1
1
1
1
1
1
1
1
1
1
1
1
1
1
1
1
1
1
1
1
0.998687
1
1
1
1.00007
1
1
1
1
1
1
1
1
1
1
1.00007
1
1.00107
1
1
1.00012
1
1.00003
1
1
1
1
1
1
1
1
1
1
1
1
1
1
1
1
1
1
1
1
1
1
1.00014
1
1
0.999973
1
1
1
1
1
1
1
1
0.999983
1
1
1
1
1
1
1
1.00007
1
1
1
1
1.00002
1
1
1
1
1
1
1
1
1.00002
1
0.999836
1
0.999678
1
1.00001
1
1
1
1
1
1
1
1
1
1
1
1
1
1
1
1
1
1
1
1
1
1
1
1
1
1
1
1
1
1
1
1
1
1
1
1
1
0.996823
1
1
1
1
1
1
1
1
0.999992
1
1
1
1
1
1
1
1
1
1
1
1
1
1
1
1
1
1
1
1
1
0.999977
1
1
1
1
1
1
1
1
1
1
1
1
1
0.998632
1
1
1
1.00059
1
1
1
1
1
1
1
1
1
1
1
1
0.989894
1
1
0.999333
1
1
1
1
1
1
1
1
1
1
1
1
1
1
1
1
1
1
1
1
1
1
1
1
1
1
1
1
1
1
1
1
1
1
1
1
1
1
1
1
1
1
1
1
1
1
1
1
1
1
1
1
0.991588
1
1
1
1
1
1
1
1
1
1
1
1
1
1
1
1
1
1
1
1
1
1
1
1
1
1
1
1
1
1
1
1
1
1
1
1
1
1
1
1
1
1
1
1
1
1
1
1
1
1
1
1
1
1
1
1
1
1
1
1
1
1
1
1
1
1
1
1
1
1
1
1
1
1
1
1
1
0.999223
1
1
1
1
1
1
0.999568
1
1
1
1
1
1
1
1
1
1
1
1
1
1
1
1
1
1
1
1
1
0.999994
1
1
1
1
1
1
1
1
1
1
1
1
1
1
1
1
1
1
1
1
1
1
1
1
1
1
1
1
1
1
1
1
1
1
1
1
1
1
1
1
1
1
1
1.00008
1
1
0.99947
1
1
1
1
1
1
1
1
1
1
1
1
1
1
1
1
1
1
1
1
1
1
1
1
1
1
1
1
1
1
1
1
1
1
0.999972
1
1
1
1
1
1
1.00002
1
1
1
1
1
1
1
1
1.00079
1
1
1
1
1
0.999979
1
1
1
1
1
1
1
1
1
1
0.999995
1
1
1
1
1
0.999998
1
1
1
0.998775
1
1
1
1
1
1
1
1
1
1
1
1
1
1
1
1
1
1
1
1
1
1
1
1
1
1
1
1
1
1
1
1
1
1
1
1.00001
1
1
1
0.999893
1
1
1
0.999999
1
1
1
1
1
1
1
1
1
1
1
1
1
1
1
1
1
1
1
1
1
1
1
1
1
1
1
1
1
1
1
1
1.00004
1
1
1
1
1
1
1
1
1
1
1
1
1
0.98719
1
1
1
1
1
1
1
1
1
1
1
1
1
1
1.00001
1
1
1
1
1
1
1
1
1
1
1
1
1
0.996125
1
1
1
1
1
1
1
1
1
1
1
1
1
1
1
1
1
1
1
1
1
1
1
1
1
1
1
1
1
1
1
1.00009
1
1
1
1
0.999998
1
1
1
0.998156
1
1
1
1
1
1
1
1
1
1
1
1
1
1
1
1
0.999998
1
1
1
1
1
1
1
1
1
1.00002
1.00002
1
1
1
1
1
1
1
1
1
1
1
1
1
1
1
1
1
1
1
1
1
1
1
1
1
1
1
1
1
0.999211
1
1
1
1
1
0.999999
1
1
1
1
1
1
1
1
1
1
1
1
1.00011
1
1
1
1
1.00004
1
1
0.999996
1
1
1
1
1
1
1
1
1
1
1
1
1
1
1
1
1
1
1
1
1
0.999997
1.00039
1
1
1
1
1
1
1
1
1
1
1.00001
1
1
1
0.999994
1
1
1
0.999949
1.00007
1
1
1
1
1
1
1
1
1
1
1
0.999994
1
1
1
1
1
1
1
1
1
1
1
1
1
1
1
1
1
1
0.997332
1
1
1
1
1
1
1
1
1
1
1
1
1
1
1
1
1
1
1
1
1
1
1
1
1
1
1
1
1
1
1
1
1
1
1
1
1
1
1
1
1
1
0.99993
1
1
1
1
1
1
1
1
1
1
1
1
1
1
1
1
1
1
1
0.999931
1
1
1
1
0.996093
1
1
1
1.00005
1
1
1
1
1
1
1
1
0.977957
1
1
1
1
1
1
1
1
1
1
1
1
1
1
1
1
1.00001
1
1
1
1
1
1
1
1
1
1
1
1
1.00001
1
1
1
1
1
1
1.00032
1
1
1
1
0.999998
1
1
1
0.999999
1
1
1
1
1
1
1
1
1
1
1
0.999912
1
1
1
1
1
1
1
1
1
1
0.999959
1
1
1
1
1
1
1
1
1
1
1
1
1
1
1
1
1
1
1
1
1
1
1
1.00002
1
1
1
0.988403
1
1
0.999953
1.00164
1
1
1.00127
1
1
1
1
1
0.999856
1
1
1
1
1
1.00001
1
1
1
1
0.999933
1
1
1
1
0.998277
1
1
1
1
1
1
1
1
1
1
1
0.999971
1.00001
1
1
1
1
1
1
1
1
1
1
1
1
1
1
1
1
1.00002
1
1
1
1
1
1
1
1
1
1
1
1
1
1
1
1
1
1
1
1
1
1
1
1
1
1
1
1
1
1
1
1
1
1
1
1
1
1
0.99918
1
1
1
1
1
1
1
1
1
1.00004
1
1
1
1
0.999999
1
1
0.999993
1
1
1
1
1
1
1
1
1
1
1
1
1
1
1
1
1
0.999904
1
1
1
1
1
1
1
1
1
1
1
1
1.00066
1
1
1
1
1
1
1
0.999577
1
1
1
1
1
1
1
1
1
1
1
1
1
1
1
1
1
0.999985
1
1
1
1
1
1
1
1
1
1
1
1
1
1
1
0.999967
1
1
1
1
1
1
1
1
1
1
1
1
1
1
1
1
1
1
1
1
1
1
1.0017
1
1
1
1
1
1
1
1
1
1
1
1
1
1
0.998589
1
1.00001
1.00312
1
1
1
1
1
1
1
1
1
1
1
1
1
1
1
1
1
1
1
1
1
1
1
1
0.996895
1
1
1
1
1
1
1
1
1
1
1
1
1
1
1.00039
1
1
1
0.999987
1
1
1
1
1
1
1
1
1
1
1
1
1
1
1
1
1
1
1
1
1
1
1
1
1
1
0.999966
1
1
1
1
1
1
1
1
1
1
1
1
1
1
1
1
1.00026
1
1
1
1
1
1
1
1
1
1
1
1
1
1
1
1
1
1
1
1
1
1.00001
1
1
1
1
1
1
1
1
1
1
1
1
1
1
1
1
1
1
1
1
1
1
1
1
1
1
1
1.00024
1
1
1
1
1
1
1
1
1
1
1
1
1
1
1
1
1.00002
1
1
1
1
1
1
1.00032
1
1
1
1
1
1
1
1
1
1
1
1
1
1
1
1
1
1
1
1
1
1
0.999991
1
1
1
1
1
1
1
1
1
1
1
1
1
1.00028
1
1
1
1
1
1
1
1
1
1
1
1
0.999985
1
1
1
1
1
1
1
1
1
1
1
1
1
1
0.997981
1
1
1
1
1
1
1
0.999998
1
1
1
1
1
1
1
1
1
1
0.998268
1
1
1
1
1
1
0.999983
1
1
1
1
1
1
1
1
1
1
1
1
1
1
1
1
0.999999
1
1
1
0.997707
0.999998
1
1
1
1
1
1
1
1
1
1
1
1
1
1
0.998005
1
1
1
1
1
1
1
1
1
1
1
1
1
0.999521
1
1
1
1.00014
1
1
1
1
1.00001
1
1
1
0.990385
1
1
1
1
1
0.999687
1
1
1
1
1
1
1
1.00003
1
1
1
1
1
1
1
1
1
1
1
1
1
1
1
1
1
1
1
1
1
1
1
1
1
1
1
1
1
1
1
1
1
1
1
1
1
1
1
1
1
1
1
1
1
1
1
1
1
1.00002
1
0.99841
1
1
1
1
1
1
1
1
1
1
1
1
1
1
1
1
1.00006
1.00002
1.00003
1
1
1
1
1
1.00001
1
1
1
1
1
1
1
1
1
1
1
1
1
1
0.999966
1
1
0.999997
1
1
1.00001
1
1
1.00002
1
1
0.997475
0.999999
1
1
1
0.996482
1
1
1
1
1
1
1
1
1
1
1
1
1
1
1
1
1
1
1
1
1
1
1
0.996294
1
1
1
1
1
1
1
1
1
1
1
1
1
1
1
1
1
1
0.999998
1
0.999954
1
1
1
1
1
1
1
1
1
0.999999
1
1
1
)
;

boundaryField
{
    frontback
    {
        type            empty;
    }
    topbottom
    {
        type            zeroGradient;
    }
    outlet
    {
        type            zeroGradient;
    }
    inlet
    {
        type            fixedValue;
        value           uniform 1;
    }
    walls
    {
        type            zeroGradient;
    }
    procBoundary0to1
    {
        type            processor;
        value           nonuniform List<scalar> 
104
(
1
1
1
1
1
1
1
1
1
0.999993
1
1
1
0.999954
1.00012
1.00002
1.00002
1
0.999999
1
1
1
1
1
1
1
1
1
1
1
1
1
1
1
0.997587
1
1
1
1
1
1
1
0.989
1
1
1
1
1
1
1
1
1
1
1
0.999747
1
1
1
1
1
1
1
1
1
1
1
1
1
1
1
1
1
1
1
1
1
1
1
1
1
1
0.999899
1
1
1
1
1
1
1
1
1
1
1
1
1
1
1
1
1
1
1
1
1
1
)
;
    }
    procBoundary0to2
    {
        type            processor;
        value           nonuniform List<scalar> 
83
(
1
1
1
1
1
1
1
1
1
1
1
1
1
1
1
1
1
1
1
1
1
1
1
1
1
1
1
1
1
1
1
1
1
1
1
1
1
1
1
1
1
1
1
1
1
1
1
1
1
1
1
1
1
1
1
1
1
1
1
1
1
1
0.996105
1
1
1
1
1
1
1
1
1
1
1
1
1
1
1
1
1
1
1
1
)
;
    }
}


// ************************************************************************* //
